# Sub-step trajectory dumped from cool_segment.
# stride =  5.000E-01 s (min time between samples)
# columns: t[s]   T[K]
0.0000000E+000 2.7250000E+000
5.1233444E+002 2.7240066E+000
5.1233444E+002 2.7240066E+000
5.1233444E+002 1.9175213E+001
5.1233444E+002 1.9175213E+001
5.7668360E+002 1.8752809E+001
5.7668360E+002 1.8752809E+001
5.7668360E+002 2.4094300E+001
5.7668360E+002 2.4094300E+001
6.5417882E+002 2.2991054E+001
7.4148580E+002 2.1939001E+001
8.3995527E+002 2.0935716E+001
9.5113299E+002 1.9978892E+001
1.0767883E+003 1.9066327E+001
1.2189471E+003 1.8195925E+001
1.3799307E+003 1.7365708E+001
1.5623991E+003 1.6573783E+001
1.7555405E+003 1.5864615E+001
1.7555405E+003 1.5864615E+001
1.7555405E+003 1.8169719E+001
1.7555405E+003 1.8169719E+001
1.9171454E+003 1.7340717E+001
2.1003232E+003 1.6549949E+001
2.3081355E+003 1.5795618E+001
2.5175829E+003 1.5150237E+001
2.5175829E+003 1.5150237E+001
2.5175829E+003 1.8604080E+001
2.5175829E+003 1.8604080E+001
2.6693181E+003 1.7755028E+001
2.8412300E+003 1.6945155E+001
2.9664828E+003 1.6432317E+001
2.9664828E+003 1.6432317E+001
2.9664828E+003 1.8828601E+001
2.9664828E+003 1.8828601E+001
2.9735451E+003 1.8783564E+001
2.9735451E+003 1.8783564E+001
2.9735451E+003 2.5901320E+001
2.9735451E+003 2.5901320E+001
3.0381742E+003 2.4714128E+001
3.1108581E+003 2.3582108E+001
3.1926946E+003 2.2502640E+001
3.2849392E+003 2.1473227E+001
3.3068575E+003 2.1251416E+001
3.3068575E+003 2.1251416E+001
3.3068575E+003 2.3037164E+001
3.3068575E+003 2.3037164E+001
3.3937188E+003 2.1982968E+001
3.4916809E+003 2.0977639E+001
3.6022805E+003 2.0018867E+001
3.7272769E+003 1.9104452E+001
3.8686850E+003 1.8232297E+001
4.0288125E+003 1.7400412E+001
4.0758457E+003 1.7180323E+001
4.0758457E+003 1.7180323E+001
4.0758457E+003 2.1978380E+001
4.0758457E+003 2.1978380E+001
4.1738605E+003 2.0973265E+001
4.2845201E+003 2.0014696E+001
4.4095851E+003 1.9100474E+001
4.4721264E+003 1.8695106E+001
4.4721264E+003 1.8695106E+001
4.4721264E+003 2.0895512E+001
4.4721264E+003 2.0895512E+001
4.5838621E+003 1.9940539E+001
4.7101531E+003 1.9029742E+001
4.8530373E+003 1.8161036E+001
5.0148489E+003 1.7332436E+001
5.1982629E+003 1.6542052E+001
5.4063449E+003 1.5788085E+001
5.6426084E+003 1.5068813E+001
5.7844363E+003 1.4690113E+001
5.7844363E+003 1.4690113E+001
5.7844363E+003 1.8671692E+001
5.7844363E+003 1.8671692E+001
5.9347139E+003 1.7819522E+001
6.1049625E+003 1.7006678E+001
6.2980093E+003 1.6231309E+001
6.5170938E+003 1.5491640E+001
6.6240928E+003 1.5171779E+001
6.6240928E+003 1.5171779E+001
6.6240928E+003 1.9965652E+001
6.6240928E+003 1.9965652E+001
6.7499669E+003 1.9053689E+001
6.8923755E+003 1.8183873E+001
7.0536443E+003 1.7354215E+001
7.0943465E+003 1.7164972E+001
7.0943465E+003 1.7164972E+001
7.0943465E+003 1.8704585E+001
7.0943465E+003 1.8704585E+001
7.2289274E+003 1.7929515E+001
7.2289274E+003 1.7929515E+001
7.2289274E+003 2.3435820E+001
7.2289274E+003 2.3435820E+001
7.3120695E+003 2.2363133E+001
7.3865642E+003 2.1535320E+001
7.3865642E+003 2.1535320E+001
7.3865642E+003 2.3791936E+001
7.3865642E+003 2.3791936E+001
7.4296928E+003 2.3180698E+001
7.4296928E+003 2.3180698E+001
7.4296928E+003 2.4932820E+001
7.4296928E+003 2.4932820E+001
7.5007846E+003 2.3790644E+001
7.5808112E+003 2.2701490E+001
7.6355478E+003 2.2048934E+001
7.6355478E+003 2.2048934E+001
7.6355478E+003 3.0419982E+001
7.6355478E+003 3.0419982E+001
7.6791817E+003 2.9022353E+001
7.7280508E+003 2.7689888E+001
7.7828509E+003 2.6419474E+001
7.8443767E+003 2.5208181E+001
7.9135362E+003 2.4053205E+001
7.9913670E+003 2.2951873E+001
8.0790559E+003 2.1901643E+001
8.1779598E+003 2.0900085E+001
8.1847054E+003 2.0837307E+001
8.1847054E+003 2.0837307E+001
8.1847054E+003 2.7012978E+001
8.1847054E+003 2.7012978E+001
8.2429433E+003 2.5774077E+001
8.3083702E+003 2.4592801E+001
8.3819604E+003 2.3466418E+001
8.4648270E+003 2.2392312E+001
8.4918516E+003 2.2076737E+001
8.4918516E+003 2.2076737E+001
8.4918516E+003 2.4640416E+001
8.4918516E+003 2.4640416E+001
8.5650838E+003 2.3511815E+001
8.6475438E+003 2.2435607E+001
8.7404980E+003 2.1409312E+001
8.8318523E+003 2.0547148E+001
8.8318523E+003 2.0547148E+001
8.8318523E+003 2.7252029E+001
8.8318523E+003 2.7252029E+001
8.8853754E+003 2.6071914E+001
8.8853754E+003 2.6071914E+001
8.8853754E+003 2.7672894E+001
8.8853754E+003 2.7672894E+001
8.9115186E+003 2.7040452E+001
8.9115186E+003 2.7040452E+001
8.9115186E+003 2.7826093E+001
8.9115186E+003 2.7826093E+001
8.9656639E+003 2.6549339E+001
9.0264470E+003 2.5332005E+001
9.0947630E+003 2.4171273E+001
9.1716355E+003 2.3064459E+001
9.2582344E+003 2.2009007E+001
9.3558981E+003 2.1002480E+001
9.4661577E+003 2.0042554E+001
9.4809742E+003 1.9924687E+001
9.4809742E+003 1.9924687E+001
9.4809742E+003 2.6833614E+001
9.4809742E+003 2.6833614E+001
9.5401776E+003 2.5603064E+001
9.6067003E+003 2.4429730E+001
9.6815349E+003 2.3310910E+001
9.7658166E+003 2.2244021E+001
9.8608434E+003 2.1226603E+001
9.9681009E+003 2.0256314E+001
1.0089289E+004 1.9330920E+001
1.0203192E+004 1.8586253E+001
1.0203192E+004 1.8586253E+001
1.0203192E+004 2.0444218E+001
1.0203192E+004 2.0444218E+001
1.0321484E+004 1.9510134E+001
1.0450002E+004 1.8651164E+001
1.0450002E+004 1.8651164E+001
1.0450002E+004 3.4274148E+001
1.0450002E+004 3.4274148E+001
1.0482936E+004 3.2696555E+001
1.0519702E+004 3.1192663E+001
1.0560800E+004 2.9758980E+001
1.0606798E+004 2.8392172E+001
1.0658344E+004 2.7089062E+001
1.0716180E+004 2.5846627E+001
1.0781150E+004 2.4661970E+001
1.0854222E+004 2.3532364E+001
1.0936498E+004 2.2455200E+001
1.1029244E+004 2.1427993E+001
1.1133905E+004 2.0448379E+001
1.1252134E+004 1.9514106E+001
1.1385827E+004 1.8623016E+001
1.1449135E+004 1.8248183E+001
1.1449135E+004 1.8248183E+001
1.1449135E+004 2.1489338E+001
1.1449135E+004 2.1489338E+001
1.1482837E+004 2.1150849E+001
1.1482837E+004 2.1150849E+001
1.1482837E+004 2.3801985E+001
1.1482837E+004 2.3801985E+001
1.1562767E+004 2.2712314E+001
1.1652843E+004 2.1673180E+001
1.1754464E+004 2.0682203E+001
1.1869231E+004 1.9737105E+001
1.1998976E+004 1.8835716E+001
1.2145801E+004 1.7975975E+001
1.2253867E+004 1.7425893E+001
1.2253867E+004 1.7425893E+001
1.2253867E+004 2.1376682E+001
1.2253867E+004 2.1376682E+001
1.2359180E+004 2.0399435E+001
1.2478153E+004 1.9467418E+001
1.2612693E+004 1.8578494E+001
1.2764986E+004 1.7730628E+001
1.2937534E+004 1.6921885E+001
1.3133206E+004 1.6150416E+001
1.3355290E+004 1.5414469E+001
1.3468045E+004 1.5084170E+001
1.3468045E+004 1.5084170E+001
1.3468045E+004 1.6986362E+001
1.3468045E+004 1.6986362E+001
1.3661716E+004 1.6211917E+001
1.3685643E+004 1.6124576E+001
1.3685643E+004 1.6124576E+001
1.3685643E+004 1.8570663E+001
1.3685643E+004 1.8570663E+001
1.3838106E+004 1.7723160E+001
1.3907840E+004 1.7378573E+001
1.3907840E+004 1.7378573E+001
1.3907840E+004 1.9533630E+001
1.3907840E+004 1.9533630E+001
1.4041180E+004 1.8641650E+001
1.4192103E+004 1.7790865E+001
1.4363088E+004 1.6979333E+001
1.4481002E+004 1.6491379E+001
1.4481002E+004 1.6491379E+001
1.4481002E+004 2.1692462E+001
1.4481002E+004 2.1692462E+001
1.4582389E+004 2.0700589E+001
1.4696890E+004 1.9754636E+001
1.4826333E+004 1.8852434E+001
1.4972811E+004 1.7991917E+001
1.5124817E+004 1.7234203E+001
1.5124817E+004 1.7234203E+001
1.5124817E+004 2.3936466E+001
1.5124817E+004 2.3936466E+001
1.5203613E+004 2.2840554E+001
1.5292399E+004 2.1795487E+001
1.5392552E+004 2.0798842E+001
1.5505647E+004 1.9848342E+001
1.5633487E+004 1.8941808E+001
1.5778137E+004 1.8077164E+001
1.5793795E+004 1.7991542E+001
1.5793795E+004 1.7991542E+001
1.5793795E+004 2.2359860E+001
1.5793795E+004 2.2359860E+001
1.5851524E+004 2.1708448E+001
1.5851524E+004 2.1708448E+001
1.5851524E+004 2.3682146E+001
1.5851524E+004 2.3682146E+001
1.5932485E+004 2.2598028E+001
1.6013397E+004 2.1672152E+001
1.6013397E+004 2.1672152E+001
1.6013397E+004 2.3838850E+001
1.6013397E+004 2.3838850E+001
1.6093014E+004 2.2747467E+001
1.6182734E+004 2.1706714E+001
1.6283949E+004 2.0714191E+001
1.6398254E+004 1.9767607E+001
1.6527473E+004 1.8864803E+001
1.6673696E+004 1.8003712E+001
1.6839318E+004 1.7182369E+001
1.6964676E+004 1.6643195E+001
1.6964676E+004 1.6643195E+001
1.6964676E+004 2.1133856E+001
1.6964676E+004 2.1133856E+001
1.7073161E+004 2.0167860E+001
1.7132298E+004 1.9702314E+001
1.7132298E+004 1.9702314E+001
1.7132298E+004 2.3037194E+001
1.7132298E+004 2.3037194E+001
1.7219159E+004 2.1982997E+001
1.7255233E+004 2.1591444E+001
1.7255233E+004 2.1591444E+001
1.7255233E+004 2.6487236E+001
1.7255233E+004 2.6487236E+001
1.7316370E+004 2.5272799E+001
1.7385087E+004 2.4114825E+001
1.7462416E+004 2.3010623E+001
1.7549533E+004 2.1957659E+001
1.7563839E+004 2.1799897E+001
1.7563839E+004 2.1799897E+001
1.7563839E+004 2.4741675E+001
1.7563839E+004 2.4741675E+001
1.7636319E+004 2.3608372E+001
1.7659114E+004 2.3286758E+001
1.7659114E+004 2.3286758E+001
1.7659114E+004 2.5733927E+001
1.7659114E+004 2.5733927E+001
1.7724796E+004 2.4554514E+001
1.7798676E+004 2.3429898E+001
1.7881871E+004 2.2357487E+001
1.7975662E+004 2.1334809E+001
1.8081513E+004 2.0359508E+001
1.8201098E+004 1.9429345E+001
1.8336336E+004 1.8542177E+001
1.8470312E+004 1.7793247E+001
1.8470312E+004 1.7793247E+001
1.8470312E+004 2.1242601E+001
1.8470312E+004 2.1242601E+001
1.8577360E+004 2.0271569E+001
1.8578127E+004 2.0265145E+001
1.8578127E+004 2.0265145E+001
1.8578127E+004 2.5303262E+001
1.8578127E+004 2.5303262E+001
1.8646637E+004 2.4143870E+001
1.8723731E+004 2.3038333E+001
1.8810581E+004 2.1984084E+001
1.8879268E+004 2.1260219E+001
1.8879268E+004 2.1260219E+001
1.8879268E+004 2.3321780E+001
1.8879268E+004 2.3321780E+001
1.8963450E+004 2.2254385E+001
1.9058363E+004 2.1236485E+001
1.9165490E+004 2.0265736E+001
1.9286531E+004 1.9339910E+001
1.9423428E+004 1.8456875E+001
1.9570947E+004 1.7651685E+001
1.9570947E+004 1.7651685E+001
1.9570947E+004 2.2678730E+001
1.9570947E+004 2.2678730E+001
1.9661365E+004 2.1641159E+001
1.9763375E+004 2.0651670E+001
1.9878586E+004 1.9707989E+001
2.0008838E+004 1.8807952E+001
2.0156238E+004 1.7949482E+001
2.0323203E+004 1.7130635E+001
2.0430333E+004 1.6670703E+001
2.0430333E+004 1.6670703E+001
2.0430333E+004 2.1305510E+001
2.0430333E+004 2.1305510E+001
2.0536562E+004 2.0331562E+001
2.0656578E+004 1.9402680E+001
2.0792307E+004 1.8516742E+001
2.0945956E+004 1.7671722E+001
2.1120052E+004 1.6865692E+001
2.1317491E+004 1.6096815E+001
2.1465014E+004 1.5598590E+001
2.1465014E+004 1.5598590E+001
2.1465014E+004 1.9000176E+001
2.1465014E+004 1.9000176E+001
2.1608489E+004 1.8132841E+001
2.1770975E+004 1.7305539E+001
2.1954808E+004 1.6517748E+001
2.1954808E+004 1.6517748E+001
2.1954808E+004 2.4887352E+001
2.1954808E+004 2.4887352E+001
2.2026226E+004 2.3747277E+001
2.2106624E+004 2.2660141E+001
2.2113771E+004 2.2571402E+001
2.2113771E+004 2.2571402E+001
2.2113771E+004 2.4947651E+001
2.2113771E+004 2.4947651E+001
2.2184756E+004 2.3804783E+001
2.2264663E+004 2.2714985E+001
2.2354711E+004 2.1675727E+001
2.2456301E+004 2.0684631E+001
2.2465440E+004 2.0602845E+001
2.2465440E+004 2.0602845E+001
2.2465440E+004 2.5760025E+001
2.2465440E+004 2.5760025E+001
2.2530956E+004 2.4579405E+001
2.2604648E+004 2.3453639E+001
2.2687629E+004 2.2380123E+001
2.2713320E+004 2.2080318E+001
2.2713320E+004 2.2080318E+001
2.2713320E+004 2.2925679E+001
2.2713320E+004 2.2925679E+001
2.2749329E+004 2.2473203E+001
2.2749329E+004 2.2473203E+001
2.2749329E+004 2.4457331E+001
2.2749329E+004 2.4457331E+001
2.2823951E+004 2.3337227E+001
2.2836710E+004 2.3162475E+001
2.2836710E+004 2.3162475E+001
2.2836710E+004 2.7921928E+001
2.2836710E+004 2.7921928E+001
2.2890401E+004 2.6640713E+001
2.2950670E+004 2.5419133E+001
2.3018402E+004 2.4254356E+001
2.3094610E+004 2.3143689E+001
2.3180454E+004 2.2084553E+001
2.3277258E+004 2.1074517E+001
2.3385135E+004 2.0122560E+001
2.3385135E+004 2.0122560E+001
2.3385135E+004 2.2352989E+001
2.3385135E+004 2.2352989E+001
2.3478975E+004 2.1330519E+001
2.3584880E+004 2.0355418E+001
2.3704529E+004 1.9425445E+001
2.3732075E+004 1.9231382E+001
2.3732075E+004 1.9231382E+001
2.3732075E+004 2.4687873E+001
2.3732075E+004 2.4687873E+001
2.3804953E+004 2.3557066E+001
2.3887011E+004 2.2478752E+001
2.3960722E+004 2.1644534E+001
2.3960722E+004 2.1644534E+001
2.3960722E+004 2.9614395E+001
2.3960722E+004 2.9614395E+001
2.4007263E+004 2.8254329E+001
2.4059425E+004 2.6957641E+001
2.4117958E+004 2.5721320E+001
2.4183720E+004 2.4542489E+001
2.4257691E+004 2.3418433E+001
2.4340990E+004 2.2346556E+001
2.4434900E+004 2.1324385E+001
2.4540884E+004 2.0349569E+001
2.4660623E+004 1.9419862E+001
2.4708697E+004 1.9086180E+001
2.4708697E+004 1.9086180E+001
2.4708697E+004 2.2920473E+001
2.4708697E+004 2.2920473E+001
2.4713273E+004 2.2861153E+001
2.4713273E+004 2.2861153E+001
2.4713273E+004 2.9921660E+001
2.4713273E+004 2.9921660E+001
2.4758671E+004 2.8547264E+001
2.4809539E+004 2.7236927E+001
2.4866604E+004 2.5987608E+001
2.4930701E+004 2.4796409E+001
2.5001481E+004 2.3679279E+001
2.5001481E+004 2.3679279E+001
2.5001481E+004 2.6258095E+001
2.5001481E+004 2.6258095E+001
2.5063949E+004 2.5054313E+001
2.5134179E+004 2.3906492E+001
2.5213225E+004 2.2811966E+001
2.5302297E+004 2.1768213E+001
2.5402774E+004 2.0772834E+001
2.5516238E+004 1.9823543E+001
2.5644500E+004 1.8918160E+001
2.5789631E+004 1.8054612E+001
2.5873124E+004 1.7617092E+001
2.5873124E+004 1.7617092E+001
2.5873124E+004 2.7710076E+001
2.5873124E+004 2.7710076E+001
2.5927826E+004 2.6438731E+001
2.5989241E+004 2.5226541E+001
2.6058274E+004 2.4070708E+001
2.6135962E+004 2.2968561E+001
2.6223488E+004 2.1917555E+001
2.6322206E+004 2.0915267E+001
2.6420640E+004 2.0062314E+001
2.6420640E+004 2.0062314E+001
2.6420640E+004 2.2195030E+001
2.6420640E+004 2.2195030E+001
2.6516208E+004 2.1179873E+001
2.6624081E+004 2.0211739E+001
2.6736246E+004 1.9356017E+001
2.6736246E+004 1.9356017E+001
2.6736246E+004 2.4657434E+001
2.6736246E+004 2.4657434E+001
2.6809351E+004 2.3528039E+001
2.6891666E+004 2.2451077E+001
2.6984456E+004 2.1424062E+001
2.7089166E+004 2.0444630E+001
2.7207452E+004 1.9510527E+001
2.7294651E+004 1.8911273E+001
2.7294651E+004 1.8911273E+001
2.7294651E+004 2.2219716E+001
2.7294651E+004 2.2219716E+001
2.7389946E+004 2.1203428E+001
2.7497509E+004 2.0234202E+001
2.7619044E+004 1.9309824E+001
2.7756505E+004 1.8428177E+001
2.7912130E+004 1.7587246E+001
2.8088481E+004 1.6785111E+001
2.8088664E+004 1.6784343E+001
2.8088664E+004 2.2402080E+001
2.8088664E+004 2.2402080E+001
2.8181976E+004 2.1377327E+001
2.8183531E+004 2.1361572E+001
2.8183531E+004 2.1361572E+001
2.8183531E+004 2.5346870E+001
2.8183531E+004 2.5346870E+001
2.8251747E+004 2.4185445E+001
2.8328505E+004 2.3077971E+001
2.8414974E+004 2.2021890E+001
2.8488599E+004 2.1244905E+001
2.8488599E+004 2.1244905E+001
2.8488599E+004 2.9458651E+001
2.8488599E+004 2.9458651E+001
2.8535736E+004 2.8105847E+001
2.8588573E+004 2.6816077E+001
2.8647872E+004 2.5586331E+001
2.8714503E+004 2.4413776E+001
2.8789461E+004 2.3295699E+001
2.8873884E+004 2.2229519E+001
2.8969070E+004 2.1212775E+001
2.9076510E+004 2.0243125E+001
2.9197905E+004 1.9318332E+001
2.9335206E+004 1.8436290E+001
2.9380678E+004 1.8173819E+001
2.9380678E+004 1.8173819E+001
2.9380678E+004 2.5294354E+001
2.9380678E+004 2.5294354E+001
2.9449249E+004 2.4135377E+001
2.9526411E+004 2.3030233E+001
2.9557345E+004 2.2633311E+001
2.9557345E+004 2.2633311E+001
2.9557345E+004 2.4794518E+001
2.9557345E+004 2.4794518E+001
2.9629437E+004 2.3658753E+001
2.9710601E+004 2.2575722E+001
2.9802081E+004 2.1542925E+001
2.9847684E+004 2.1085634E+001
2.9847684E+004 2.1085634E+001
2.9847684E+004 2.2657030E+001
2.9847684E+004 2.2657030E+001
2.9938325E+004 2.1620468E+001
2.9986146E+004 2.1135830E+001
2.9986146E+004 2.1135830E+001
2.9986146E+004 2.5162912E+001
2.9986146E+004 2.5162912E+001
3.0055618E+004 2.4010045E+001
3.0133803E+004 2.2910707E+001
3.0221895E+004 2.1862376E+001
3.0239770E+004 2.1668904E+001
3.0239770E+004 2.1668904E+001
3.0239770E+004 2.5809798E+001
3.0239770E+004 2.5809798E+001
3.0304971E+004 2.4626857E+001
3.0378305E+004 2.3498887E+001
3.0420258E+004 2.2928342E+001
3.0420258E+004 2.2928342E+001
3.0420258E+004 2.9603179E+001
3.0420258E+004 2.9603179E+001
3.0466841E+004 2.8243637E+001
3.0519051E+004 2.6947448E+001
3.0577639E+004 2.5711595E+001
3.0643463E+004 2.4533217E+001
3.0717505E+004 2.3409593E+001
3.0800884E+004 2.2338127E+001
3.0894884E+004 2.1316349E+001
3.1000973E+004 2.0341906E+001
3.1120830E+004 1.9412547E+001
3.1256377E+004 1.8526151E+001
3.1409818E+004 1.7680695E+001
3.1583676E+004 1.6874249E+001
3.1780845E+004 1.6104977E+001
3.2004640E+004 1.5371130E+001
3.2258863E+004 1.4671046E+001
3.2547874E+004 1.4003137E+001
3.2614464E+004 1.3864049E+001
3.2614464E+004 1.3864049E+001
3.2614464E+004 1.7872764E+001
3.2614464E+004 1.7872764E+001
3.2671821E+004 1.7578680E+001
3.2671821E+004 1.7578680E+001
3.2671821E+004 2.1182360E+001
3.2671821E+004 2.1182360E+001
3.2779662E+004 2.0214110E+001
3.2901514E+004 1.9290664E+001
3.3039337E+004 1.8409906E+001
3.3101386E+004 1.8057050E+001
3.3101386E+004 1.8057050E+001
3.3101386E+004 2.2203696E+001
3.3101386E+004 2.2203696E+001
3.3130670E+004 2.1872448E+001
3.3130670E+004 2.1872448E+001
3.3130670E+004 2.3135098E+001
3.3130670E+004 2.3135098E+001
3.3216595E+004 2.2076358E+001
3.3313492E+004 2.1066703E+001
3.3422879E+004 2.0103810E+001
3.3546493E+004 1.9185468E+001
3.3656327E+004 1.8484093E+001
3.3656327E+004 1.8484093E+001
3.3656327E+004 2.3126526E+001
3.3656327E+004 2.3126526E+001
3.3742334E+004 2.2068185E+001
3.3839323E+004 2.1058910E+001
3.3948815E+004 2.0096379E+001
3.4072549E+004 1.9178382E+001
3.4212519E+004 1.8302816E+001
3.4371004E+004 1.7467672E+001
3.4550620E+004 1.6671043E+001
3.4754364E+004 1.5911125E+001
3.4780834E+004 1.5821063E+001
3.4780834E+004 1.5821063E+001
3.4780834E+004 1.9050363E+001
3.4780834E+004 1.9050363E+001
3.4923308E+004 1.8180700E+001
3.5084652E+004 1.7351189E+001
3.5267532E+004 1.6559937E+001
3.5274337E+004 1.6532862E+001
3.5274337E+004 1.6532862E+001
3.5274337E+004 2.2365922E+001
3.5274337E+004 2.2365922E+001
3.5368037E+004 2.1342851E+001
3.5473784E+004 2.0367176E+001
3.5493816E+004 2.0199018E+001
3.5493816E+004 2.0199018E+001
3.5493816E+004 2.2831643E+001
3.5493816E+004 2.2831643E+001
3.5582691E+004 2.1786983E+001
3.5682945E+004 2.0790733E+001
3.5796155E+004 1.9840610E+001
3.5822984E+004 1.9636584E+001
3.5822984E+004 1.9636584E+001
3.5822984E+004 2.4494220E+001
3.5822984E+004 2.4494220E+001
3.5897323E+004 2.3372413E+001
3.5930599E+004 2.2924098E+001
3.5930599E+004 2.2924098E+001
3.5930599E+004 2.6126606E+001
3.5930599E+004 2.6126606E+001
3.5993851E+004 2.4928941E+001
3.6064970E+004 2.3786945E+001
3.6145028E+004 2.2697962E+001
3.6235250E+004 2.1659496E+001
3.6337037E+004 2.0669154E+001
3.6451993E+004 1.9724662E+001
3.6581955E+004 1.8823851E+001
3.6729025E+004 1.7964659E+001
3.6895613E+004 1.7145114E+001
3.7015945E+004 1.6630264E+001
3.7015945E+004 1.6630264E+001
3.7015945E+004 2.0865798E+001
3.7015945E+004 2.0865798E+001
3.7128096E+004 1.9912205E+001
3.7254860E+004 1.9002724E+001
3.7398284E+004 1.8135271E+001
3.7560711E+004 1.7307859E+001
3.7744828E+004 1.6518597E+001
3.7953711E+004 1.5765700E+001
3.8190892E+004 1.5047460E+001
3.8460416E+004 1.4362251E+001
3.8766926E+004 1.3708525E+001
3.9071373E+004 1.3157672E+001
3.9071373E+004 1.3157672E+001
3.9071373E+004 2.1075009E+001
3.9071373E+004 2.1075009E+001
3.9180648E+004 2.0111730E+001
3.9304134E+004 1.9193020E+001
3.9443821E+004 1.8316774E+001
3.9601984E+004 1.7480990E+001
3.9781233E+004 1.6683757E+001
3.9984556E+004 1.5923251E+001
4.0047629E+004 1.5711223E+001
4.0047629E+004 1.5711223E+001
4.0047629E+004 2.0978443E+001
4.0047629E+004 2.0978443E+001
4.0158217E+004 2.0019634E+001
4.0283201E+004 1.9105183E+001
4.0382519E+004 1.8475913E+001
4.0382519E+004 1.8475913E+001
4.0382519E+004 2.6889834E+001
4.0382519E+004 2.6889834E+001
4.0441417E+004 2.5656663E+001
4.0484497E+004 2.4867832E+001
4.0484497E+004 2.4867832E+001
4.0484497E+004 2.7913284E+001
4.0484497E+004 2.7913284E+001
4.0538229E+004 2.6632473E+001
4.0598543E+004 2.5411277E+001
4.0666328E+004 2.4246866E+001
4.0742596E+004 2.3136546E+001
4.0828508E+004 2.2077739E+001
4.0925389E+004 2.1068020E+001
4.1034758E+004 2.0105066E+001
4.1158352E+004 1.9186666E+001
4.1179644E+004 1.9042599E+001
4.1179644E+004 1.9042599E+001
4.1179644E+004 2.0237900E+001
4.1179644E+004 2.0237900E+001
4.1301121E+004 1.9313350E+001
4.1327813E+004 1.9129068E+001
4.1327813E+004 1.9129068E+001
4.1327813E+004 2.0241665E+001
4.1327813E+004 2.0241665E+001
4.1449231E+004 1.9316940E+001
4.1469237E+004 1.9178113E+001
4.1469237E+004 1.9178113E+001
4.1469237E+004 2.0685816E+001
4.1469237E+004 2.0685816E+001
4.1583951E+004 1.9740549E+001
4.1713637E+004 1.8839001E+001
4.1860393E+004 1.7979107E+001
4.2026623E+004 1.7158904E+001
4.2215080E+004 1.6376514E+001
4.2259312E+004 1.6210402E+001
4.2259312E+004 1.6210402E+001
4.2259312E+004 3.3942128E+001
4.2259312E+004 3.3942128E+001
4.2293000E+004 3.2380054E+001
4.2330618E+004 3.0890941E+001
4.2372678E+004 2.9471337E+001
4.2419766E+004 2.8117940E+001
4.2472547E+004 2.6827606E+001
4.2479716E+004 2.6666989E+001
4.2479716E+004 2.6666989E+001
4.2479716E+004 2.8092897E+001
4.2479716E+004 2.8092897E+001
4.2532612E+004 2.6803725E+001
4.2591979E+004 2.5574556E+001
4.2658687E+004 2.4402550E+001
4.2733732E+004 2.3284996E+001
4.2818253E+004 2.2219314E+001
4.2913552E+004 2.1203045E+001
4.2947110E+004 2.0881534E+001
4.2947110E+004 2.0881534E+001
4.2947110E+004 2.2528803E+001
4.2947110E+004 2.2528803E+001
4.3039080E+004 2.1498189E+001
4.3142857E+004 2.0515315E+001
4.3260079E+004 1.9577934E+001
4.3392624E+004 1.8683898E+001
4.3542640E+004 1.7831162E+001
4.3635375E+004 1.7368602E+001
4.3635375E+004 1.7368602E+001
4.3635375E+004 2.0982921E+001
4.3635375E+004 2.0982921E+001
4.3745902E+004 2.0023903E+001
4.3870816E+004 1.9109254E+001
4.3911919E+004 1.8838680E+001
4.3911919E+004 1.8838680E+001
4.3911919E+004 2.2118513E+001
4.3911919E+004 2.2118513E+001
4.4008341E+004 2.1106914E+001
4.4117187E+004 2.0142157E+001
4.4240185E+004 1.9222035E+001
4.4379313E+004 1.8344444E+001
4.4536840E+004 1.7507377E+001
4.4715362E+004 1.6708925E+001
4.4917857E+004 1.5947271E+001
4.5147738E+004 1.5220684E+001
4.5408917E+004 1.4527513E+001
4.5705881E+004 1.3866189E+001
4.5909155E+004 1.3472237E+001
4.5909155E+004 1.3472237E+001
4.5909155E+004 2.4979147E+001
4.5909155E+004 2.4979147E+001
4.5979916E+004 2.3834811E+001
4.6059567E+004 2.2743616E+001
4.6149326E+004 2.1703042E+001
4.6217950E+004 2.1011072E+001
4.6217950E+004 2.1011072E+001
4.6217950E+004 2.3243191E+001
4.6217950E+004 2.3243191E+001
4.6302859E+004 2.2179438E+001
4.6398600E+004 2.1165006E+001
4.6433095E+004 2.0836851E+001
4.6433095E+004 2.0836851E+001
4.6433095E+004 2.6542637E+001
4.6433095E+004 2.6542637E+001
4.6493916E+004 2.5325616E+001
4.6562276E+004 2.4165182E+001
4.6639197E+004 2.3058651E+001
4.6694856E+004 2.2359301E+001
4.6694856E+004 2.2359301E+001
4.6694856E+004 3.4043578E+001
4.6694856E+004 3.4043578E+001
4.6728310E+004 3.2476753E+001
4.6765665E+004 3.0983131E+001
4.6807427E+004 2.9559231E+001
4.6854178E+004 2.8201741E+001
4.6906577E+004 2.6907493E+001
4.6965380E+004 2.5673498E+001
4.7031448E+004 2.4496895E+001
4.7105766E+004 2.3374964E+001
4.7189461E+004 2.2305110E+001
4.7283820E+004 2.1284853E+001
4.7390316E+004 2.0311857E+001
4.7510638E+004 1.9383890E+001
4.7569045E+004 1.8983930E+001
4.7569045E+004 1.8983930E+001
4.7569045E+004 2.3044919E+001
4.7569045E+004 2.3044919E+001
4.7655832E+004 2.1990371E+001
4.7753709E+004 2.0984697E+001
4.7864212E+004 2.0025598E+001
4.7989098E+004 1.9110870E+001
4.8130380E+004 1.8238418E+001
4.8290364E+004 1.7406248E+001
4.8471691E+004 1.6612463E+001
4.8669480E+004 1.5881805E+001
4.8669480E+004 1.5881805E+001
4.8669480E+004 2.3114068E+001
4.8669480E+004 2.3114068E+001
4.8755605E+004 2.2056307E+001
4.8852729E+004 2.1047585E+001
4.8962375E+004 2.0085580E+001
4.9086284E+004 1.9168084E+001
4.9226453E+004 1.8292992E+001
4.9385165E+004 1.7458294E+001
4.9565041E+004 1.6662098E+001
4.9769081E+004 1.5902594E+001
5.0000727E+004 1.5178058E+001
5.0263925E+004 1.4486847E+001
5.0501949E+004 1.3952323E+001
5.0501949E+004 1.3952323E+001
5.0501949E+004 1.7418545E+001
5.0501949E+004 1.7418545E+001
5.0682931E+004 1.6624190E+001
5.0888236E+004 1.5866440E+001
5.1040600E+004 1.5378620E+001
5.1040600E+004 1.5378620E+001
5.1040600E+004 2.0100862E+001
5.1040600E+004 2.0100862E+001
5.1164262E+004 1.9182657E+001
5.1304149E+004 1.8306892E+001
5.1360045E+004 1.7994232E+001
5.1360045E+004 1.7994232E+001
5.1360045E+004 2.2718617E+001
5.1360045E+004 2.2718617E+001
5.1450057E+004 2.1679191E+001
5.1505030E+004 2.1120300E+001
5.1505030E+004 2.1120300E+001
5.1505030E+004 2.2744110E+001
5.1505030E+004 2.2744110E+001
5.1511383E+004 2.2664127E+001
5.1511383E+004 2.2664127E+001
5.1511383E+004 2.6218803E+001
5.1511383E+004 2.6218803E+001
5.1574084E+004 2.5016849E+001
5.1644578E+004 2.3870756E+001
5.1723924E+004 2.2777887E+001
5.1813337E+004 2.1735719E+001
5.1914204E+004 2.0741852E+001
5.2028111E+004 1.9793999E+001
5.2156878E+004 1.8889981E+001
5.2286706E+004 1.8114127E+001
5.2286706E+004 1.8114127E+001
5.2286706E+004 2.1370929E+001
5.2286706E+004 2.1370929E+001
5.2392093E+004 2.0393950E+001
5.2511150E+004 1.9462188E+001
5.2645785E+004 1.8573506E+001
5.2798187E+004 1.7725871E+001
5.2970860E+004 1.6917348E+001
5.3166673E+004 1.6146083E+001
5.3329001E+004 1.5595242E+001
5.3329001E+004 1.5595242E+001
5.3329001E+004 1.7788851E+001
5.3329001E+004 1.7788851E+001
5.3374049E+004 1.7560244E+001
5.3374049E+004 1.7560244E+001
5.3374049E+004 2.0764082E+001
5.3374049E+004 2.0764082E+001
5.3487639E+004 1.9815197E+001
5.3616043E+004 1.8910201E+001
5.3761336E+004 1.8047023E+001
5.3925897E+004 1.7223677E+001
5.4112448E+004 1.6438296E+001
5.4119600E+004 1.6410614E+001
5.4119600E+004 1.6410614E+001
5.4119600E+004 2.0647602E+001
5.4119600E+004 2.0647602E+001
5.4234870E+004 1.9704110E+001
5.4365189E+004 1.8804248E+001
5.4512667E+004 1.7945949E+001
5.4679720E+004 1.7127265E+001
5.4709429E+004 1.6994889E+001
5.4709429E+004 1.6994889E+001
5.4709429E+004 2.5590478E+001
5.4709429E+004 2.5590478E+001
5.4776033E+004 2.4417730E+001
5.4850961E+004 2.3299469E+001
5.4935348E+004 2.2233113E+001
5.5030495E+004 2.1216202E+001
5.5137889E+004 2.0246396E+001
5.5259233E+004 1.9321452E+001
5.5396476E+004 1.8439266E+001
5.5551851E+004 1.7597821E+001
5.5727918E+004 1.6795197E+001
5.5927608E+004 1.6029567E+001
5.6154284E+004 1.5299191E+001
5.6411800E+004 1.4602416E+001
5.6704576E+004 1.3937657E+001
5.7037682E+004 1.3303417E+001
5.7416937E+004 1.2698277E+001
5.7849015E+004 1.2120878E+001
5.8172387E+004 1.1747269E+001
5.8172387E+004 1.1747269E+001
5.8172387E+004 3.0475763E+001
5.8172387E+004 3.0475763E+001
5.8182187E+004 3.0138597E+001
5.8182187E+004 3.0138597E+001
5.8182187E+004 3.3786058E+001
5.8182187E+004 3.3786058E+001
5.8216238E+004 3.2231278E+001
5.8254267E+004 3.0749112E+001
5.8296792E+004 2.9336125E+001
5.8344406E+004 2.7989031E+001
5.8346563E+004 2.7932666E+001
5.8346563E+004 2.7932666E+001
5.8346563E+004 3.0412583E+001
5.8346563E+004 3.0412583E+001
5.8390223E+004 2.9015301E+001
5.8439121E+004 2.7683159E+001
5.8441714E+004 2.7617962E+001
5.8441714E+004 2.7617962E+001
5.8441714E+004 2.9270846E+001
5.8441714E+004 2.9270846E+001
5.8489585E+004 2.7926787E+001
5.8543254E+004 2.6645345E+001
5.8603496E+004 2.5423548E+001
5.8668898E+004 2.4294857E+001
5.8668898E+004 2.4294857E+001
5.8668898E+004 2.6348867E+001
5.8668898E+004 2.6348867E+001
5.8730834E+004 2.5140869E+001
5.8800458E+004 2.3989013E+001
5.8878818E+004 2.2890653E+001
5.8967107E+004 2.1843255E+001
5.9066695E+004 2.0844405E+001
5.9179146E+004 1.9891806E+001
5.9180978E+004 1.9877492E+001
5.9180978E+004 1.9877492E+001
5.9180978E+004 2.3154557E+001
5.9180978E+004 2.3154557E+001
5.9211628E+004 2.2753720E+001
5.9211628E+004 2.2753720E+001
5.9211628E+004 2.4736717E+001
5.9211628E+004 2.4736717E+001
5.9284145E+004 2.3603645E+001
5.9365792E+004 2.2523179E+001
5.9457821E+004 2.1492825E+001
5.9561665E+004 2.0510197E+001
5.9678964E+004 1.9573053E+001
5.9811596E+004 1.8679244E+001
5.9961712E+004 1.7826724E+001
6.0034257E+004 1.7461229E+001
6.0034257E+004 1.7461229E+001
6.0034257E+004 2.8455078E+001
6.0034257E+004 2.8455078E+001
6.0085526E+004 2.7149031E+001
6.0143047E+004 2.5903797E+001
6.0207661E+004 2.4716490E+001
6.0280327E+004 2.3584361E+001
6.0362144E+004 2.2504789E+001
6.0454366E+004 2.1475276E+001
6.0558430E+004 2.0493464E+001
6.0675979E+004 1.9557097E+001
6.0808897E+004 1.8664028E+001
6.0884749E+004 1.8214830E+001
6.0884749E+004 1.8214830E+001
6.0884749E+004 2.9048844E+001
6.0884749E+004 2.9048844E+001
6.0933510E+004 2.7715141E+001
6.0988188E+004 2.6443564E+001
6.1049575E+004 2.5231148E+001
6.1118577E+004 2.4075101E+001
6.1196229E+004 2.2972749E+001
6.1283714E+004 2.1921548E+001
6.1382386E+004 2.0919075E+001
6.1459135E+004 2.0241979E+001
6.1459135E+004 2.0241979E+001
6.1459135E+004 2.3884738E+001
6.1459135E+004 2.3884738E+001
6.1538364E+004 2.2791218E+001
6.1627643E+004 2.1748429E+001
6.1725520E+004 2.0779582E+001
6.1725520E+004 2.0779582E+001
6.1725520E+004 2.2490825E+001
6.1725520E+004 2.2490825E+001
6.1817889E+004 2.1461961E+001
6.1922120E+004 2.0480768E+001
6.2039861E+004 1.9544991E+001
6.2172996E+004 1.8652484E+001
6.2184370E+004 1.8582581E+001
6.2184370E+004 1.8582581E+001
6.2184370E+004 2.5014781E+001
6.2184370E+004 2.5014781E+001
6.2223790E+004 2.4349093E+001
6.2223790E+004 2.4349093E+001
6.2223790E+004 2.6456265E+001
6.2223790E+004 2.6456265E+001
6.2277182E+004 2.5388260E+001
6.2277182E+004 2.5388260E+001
6.2277182E+004 2.7603020E+001
6.2277182E+004 2.7603020E+001
6.2332406E+004 2.6336662E+001
6.2394413E+004 2.5129224E+001
6.2464118E+004 2.3977911E+001
6.2542569E+004 2.2880069E+001
6.2630963E+004 2.1833163E+001
6.2730670E+004 2.0834782E+001
6.2843257E+004 1.9882630E+001
6.2863327E+004 1.9728102E+001
6.2863327E+004 1.9728102E+001
6.2863327E+004 2.1340293E+001
6.2863327E+004 2.1340293E+001
6.2969107E+004 2.0364738E+001
6.3088611E+004 1.9434332E+001
6.3223758E+004 1.8546938E+001
6.3376742E+004 1.7700519E+001
6.3550078E+004 1.6893155E+001
6.3746650E+004 1.6123007E+001
6.3969764E+004 1.5388327E+001
6.4223208E+004 1.4687449E+001
6.4511328E+004 1.4018788E+001
6.4839109E+004 1.3380835E+001
6.5212269E+004 1.2772152E+001
6.5611871E+004 1.2223134E+001
6.5611871E+004 1.2223134E+001
6.5611871E+004 1.6145677E+001
6.5611871E+004 1.6145677E+001
6.5646144E+004 1.6022986E+001
6.5646144E+004 1.6022986E+001
6.5646144E+004 1.8966929E+001
6.5646144E+004 1.8966929E+001
6.5770041E+004 1.8213275E+001
6.5770041E+004 1.8213275E+001
6.5770041E+004 2.2355393E+001
6.5770041E+004 2.2355393E+001
6.5863855E+004 2.1332812E+001
6.5969731E+004 2.0357604E+001
6.6089346E+004 1.9427529E+001
6.6224617E+004 1.8540443E+001
6.6377744E+004 1.7694325E+001
6.6551243E+004 1.6887248E+001
6.6748001E+004 1.6117374E+001
6.6971327E+004 1.5382954E+001
6.7225014E+004 1.4682324E+001
6.7513412E+004 1.4013899E+001
6.7841511E+004 1.3376171E+001
6.8024134E+004 1.3064069E+001
6.8024134E+004 1.3064069E+001
6.8024134E+004 1.8984692E+001
6.8024134E+004 1.8984692E+001
6.8167919E+004 1.8118063E+001
6.8330759E+004 1.7291437E+001
6.8515346E+004 1.6502935E+001
6.8724768E+004 1.5750763E+001
6.8962564E+004 1.5033213E+001
6.9025908E+004 1.4860883E+001
6.9025908E+004 1.4860883E+001
6.9025908E+004 1.8582772E+001
6.9025908E+004 1.8582772E+001
6.9178107E+004 1.7734708E+001
6.9350549E+004 1.6925777E+001
6.9546100E+004 1.6154133E+001
6.9591716E+004 1.5991299E+001
6.9591716E+004 1.5991299E+001
6.9591716E+004 2.6587400E+001
6.9591716E+004 2.6587400E+001
6.9606464E+004 2.6270552E+001
6.9606464E+004 2.6270552E+001
6.9606464E+004 2.7910640E+001
6.9606464E+004 2.7910640E+001
6.9660208E+004 2.6629952E+001
6.9720537E+004 2.5408874E+001
6.9771435E+004 2.4515821E+001
6.9771435E+004 2.4515821E+001
6.9771435E+004 2.6941446E+001
6.9771435E+004 2.6941446E+001
6.9830056E+004 2.5705867E+001
6.9895916E+004 2.4527756E+001
6.9969999E+004 2.3404386E+001
7.0053426E+004 2.2333163E+001
7.0147480E+004 2.1311616E+001
7.0253630E+004 2.0337391E+001
7.0373556E+004 1.9408238E+001
7.0379741E+004 1.9364168E+001
7.0379741E+004 1.9364168E+001
7.0379741E+004 2.5555141E+001
7.0379741E+004 2.5555141E+001
7.0446576E+004 2.4384041E+001
7.0521765E+004 2.3267349E+001
7.0606450E+004 2.2202488E+001
7.0701935E+004 2.1186987E+001
7.0809714E+004 2.0218522E+001
7.0916297E+004 1.9401114E+001
7.0916297E+004 1.9401114E+001
7.0916297E+004 2.2336196E+001
7.0916297E+004 2.2336196E+001
7.1010318E+004 2.1314508E+001
7.1116431E+004 2.0340151E+001
7.1236314E+004 1.9410871E+001
7.1371892E+004 1.8524553E+001
7.1525369E+004 1.7679171E+001
7.1699267E+004 1.6872796E+001
7.1896482E+004 1.6103591E+001
7.2120330E+004 1.5369808E+001
7.2374613E+004 1.4669786E+001
7.2663692E+004 1.4001932E+001
7.2951316E+004 1.3438143E+001
7.2951316E+004 1.3438143E+001
7.2951316E+004 1.9066997E+001
7.2951316E+004 1.9066997E+001
7.3087427E+004 1.8230340E+001
7.3087427E+004 1.8230340E+001
7.3087427E+004 2.4255782E+001
7.3087427E+004 2.4255782E+001
7.3163624E+004 2.3145048E+001
7.3249455E+004 2.2085851E+001
7.3346245E+004 2.1075754E+001
7.3455509E+004 2.0112441E+001
7.3578984E+004 1.9193698E+001
7.3601414E+004 1.9041849E+001
7.3601414E+004 1.9041849E+001
7.3601414E+004 2.2029196E+001
7.3601414E+004 2.2029196E+001
7.3698847E+004 2.1021734E+001
7.3808844E+004 2.0060930E+001
7.3812253E+004 2.0033497E+001
7.3812253E+004 2.0033497E+001
7.3812253E+004 2.2044054E+001
7.3812253E+004 2.2044054E+001
7.3909516E+004 2.1035901E+001
7.4019320E+004 2.0074440E+001
7.4143410E+004 1.9157461E+001
7.4283784E+004 1.8282849E+001
7.4442732E+004 1.7448620E+001
7.4464158E+004 1.7345998E+001
7.4464158E+004 1.7345998E+001
7.4464158E+004 2.6240218E+001
7.4464158E+004 2.6240218E+001
7.4526732E+004 2.5037270E+001
7.4597082E+004 2.3890237E+001
7.4676265E+004 2.2796461E+001
7.4734233E+004 2.2097640E+001
7.4734233E+004 2.2097640E+001
7.4734233E+004 3.0147850E+001
7.4734233E+004 3.0147850E+001
7.4778818E+004 2.8762913E+001
7.4828763E+004 2.7442535E+001
7.4884783E+004 2.6183637E+001
7.4947693E+004 2.4983312E+001
7.5018424E+004 2.3838782E+001
7.5098041E+004 2.2747402E+001
7.5184502E+004 2.1741268E+001
7.5184502E+004 2.1741268E+001
7.5184502E+004 2.4974848E+001
7.5184502E+004 2.4974848E+001
7.5255294E+004 2.3830712E+001
7.5334979E+004 2.2739708E+001
7.5424778E+004 2.1699316E+001
7.5427206E+004 2.1673364E+001
7.5427206E+004 2.1673364E+001
7.5427206E+004 2.6833810E+001
7.5427206E+004 2.6833810E+001
7.5486409E+004 2.5603251E+001
7.5552930E+004 2.4429908E+001
7.5593907E+004 2.3792641E+001
7.5593907E+004 2.3792641E+001
7.5593907E+004 2.6095870E+001
7.5593907E+004 2.6095870E+001
7.5594482E+004 2.6084055E+001
7.5594482E+004 2.6084055E+001
7.5594482E+004 2.9030882E+001
7.5594482E+004 2.9030882E+001
7.5643317E+004 2.7698018E+001
7.5649452E+004 2.7544356E+001
7.5649452E+004 2.7544356E+001
7.5649452E+004 2.9600920E+001
7.5649452E+004 2.9600920E+001
7.5696044E+004 2.8241483E+001
7.5748264E+004 2.6945395E+001
7.5806863E+004 2.5709636E+001
7.5872699E+004 2.4531349E+001
7.5946755E+004 2.3407812E+001
7.6030150E+004 2.2336429E+001
7.6124169E+004 2.1314730E+001
7.6230279E+004 2.0340363E+001
7.6350159E+004 1.9411073E+001
7.6485733E+004 1.8524746E+001
7.6639205E+004 1.7679355E+001
7.6813099E+004 1.6872971E+001
7.6915268E+004 1.6456474E+001
7.6915268E+004 1.6456474E+001
7.6915268E+004 2.1701153E+001
7.6915268E+004 2.1701153E+001
7.7016551E+004 2.0708882E+001
7.7130932E+004 1.9762545E+001
7.7179870E+004 1.9401291E+001
7.7179870E+004 1.9401291E+001
7.7179870E+004 2.9153745E+001
7.7179870E+004 2.9153745E+001
7.7212107E+004 2.8235575E+001
7.7212107E+004 2.8235575E+001
7.7212107E+004 3.5300269E+001
7.7212107E+004 3.5300269E+001
7.7242869E+004 3.3674697E+001
7.7277183E+004 3.2125116E+001
7.7315509E+004 3.0647918E+001
7.7358371E+004 2.9239648E+001
7.7406365E+004 2.7897046E+001
7.7460174E+004 2.6616993E+001
7.7520575E+004 2.5396519E+001
7.7588458E+004 2.4232796E+001
7.7595979E+004 2.4114536E+001
7.7595979E+004 2.4114536E+001
7.7595979E+004 2.8376474E+001
7.7595979E+004 2.8376474E+001
7.7631040E+004 2.7467425E+001
7.7631040E+004 2.7467425E+001
7.7631040E+004 3.1389098E+001
7.7631040E+004 3.1389098E+001
7.7671529E+004 2.9946258E+001
7.7716838E+004 2.8570712E+001
7.7728191E+004 2.8257349E+001
7.7728191E+004 2.8257349E+001
7.7728191E+004 2.9713614E+001
7.7728191E+004 2.9713614E+001
7.7774359E+004 2.8348927E+001
7.7781429E+004 2.8157500E+001
7.7781429E+004 2.8157500E+001
7.7781429E+004 2.8589398E+001
7.7781429E+004 2.8589398E+001
7.7832114E+004 2.7277094E+001
7.7888973E+004 2.6025899E+001
7.7952835E+004 2.4832914E+001
7.8024648E+004 2.3695377E+001
7.8081349E+004 2.2914514E+001
7.8081349E+004 2.2914514E+001
7.8081349E+004 2.4615140E+001
7.8081349E+004 2.4615140E+001
7.8154771E+004 2.3487716E+001
7.8237447E+004 2.2412631E+001
7.8330646E+004 2.1387394E+001
7.8435822E+004 2.0409650E+001
7.8554639E+004 1.9477158E+001
7.8689002E+004 1.8587782E+001
7.8748924E+004 1.8234665E+001
7.8748924E+004 1.8234665E+001
7.8748924E+004 2.9685685E+001
7.8748924E+004 2.9685685E+001
7.8795196E+004 2.8322294E+001
7.8847053E+004 2.7022432E+001
7.8905241E+004 2.5783090E+001
7.8970611E+004 2.4601394E+001
7.9044136E+004 2.3474611E+001
7.9126929E+004 2.2400131E+001
7.9220262E+004 2.1375469E+001
7.9325591E+004 2.0398279E+001
7.9444581E+004 1.9466315E+001
7.9579142E+004 1.8577442E+001
7.9731457E+004 1.7729625E+001
7.9904032E+004 1.6920929E+001
7.9951893E+004 1.6718692E+001
7.9951893E+004 1.6718692E+001
7.9951893E+004 3.0662573E+001
7.9951893E+004 3.0662573E+001
7.9994706E+004 2.9253626E+001
8.0042645E+004 2.7910371E+001
8.0096391E+004 2.6629696E+001
8.0141753E+004 2.5691874E+001
8.0141753E+004 2.5691874E+001
8.0141753E+004 2.6957437E+001
8.0141753E+004 2.6957437E+001
8.0200287E+004 2.5721126E+001
8.0266050E+004 2.4542304E+001
8.0330617E+004 2.3550321E+001
8.0330617E+004 2.3550321E+001
8.0330617E+004 2.5247986E+001
8.0330617E+004 2.5247986E+001
8.0399504E+004 2.4091154E+001
8.0477024E+004 2.2988055E+001
8.0482504E+004 2.2916344E+001
8.0482504E+004 2.2916344E+001
8.0482504E+004 2.5905705E+001
8.0482504E+004 2.5905705E+001
8.0547106E+004 2.4718309E+001
8.0619759E+004 2.3586095E+001
8.0701560E+004 2.2506445E+001
8.0793765E+004 2.1476854E+001
8.0897809E+004 2.0494969E+001
8.1007571E+004 1.9615252E+001
8.1007571E+004 1.9615252E+001
8.1007571E+004 2.7173735E+001
8.1007571E+004 2.7173735E+001
8.1064964E+004 2.5927348E+001
8.1129431E+004 2.4738942E+001
8.1201932E+004 2.3605767E+001
8.1245606E+004 2.3003598E+001
8.1245606E+004 2.3003598E+001
8.1245606E+004 2.4567566E+001
8.1245606E+004 2.4567566E+001
8.1319387E+004 2.3442342E+001
8.1402470E+004 2.2369352E+001
8.1480054E+004 2.1508893E+001
8.1480054E+004 2.1508893E+001
8.1480054E+004 3.0566078E+001
8.1480054E+004 3.0566078E+001
8.1523191E+004 2.9161634E+001
8.1571497E+004 2.7822677E+001
8.1625658E+004 2.6546080E+001
8.1686460E+004 2.5328898E+001
8.1744601E+004 2.4328686E+001
8.1744601E+004 2.4328686E+001
8.1744601E+004 3.2898177E+001
8.1744601E+004 3.2898177E+001
8.1780841E+004 3.1384876E+001
8.1782301E+004 3.1328476E+001
8.1782301E+004 3.1328476E+001
8.1782301E+004 3.6924564E+001
8.1782301E+004 3.6924564E+001
8.1810052E+004 3.5223009E+001
8.1840970E+004 3.3601056E+001
8.1860563E+004 3.2690927E+001
8.1860563E+004 3.2690927E+001
8.1860563E+004 3.3644456E+001
8.1860563E+004 3.3644456E+001
8.1894949E+004 3.2096292E+001
8.1933357E+004 3.0620429E+001
8.1976310E+004 2.9213443E+001
8.2024409E+004 2.7872066E+001
8.2078336E+004 2.6593179E+001
8.2138871E+004 2.5373816E+001
8.2206906E+004 2.4211135E+001
8.2283459E+004 2.3102465E+001
8.2369694E+004 2.2045244E+001
8.2466944E+004 2.1037036E+001
8.2576733E+004 2.0075521E+001
8.2700805E+004 1.9158492E+001
8.2841159E+004 1.8283834E+001
8.3000084E+004 1.7449560E+001
8.3014184E+004 1.7381757E+001
8.3014184E+004 1.7381757E+001
8.3014184E+004 2.8485592E+001
8.3014184E+004 2.8485592E+001
8.3065320E+004 2.7178131E+001
8.3105230E+004 2.6288087E+001
8.3105230E+004 2.6288087E+001
8.3105230E+004 2.8591439E+001
8.3105230E+004 2.8591439E+001
8.3155907E+004 2.7279039E+001
8.3212756E+004 2.6027754E+001
8.3276606E+004 2.4834683E+001
8.3348406E+004 2.3697063E+001
8.3429237E+004 2.2612264E+001
8.3520339E+004 2.1577768E+001
8.3623127E+004 2.0591209E+001
8.3736734E+004 1.9668742E+001
8.3736734E+004 1.9668742E+001
8.3736734E+004 2.2284488E+001
8.3736734E+004 2.2284488E+001
8.3831317E+004 2.1265188E+001
8.3938069E+004 2.0293106E+001
8.4058682E+004 1.9366009E+001
8.4195092E+004 1.8481772E+001
8.4271863E+004 1.8042925E+001
8.4271863E+004 1.8042925E+001
8.4271863E+004 2.4672658E+001
8.4271863E+004 2.4672658E+001
8.4344855E+004 2.3542554E+001
8.4427041E+004 2.2464915E+001
8.4519684E+004 2.1437257E+001
8.4624227E+004 2.0457212E+001
8.4742323E+004 1.9522529E+001
8.4875863E+004 1.8631058E+001
8.4890489E+004 1.8541723E+001
8.4890489E+004 1.8541723E+001
8.4890489E+004 2.2042444E+001
8.4890489E+004 2.2042444E+001
8.4987771E+004 2.1034366E+001
8.5097596E+004 2.0072976E+001
8.5221710E+004 1.9156063E+001
8.5362111E+004 1.8281515E+001
8.5521089E+004 1.7447348E+001
8.5701269E+004 1.6651660E+001
8.5790473E+004 1.6302785E+001
8.5790473E+004 1.6302785E+001
8.5790473E+004 2.1022300E+001
8.5790473E+004 2.1022300E+001
8.5900463E+004 2.0061470E+001
8.6024763E+004 1.9145079E+001
8.6165378E+004 1.8271040E+001
8.6192979E+004 1.8115200E+001
8.6192979E+004 1.8115200E+001
8.6192979E+004 2.8005599E+001
8.6192979E+004 2.8005599E+001
8.6246279E+004 2.6720494E+001
8.6296412E+004 2.5679389E+001
8.6296412E+004 2.5679389E+001
8.6296412E+004 2.7966254E+001
8.6296412E+004 2.7966254E+001
8.6349896E+004 2.6682981E+001
8.6409928E+004 2.5459429E+001
8.6477393E+004 2.4292774E+001
8.6553297E+004 2.3180317E+001
8.6630828E+004 2.2210484E+001
8.6630828E+004 2.2210484E+001
8.6630828E+004 2.9383234E+001
8.6630828E+004 2.9383234E+001
8.6678257E+004 2.8033939E+001
8.6731426E+004 2.6747510E+001
8.6791101E+004 2.5520963E+001
8.6858159E+004 2.4351456E+001
8.6933603E+004 2.3236274E+001
8.7018577E+004 2.2172842E+001
8.7114391E+004 2.1158717E+001
8.7222545E+004 2.0191566E+001
8.7344754E+004 1.9269166E+001
8.7482984E+004 1.8389406E+001
8.7639486E+004 1.7550268E+001
8.7648197E+004 1.7507369E+001
8.7648197E+004 1.7507369E+001
8.7648197E+004 2.3628179E+001
8.7648197E+004 2.3628179E+001
8.7729628E+004 2.2546571E+001
8.7821412E+004 2.1515131E+001
8.7924977E+004 2.0531483E+001
8.8041959E+004 1.9593356E+001
8.8174229E+004 1.8698604E+001
8.8296172E+004 1.7991729E+001
8.8296172E+004 1.7991729E+001
8.8296172E+004 1.7997962E+001
8.8296172E+004 1.7997962E+001
8.8300191E+004 1.7976193E+001
8.8300191E+004 1.7976193E+001
8.8300191E+004 2.0666093E+001
8.8300191E+004 2.0666093E+001
8.8362232E+004 2.0135256E+001
8.8362232E+004 2.0135256E+001
8.8362232E+004 2.6394183E+001
8.8362232E+004 2.6394183E+001
8.8423904E+004 2.5184070E+001
8.8466370E+004 2.4453159E+001
8.8466370E+004 2.4453159E+001
8.8466370E+004 3.0914719E+001
8.8466370E+004 3.0914719E+001
8.8508353E+004 2.9494004E+001
8.8555354E+004 2.8139548E+001
8.8608036E+004 2.6848204E+001
8.8667160E+004 2.5616975E+001
8.8733592E+004 2.4442999E+001
8.8808325E+004 2.3323561E+001
8.8892490E+004 2.2256084E+001
8.8905442E+004 2.2106052E+001
8.8905442E+004 2.2106052E+001
8.8905442E+004 2.3127110E+001
8.8905442E+004 2.3127110E+001
8.8991443E+004 2.2068743E+001
8.9088426E+004 2.1059442E+001
8.9187995E+004 2.0177020E+001
8.9187995E+004 2.0177020E+001
8.9187995E+004 2.1035781E+001
8.9187995E+004 2.1035781E+001
8.9297801E+004 2.0074325E+001
8.9421893E+004 1.9157351E+001
8.9562269E+004 1.8282744E+001
8.9721219E+004 1.7448520E+001
8.9901366E+004 1.6652777E+001
9.0105716E+004 1.5893705E+001
9.0337716E+004 1.5169579E+001
9.0601318E+004 1.4478760E+001
9.0901055E+004 1.3819687E+001
9.1179547E+004 1.3297406E+001
9.1179547E+004 1.3297406E+001
9.1179547E+004 3.0603297E+001
9.1179547E+004 3.0603297E+001
9.1222558E+004 2.9197113E+001
9.1270722E+004 2.7856498E+001
9.1298044E+004 2.7181978E+001
9.1298044E+004 2.7181978E+001
9.1298044E+004 2.9590682E+001
9.1298044E+004 2.9590682E+001
9.1344675E+004 2.8231724E+001
9.1396938E+004 2.6936092E+001
9.1455587E+004 2.5700762E+001
9.1521480E+004 2.4522889E+001
9.1595600E+004 2.3399746E+001
9.1679069E+004 2.2328739E+001
9.1773171E+004 2.1307397E+001
9.1873368E+004 2.0383861E+001
9.1873368E+004 2.0383861E+001
9.1873368E+004 2.2440916E+001
9.1873368E+004 2.2440916E+001
9.1966266E+004 2.1414374E+001
9.2071099E+004 2.0435392E+001
9.2189525E+004 1.9501708E+001
9.2323442E+004 1.8611192E+001
9.2475022E+004 1.7761811E+001
9.2646758E+004 1.6951624E+001
9.2841503E+004 1.6178787E+001
9.3013483E+004 1.5593351E+001
9.3013483E+004 1.5593351E+001
9.3013483E+004 2.7934720E+001
9.3013483E+004 2.7934720E+001
9.3067115E+004 2.6652908E+001
9.3127315E+004 2.5430758E+001
9.3194969E+004 2.4265440E+001
9.3271090E+004 2.3154256E+001
9.3356834E+004 2.2094639E+001
9.3453524E+004 2.1084134E+001
9.3547134E+004 2.0247160E+001
9.3547134E+004 2.0247160E+001
9.3547134E+004 2.7222030E+001
9.3547134E+004 2.7222030E+001
9.3604277E+004 2.5973405E+001
9.3668460E+004 2.4782859E+001
9.3731806E+004 2.3775957E+001
9.3731806E+004 2.3775957E+001
9.3731806E+004 3.1663464E+001
9.3731806E+004 3.1663464E+001
9.3771467E+004 3.0207810E+001
9.3815839E+004 2.8820069E+001
9.3865544E+004 2.7497022E+001
9.3921292E+004 2.6235595E+001
9.3983893E+004 2.5032863E+001
9.3984665E+004 2.5019154E+001
9.3984665E+004 2.5019154E+001
9.3984665E+004 2.7575064E+001
9.3984665E+004 2.7575064E+001
9.4040026E+004 2.6310000E+001
9.4060356E+004 2.5891935E+001
9.4060356E+004 2.5891935E+001
9.4060356E+004 2.7685830E+001
9.4060356E+004 2.7685830E+001
9.4115176E+004 2.6415605E+001
9.4176724E+004 2.5204493E+001
9.4245909E+004 2.4049688E+001
9.4293334E+004 2.3355698E+001
9.4293334E+004 2.3355698E+001
9.4293334E+004 2.5568327E+001
9.4293334E+004 2.5568327E+001
9.4360082E+004 2.4396611E+001
9.4435173E+004 2.3279334E+001
9.4519747E+004 2.2213915E+001
9.4615106E+004 2.1197895E+001
9.4722741E+004 2.0228923E+001
9.4773832E+004 1.9819978E+001
9.4773832E+004 1.9819978E+001
9.4773832E+004 2.1954521E+001
9.4773832E+004 2.1954521E+001
9.4793077E+004 2.1743351E+001
9.4793077E+004 2.1743351E+001
9.4793077E+004 2.7998171E+001
9.4793077E+004 2.7998171E+001
9.4846412E+004 2.6713412E+001
9.4906276E+004 2.5488456E+001
9.4973548E+004 2.4320448E+001
9.5049235E+004 2.3206702E+001
9.5134485E+004 2.2144647E+001
9.5230613E+004 2.1131833E+001
9.5339126E+004 2.0165931E+001
9.5461744E+004 1.9244720E+001
9.5600439E+004 1.8366077E+001
9.5757471E+004 1.7528007E+001
9.5935429E+004 1.6728600E+001
9.6100930E+004 1.6092999E+001
9.6100930E+004 1.6092999E+001
9.6100930E+004 2.0651674E+001
9.6100930E+004 2.0651674E+001
9.6216140E+004 1.9707993E+001
9.6346392E+004 1.8807956E+001
9.6493793E+004 1.7949486E+001
9.6660757E+004 1.7130638E+001
9.6850054E+004 1.6349548E+001
9.7000588E+004 1.5812854E+001
9.7000588E+004 1.5812854E+001
9.7000588E+004 2.4892744E+001
9.7000588E+004 2.4892744E+001
9.7010028E+004 2.4730069E+001
9.7010028E+004 2.4730069E+001
9.7010028E+004 2.9622776E+001
9.7010028E+004 2.9622776E+001
9.7056537E+004 2.8262317E+001
9.7108662E+004 2.6965257E+001
9.7167155E+004 2.5728583E+001
9.7232871E+004 2.4549414E+001
9.7306789E+004 2.3425035E+001
9.7390028E+004 2.2352851E+001
9.7483870E+004 2.1330388E+001
9.7589777E+004 2.0355293E+001
9.7709427E+004 1.9425325E+001
9.7844739E+004 1.8538339E+001
9.7925678E+004 1.8071783E+001
9.7925678E+004 1.8071783E+001
9.7925678E+004 2.3441449E+001
9.7925678E+004 2.3441449E+001
9.8008769E+004 2.2368501E+001
9.8102441E+004 2.1345310E+001
9.8208157E+004 2.0369521E+001
9.8327588E+004 1.9438893E+001
9.8462651E+004 1.8551292E+001
9.8615539E+004 1.7704673E+001
9.8788766E+004 1.6897117E+001
9.8985214E+004 1.6126786E+001
9.9208185E+004 1.5391931E+001
9.9461466E+004 1.4690886E+001
9.9529208E+004 1.4521885E+001
9.9529208E+004 1.4521885E+001
9.9529208E+004 1.8042172E+001
9.9529208E+004 1.8042172E+001
9.9561402E+004 1.7868986E+001
9.9561402E+004 1.7868986E+001
9.9561402E+004 2.1262777E+001
9.9561402E+004 2.1262777E+001
9.9668186E+004 2.0290807E+001
9.9788834E+004 1.9363817E+001
9.9861052E+004 1.8875614E+001
9.9861052E+004 1.8875614E+001
9.9861052E+004 2.1560273E+001
9.9861052E+004 2.1560273E+001
9.9964056E+004 2.0574527E+001
1.0000000E+005 2.0265515E+001
1.0000000E+005 2.0265515E+001
