  3.162300E-02   1.885107E+01   1.885133E+01   1.000014E+00   9.999979E-01
  3.981100E-02   1.856221E+01   1.856263E+01   1.000023E+00   9.999969E-01
  3.349700E-02   1.878444E+01   1.878431E+01   9.999931E-01   9.999977E-01
  3.758400E-02   1.863888E+01   1.863885E+01   9.999982E-01   9.999970E-01
  3.548100E-02   1.871341E+01   1.871340E+01   9.999993E-01   9.999973E-01
  4.217000E-02   1.848476E+01   1.848489E+01   1.000007E+00   9.999962E-01
  4.466800E-02   1.840770E+01   1.840802E+01   1.000018E+00   9.999957E-01
  1.059300E-01   1.751989E+01   1.751796E+01   9.998899E-01   9.999769E-01
  7.943300E-02   1.774170E+01   1.774118E+01   9.999709E-01   9.999868E-01
  8.912500E-02   1.764344E+01   1.764291E+01   9.999698E-01   9.999832E-01
  8.413900E-02   1.769104E+01   1.769046E+01   9.999674E-01   9.999854E-01
  9.440600E-02   1.759901E+01   1.759835E+01   9.999626E-01   9.999813E-01
  1.000000E-01   1.755783E+01   1.755722E+01   9.999652E-01   9.999793E-01
  7.498900E-02   1.779539E+01   1.779519E+01   9.999887E-01   9.999881E-01
  6.309600E-02   1.797676E+01   1.797671E+01   9.999972E-01   9.999915E-01
  7.079500E-02   1.785223E+01   1.785212E+01   9.999940E-01   9.999896E-01
  6.683400E-02   1.791268E+01   1.791267E+01   9.999992E-01   9.999905E-01
  1.122000E-01   1.748470E+01   1.748272E+01   9.998870E-01   9.999743E-01
  5.956600E-02   1.804396E+01   1.804387E+01   9.999952E-01   9.999924E-01
  5.308800E-02   1.818456E+01   1.818452E+01   9.999974E-01   9.999939E-01
  5.623400E-02   1.811339E+01   1.811343E+01   1.000002E+00   9.999932E-01
  5.011900E-02   1.825734E+01   1.825771E+01   1.000021E+00   9.999946E-01
  4.731500E-02   1.833175E+01   1.833170E+01   9.999970E-01   9.999954E-01
  1.188500E-01   1.745158E+01   1.744954E+01   9.998830E-01   9.999716E-01
  1.258900E-01   1.742080E+01   1.741876E+01   9.998831E-01   9.999679E-01
  1.333500E-01   1.739222E+01   1.739019E+01   9.998837E-01   9.999639E-01
  1.412500E-01   1.736522E+01   1.736317E+01   9.998815E-01   9.999597E-01
  1.496200E-01   1.733938E+01   1.733735E+01   9.998827E-01   9.999560E-01
  1.584900E-01   1.731445E+01   1.731248E+01   9.998858E-01   9.999498E-01
  1.678800E-01   1.729012E+01   1.728806E+01   9.998808E-01   9.999454E-01
  1.778300E-01   1.726588E+01   1.726388E+01   9.998843E-01   9.999383E-01
  1.883600E-01   1.724142E+01   1.723952E+01   9.998899E-01   9.999311E-01
  1.995300E-01   1.721635E+01   1.721437E+01   9.998852E-01   9.999220E-01
  2.113500E-01   1.719033E+01   1.718834E+01   9.998840E-01   9.999149E-01
  2.238700E-01   1.716303E+01   1.716117E+01   9.998921E-01   9.999036E-01
  2.371400E-01   1.713414E+01   1.713227E+01   9.998903E-01   9.998931E-01
  2.511900E-01   1.710345E+01   1.710167E+01   9.998958E-01   9.998791E-01
  2.660700E-01   1.707073E+01   1.706902E+01   9.999000E-01   9.998665E-01
  2.818400E-01   1.703571E+01   1.703405E+01   9.999024E-01   9.998485E-01
  2.985400E-01   1.699823E+01   1.699668E+01   9.999090E-01   9.998317E-01
  3.162300E-01   1.695804E+01   1.695650E+01   9.999093E-01   9.998089E-01
  3.349700E-01   1.691482E+01   1.691339E+01   9.999150E-01   9.997892E-01
  3.548100E-01   1.686837E+01   1.686702E+01   9.999200E-01   9.997629E-01
  3.758400E-01   1.681850E+01   1.681720E+01   9.999228E-01   9.997309E-01
  3.981100E-01   1.676525E+01   1.676408E+01   9.999302E-01   9.997017E-01
  4.217000E-01   1.670860E+01   1.670749E+01   9.999333E-01   9.996588E-01
  4.466800E-01   1.664851E+01   1.664739E+01   9.999328E-01   9.996148E-01
  4.731500E-01   1.658478E+01   1.658369E+01   9.999341E-01   9.995676E-01
  5.011900E-01   1.651734E+01   1.651627E+01   9.999353E-01   9.995057E-01
  5.308800E-01   1.644619E+01   1.644513E+01   9.999355E-01   9.994464E-01
  5.623400E-01   1.637129E+01   1.637025E+01   9.999368E-01   9.993724E-01
  5.956600E-01   1.629268E+01   1.629090E+01   9.998907E-01   9.992872E-01
  6.309600E-01   1.621039E+01   1.620862E+01   9.998910E-01   9.991939E-01
  6.683400E-01   1.612444E+01   1.612268E+01   9.998909E-01   9.990874E-01
  7.079500E-01   1.603477E+01   1.603303E+01   9.998920E-01   9.989607E-01
  7.498900E-01   1.594181E+01   1.594076E+01   9.999338E-01   9.987314E-01
  7.943300E-01   1.584567E+01   1.584371E+01   9.998759E-01   9.985413E-01
  8.912500E-01   1.564349E+01   1.564157E+01   9.998770E-01   9.981111E-01
  8.413900E-01   1.574621E+01   1.574427E+01   9.998764E-01   9.983445E-01
  9.440600E-01   1.553764E+01   1.553559E+01   9.998677E-01   9.978275E-01
  1.000000E+00   1.542871E+01   1.542661E+01   9.998638E-01   9.975006E-01
  1.059300E+00   1.531656E+01   1.531434E+01   9.998552E-01   9.971366E-01
  1.188500E+00   1.508385E+01   1.508155E+01   9.998471E-01   9.962414E-01
  1.122000E+00   1.520173E+01   1.519943E+01   9.998487E-01   9.966995E-01
  1.258900E+00   1.496332E+01   1.496077E+01   9.998296E-01   9.956912E-01
  1.333500E+00   1.483995E+01   1.483720E+01   9.998148E-01   9.950400E-01
  1.412500E+00   1.471402E+01   1.471109E+01   9.998012E-01   9.943242E-01
  1.496200E+00   1.458571E+01   1.458247E+01   9.997779E-01   9.933985E-01
  1.584900E+00   1.445520E+01   1.445140E+01   9.997371E-01   9.924076E-01
  1.678800E+00   1.432257E+01   1.430131E+01   9.985151E-01   9.913728E-01
  1.995300E+00   1.391419E+01   1.389376E+01   9.985316E-01   9.868210E-01
  2.113500E+00   1.377515E+01   1.376933E+01   9.995770E-01   9.848869E-01
  2.238700E+00   1.363500E+01   1.359345E+01   9.969526E-01   9.824994E-01
  1.883600E+00   1.405201E+01   1.402907E+01   9.983679E-01   9.885983E-01
  1.778300E+00   1.418800E+01   1.416500E+01   9.983790E-01   9.899986E-01
  2.371400E+00   1.349383E+01   1.345597E+01   9.971938E-01   9.799483E-01
  2.511900E+00   1.335172E+01   1.332225E+01   9.977930E-01   9.772539E-01
  2.660700E+00   1.320911E+01   1.315242E+01   9.957082E-01   9.743646E-01
  2.818400E+00   1.306605E+01   1.301913E+01   9.964086E-01   9.712768E-01
  2.985400E+00   1.292253E+01   1.284767E+01   9.942074E-01   9.687698E-01
  3.162300E+00   1.277908E+01   1.271409E+01   9.949138E-01   9.663859E-01
  3.349700E+00   1.263550E+01   1.254156E+01   9.925654E-01   9.642591E-01
  3.548100E+00   1.249209E+01   1.236995E+01   9.902220E-01   9.617754E-01
  3.758400E+00   1.234882E+01   1.219606E+01   9.876296E-01   9.607864E-01
  3.981100E+00   1.220587E+01   1.205094E+01   9.873073E-01   9.606255E-01
  4.217000E+00   1.206323E+01   1.187648E+01   9.845191E-01   9.600674E-01
  4.466800E+00   1.192109E+01   1.169929E+01   9.813945E-01   9.586969E-01
  4.731500E+00   1.177920E+01   1.150070E+01   9.763574E-01   9.591290E-01
  5.011900E+00   1.163765E+01   1.129105E+01   9.702171E-01   9.594638E-01
  3.349700E-02   2.417857E+01   2.417911E+01   1.000023E+00   9.999994E-01
  3.981100E-02   2.414893E+01   2.414901E+01   1.000003E+00   9.999991E-01
  3.548100E-02   2.416742E+01   2.416705E+01   9.999847E-01   9.999993E-01
  3.758400E-02   2.415761E+01   2.415729E+01   9.999868E-01   9.999992E-01
  4.217000E-02   2.415145E+01   2.415175E+01   1.000013E+00   9.999991E-01
  4.466800E-02   2.415378E+01   2.415362E+01   9.999935E-01   9.999990E-01
  6.309600E-02   2.417296E+01   2.417299E+01   1.000001E+00   9.999981E-01
  6.683400E-02   2.415956E+01   2.415909E+01   9.999805E-01   9.999979E-01
  5.011900E-02   2.415795E+01   2.415778E+01   9.999931E-01   9.999987E-01
  7.498900E-02   2.413708E+01   2.413750E+01   1.000017E+00   9.999975E-01
  7.079500E-02   2.414768E+01   2.414731E+01   9.999850E-01   9.999977E-01
  7.943300E-02   2.412753E+01   2.412773E+01   1.000008E+00   9.999972E-01
  5.308800E-02   2.416231E+01   2.416180E+01   9.999789E-01   9.999986E-01
  5.623400E-02   2.416623E+01   2.416582E+01   9.999833E-01   9.999985E-01
  5.956600E-02   2.416976E+01   2.416958E+01   9.999926E-01   9.999983E-01
  1.059300E-01   2.386546E+01   2.386538E+01   9.999969E-01   9.999954E-01
  4.731500E-02   2.415594E+01   2.415579E+01   9.999938E-01   9.999988E-01
  8.413900E-02   2.407978E+01   2.407964E+01   9.999941E-01   9.999970E-01
  8.912500E-02   2.403714E+01   2.403716E+01   1.000001E+00   9.999966E-01
  1.122000E-01   2.377659E+01   2.377626E+01   9.999864E-01   9.999949E-01
  9.440600E-02   2.399884E+01   2.399851E+01   9.999863E-01   9.999962E-01
  1.188500E-01   2.369596E+01   2.369556E+01   9.999831E-01   9.999941E-01
  1.258900E-01   2.362259E+01   2.362217E+01   9.999823E-01   9.999935E-01
  1.333500E-01   2.346535E+01   2.346530E+01   9.999979E-01   9.999927E-01
  1.412500E-01   2.332212E+01   2.332181E+01   9.999870E-01   9.999916E-01
  1.000000E-01   2.396424E+01   2.396443E+01   1.000008E+00   9.999957E-01
  1.496200E-01   2.319125E+01   2.319086E+01   9.999833E-01   9.999906E-01
  1.584900E-01   2.307090E+01   2.307075E+01   9.999934E-01   9.999897E-01
  1.678800E-01   2.286200E+01   2.286161E+01   9.999825E-01   9.999884E-01
  1.778300E-01   2.266954E+01   2.266918E+01   9.999844E-01   9.999867E-01
  1.883600E-01   2.249213E+01   2.249193E+01   9.999914E-01   9.999849E-01
  1.995300E-01   2.232711E+01   2.232670E+01   9.999817E-01   9.999829E-01
  2.113500E-01   2.208228E+01   2.208178E+01   9.999773E-01   9.999807E-01
  2.238700E-01   2.185518E+01   2.185477E+01   9.999810E-01   9.999777E-01
  2.371400E-01   2.164382E+01   2.164337E+01   9.999795E-01   9.999750E-01
  2.511900E-01   2.144612E+01   2.144567E+01   9.999791E-01   9.999713E-01
  2.660700E-01   2.118074E+01   2.118037E+01   9.999829E-01   9.999670E-01
  2.818400E-01   2.093349E+01   2.093295E+01   9.999740E-01   9.999630E-01
  3.162300E-01   2.048386E+01   2.048332E+01   9.999738E-01   9.999516E-01
  2.985400E-01   2.070182E+01   2.070123E+01   9.999715E-01   9.999572E-01
  3.349700E-01   2.021149E+01   2.021079E+01   9.999653E-01   9.999435E-01
  3.548100E-01   1.995673E+01   1.995617E+01   9.999721E-01   9.999355E-01
  3.758400E-01   1.971751E+01   1.971692E+01   9.999699E-01   9.999268E-01
  3.981100E-01   1.949188E+01   1.949121E+01   9.999655E-01   9.999145E-01
  4.217000E-01   1.922006E+01   1.921953E+01   9.999720E-01   9.999048E-01
  4.466800E-01   1.896622E+01   1.896557E+01   9.999658E-01   9.998877E-01
  4.731500E-01   1.872734E+01   1.872687E+01   9.999745E-01   9.998706E-01
  5.011900E-01   1.850201E+01   1.850143E+01   9.999687E-01   9.998530E-01
  5.308800E-01   1.823529E+01   1.823475E+01   9.999703E-01   9.998310E-01
  5.623400E-01   1.798616E+01   1.798567E+01   9.999730E-01   9.998062E-01
  5.956600E-01   1.775256E+01   1.775196E+01   9.999661E-01   9.997768E-01
  6.309600E-01   1.753210E+01   1.753157E+01   9.999700E-01   9.997456E-01
  6.683400E-01   1.727050E+01   1.726989E+01   9.999643E-01   9.997049E-01
  7.079500E-01   1.702702E+01   1.702647E+01   9.999675E-01   9.996634E-01
  7.498900E-01   1.679952E+01   1.679848E+01   9.999380E-01   9.996103E-01
  7.943300E-01   1.658557E+01   1.658413E+01   9.999128E-01   9.995483E-01
  8.413900E-01   1.632672E+01   1.632615E+01   9.999647E-01   9.994908E-01
  8.912500E-01   1.608765E+01   1.608703E+01   9.999614E-01   9.994167E-01
  9.440600E-01   1.586520E+01   1.586462E+01   9.999637E-01   9.993282E-01
  1.000000E+00   1.565731E+01   1.565664E+01   9.999574E-01   9.992236E-01
  1.059300E+00   1.539684E+01   1.539539E+01   9.999058E-01   9.991136E-01
  1.122000E+00   1.515898E+01   1.515827E+01   9.999530E-01   9.989826E-01
  1.188500E+00   1.493910E+01   1.493763E+01   9.999020E-01   9.988434E-01
  1.258900E+00   1.473505E+01   1.473352E+01   9.998961E-01   9.986847E-01
  1.333500E+00   1.446872E+01   1.446720E+01   9.998953E-01   9.984928E-01
  1.412500E+00   1.422795E+01   1.422631E+01   9.998849E-01   9.982921E-01
  1.496200E+00   1.400799E+01   1.400638E+01   9.998856E-01   9.980510E-01
  1.584900E+00   1.380547E+01   1.380374E+01   9.998741E-01   9.977656E-01
  1.678800E+00   1.352853E+01   1.352679E+01   9.998711E-01   9.974912E-01
  1.778300E+00   1.328198E+01   1.328013E+01   9.998605E-01   9.971241E-01
  1.883600E+00   1.305995E+01   1.305806E+01   9.998553E-01   9.967826E-01
  1.995300E+00   1.285725E+01   1.285526E+01   9.998451E-01   9.963191E-01
  2.113500E+00   1.256845E+01   1.256638E+01   9.998354E-01   9.958535E-01
  2.238700E+00   1.231616E+01   1.231409E+01   9.998319E-01   9.953236E-01
  2.371400E+00   1.209207E+01   1.208988E+01   9.998193E-01   9.947937E-01
  2.511900E+00   1.189064E+01   1.188825E+01   9.997989E-01   9.940297E-01
  2.660700E+00   1.159087E+01   1.158833E+01   9.997803E-01   9.933706E-01
  2.818400E+00   1.133407E+01   1.133147E+01   9.997709E-01   9.926884E-01
  2.985400E+00   1.110977E+01   1.110600E+01   9.996612E-01   9.917934E-01
  3.162300E+00   1.091040E+01   1.089372E+01   9.984712E-01   9.906922E-01
  3.349700E+00   1.060707E+01   1.059165E+01   9.985459E-01   9.897194E-01
  3.548100E+00   1.035224E+01   1.034890E+01   9.996770E-01   9.885655E-01
  3.758400E+00   1.013254E+01   1.011425E+01   9.981945E-01   9.872797E-01
  4.217000E+00   9.643751E+00   9.618762E+00   9.974089E-01   9.844772E-01
  3.981100E+00   9.939647E+00   9.924461E+00   9.984722E-01   9.856419E-01
  4.466800E+00   9.398122E+00   9.393305E+00   9.994875E-01   9.829056E-01
  4.731500E+00   9.188438E+00   9.173206E+00   9.983423E-01   9.810132E-01
  5.011900E+00   9.005763E+00   8.974337E+00   9.965104E-01   9.787199E-01
  3.981100E-02   2.414949E+01   2.414893E+01   9.999770E-01   9.999991E-01
  3.349700E-02   2.417949E+01   2.418007E+01   1.000024E+00   9.999994E-01
  3.548100E-02   2.416820E+01   2.416801E+01   9.999921E-01   9.999993E-01
  3.758400E-02   2.415827E+01   2.415756E+01   9.999708E-01   9.999992E-01
  4.217000E-02   2.415192E+01   2.415229E+01   1.000016E+00   9.999991E-01
  6.309600E-02   2.417310E+01   2.417271E+01   9.999841E-01   9.999981E-01
  5.011900E-02   2.415823E+01   2.415794E+01   9.999878E-01   9.999987E-01
  6.683400E-02   2.415968E+01   2.415941E+01   9.999886E-01   9.999979E-01
  5.308800E-02   2.416255E+01   2.416209E+01   9.999812E-01   9.999986E-01
  4.466800E-02   2.415417E+01   2.415378E+01   9.999837E-01   9.999990E-01
  5.623400E-02   2.416642E+01   2.416686E+01   1.000018E+00   9.999985E-01
  5.956600E-02   2.416992E+01   2.416990E+01   9.999991E-01   9.999984E-01
  7.079500E-02   2.414778E+01   2.414777E+01   9.999996E-01   9.999977E-01
  4.731500E-02   2.415627E+01   2.415608E+01   9.999921E-01   9.999989E-01
  8.413900E-02   2.407984E+01   2.408009E+01   1.000010E+00   9.999970E-01
  7.943300E-02   2.412760E+01   2.412714E+01   9.999808E-01   9.999972E-01
  8.912500E-02   2.403719E+01   2.403736E+01   1.000007E+00   9.999966E-01
  1.059300E-01   2.386549E+01   2.386543E+01   9.999974E-01   9.999953E-01
  9.440600E-02   2.399888E+01   2.399867E+01   9.999913E-01   9.999962E-01
  1.000000E-01   2.396428E+01   2.396399E+01   9.999881E-01   9.999957E-01
  7.498900E-02   2.413716E+01   2.413688E+01   9.999885E-01   9.999975E-01
  1.122000E-01   2.377661E+01   2.377631E+01   9.999870E-01   9.999948E-01
  1.188500E-01   2.369598E+01   2.369558E+01   9.999832E-01   9.999941E-01
  1.258900E-01   2.362261E+01   2.362220E+01   9.999824E-01   9.999935E-01
  1.333500E-01   2.346536E+01   2.346530E+01   9.999972E-01   9.999926E-01
  1.412500E-01   2.332213E+01   2.332183E+01   9.999872E-01   9.999916E-01
  1.496200E-01   2.319126E+01   2.319088E+01   9.999832E-01   9.999907E-01
  1.584900E-01   2.307091E+01   2.307077E+01   9.999937E-01   9.999895E-01
  1.678800E-01   2.286201E+01   2.286161E+01   9.999825E-01   9.999880E-01
  1.778300E-01   2.266954E+01   2.266918E+01   9.999840E-01   9.999868E-01
  1.883600E-01   2.249213E+01   2.249194E+01   9.999915E-01   9.999847E-01
  1.995300E-01   2.232711E+01   2.232670E+01   9.999815E-01   9.999830E-01
  2.113500E-01   2.208229E+01   2.208179E+01   9.999773E-01   9.999803E-01
  2.238700E-01   2.185519E+01   2.185477E+01   9.999809E-01   9.999780E-01
  2.371400E-01   2.164382E+01   2.164338E+01   9.999795E-01   9.999746E-01
  2.511900E-01   2.144613E+01   2.144568E+01   9.999790E-01   9.999712E-01
  2.660700E-01   2.118074E+01   2.118038E+01   9.999830E-01   9.999669E-01
  2.818400E-01   2.093350E+01   2.093296E+01   9.999742E-01   9.999625E-01
  2.985400E-01   2.070182E+01   2.070123E+01   9.999715E-01   9.999570E-01
  3.162300E-01   2.048386E+01   2.048332E+01   9.999738E-01   9.999505E-01
  3.349700E-01   2.021149E+01   2.021079E+01   9.999653E-01   9.999442E-01
  3.548100E-01   1.995673E+01   1.995618E+01   9.999722E-01   9.999357E-01
  3.758400E-01   1.971751E+01   1.971692E+01   9.999699E-01   9.999277E-01
  3.981100E-01   1.949188E+01   1.949120E+01   9.999652E-01   9.999156E-01
  4.217000E-01   1.922007E+01   1.921953E+01   9.999722E-01   9.999033E-01
  4.466800E-01   1.896622E+01   1.896557E+01   9.999657E-01   9.998888E-01
  4.731500E-01   1.872735E+01   1.872687E+01   9.999747E-01   9.998710E-01
  5.011900E-01   1.850201E+01   1.850144E+01   9.999690E-01   9.998525E-01
  5.308800E-01   1.823529E+01   1.823475E+01   9.999704E-01   9.998304E-01
  5.623400E-01   1.798616E+01   1.798567E+01   9.999729E-01   9.998074E-01
  5.956600E-01   1.775256E+01   1.775196E+01   9.999661E-01   9.997779E-01
  6.309600E-01   1.753210E+01   1.753158E+01   9.999705E-01   9.997435E-01
  6.683400E-01   1.727050E+01   1.726989E+01   9.999642E-01   9.997071E-01
  7.079500E-01   1.702702E+01   1.702646E+01   9.999672E-01   9.996651E-01
  7.498900E-01   1.679952E+01   1.679847E+01   9.999374E-01   9.996130E-01
  7.943300E-01   1.658557E+01   1.658412E+01   9.999124E-01   9.995520E-01
  8.413900E-01   1.632672E+01   1.632615E+01   9.999651E-01   9.994891E-01
  8.912500E-01   1.608765E+01   1.608703E+01   9.999617E-01   9.994115E-01
  9.440600E-01   1.586520E+01   1.586464E+01   9.999648E-01   9.993233E-01
  1.000000E+00   1.565731E+01   1.565664E+01   9.999574E-01   9.992278E-01
  1.059300E+00   1.539684E+01   1.539539E+01   9.999060E-01   9.991169E-01
  1.122000E+00   1.515898E+01   1.515828E+01   9.999534E-01   9.989857E-01
  1.188500E+00   1.493910E+01   1.493764E+01   9.999022E-01   9.988509E-01
  1.258900E+00   1.473505E+01   1.473351E+01   9.998954E-01   9.986661E-01
  1.333500E+00   1.446872E+01   1.446722E+01   9.998964E-01   9.985067E-01
  1.412500E+00   1.422795E+01   1.422631E+01   9.998845E-01   9.982961E-01
  1.496200E+00   1.400799E+01   1.400638E+01   9.998855E-01   9.980486E-01
  1.584900E+00   1.380547E+01   1.380374E+01   9.998740E-01   9.977607E-01
  1.678800E+00   1.352853E+01   1.352679E+01   9.998710E-01   9.974801E-01
  1.778300E+00   1.328198E+01   1.328014E+01   9.998614E-01   9.971345E-01
  1.883600E+00   1.305995E+01   1.305805E+01   9.998549E-01   9.967521E-01
  1.995300E+00   1.285726E+01   1.285526E+01   9.998447E-01   9.963000E-01
  2.113500E+00   1.256845E+01   1.256638E+01   9.998352E-01   9.958456E-01
  2.238700E+00   1.231616E+01   1.231409E+01   9.998317E-01   9.953642E-01
  2.371400E+00   1.209207E+01   1.208987E+01   9.998181E-01   9.947283E-01
  2.511900E+00   1.189064E+01   1.188826E+01   9.997998E-01   9.940701E-01
  2.660700E+00   1.159087E+01   1.158836E+01   9.997829E-01   9.933819E-01
  2.985400E+00   1.110977E+01   1.110677E+01   9.997304E-01   9.916699E-01
  2.818400E+00   1.133407E+01   1.133138E+01   9.997628E-01   9.926011E-01
  3.162300E+00   1.091040E+01   1.089368E+01   9.984669E-01   9.906647E-01
  3.349700E+00   1.060707E+01   1.059182E+01   9.985618E-01   9.898865E-01
  3.548100E+00   1.035224E+01   1.034889E+01   9.996762E-01   9.885582E-01
  3.758400E+00   1.013254E+01   1.011423E+01   9.981931E-01   9.872495E-01
  3.981100E+00   9.939647E+00   9.924542E+00   9.984804E-01   9.857715E-01
  4.466800E+00   9.398122E+00   9.393158E+00   9.994718E-01   9.829433E-01
  4.217000E+00   9.643751E+00   9.618814E+00   9.974142E-01   9.845126E-01
  4.731500E+00   9.188438E+00   9.173217E+00   9.983435E-01   9.808758E-01
  5.011900E+00   9.005763E+00   8.974403E+00   9.965178E-01   9.787136E-01
