# lambda[um]  lamI_lam_total  lamI_lam_astrodust  lamI_lam_pah
  9.12000E-002   1.23581E-056   1.23445E-056   1.35870E-059
  9.22600E-002   2.86583E-056   2.86218E-056   3.65216E-059
  9.33200E-002   6.51324E-056   6.50363E-056   9.60594E-059
  9.44100E-002   1.48549E-055   1.48295E-055   2.53994E-058
  9.55000E-002   3.32286E-055   3.31629E-055   6.57053E-058
  9.66100E-002   7.39416E-055   7.37724E-055   1.69205E-057
  9.77200E-002   1.61499E-054   1.61072E-054   4.26470E-057
  9.88600E-002   3.53578E-054   3.52499E-054   1.07848E-056
  1.00000E-001   7.59708E-054   7.57037E-054   2.67035E-056
  1.01200E-001   1.66630E-053   1.65961E-053   6.69663E-056
  1.02300E-001   3.36466E-053   3.34934E-053   1.53157E-055
  1.03500E-001   7.11415E-053   7.07719E-053   3.69670E-055
  1.04700E-001   1.47670E-052   1.46797E-052   8.73295E-055
  1.05900E-001   3.01125E-052   2.99104E-052   2.02074E-054
  1.07200E-001   6.39028E-052   6.34126E-052   4.90234E-054
  1.08400E-001   1.25792E-051   1.24703E-051   1.08868E-053
  1.09700E-001   2.57230E-051   2.54700E-051   2.52957E-053
  1.10900E-001   4.89897E-051   4.84492E-051   5.40464E-053
  1.12200E-001   9.68209E-051   9.56149E-051   1.20605E-052
  1.13500E-001   1.88307E-050   1.85669E-050   2.63875E-052
  1.14800E-001   3.60664E-050   3.54999E-050   5.66544E-052
  1.16100E-001   6.79222E-050   6.67277E-050   1.19455E-051
  1.17500E-001   1.31819E-049   1.29203E-049   2.61600E-051
  1.18900E-001   2.51411E-049   2.45793E-049   5.61879E-051
  1.20200E-001   4.51196E-049   4.39959E-049   1.12374E-050
  1.21600E-001   8.33880E-049   8.10582E-049   2.32978E-050
  1.23000E-001   1.51793E-048   1.47046E-048   4.74730E-050
  1.24400E-001   2.72474E-048   2.62961E-048   9.51378E-050
  1.25900E-001   5.02504E-048   4.82819E-048   1.96845E-049
  1.27400E-001   9.12171E-048   8.72152E-048   4.00184E-049
  1.28800E-001   1.56956E-047   1.49313E-047   7.64267E-049
  1.30300E-001   2.76637E-047   2.61784E-047   1.48531E-048
  1.31800E-001   4.81835E-047   4.52886E-047   2.89498E-048
  1.33300E-001   8.27768E-047   7.72130E-047   5.56384E-048
  1.34900E-001   1.45181E-046   1.34176E-046   1.10044E-047
  1.36500E-001   2.50897E-046   2.29449E-046   2.14474E-047
  1.38000E-001   4.13121E-046   3.73539E-046   3.95825E-047
  1.39600E-001   6.90063E-046   6.14957E-046   7.51055E-047
  1.41200E-001   1.13801E-045   9.97345E-046   1.40665E-046
  1.42900E-001   1.91044E-045   1.64017E-045   2.70266E-046
  1.44500E-001   3.07241E-045   2.57885E-045   4.93563E-046
  1.46200E-001   5.02584E-045   4.10165E-045   9.24187E-046
  1.47900E-001   8.12925E-045   6.42020E-045   1.70904E-045
  1.49600E-001   1.30383E-044   9.91553E-045   3.12276E-045
  1.51400E-001   2.13126E-044   1.54746E-044   5.83805E-045
  1.53100E-001   3.36339E-044   2.32119E-044   1.04220E-044
  1.54900E-001   5.41153E-044   3.50868E-044   1.90285E-044
  1.56700E-001   8.68951E-044   5.25489E-044   3.43462E-044
  1.58500E-001   1.39127E-043   7.78119E-044   6.13149E-044
  1.60300E-001   2.22187E-043   1.13882E-043   1.08306E-043
  1.62200E-001   3.63523E-043   1.68240E-043   1.95283E-043
  1.64100E-001   5.93734E-043   2.45440E-043   3.48293E-043
  1.66000E-001   9.71354E-043   3.56629E-043   6.14725E-043
  1.67900E-001   1.59375E-042   5.19622E-043   1.07412E-042
  1.69800E-001   2.61046E-042   7.51624E-043   1.85884E-042
  1.71800E-001   4.37705E-042   1.10074E-042   3.27631E-042
  1.73800E-001   7.31662E-042   1.60257E-042   5.71405E-042
  1.75800E-001   1.21900E-041   2.32319E-042   9.86680E-042
  1.77800E-001   2.02057E-041   3.32763E-042   1.68781E-041
  1.79900E-001   3.41211E-041   4.74482E-042   2.93763E-041
  1.82000E-001   5.73715E-041   6.70979E-042   5.06617E-041
  1.84100E-001   9.60396E-041   9.42084E-042   8.66188E-041
  1.86200E-001   1.60034E-040   1.31439E-041   1.46890E-040
  1.88400E-001   2.71862E-040   1.85362E-041   2.53326E-040
  1.90500E-001   4.48572E-040   2.56350E-041   4.22937E-040
  1.92800E-001   7.72641E-040   3.74169E-041   7.35224E-040
  1.95000E-001   1.29117E-039   5.37027E-041   1.23747E-039
  1.97200E-001   2.14230E-039   7.68607E-041   2.06544E-039
  1.99500E-001   3.60652E-039   1.11525E-040   3.49500E-039
  2.01800E-001   6.01185E-039   1.61425E-040   5.85042E-039
  2.04200E-001   1.01214E-038   2.36794E-040   9.88464E-039
  2.06500E-001   1.64459E-038   3.40984E-040   1.61049E-038
  2.08900E-001   2.68267E-038   4.86801E-040   2.63399E-038
  2.11300E-001   4.29060E-038   6.88734E-040   4.22173E-038
  2.13800E-001   6.83648E-038   9.80633E-040   6.73841E-038
  2.16300E-001   1.06186E-037   1.38502E-039   1.04801E-037
  2.18800E-001   1.60690E-037   1.94106E-039   1.58749E-037
  2.21300E-001   2.37102E-037   2.69999E-039   2.34402E-037
  2.23900E-001   3.46693E-037   3.77687E-039   3.42916E-037
  2.26500E-001   4.95916E-037   5.24339E-039   4.90673E-037
  2.29100E-001   6.96442E-037   7.22803E-039   6.89213E-037
  2.31700E-001   9.63565E-037   9.89534E-039   9.53670E-037
  2.34400E-001   1.33313E-036   1.36098E-038   1.31952E-036
  2.37100E-001   1.82612E-036   1.85832E-038   1.80753E-036
  2.39900E-001   2.50990E-036   2.54625E-038   2.48444E-036
  2.42700E-001   3.42664E-036   3.46261E-038   3.39202E-036
  2.45500E-001   4.65240E-036   4.67624E-038   4.60564E-036
  2.48300E-001   6.28664E-036   6.27159E-038   6.22392E-036
  2.51200E-001   8.54812E-036   8.44463E-038   8.46368E-036
  2.54100E-001   1.15735E-035   1.12906E-037   1.14606E-035
  2.57000E-001   1.56050E-035   1.49921E-037   1.54550E-035
  2.60000E-001   2.11684E-035   1.99638E-037   2.09687E-035
  2.63000E-001   2.85909E-035   2.64000E-037   2.83269E-035
  2.66100E-001   3.88273E-035   3.49958E-037   3.84774E-035
  2.69100E-001   5.19785E-035   4.56646E-037   5.15218E-035
  2.72300E-001   7.06072E-035   6.02502E-037   7.00047E-035
  2.75400E-001   9.45412E-035   7.82932E-037   9.37583E-035
  2.78600E-001   1.27151E-034   1.01935E-036   1.26132E-034
  2.81800E-001   1.70143E-034   1.31896E-036   1.68824E-034
  2.85100E-001   2.28540E-034   1.70906E-036   2.26831E-034
  2.88400E-001   3.05339E-034   2.20083E-036   3.03138E-034
  2.91700E-001   4.05784E-034   2.81720E-036   4.02967E-034
  2.95100E-001   5.40951E-034   3.61048E-036   5.37341E-034
  2.98500E-001   7.17179E-034   4.60065E-036   7.12578E-034
  3.02000E-001   9.53306E-034   5.86772E-036   9.47438E-034
  3.05500E-001   1.21552E-033   7.44016E-036   1.20808E-033
  3.09000E-001   1.57810E-033   9.38026E-036   1.56872E-033
  3.12600E-001   2.05004E-033   1.18354E-035   2.03820E-033
  3.16200E-001   2.64521E-033   1.48493E-035   2.63036E-033
  3.19900E-001   3.41414E-033   1.86472E-035   3.39549E-033
  3.23600E-001   4.37720E-033   2.32848E-035   4.35391E-033
  3.27300E-001   5.57565E-033   2.89159E-035   5.54673E-033
  3.31100E-001   7.10210E-033   3.59348E-035   7.06617E-033
  3.35000E-001   9.04324E-033   4.46686E-035   8.99857E-033
  3.38800E-001   1.13710E-032   5.49320E-035   1.13160E-032
  3.42800E-001   1.43753E-032   6.79390E-035   1.43074E-032
  3.46700E-001   1.79512E-032   8.31580E-035   1.78680E-032
  3.50700E-001   2.23980E-032   1.01813E-034   2.22962E-032
  3.54800E-001   2.79109E-032   1.24652E-034   2.77862E-032
  3.58900E-001   3.45415E-032   1.51860E-034   3.43896E-032
  3.63100E-001   4.26592E-032   1.85008E-034   4.24742E-032
  3.67300E-001   5.22863E-032   2.24265E-034   5.20621E-032
  3.71500E-001   6.35749E-032   2.70650E-034   6.33042E-032
  3.75800E-001   7.69662E-032   3.26531E-034   7.66396E-032
  3.80200E-001   9.26174E-032   3.93903E-034   9.22235E-032
  3.84600E-001   1.10112E-031   4.72909E-034   1.09640E-031
  3.89100E-001   1.29568E-031   5.67593E-034   1.29000E-031
  3.93600E-001   1.50099E-031   6.78283E-034   1.49421E-031
  3.98100E-001   1.71365E-031   8.06921E-034   1.70558E-031
  4.02700E-001   1.94217E-031   9.59640E-034   1.93257E-031
  4.07400E-001   2.20033E-031   1.14058E-033   2.18892E-031
  4.12100E-001   2.50108E-031   1.34984E-033   2.48759E-031
  4.16900E-001   2.86892E-031   1.59671E-033   2.85296E-031
  4.21700E-001   3.31343E-031   1.88106E-033   3.29461E-031
  4.26600E-001   3.86149E-031   2.21464E-033   3.83934E-031
  4.31500E-001   4.51829E-031   2.59712E-033   4.49232E-031
  4.36500E-001   5.30859E-031   3.04282E-033   5.27816E-031
  4.41600E-001   6.23912E-031   3.56312E-033   6.20349E-031
  4.46700E-001   7.28239E-031   4.15609E-033   7.24083E-031
  4.51900E-001   8.43250E-031   4.84333E-033   8.38406E-031
  4.57100E-001   9.61931E-031   5.62383E-033   9.56307E-031
  4.62400E-001   1.07942E-030   6.52357E-033   1.07290E-030
  4.67700E-001   1.18500E-030   7.54133E-033   1.17746E-030
  4.73200E-001   1.27554E-030   8.73200E-033   1.26681E-030
  4.78600E-001   1.34541E-030   1.00484E-032   1.33536E-030
  4.84200E-001   1.40507E-030   1.15834E-032   1.39349E-030
  4.89800E-001   1.46083E-030   1.33051E-032   1.44752E-030
  4.95400E-001   1.51963E-030   1.52312E-032   1.50440E-030
  5.01200E-001   1.58922E-030   1.74595E-032   1.57176E-030
  5.07000E-001   1.67284E-030   1.99499E-032   1.65289E-030
  5.12900E-001   1.77709E-030   2.27697E-032   1.75432E-030
  5.18800E-001   1.90312E-030   2.59020E-032   1.87722E-030
  5.24800E-001   2.05328E-030   2.94328E-032   2.02385E-030
  5.30900E-001   2.22572E-030   3.34116E-032   2.19231E-030
  5.37000E-001   2.41277E-030   3.78075E-032   2.37496E-030
  5.43300E-001   2.61354E-030   4.28233E-032   2.57071E-030
  5.49500E-001   2.80991E-030   4.82626E-032   2.76164E-030
  5.55900E-001   3.00457E-030   5.44336E-032   2.95014E-030
  5.62300E-001   3.19167E-030   6.12157E-032   3.13045E-030
  5.68800E-001   3.38352E-030   6.87667E-032   3.31475E-030
  5.75400E-001   3.59419E-030   7.71615E-032   3.51703E-030
  5.82100E-001   3.83714E-030   8.64803E-032   3.75066E-030
  5.88800E-001   4.11998E-030   9.66507E-032   4.02333E-030
  5.95700E-001   4.46210E-030   1.08067E-031   4.35403E-030
  6.02600E-001   4.86150E-030   1.20487E-031   4.74101E-030
  6.09500E-001   5.31871E-030   1.33982E-031   5.18473E-030
  6.16600E-001   5.84464E-030   1.49031E-031   5.69561E-030
  6.23700E-001   6.41886E-030   1.65302E-031   6.25356E-030
  6.31000E-001   7.04583E-030   1.83438E-031   6.86240E-030
  6.38300E-001   7.69607E-030   2.02986E-031   7.49309E-030
  6.45700E-001   8.36274E-030   2.24349E-031   8.13839E-030
  6.53100E-001   9.02454E-030   2.47340E-031   8.77720E-030
  6.60700E-001   9.69208E-030   2.72769E-031   9.41932E-030
  6.68300E-001   1.03543E-029   3.00095E-031   1.00542E-029
  6.76100E-001   1.10524E-029   3.30149E-031   1.07222E-029
  6.83900E-001   1.18020E-029   3.62365E-031   1.14397E-029
  6.91800E-001   1.26431E-029   3.97226E-031   1.22458E-029
  6.99800E-001   1.36051E-029   4.34958E-031   1.31701E-029
  7.07900E-001   1.47144E-029   4.75672E-031   1.42387E-029
  7.16100E-001   1.59902E-029   5.19578E-031   1.54706E-029
  7.24400E-001   1.74456E-029   5.66999E-031   1.68786E-029
  7.32800E-001   1.90798E-029   6.17857E-031   1.84619E-029
  7.41300E-001   2.08941E-029   6.72472E-031   2.02216E-029
  7.49900E-001   2.28876E-029   7.31043E-031   2.21566E-029
  7.58600E-001   2.50678E-029   7.93827E-031   2.42740E-029
  7.67400E-001   2.74469E-029   8.60916E-031   2.65860E-029
  7.76300E-001   3.00547E-029   9.32643E-031   2.91221E-029
  7.85200E-001   3.28887E-029   1.00837E-030   3.18803E-029
  7.94300E-001   3.60352E-029   1.08984E-030   3.49453E-029
  8.03500E-001   3.95042E-029   1.17662E-030   3.83275E-029
  8.12800E-001   4.33204E-029   1.26871E-030   4.20517E-029
  8.22200E-001   4.75156E-029   1.36633E-030   4.61493E-029
  8.31800E-001   5.21742E-029   1.47089E-030   5.07033E-029
  8.41400E-001   5.72412E-029   1.58053E-030   5.56607E-029
  8.51100E-001   6.28037E-029   1.69630E-030   6.11074E-029
  8.61000E-001   6.89775E-029   1.81992E-030   6.71576E-029
  8.71000E-001   7.57725E-029   1.95017E-030   7.38223E-029
  8.81000E-001   8.31972E-029   2.08648E-030   8.11107E-029
  8.91300E-001   9.15826E-029   2.23241E-030   8.93502E-029
  9.01600E-001   1.00827E-028   2.38469E-030   9.84425E-029
  9.12000E-001   1.11200E-028   2.54498E-030   1.08655E-028
  9.22600E-001   1.23090E-028   2.71426E-030   1.20376E-028
  9.33300E-001   1.36790E-028   2.89231E-030   1.33898E-028
  9.44100E-001   1.52893E-028   3.07791E-030   1.49815E-028
  9.55000E-001   1.72330E-028   3.27266E-030   1.69057E-028
  9.66100E-001   1.96876E-028   3.47731E-030   1.93398E-028
  9.77200E-001   2.28712E-028   3.68755E-030   2.25025E-028
  9.88600E-001   2.73628E-028   3.90453E-030   2.69723E-028
  1.00000E+000   3.39560E-028   4.13325E-030   3.35427E-028
  1.01200E+000   4.49296E-028   4.40522E-030   4.44891E-028
  1.02300E+000   6.11618E-028   4.66436E-030   6.06954E-028
  1.03500E+000   8.75698E-028   4.95717E-030   8.70741E-028
  1.04700E+000   1.13509E-027   5.26206E-030   1.12983E-027
  1.05900E+000   1.16142E-027   5.57799E-030   1.15585E-027
  1.07100E+000   9.95750E-028   5.90466E-030   9.89845E-028
  1.08400E+000   8.20942E-028   6.27304E-030   8.14669E-028
  1.09700E+000   7.14231E-028   6.65404E-030   7.07577E-028
  1.10900E+000   6.63128E-028   7.01778E-030   6.56110E-028
  1.12200E+000   6.41408E-028   7.42544E-030   6.33983E-028
  1.13500E+000   6.43661E-028   7.84763E-030   6.35814E-028
  1.14800E+000   6.64156E-028   8.28252E-030   6.55873E-028
  1.16100E+000   7.00788E-028   8.73203E-030   6.92056E-028
  1.17500E+000   7.58638E-028   9.23075E-030   7.49407E-028
  1.18900E+000   8.37774E-028   9.74568E-030   8.28029E-028
  1.20200E+000   9.33050E-028   1.02351E-029   9.22815E-028
  1.21600E+000   1.05990E-027   1.07773E-029   1.04912E-027
  1.23000E+000   1.20602E-027   1.13319E-029   1.19469E-027
  1.24500E+000   1.36244E-027   1.19403E-029   1.35050E-027
  1.25900E+000   1.47625E-027   1.25191E-029   1.46373E-027
  1.27300E+000   1.53496E-027   1.31071E-029   1.52185E-027
  1.28800E+000   1.53758E-027   1.37504E-029   1.52383E-027
  1.30300E+000   1.50283E-027   1.44026E-029   1.48843E-027
  1.31800E+000   1.45717E-027   1.50667E-029   1.44210E-027
  1.33400E+000   1.41443E-027   1.57885E-029   1.39864E-027
  1.34900E+000   1.38633E-027   1.64714E-029   1.36986E-027
  1.36500E+000   1.36939E-027   1.72126E-029   1.35218E-027
  1.38000E+000   1.36483E-027   1.79150E-029   1.34692E-027
  1.39600E+000   1.36961E-027   1.86750E-029   1.35093E-027
  1.41300E+000   1.38363E-027   1.94937E-029   1.36414E-027
  1.42900E+000   1.40355E-027   2.02726E-029   1.38328E-027
  1.44500E+000   1.42869E-027   2.10576E-029   1.40764E-027
  1.46200E+000   1.45980E-027   2.19007E-029   1.43790E-027
  1.47900E+000   1.49486E-027   2.27524E-029   1.47211E-027
  1.49600E+000   1.53279E-027   2.36139E-029   1.50918E-027
  1.51400E+000   1.57587E-027   2.45342E-029   1.55133E-027
  1.53100E+000   1.61861E-027   2.54156E-029   1.59320E-027
  1.54900E+000   1.66546E-027   2.63540E-029   1.63911E-027
  1.56700E+000   1.71439E-027   2.72974E-029   1.68709E-027
  1.58500E+000   1.76430E-027   2.82518E-029   1.73605E-027
  1.60300E+000   1.81548E-027   2.92192E-029   1.78626E-027
  1.62200E+000   1.87063E-027   3.02459E-029   1.84038E-027
  1.64100E+000   1.92612E-027   3.12821E-029   1.89484E-027
  1.66000E+000   1.98230E-027   3.23309E-029   1.94997E-027
  1.67900E+000   2.03848E-027   3.33897E-029   2.00509E-027
  1.69800E+000   2.09398E-027   3.44588E-029   2.05952E-027
  1.71800E+000   2.15267E-027   3.55966E-029   2.11707E-027
  1.73800E+000   2.20941E-027   3.67492E-029   2.17267E-027
  1.75800E+000   2.26457E-027   3.79118E-029   2.22666E-027
  1.77800E+000   2.31694E-027   3.90934E-029   2.27785E-027
  1.79900E+000   2.36586E-027   4.03466E-029   2.32552E-027
  1.82000E+000   2.40927E-027   4.16171E-029   2.36765E-027
  1.84100E+000   2.44291E-027   4.29050E-029   2.40000E-027
  1.86200E+000   2.46961E-027   4.42095E-029   2.42540E-027
  1.88400E+000   2.49883E-027   4.55971E-029   2.45324E-027
  1.90600E+000   2.54535E-027   4.70001E-029   2.49835E-027
  1.92800E+000   2.62160E-027   4.84288E-029   2.57317E-027
  1.95000E+000   2.72053E-027   4.98767E-029   2.67065E-027
  1.97200E+000   2.82504E-027   5.13417E-029   2.77370E-027
  1.99500E+000   2.93157E-027   5.28943E-029   2.87867E-027
  2.01800E+000   3.03166E-027   5.44665E-029   2.97720E-027
  2.04200E+000   3.13002E-027   5.61312E-029   3.07389E-027
  2.06500E+000   3.21710E-027   5.77432E-029   3.15935E-027
  2.08900E+000   3.30457E-027   5.94399E-029   3.24513E-027
  2.11400E+000   3.39270E-027   6.12229E-029   3.33148E-027
  2.13800E+000   3.47359E-027   6.29406E-029   3.41065E-027
  2.16300E+000   3.55621E-027   6.47456E-029   3.49146E-027
  2.18800E+000   3.63824E-027   6.65408E-029   3.57170E-027
  2.21300E+000   3.71598E-027   6.83545E-029   3.64762E-027
  2.23900E+000   3.79630E-027   7.02277E-029   3.72607E-027
  2.26500E+000   3.87521E-027   7.21076E-029   3.80311E-027
  2.29100E+000   3.95387E-027   7.39906E-029   3.87988E-027
  2.31700E+000   4.02972E-027   7.58712E-029   3.95385E-027
  2.34400E+000   4.10573E-027   7.78110E-029   4.02792E-027
  2.37100E+000   4.18481E-027   7.98180E-029   4.10499E-027
  2.39900E+000   4.26092E-027   8.18828E-029   4.17904E-027
  2.42700E+000   4.33888E-027   8.39373E-029   4.25494E-027
  2.45500E+000   4.41390E-027   8.59727E-029   4.32793E-027
  2.48300E+000   4.48952E-027   8.79945E-029   4.40153E-027
  2.51200E+000   4.56498E-027   9.01552E-029   4.47483E-027
  2.54100E+000   4.64107E-027   9.22907E-029   4.54878E-027
  2.57000E+000   4.71454E-027   9.44060E-029   4.62014E-027
  2.60000E+000   4.78984E-027   9.66659E-029   4.69317E-027
  2.63000E+000   4.86226E-027   9.88975E-029   4.76336E-027
  2.66100E+000   4.94076E-027   1.01273E-028   4.83949E-027
  2.69100E+000   5.01421E-027   1.03460E-028   4.91075E-027
  2.72300E+000   5.09208E-027   1.05948E-028   4.98614E-027
  2.75400E+000   5.16780E-027   1.08245E-028   5.05956E-027
  2.78600E+000   5.24718E-027   1.10676E-028   5.13651E-027
  2.81800E+000   5.32766E-027   1.13171E-028   5.21449E-027
  2.85100E+000   5.41383E-027   1.15701E-028   5.29813E-027
  2.88400E+000   5.50353E-027   1.18302E-028   5.38523E-027
  2.91700E+000   5.59998E-027   1.20862E-028   5.47912E-027
  2.95100E+000   5.70964E-027   1.23550E-028   5.58609E-027
  2.98500E+000   5.83577E-027   1.26204E-028   5.70957E-027
  3.02000E+000   5.99304E-027   1.28973E-028   5.86407E-027
  3.05500E+000   6.19569E-027   1.31611E-028   6.06408E-027
  3.09000E+000   6.47928E-027   1.34106E-028   6.34517E-027
  3.12600E+000   6.93254E-027   1.36631E-028   6.79591E-027
  3.16200E+000   7.74226E-027   1.38926E-028   7.60334E-027
  3.19900E+000   9.55595E-027   1.41250E-028   9.41470E-027
  3.23600E+000   1.49900E-026   1.43457E-028   1.48465E-026
  3.27300E+000   4.37910E-026   1.45568E-028   4.36454E-026
  3.31100E+000   9.15422E-026   1.48015E-028   9.13942E-026
  3.35000E+000   2.18682E-026   1.53821E-028   2.17144E-026
  3.38800E+000   1.19640E-026   1.63726E-028   1.18003E-026
  3.42800E+000   9.12059E-027   1.65494E-028   8.95509E-027
  3.46700E+000   8.03412E-027   1.66861E-028   7.86726E-027
  3.50700E+000   7.49392E-027   1.64616E-028   7.32931E-027
  3.54800E+000   7.19862E-027   1.63524E-028   7.03510E-027
  3.58900E+000   7.02919E-027   1.60857E-028   6.86833E-027
  3.63100E+000   6.92969E-027   1.60593E-028   6.76909E-027
  3.67300E+000   6.87391E-027   1.61887E-028   6.71202E-027
  3.71500E+000   6.84504E-027   1.63273E-028   6.68177E-027
  3.75800E+000   6.83284E-027   1.64612E-028   6.66823E-027
  3.80200E+000   6.83399E-027   1.66039E-028   6.66795E-027
  3.84600E+000   6.84364E-027   1.67505E-028   6.67614E-027
  3.89100E+000   6.85978E-027   1.68880E-028   6.69090E-027
  3.93500E+000   6.88227E-027   1.70269E-028   6.71200E-027
  3.98100E+000   6.90888E-027   1.71777E-028   6.73710E-027
  4.02700E+000   6.93979E-027   1.73243E-028   6.76654E-027
  4.07400E+000   6.97435E-027   1.74709E-028   6.79964E-027
  4.12100E+000   7.01316E-027   1.76227E-028   6.83693E-027
  4.16900E+000   7.05432E-027   1.77731E-028   6.87659E-027
  4.21700E+000   7.10055E-027   1.79289E-028   6.92126E-027
  4.26600E+000   7.14972E-027   1.80931E-028   6.96879E-027
  4.31500E+000   7.20389E-027   1.82526E-028   7.02137E-027
  4.36500E+000   7.26365E-027   1.84220E-028   7.07943E-027
  4.41600E+000   7.32793E-027   1.85886E-028   7.14204E-027
  4.46700E+000   7.39963E-027   1.87613E-028   7.21202E-027
  4.51900E+000   7.47930E-027   1.89410E-028   7.28989E-027
  4.57100E+000   7.56714E-027   1.91170E-028   7.37597E-027
  4.62400E+000   7.66636E-027   1.93011E-028   7.47334E-027
  4.67700E+000   7.77805E-027   1.94787E-028   7.58326E-027
  4.73200E+000   7.91108E-027   1.96677E-028   7.71441E-027
  4.78600E+000   8.06153E-027   1.98481E-028   7.86305E-027
  4.84200E+000   8.24851E-027   2.00300E-028   8.04821E-027
  4.89800E+000   8.47735E-027   2.02157E-028   8.27520E-027
  4.95500E+000   8.77816E-027   2.03980E-028   8.57418E-027
  5.01200E+000   9.19124E-027   2.05752E-028   8.98549E-027
  5.07000E+000   9.83006E-027   2.07498E-028   9.62256E-027
  5.12900E+000   1.09547E-026   2.09235E-028   1.07455E-026
  5.18800E+000   1.31450E-026   2.10907E-028   1.29341E-026
  5.24800E+000   1.65381E-026   2.12552E-028   1.63256E-026
  5.30900E+000   1.64359E-026   2.14187E-028   1.62217E-026
  5.37000E+000   1.42706E-026   2.15754E-028   1.40549E-026
  5.43200E+000   1.36714E-026   2.17312E-028   1.34541E-026
  5.49500E+000   1.44348E-026   2.18939E-028   1.42159E-026
  5.55900E+000   1.67178E-026   2.20461E-028   1.64974E-026
  5.62300E+000   2.15378E-026   2.21915E-028   2.13159E-026
  5.68800E+000   2.78290E-026   2.23375E-028   2.76057E-026
  5.75400E+000   2.66014E-026   2.24794E-028   2.63766E-026
  5.82100E+000   2.37592E-026   2.26108E-028   2.35331E-026
  5.88800E+000   2.46817E-026   2.27486E-028   2.44542E-026
  5.95700E+000   2.96334E-026   2.28854E-028   2.94046E-026
  6.02600E+000   4.10016E-026   2.30195E-028   4.07714E-026
  6.09500E+000   6.72468E-026   2.31400E-028   6.70154E-026
  6.16600E+000   1.28718E-025   2.32722E-028   1.28485E-025
  6.23700E+000   1.66204E-025   2.33910E-028   1.65970E-025
  6.31000E+000   1.00860E-025   2.35105E-028   1.00624E-025
  6.38300E+000   6.25028E-026   2.36295E-028   6.22665E-026
  6.45700E+000   4.88649E-026   2.37477E-028   4.86274E-026
  6.53100E+000   4.59331E-026   2.38547E-028   4.56946E-026
  6.60700E+000   4.77378E-026   2.39661E-028   4.74981E-026
  6.68300E+000   5.01199E-026   2.40702E-028   4.98792E-026
  6.76100E+000   5.02777E-026   2.42056E-028   5.00357E-026
  6.83900E+000   4.93283E-026   2.48058E-028   4.90803E-026
  6.91800E+000   4.97922E-026   2.44802E-028   4.95474E-026
  6.99800E+000   5.28635E-026   2.44794E-028   5.26187E-026
  7.08000E+000   5.89516E-026   2.45693E-028   5.87060E-026
  7.16100E+000   6.80343E-026   2.46654E-028   6.77877E-026
  7.24400E+000   8.09737E-026   2.47578E-028   8.07262E-026
  7.32800E+000   9.92435E-026   2.48381E-028   9.89952E-026
  7.41300E+000   1.26971E-025   2.49261E-028   1.26722E-025
  7.49900E+000   1.70254E-025   2.50149E-028   1.70004E-025
  7.58600E+000   2.14434E-025   2.50885E-028   2.14183E-025
  7.67400E+000   2.18642E-025   2.51706E-028   2.18390E-025
  7.76200E+000   2.13196E-025   2.51745E-028   2.12944E-025
  7.85200E+000   2.06909E-025   2.52887E-028   2.06656E-025
  7.94300E+000   1.71959E-025   2.56376E-028   1.71702E-025
  8.03500E+000   1.29528E-025   2.62634E-028   1.29265E-025
  8.12800E+000   1.00920E-025   2.71630E-028   1.00648E-025
  8.22200E+000   8.63554E-026   2.84086E-028   8.60713E-026
  8.31800E+000   8.10737E-026   3.03728E-028   8.07700E-026
  8.41400E+000   8.22897E-026   3.22023E-028   8.19677E-026
  8.51100E+000   9.41951E-026   3.39377E-028   9.38557E-026
  8.61000E+000   1.05060E-025   3.49691E-028   1.04710E-025
  8.71000E+000   8.41101E-026   3.68393E-028   8.37418E-026
  8.81100E+000   5.97176E-026   4.04431E-028   5.93131E-026
  8.91300E+000   4.57252E-026   4.41240E-028   4.52839E-026
  9.01600E+000   3.79735E-026   4.75479E-028   3.74980E-026
  9.12000E+000   3.33442E-026   5.12562E-028   3.28316E-026
  9.22600E+000   3.03557E-026   5.51449E-028   2.98042E-026
  9.33300E+000   2.83588E-026   5.87174E-028   2.77716E-026
  9.44100E+000   2.69903E-026   6.15893E-028   2.63744E-026
  9.55000E+000   2.60593E-026   6.36951E-028   2.54223E-026
  9.66000E+000   2.54506E-026   6.50433E-028   2.48002E-026
  9.77200E+000   2.51040E-026   6.56666E-028   2.44473E-026
  9.88500E+000   2.49903E-026   6.55524E-028   2.43348E-026
  1.00000E+001   2.51004E-026   6.47302E-028   2.44531E-026
  1.01200E+001   2.54659E-026   6.32092E-028   2.48338E-026
  1.02300E+001   2.60597E-026   6.14674E-028   2.54451E-026
  1.03500E+001   2.70732E-026   5.94954E-028   2.64782E-026
  1.04700E+001   2.86496E-026   5.76188E-028   2.80734E-026
  1.05900E+001   3.12469E-026   5.58311E-028   3.06886E-026
  1.07200E+001   3.54407E-026   5.39753E-028   3.49009E-026
  1.08400E+001   4.11932E-026   5.23036E-028   4.06702E-026
  1.09700E+001   5.48402E-026   5.04699E-028   5.43355E-026
  1.10900E+001   8.79287E-026   4.87147E-028   8.74416E-026
  1.12200E+001   2.19147E-025   4.66712E-028   2.18681E-025
  1.13500E+001   1.71920E-025   4.44691E-028   1.71475E-025
  1.14800E+001   1.12532E-025   4.25432E-028   1.12107E-025
  1.16100E+001   7.99475E-026   4.08534E-028   7.95389E-026
  1.17500E+001   7.34719E-026   3.91826E-028   7.30800E-026
  1.18900E+001   8.16436E-026   3.75406E-028   8.12682E-026
  1.20200E+001   8.62908E-026   3.59789E-028   8.59310E-026
  1.21600E+001   7.96160E-026   3.43412E-028   7.92725E-026
  1.23000E+001   7.84612E-026   3.28878E-028   7.81323E-026
  1.24400E+001   9.16776E-026   3.17526E-028   9.13601E-026
  1.25900E+001   1.12640E-025   3.10386E-028   1.12330E-025
  1.27300E+001   1.05891E-025   3.08263E-028   1.05583E-025
  1.28800E+001   7.61003E-026   3.08599E-028   7.57917E-026
  1.30300E+001   6.12931E-026   3.08104E-028   6.09850E-026
  1.31800E+001   5.64224E-026   3.08325E-028   5.61140E-026
  1.33400E+001   5.85752E-026   3.08685E-028   5.82665E-026
  1.34900E+001   6.05922E-026   3.09007E-028   6.02832E-026
  1.36500E+001   5.39069E-026   3.09747E-028   5.35972E-026
  1.38000E+001   4.77375E-026   3.10878E-028   4.74266E-026
  1.39600E+001   4.52515E-026   3.12709E-028   4.49388E-026
  1.41200E+001   4.69200E-026   3.15252E-028   4.66048E-026
  1.42900E+001   4.51105E-026   3.18777E-028   4.47917E-026
  1.44500E+001   4.13306E-026   3.23020E-028   4.10076E-026
  1.46200E+001   3.97978E-026   3.28621E-028   3.94691E-026
  1.47900E+001   3.92653E-026   3.35501E-028   3.89298E-026
  1.49600E+001   3.91394E-026   3.43687E-028   3.87957E-026
  1.51400E+001   3.92484E-026   3.53575E-028   3.88948E-026
  1.53100E+001   3.95254E-026   3.63973E-028   3.91615E-026
  1.54900E+001   4.00232E-026   3.75973E-028   3.96472E-026
  1.56700E+001   4.08788E-026   3.88724E-028   4.04901E-026
  1.58500E+001   4.25119E-026   4.02001E-028   4.21099E-026
  1.60300E+001   4.39336E-026   4.15714E-028   4.35179E-026
  1.62200E+001   4.77810E-026   4.30316E-028   4.73507E-026
  1.64100E+001   6.42498E-026   4.44848E-028   6.38050E-026
  1.66000E+001   5.76100E-026   4.58992E-028   5.71510E-026
  1.67900E+001   5.68903E-026   4.72522E-028   5.64178E-026
  1.69800E+001   5.93953E-026   4.85115E-028   5.89101E-026
  1.71800E+001   5.91115E-026   4.97238E-028   5.86142E-026
  1.73800E+001   5.92900E-026   5.08181E-028   5.87818E-026
  1.75800E+001   5.04339E-026   5.17994E-028   4.99160E-026
  1.77800E+001   4.77217E-026   5.26603E-028   4.71951E-026
  1.79900E+001   4.48075E-026   5.34438E-028   4.42731E-026
  1.82000E+001   4.19192E-026   5.41051E-028   4.13781E-026
  1.84100E+001   4.05297E-026   5.46337E-028   3.99834E-026
  1.86200E+001   3.96317E-026   5.50423E-028   3.90813E-026
  1.88400E+001   3.89032E-026   5.53340E-028   3.83499E-026
  1.90600E+001   3.82378E-026   5.54930E-028   3.76828E-026
  1.92700E+001   3.76128E-026   5.55806E-028   3.70570E-026
  1.95000E+001   3.69558E-026   5.55772E-028   3.64001E-026
  1.97200E+001   3.63802E-026   5.55427E-028   3.58248E-026
  1.99500E+001   3.58435E-026   5.54938E-028   3.52885E-026
  2.01800E+001   3.53706E-026   5.56406E-028   3.48142E-026
  2.04200E+001   3.49341E-026   5.58800E-028   3.43753E-026
  2.06500E+001   3.45606E-026   5.62150E-028   3.39985E-026
  2.08900E+001   3.42098E-026   5.66787E-028   3.36430E-026
  2.11400E+001   3.38791E-026   5.72614E-028   3.33064E-026
  2.13800E+001   3.35894E-026   5.78617E-028   3.30108E-026
  2.16300E+001   3.33137E-026   5.85460E-028   3.27282E-026
  2.18800E+001   3.30611E-026   5.92670E-028   3.24684E-026
  2.21300E+001   3.28289E-026   5.99758E-028   3.22291E-026
  2.23900E+001   3.26071E-026   6.06833E-028   3.20003E-026
  2.26500E+001   3.24043E-026   6.14346E-028   3.17899E-026
  2.29100E+001   3.22187E-026   6.21845E-028   3.15969E-026
  2.31700E+001   3.20491E-026   6.29361E-028   3.14197E-026
  2.34400E+001   3.18909E-026   6.38774E-028   3.12522E-026
  2.37100E+001   3.17483E-026   6.48812E-028   3.10995E-026
  2.39900E+001   3.16169E-026   6.60716E-028   3.09562E-026
  2.42700E+001   3.15020E-026   6.73903E-028   3.08281E-026
  2.45500E+001   3.14019E-026   6.88683E-028   3.07133E-026
  2.48300E+001   3.13158E-026   7.04518E-028   3.06113E-026
  2.51200E+001   3.12410E-026   7.22373E-028   3.05187E-026
  2.54100E+001   3.11798E-026   7.42290E-028   3.04375E-026
  2.57000E+001   3.11319E-026   7.63759E-028   3.03681E-026
  2.60000E+001   3.10946E-026   7.87296E-028   3.03073E-026
  2.63000E+001   3.10701E-026   8.12548E-028   3.02576E-026
  2.66100E+001   3.10570E-026   8.40513E-028   3.02165E-026
  2.69200E+001   3.10558E-026   8.70984E-028   3.01848E-026
  2.72300E+001   3.10651E-026   9.02464E-028   3.01627E-026
  2.75400E+001   3.10857E-026   9.36540E-028   3.01492E-026
  2.78600E+001   3.11165E-026   9.73484E-028   3.01431E-026
  2.81800E+001   3.11572E-026   1.01264E-027   3.01446E-026
  2.85100E+001   3.12097E-026   1.05536E-027   3.01544E-026
  2.88400E+001   3.12720E-026   1.10055E-027   3.01714E-026
  2.91700E+001   3.13427E-026   1.14856E-027   3.01942E-026
  2.95100E+001   3.14231E-026   1.19984E-027   3.02233E-026
  2.98500E+001   3.15139E-026   1.25475E-027   3.02591E-026
  3.02000E+001   3.16156E-026   1.31422E-027   3.03014E-026
  3.05500E+001   3.17244E-026   1.37615E-027   3.03482E-026
  3.09000E+001   3.18407E-026   1.44118E-027   3.03995E-026
  3.12600E+001   3.19681E-026   1.51132E-027   3.04568E-026
  3.16200E+001   3.21024E-026   1.58526E-027   3.05171E-026
  3.19900E+001   3.22485E-026   1.66487E-027   3.05837E-026
  3.23600E+001   3.23984E-026   1.74696E-027   3.06514E-026
  3.27300E+001   3.25582E-026   1.83405E-027   3.07242E-026
  3.31100E+001   3.27297E-026   1.92889E-027   3.08009E-026
  3.35000E+001   3.29094E-026   2.02825E-027   3.08811E-026
  3.38800E+001   3.30901E-026   2.12922E-027   3.09609E-026
  3.42800E+001   3.32898E-026   2.24167E-027   3.10481E-026
  3.46700E+001   3.34896E-026   2.35605E-027   3.11336E-026
  3.50800E+001   3.37046E-026   2.48020E-027   3.12244E-026
  3.54800E+001   3.39202E-026   2.60761E-027   3.13126E-026
  3.58900E+001   3.41484E-026   2.74415E-027   3.14043E-026
  3.63100E+001   3.43898E-026   2.88983E-027   3.15000E-026
  3.67300E+001   3.46332E-026   3.03924E-027   3.15940E-026
  3.71500E+001   3.48851E-026   3.19750E-027   3.16876E-026
  3.75800E+001   3.51509E-026   3.36535E-027   3.17855E-026
  3.80200E+001   3.54241E-026   3.54210E-027   3.18820E-026
  3.84600E+001   3.57077E-026   3.72838E-027   3.19793E-026
  3.89000E+001   3.59968E-026   3.92203E-027   3.20747E-026
  3.93500E+001   3.62984E-026   4.12780E-027   3.21706E-026
  3.98100E+001   3.66168E-026   4.34638E-027   3.22704E-026
  4.02700E+001   3.69412E-026   4.57682E-027   3.23644E-026
  4.07400E+001   3.72757E-026   4.81546E-027   3.24602E-026
  4.12100E+001   3.76259E-026   5.06966E-027   3.25563E-026
  4.16900E+001   3.79897E-026   5.33994E-027   3.26498E-026
  4.21700E+001   3.83583E-026   5.61722E-027   3.27410E-026
  4.26600E+001   3.87456E-026   5.91144E-027   3.28342E-026
  4.31500E+001   3.91420E-026   6.22102E-027   3.29210E-026
  4.36500E+001   3.95583E-026   6.54951E-027   3.30088E-026
  4.41600E+001   3.99926E-026   6.89794E-027   3.30947E-026
  4.46700E+001   4.04452E-026   7.26533E-027   3.31799E-026
  4.51900E+001   4.09035E-026   7.64469E-027   3.32588E-026
  4.57100E+001   4.13905E-026   8.04930E-027   3.33412E-026
  4.62400E+001   4.18932E-026   8.47868E-027   3.34145E-026
  4.67700E+001   4.24134E-026   8.92517E-027   3.34882E-026
  4.73100E+001   4.29575E-026   9.39832E-027   3.35592E-026
  4.78600E+001   4.35277E-026   9.89962E-027   3.36280E-026
  4.84200E+001   4.41126E-026   1.04233E-026   3.36893E-026
  4.89800E+001   4.47448E-026   1.09907E-026   3.37541E-026
  4.95400E+001   4.53735E-026   1.15650E-026   3.38085E-026
  5.01200E+001   4.60490E-026   1.21860E-026   3.38630E-026
  5.07000E+001   4.67538E-026   1.28407E-026   3.39131E-026
  5.12900E+001   4.74908E-026   1.35322E-026   3.39585E-026
  5.18800E+001   4.82514E-026   1.42524E-026   3.39991E-026
  5.24800E+001   4.90495E-026   1.50120E-026   3.40375E-026
  5.30900E+001   4.98816E-026   1.58160E-026   3.40656E-026
  5.37000E+001   5.07572E-026   1.66602E-026   3.40970E-026
  5.43300E+001   5.16825E-026   1.75671E-026   3.41154E-026
  5.49500E+001   5.26236E-026   1.84923E-026   3.41313E-026
  5.55900E+001   5.36302E-026   1.94844E-026   3.41458E-026
  5.62300E+001   5.46610E-026   2.05128E-026   3.41482E-026
  5.68800E+001   5.57604E-026   2.16071E-026   3.41533E-026
  5.75400E+001   5.68891E-026   2.27468E-026   3.41423E-026
  5.82100E+001   5.80897E-026   2.39575E-026   3.41322E-026
  5.88800E+001   5.93263E-026   2.52119E-026   3.41144E-026
  5.95700E+001   6.06361E-026   2.65465E-026   3.40896E-026
  6.02600E+001   6.19983E-026   2.79427E-026   3.40556E-026
  6.09500E+001   6.33867E-026   2.93671E-026   3.40196E-026
  6.16600E+001   6.48723E-026   3.08974E-026   3.39749E-026
  6.23700E+001   6.63771E-026   3.24513E-026   3.39258E-026
  6.31000E+001   6.79859E-026   3.41204E-026   3.38655E-026
  6.38300E+001   6.96287E-026   3.58351E-026   3.37936E-026
  6.45700E+001   7.13675E-026   3.76485E-026   3.37190E-026
  6.53100E+001   7.31200E-026   3.94814E-026   3.36386E-026
  6.60700E+001   7.49945E-026   4.14406E-026   3.35539E-026
  6.68300E+001   7.68744E-026   4.34166E-026   3.34577E-026
  6.76100E+001   7.88747E-026   4.55228E-026   3.33519E-026
  6.83900E+001   8.09093E-026   4.76726E-026   3.32367E-026
  6.91800E+001   8.30089E-026   4.98964E-026   3.31125E-026
  6.99800E+001   8.51758E-026   5.21877E-026   3.29881E-026
  7.07900E+001   8.73991E-026   5.45514E-026   3.28476E-026
  7.16100E+001   8.97268E-026   5.70251E-026   3.27017E-026
  7.24400E+001   9.20702E-026   5.95237E-026   3.25466E-026
  7.32800E+001   9.45163E-026   6.21314E-026   3.23849E-026
  7.41300E+001   9.70099E-026   6.47994E-026   3.22105E-026
  7.49900E+001   9.95199E-026   6.74872E-026   3.20328E-026
  7.58600E+001   1.02128E-025   7.02815E-026   3.18461E-026
  7.67400E+001   1.04786E-025   7.31352E-026   3.16510E-026
  7.76200E+001   1.07499E-025   7.60516E-026   3.14471E-026
  7.85200E+001   1.10225E-025   7.89943E-026   3.12308E-026
  7.94300E+001   1.13003E-025   8.19952E-026   3.10078E-026
  8.03500E+001   1.15868E-025   8.50852E-026   3.07826E-026
  8.12800E+001   1.18692E-025   8.81466E-026   3.05452E-026
  8.22200E+001   1.21613E-025   9.13150E-026   3.02981E-026
  8.31800E+001   1.24520E-025   9.44743E-026   3.00456E-026
  8.41400E+001   1.27470E-025   9.76872E-026   2.97828E-026
  8.51100E+001   1.30424E-025   1.00908E-025   2.95164E-026
  8.61000E+001   1.33417E-025   1.04176E-025   2.92405E-026
  8.71000E+001   1.36415E-025   1.07458E-025   2.89569E-026
  8.81100E+001   1.39390E-025   1.10725E-025   2.86652E-026
  8.91200E+001   1.42344E-025   1.13973E-025   2.83704E-026
  9.01600E+001   1.45405E-025   1.17341E-025   2.80641E-026
  9.12000E+001   1.48322E-025   1.20566E-025   2.77562E-026
  9.22600E+001   1.51240E-025   1.23803E-025   2.74375E-026
  9.33200E+001   1.54183E-025   1.27063E-025   2.71195E-026
  9.44100E+001   1.57059E-025   1.30270E-025   2.67885E-026
  9.55000E+001   1.59929E-025   1.33474E-025   2.64552E-026
  9.66100E+001   1.62777E-025   1.36661E-025   2.61158E-026
  9.77200E+001   1.65459E-025   1.39684E-025   2.57754E-026
  9.88600E+001   1.68196E-025   1.42773E-025   2.54229E-026
  1.00000E+002   1.70845E-025   1.45773E-025   2.50721E-026
  1.01200E+002   1.73522E-025   1.48818E-025   2.47034E-026
  1.02300E+002   1.75878E-025   1.51515E-025   2.43627E-026
  1.03500E+002   1.78346E-025   1.54352E-025   2.39947E-026
  1.04700E+002   1.80674E-025   1.57049E-025   2.36247E-026
  1.05900E+002   1.82919E-025   1.59662E-025   2.32574E-026
  1.07200E+002   1.85190E-025   1.62328E-025   2.28626E-026
  1.08400E+002   1.87169E-025   1.64669E-025   2.24992E-026
  1.09700E+002   1.89275E-025   1.67165E-025   2.21106E-026
  1.10900E+002   1.91018E-025   1.69267E-025   2.17501E-026
  1.12200E+002   1.92744E-025   1.71380E-025   2.13644E-026
  1.13500E+002   1.94342E-025   1.73360E-025   2.09826E-026
  1.14800E+002   1.95933E-025   1.75327E-025   2.06059E-026
  1.16100E+002   1.97260E-025   1.77030E-025   2.02302E-026
  1.17500E+002   1.98649E-025   1.78818E-025   1.98314E-026
  1.18800E+002   1.99737E-025   1.80271E-025   1.94654E-026
  1.20200E+002   2.00823E-025   1.81747E-025   1.90758E-026
  1.21600E+002   2.01648E-025   1.82956E-025   1.86916E-026
  1.23000E+002   2.02487E-025   1.84175E-025   1.83119E-026
  1.24400E+002   2.03137E-025   1.85198E-025   1.79390E-026
  1.25900E+002   2.03613E-025   1.86069E-025   1.75437E-026
  1.27300E+002   2.04009E-025   1.86827E-025   1.71819E-026
  1.28800E+002   2.04277E-025   1.87477E-025   1.68002E-026
  1.30300E+002   2.04422E-025   1.87996E-025   1.64259E-026
  1.31800E+002   2.04329E-025   1.88271E-025   1.60582E-026
  1.33400E+002   2.04182E-025   1.88509E-025   1.56735E-026
  1.34900E+002   2.03939E-025   1.88619E-025   1.53202E-026
  1.36500E+002   2.03529E-025   1.88581E-025   1.49479E-026
  1.38000E+002   2.03032E-025   1.88423E-025   1.46093E-026
  1.39600E+002   2.02371E-025   1.88116E-025   1.42553E-026
  1.41200E+002   2.01610E-025   1.87704E-025   1.39059E-026
  1.42900E+002   2.00667E-025   1.87120E-025   1.35469E-026
  1.44500E+002   1.99682E-025   1.86467E-025   1.32147E-026
  1.46200E+002   1.98511E-025   1.85640E-025   1.28706E-026
  1.47900E+002   1.97260E-025   1.84724E-025   1.25359E-026
  1.49600E+002   1.95887E-025   1.83678E-025   1.22083E-026
  1.51400E+002   1.94363E-025   1.82493E-025   1.18703E-026
  1.53100E+002   1.92814E-025   1.81254E-025   1.15602E-026
  1.54900E+002   1.91122E-025   1.79881E-025   1.12404E-026
  1.56700E+002   1.89325E-025   1.78396E-025   1.09288E-026
  1.58500E+002   1.87479E-025   1.76853E-025   1.06261E-026
  1.60300E+002   1.85666E-025   1.75335E-025   1.03307E-026
  1.62200E+002   1.83545E-025   1.73517E-025   1.00283E-026
  1.64100E+002   1.81393E-025   1.71656E-025   9.73654E-027
  1.66000E+002   1.79215E-025   1.69763E-025   9.45211E-027
  1.67900E+002   1.76922E-025   1.67746E-025   9.17618E-027
  1.69800E+002   1.74772E-025   1.65864E-025   8.90748E-027
  1.71800E+002   1.72294E-025   1.63657E-025   8.63669E-027
  1.73800E+002   1.69809E-025   1.61437E-025   8.37195E-027
  1.75800E+002   1.67325E-025   1.59208E-025   8.11670E-027
  1.77800E+002   1.64908E-025   1.57039E-025   7.86931E-027
  1.79900E+002   1.62227E-025   1.54609E-025   7.61767E-027
  1.82000E+002   1.59563E-025   1.52188E-025   7.37492E-027
  1.84100E+002   1.56967E-025   1.49826E-025   7.14036E-027
  1.86200E+002   1.54261E-025   1.47347E-025   6.91410E-027
  1.88400E+002   1.51458E-025   1.44773E-025   6.68538E-027
  1.90600E+002   1.48727E-025   1.42262E-025   6.46461E-027
  1.92800E+002   1.45965E-025   1.39714E-025   6.25189E-027
  1.95000E+002   1.43189E-025   1.37143E-025   6.04595E-027
  1.97200E+002   1.40507E-025   1.34658E-025   5.84875E-027
  1.99500E+002   1.37662E-025   1.32013E-025   5.64941E-027
  2.01800E+002   1.34831E-025   1.29373E-025   5.45739E-027
  2.04200E+002   1.31976E-025   1.26711E-025   5.26446E-027
  2.06500E+002   1.29215E-025   1.24128E-025   5.08753E-027
  2.08900E+002   1.26444E-025   1.21535E-025   4.90922E-027
  2.11400E+002   1.23503E-025   1.18772E-025   4.73140E-027
  2.13800E+002   1.20821E-025   1.16254E-025   4.56673E-027
  2.16300E+002   1.17983E-025   1.13581E-025   4.40231E-027
  2.18800E+002   1.15178E-025   1.10934E-025   4.24463E-027
  2.21300E+002   1.12526E-025   1.08432E-025   4.09325E-027
  2.23900E+002   1.09732E-025   1.05790E-025   3.94221E-027
  2.26500E+002   1.07051E-025   1.03253E-025   3.79708E-027
  2.29100E+002   1.04383E-025   1.00725E-025   3.65823E-027
  2.31700E+002   1.01827E-025   9.83018E-026   3.52506E-027
  2.34400E+002   9.91520E-026   9.57593E-026   3.39268E-027
  2.37100E+002   9.65913E-026   9.33257E-026   3.26559E-027
  2.39900E+002   9.39639E-026   9.08243E-026   3.13963E-027
  2.42700E+002   9.14517E-026   8.84323E-026   3.01942E-027
  2.45500E+002   8.89660E-026   8.60614E-026   2.90461E-027
  2.48300E+002   8.65589E-026   8.37646E-026   2.79429E-027
  2.51200E+002   8.41012E-026   8.14161E-026   2.68511E-027
  2.54100E+002   8.17545E-026   7.91737E-026   2.58075E-027
  2.57000E+002   7.94439E-026   7.69627E-026   2.48112E-027
  2.60000E+002   7.71332E-026   7.47501E-026   2.38308E-027
  2.63000E+002   7.48630E-026   7.25741E-026   2.28891E-027
  2.66100E+002   7.26297E-026   7.04332E-026   2.19646E-027
  2.69100E+002   7.05116E-026   6.84010E-026   2.11069E-027
  2.72300E+002   6.83256E-026   6.63018E-026   2.02382E-027
  2.75400E+002   6.62984E-026   6.43552E-026   1.94317E-027
  2.78600E+002   6.42226E-026   6.23583E-026   1.86432E-027
  2.81800E+002   6.22775E-026   6.04884E-026   1.78908E-027
  2.85100E+002   6.02900E-026   5.85749E-026   1.71508E-027
  2.88400E+002   5.83748E-026   5.67303E-026   1.64445E-027
  2.91700E+002   5.65074E-026   5.49301E-026   1.57737E-027
  2.95100E+002   5.47068E-026   5.31958E-026   1.51104E-027
  2.98500E+002   5.29050E-026   5.14564E-026   1.44855E-027
  3.02000E+002   5.11682E-026   4.97809E-026   1.38730E-027
  3.05500E+002   4.94885E-026   4.81598E-026   1.32871E-027
  3.09000E+002   4.78346E-026   4.65612E-026   1.27342E-027
  3.12600E+002   4.62448E-026   4.50258E-026   1.21900E-027
  3.16200E+002   4.46577E-026   4.34903E-026   1.16743E-027
  3.19900E+002   4.31352E-026   4.20183E-026   1.11688E-027
  3.23600E+002   4.16388E-026   4.05698E-026   1.06902E-027
  3.27300E+002   4.02228E-026   3.91992E-026   1.02351E-027
  3.31100E+002   3.88401E-026   3.78608E-026   9.79332E-028
  3.35000E+002   3.74476E-026   3.65116E-026   9.36009E-028
  3.38800E+002   3.61474E-026   3.52514E-026   8.96010E-028
  3.42800E+002   3.48246E-026   3.39685E-026   8.56071E-028
  3.46700E+002   3.36240E-026   3.28049E-026   8.19156E-028
  3.50800E+002   3.23916E-026   3.16092E-026   7.82363E-028
  3.54800E+002   3.12316E-026   3.04833E-026   7.48289E-028
  3.58900E+002   3.00922E-026   2.93770E-026   7.15220E-028
  3.63100E+002   2.89685E-026   2.82855E-026   6.83034E-028
  3.67300E+002   2.79084E-026   2.72557E-026   6.52657E-028
  3.71500E+002   2.69055E-026   2.62817E-026   6.23792E-028
  3.75800E+002   2.58870E-026   2.52913E-026   5.95723E-028
  3.80200E+002   2.49195E-026   2.43509E-026   5.68615E-028
  3.84600E+002   2.39619E-026   2.34190E-026   5.42940E-028
  3.89000E+002   2.30725E-026   2.25539E-026   5.18632E-028
  3.93500E+002   2.22005E-026   2.17055E-026   4.95066E-028
  3.98100E+002   2.13453E-026   2.08730E-026   4.72303E-028
  4.02700E+002   2.05275E-026   2.00768E-026   4.50747E-028
  4.07400E+002   1.97267E-026   1.92968E-026   4.29902E-028
  4.12100E+002   1.89731E-026   1.85629E-026   4.10216E-028
  4.16900E+002   1.82254E-026   1.78342E-026   3.91201E-028
  4.21700E+002   1.75091E-026   1.71359E-026   3.73223E-028
  4.26600E+002   1.68320E-026   1.64762E-026   3.55848E-028
  4.31500E+002   1.61744E-026   1.58350E-026   3.39435E-028
  4.36500E+002   1.55225E-026   1.51988E-026   3.23610E-028
  4.41600E+002   1.49077E-026   1.45993E-026   3.08367E-028
  4.46700E+002   1.43102E-026   1.40163E-026   2.93944E-028
  4.51900E+002   1.37382E-026   1.34581E-026   2.80099E-028
  4.57100E+002   1.31921E-026   1.29251E-026   2.66983E-028
  4.62400E+002   1.26525E-026   1.23981E-026   2.54383E-028
  4.67700E+002   1.21454E-026   1.19029E-026   2.42481E-028
  4.73100E+002   1.16602E-026   1.14292E-026   2.31008E-028
  4.78600E+002   1.11737E-026   1.09537E-026   2.20005E-028
  4.84200E+002   1.07165E-026   1.05071E-026   2.09427E-028
  4.89800E+002   1.02738E-026   1.00743E-026   1.99442E-028
  4.95500E+002   9.85109E-027   9.66124E-027   1.89856E-028
  5.01200E+002   9.44811E-027   9.26729E-027   1.80825E-028
  5.07000E+002   9.05139E-027   8.87924E-027   1.72145E-028
  5.12900E+002   8.67308E-027   8.50925E-027   1.63829E-028
  5.18800E+002   8.31886E-027   8.16287E-027   1.55982E-028
  5.24800E+002   7.96444E-027   7.81598E-027   1.48457E-028
  5.30900E+002   7.63258E-027   7.49134E-027   1.41242E-028
  5.37000E+002   7.31658E-027   7.18214E-027   1.34440E-028
  5.43200E+002   7.00617E-027   6.87824E-027   1.27929E-028
  5.49500E+002   6.71068E-027   6.58899E-027   1.21691E-028
  5.55900E+002   6.42093E-027   6.30520E-027   1.15725E-028
  5.62300E+002   6.14955E-027   6.03946E-027   1.10098E-028
  5.68800E+002   5.89206E-027   5.78734E-027   1.04720E-028
  5.75400E+002   5.63518E-027   5.53559E-027   9.95846E-029
  5.82100E+002   5.39541E-027   5.30075E-027   9.46578E-029
  5.88800E+002   5.16337E-027   5.07334E-027   9.00322E-029
  5.95700E+002   4.93712E-027   4.85158E-027   8.55406E-029
  6.02600E+002   4.72549E-027   4.64417E-027   8.13190E-029
  6.09500E+002   4.52440E-027   4.44706E-027   7.73399E-029
  6.16600E+002   4.32490E-027   4.25143E-027   7.34772E-029
  6.23700E+002   4.13833E-027   4.06847E-027   6.98560E-029
  6.31000E+002   3.95633E-027   3.88998E-027   6.63500E-029
  6.38300E+002   3.78405E-027   3.72100E-027   6.30524E-029
  6.45700E+002   3.61792E-027   3.55801E-027   5.99054E-029
  6.53100E+002   3.46296E-027   3.40601E-027   5.69461E-029
  6.60700E+002   3.30694E-027   3.25286E-027   5.40825E-029
  6.68300E+002   3.16380E-027   3.11241E-027   5.13941E-029
  6.76100E+002   3.02238E-027   2.97358E-027   4.87936E-029
  6.83900E+002   2.89029E-027   2.84394E-027   4.63571E-029
  6.91800E+002   2.76336E-027   2.71933E-027   4.40345E-029
  6.99800E+002   2.63969E-027   2.59787E-027   4.18199E-029
  7.08000E+002   2.52138E-027   2.48169E-027   3.96861E-029
  7.16100E+002   2.41047E-027   2.37277E-027   3.77064E-029
  7.24400E+002   2.30335E-027   2.26756E-027   3.57959E-029
  7.32800E+002   2.20009E-027   2.16610E-027   3.39853E-029
  7.41300E+002   2.10303E-027   2.07077E-027   3.22634E-029
  7.49900E+002   2.00676E-027   1.97614E-027   3.06215E-029
  7.58600E+002   1.91762E-027   1.88856E-027   2.90632E-029
  7.67400E+002   1.83222E-027   1.80464E-027   2.75798E-029
  7.76200E+002   1.75016E-027   1.72397E-027   2.61868E-029
  7.85200E+002   1.67019E-027   1.64534E-027   2.48526E-029
  7.94300E+002   1.59520E-027   1.57162E-027   2.35805E-029
  8.03500E+002   1.52240E-027   1.50002E-027   2.23750E-029
  8.12800E+002   1.45459E-027   1.43336E-027   2.12305E-029
  8.22200E+002   1.38899E-027   1.36884E-027   2.01482E-029
  8.31800E+002   1.32496E-027   1.30586E-027   1.91060E-029
  8.41400E+002   1.26536E-027   1.24723E-027   1.81271E-029
  8.51100E+002   1.20835E-027   1.19115E-027   1.71999E-029
  8.61000E+002   1.15251E-027   1.13620E-027   1.63136E-029
  8.71000E+002   1.10015E-027   1.08468E-027   1.54678E-029
  8.81000E+002   1.05059E-027   1.03591E-027   1.46781E-029
  8.91200E+002   1.00218E-027   9.88266E-028   1.39173E-029
  9.01600E+002   9.56184E-028   9.42989E-028   1.31949E-029
  9.12000E+002   9.12855E-028   9.00338E-028   1.25166E-029
  9.22600E+002   8.70420E-028   8.58555E-028   1.18656E-029
  9.33300E+002   8.30662E-028   8.19414E-028   1.12484E-029
  9.44100E+002   7.92697E-028   7.82029E-028   1.06674E-029
  9.55000E+002   7.56068E-028   7.45954E-028   1.01140E-029
  9.66000E+002   7.21593E-028   7.12001E-028   9.59157E-030
  9.77200E+002   6.88481E-028   6.79386E-028   9.09448E-030
  9.88500E+002   6.56525E-028   6.47904E-028   8.62053E-030
  1.00000E+003   6.26223E-028   6.18055E-028   8.16808E-030
  1.01200E+003   5.96350E-028   5.88622E-028   7.72778E-030
  1.02300E+003   5.70231E-028   5.62882E-028   7.34868E-030
  1.03500E+003   5.43646E-028   5.36686E-028   6.96041E-030
  1.04700E+003   5.18529E-028   5.11934E-028   6.59524E-030
  1.05900E+003   4.94568E-028   4.88314E-028   6.25373E-030
  1.07200E+003   4.70383E-028   4.64475E-028   5.90725E-030
  1.08400E+003   4.49324E-028   4.43716E-028   5.60795E-030
  1.09600E+003   4.29185E-028   4.23858E-028   5.32722E-030
  1.10900E+003   4.08841E-028   4.03800E-028   5.04041E-030
  1.12200E+003   3.89689E-028   3.84917E-028   4.77258E-030
  1.13500E+003   3.71406E-028   3.66885E-028   4.52149E-030
  1.14800E+003   3.54371E-028   3.50085E-028   4.28658E-030
  1.16100E+003   3.38266E-028   3.34200E-028   4.06535E-030
  1.17500E+003   3.21719E-028   3.17876E-028   3.84271E-030
  1.18800E+003   3.07406E-028   3.03757E-028   3.64884E-030
  1.20200E+003   2.92872E-028   2.89418E-028   3.45327E-030
  1.21600E+003   2.79004E-028   2.75734E-028   3.26986E-030
  1.23000E+003   2.66093E-028   2.62995E-028   3.09813E-030
  1.24400E+003   2.53893E-028   2.50956E-028   2.93696E-030
  1.25900E+003   2.41433E-028   2.38658E-028   2.77505E-030
  1.27400E+003   2.29851E-028   2.27227E-028   2.62419E-030
  1.28800E+003   2.19664E-028   2.17173E-028   2.49181E-030
  1.30300E+003   2.09209E-028   2.06849E-028   2.35936E-030
  1.31800E+003   1.99502E-028   1.97267E-028   2.23492E-030
  1.33400E+003   1.89762E-028   1.87651E-028   2.11071E-030
  1.34900E+003   1.81008E-028   1.79006E-028   2.00183E-030
  1.36500E+003   1.72343E-028   1.70450E-028   1.89272E-030
  1.38000E+003   1.64687E-028   1.62890E-028   1.79715E-030
  1.39600E+003   1.56866E-028   1.55165E-028   1.70147E-030
  1.41200E+003   1.49589E-028   1.47977E-028   1.61161E-030
  1.42900E+003   1.42313E-028   1.40790E-028   1.52257E-030
  1.44500E+003   1.35765E-028   1.34321E-028   1.44396E-030
  1.46200E+003   1.29305E-028   1.27940E-028   1.36572E-030
  1.47900E+003   1.23215E-028   1.21923E-028   1.29258E-030
  1.49600E+003   1.17406E-028   1.16182E-028   1.22409E-030
  1.51400E+003   1.11689E-028   1.10532E-028   1.15623E-030
  1.53100E+003   1.06596E-028   1.05499E-028   1.09629E-030
  1.54900E+003   1.01452E-028   1.00415E-028   1.03673E-030
  1.56700E+003   9.66683E-029   9.56872E-029   9.81068E-031
  1.58500E+003   9.21680E-029   9.12391E-029   9.28914E-031
  1.60300E+003   8.78484E-029   8.69683E-029   8.80100E-031
  1.62200E+003   8.36317E-029   8.27998E-029   8.31887E-031
  1.64100E+003   7.96481E-029   7.88613E-029   7.86803E-031
  1.66000E+003   7.58512E-029   7.51067E-029   7.44574E-031
  1.67900E+003   7.23287E-029   7.16237E-029   7.05051E-031
  1.69800E+003   6.90025E-029   6.83345E-029   6.68004E-031
  1.71800E+003   6.56556E-029   6.50241E-029   6.31552E-031
  1.73800E+003   6.25441E-029   6.19467E-029   5.97420E-031
  1.75800E+003   5.96182E-029   5.90527E-029   5.65508E-031
  1.77800E+003   5.68189E-029   5.62833E-029   5.35597E-031
  1.79900E+003   5.40939E-029   5.35877E-029   5.06201E-031
  1.82000E+003   5.15261E-029   5.10473E-029   4.78716E-031
  1.84100E+003   4.90727E-029   4.86197E-029   4.52998E-031
  1.86200E+003   4.67963E-029   4.63673E-029   4.28960E-031
  1.88400E+003   4.45472E-029   4.41419E-029   4.05355E-031
  1.90600E+003   4.24010E-029   4.20177E-029   3.83325E-031
  1.92800E+003   4.04108E-029   4.00481E-029   3.62711E-031
  1.95000E+003   3.85327E-029   3.81894E-029   3.43343E-031
  1.97200E+003   3.67353E-029   3.64100E-029   3.25306E-031
  1.99500E+003   3.49933E-029   3.46857E-029   3.07605E-031
  2.01800E+003   3.33026E-029   3.30116E-029   2.91029E-031
  2.04200E+003   3.16588E-029   3.13840E-029   2.74881E-031
  2.06500E+003   3.01744E-029   2.99140E-029   2.60403E-031
  2.08900E+003   2.86997E-029   2.84535E-029   2.46263E-031
  2.11400E+003   2.72693E-029   2.70368E-029   2.32511E-031
  2.13800E+003   2.59802E-029   2.57601E-029   2.20152E-031
  2.16300E+003   2.46985E-029   2.44904E-029   2.08108E-031
  2.18800E+003   2.35076E-029   2.33108E-029   1.96853E-031
  2.21300E+003   2.23854E-029   2.21991E-029   1.86311E-031
  2.23900E+003   2.12720E-029   2.10959E-029   1.76048E-031
  2.26500E+003   2.02413E-029   2.00748E-029   1.66475E-031
  2.29100E+003   1.92699E-029   1.91123E-029   1.57542E-031
  2.31700E+003   1.83430E-029   1.81938E-029   1.49129E-031
  2.34400E+003   1.74480E-029   1.73071E-029   1.40979E-031
  2.37100E+003   1.66053E-029   1.64720E-029   1.33369E-031
  2.39900E+003   1.57749E-029   1.56490E-029   1.25968E-031
  2.42700E+003   1.50040E-029   1.48849E-029   1.19060E-031
  2.45500E+003   1.42781E-029   1.41655E-029   1.12617E-031
  2.48300E+003   1.35853E-029   1.34787E-029   1.06571E-031
  2.51200E+003   1.29187E-029   1.28180E-029   1.00732E-031
  2.54100E+003   1.22912E-029   1.21960E-029   9.52593E-032
  2.57000E+003   1.16944E-029   1.16042E-029   9.01329E-032
  2.60000E+003   1.11210E-029   1.10358E-029   8.51871E-032
  2.63000E+003   1.05811E-029   1.05005E-029   8.05682E-032
  2.66100E+003   1.00496E-029   9.97348E-030   7.61016E-032
  2.69200E+003   9.55613E-030   9.48420E-030   7.19286E-032
  2.72300E+003   9.09325E-030   9.02523E-030   6.80225E-032
  2.75400E+003   8.65157E-030   8.58720E-030   6.43753E-032
  2.78600E+003   8.22784E-030   8.16700E-030   6.08458E-032
  2.81800E+003   7.82904E-030   7.77148E-030   5.75530E-032
  2.85100E+003   7.44192E-030   7.38754E-030   5.43784E-032
  2.88400E+003   7.07309E-030   7.02168E-030   5.14028E-032
  2.91700E+003   6.73168E-030   6.68305E-030   4.86304E-032
  2.95100E+003   6.40055E-030   6.35459E-030   4.59558E-032
  2.98500E+003   6.08484E-030   6.04139E-030   4.34470E-032
  3.02000E+003   5.78316E-030   5.74212E-030   4.10409E-032
  3.05500E+003   5.49937E-030   5.46057E-030   3.88000E-032
  3.09000E+003   5.23222E-030   5.19552E-030   3.67021E-032
  3.12600E+003   4.97129E-030   4.93661E-030   3.46815E-032
  3.16200E+003   4.72898E-030   4.69619E-030   3.27888E-032
  3.19900E+003   4.49469E-030   4.46371E-030   3.09747E-032
  3.23600E+003   4.27143E-030   4.24215E-030   2.92831E-032
  3.27300E+003   4.06408E-030   4.03638E-030   2.76995E-032
  3.31100E+003   3.86364E-030   3.83746E-030   2.61770E-032
  3.35000E+003   3.67079E-030   3.64606E-030   2.47208E-032
  3.38800E+003   3.49193E-030   3.46855E-030   2.33872E-032
  3.42800E+003   3.31641E-030   3.29433E-030   2.20825E-032
  3.46700E+003   3.15602E-030   3.13512E-030   2.08937E-032
  3.50800E+003   2.99600E-030   2.97628E-030   1.97224E-032
  3.54800E+003   2.85053E-030   2.83187E-030   1.86566E-032
  3.58900E+003   2.71072E-030   2.69309E-030   1.76345E-032
  3.63100E+003   2.57548E-030   2.55883E-030   1.66568E-032
  3.67300E+003   2.44718E-030   2.43144E-030   1.57430E-032
  3.71500E+003   2.32803E-030   2.31314E-030   1.48901E-032
  3.75800E+003   2.21323E-030   2.19916E-030   1.40718E-032
  3.80200E+003   2.10279E-030   2.08950E-030   1.32887E-032
  3.84600E+003   1.99801E-030   1.98545E-030   1.25597E-032
  3.89000E+003   1.90033E-030   1.88846E-030   1.18773E-032
  3.93600E+003   1.80470E-030   1.79349E-030   1.12117E-032
  3.98100E+003   1.71672E-030   1.70611E-030   1.06026E-032
  4.02700E+003   1.63100E-030   1.62098E-030   1.00204E-032
  4.07400E+003   1.54974E-030   1.54027E-030   9.46491E-033
  4.12100E+003   1.47331E-030   1.46437E-030   8.94666E-033
  4.16900E+003   1.40023E-030   1.39178E-030   8.45062E-033
  4.21700E+003   1.33059E-030   1.32260E-030   7.98860E-033
  4.26600E+003   1.26434E-030   1.25679E-030   7.54732E-033
  4.31500E+003   1.20230E-030   1.19516E-030   7.13484E-033
  4.36500E+003   1.14274E-030   1.13600E-030   6.74184E-033
  4.41600E+003   1.08491E-030   1.07854E-030   6.36711E-033
  4.46700E+003   1.03148E-030   1.02547E-030   6.01708E-033
  4.51900E+003   9.80021E-031   9.74337E-031   5.68410E-033
  4.57100E+003   9.31847E-031   9.26474E-031   5.37281E-033
  4.62400E+003   8.84869E-031   8.79793E-031   5.07636E-033
  4.67700E+003   8.41457E-031   8.36657E-031   4.79927E-033
  4.73200E+003   7.99109E-031   7.94579E-031   4.53032E-033
  4.78600E+003   7.59997E-031   7.55713E-031   4.28406E-033
  4.84200E+003   7.21556E-031   7.17511E-031   4.04549E-033
  4.89800E+003   6.85722E-031   6.81900E-031   3.82247E-033
  4.95400E+003   6.52176E-031   6.48561E-031   3.61421E-033
  5.01200E+003   6.19350E-031   6.15937E-031   3.41266E-033
  5.07000E+003   5.88631E-031   5.85406E-031   3.22448E-033
  5.12900E+003   5.58899E-031   5.55854E-031   3.04549E-033
  5.18800E+003   5.31298E-031   5.28419E-031   2.87856E-033
  5.24800E+003   5.04900E-031   5.02180E-031   2.71985E-033
  5.30900E+003   4.79792E-031   4.77223E-031   2.56891E-033
  5.37000E+003   4.55763E-031   4.53334E-031   2.42814E-033
  5.43200E+003   4.33208E-031   4.30913E-031   2.29435E-033
  5.49500E+003   4.11658E-031   4.09491E-031   2.16747E-033
  5.55900E+003   3.90979E-031   3.88932E-031   2.04703E-033
  5.62300E+003   3.71636E-031   3.69701E-031   1.93446E-033
  5.68800E+003   3.52928E-031   3.51100E-031   1.82776E-033
  5.75400E+003   3.35392E-031   3.33665E-031   1.72646E-033
  5.82100E+003   3.18574E-031   3.16943E-031   1.63050E-033
  5.88800E+003   3.02763E-031   3.01222E-031   1.54093E-033
  5.95700E+003   2.87348E-031   2.85893E-031   1.45472E-033
  6.02600E+003   2.73050E-031   2.71676E-031   1.37430E-033
  6.09500E+003   2.59602E-031   2.58303E-031   1.29911E-033
  6.16600E+003   2.46591E-031   2.45364E-031   1.22668E-033
  6.23700E+003   2.34361E-031   2.33202E-031   1.15920E-033
  6.31000E+003   2.22396E-031   2.21301E-031   1.09442E-033
  6.38300E+003   2.11296E-031   2.10263E-031   1.03378E-033
  6.45600E+003   2.00916E-031   1.99939E-031   9.77330E-034
  6.53100E+003   1.90832E-031   1.89909E-031   9.23095E-034
  6.60700E+003   1.81282E-031   1.80411E-031   8.71658E-034
  6.68300E+003   1.72190E-031   1.71366E-031   8.23639E-034
  6.76100E+003   1.63534E-031   1.62757E-031   7.77792E-034
  6.83900E+003   1.55400E-031   1.54665E-031   7.34863E-034
  6.91800E+003   1.47654E-031   1.46959E-031   6.94200E-034
  6.99800E+003   1.40280E-031   1.39624E-031   6.55850E-034
  7.08000E+003   1.33090E-031   1.32471E-031   6.19129E-034
  7.16100E+003   1.26539E-031   1.25954E-031   5.85194E-034
  7.24400E+003   1.20190E-031   1.19638E-031   5.52719E-034
  7.32800E+003   1.14187E-031   1.13665E-031   5.22008E-034
  7.41300E+003   1.08477E-031   1.07984E-031   4.93007E-034
  7.49900E+003   1.02979E-031   1.02513E-031   4.65689E-034
  7.58600E+003   9.78207E-032   9.73809E-032   4.39802E-034
  7.67400E+003   9.29173E-032   9.25019E-032   4.15379E-034
  7.76200E+003   8.83078E-032   8.79153E-032   3.92570E-034
  7.85200E+003   8.38760E-032   8.35053E-032   3.70756E-034
  7.94300E+003   7.96906E-032   7.93404E-032   3.50217E-034
  8.03500E+003   7.56388E-032   7.53080E-032   3.30788E-034
  8.12800E+003   7.18633E-032   7.15509E-032   3.12393E-034
  8.22200E+003   6.82762E-032   6.79812E-032   2.95095E-034
  8.31800E+003   6.48336E-032   6.45549E-032   2.78619E-034
  8.41400E+003   6.15989E-032   6.13357E-032   2.63194E-034
  8.51100E+003   5.84879E-032   5.82392E-032   2.48643E-034
  8.61000E+003   5.55429E-032   5.53082E-032   2.34780E-034
  8.71000E+003   5.27484E-032   5.25267E-032   2.21702E-034
  8.81000E+003   5.01378E-032   4.99283E-032   2.09492E-034
  8.91200E+003   4.76190E-032   4.74211E-032   1.97909E-034
  9.01600E+003   4.52212E-032   4.50344E-032   1.86817E-034
  9.12000E+003   4.29398E-032   4.27634E-032   1.76469E-034
  9.22600E+003   4.07695E-032   4.06028E-032   1.66636E-034
  9.33200E+003   3.87428E-032   3.85854E-032   1.57421E-034
  9.44100E+003   3.67847E-032   3.66361E-032   1.48638E-034
  9.55000E+003   3.49447E-032   3.48043E-032   1.40420E-034
  9.66000E+003   3.32109E-032   3.30782E-032   1.32661E-034
  9.77200E+003   3.15196E-032   3.13943E-032   1.25278E-034
  9.88600E+003   2.99236E-032   2.98053E-032   1.18254E-034
  1.00000E+004   2.84337E-032   2.83220E-032   1.11717E-034
  1.01200E+004   2.69550E-032   2.68473E-032   1.07702E-034
  1.02300E+004   2.56876E-032   2.55834E-032   1.04189E-034
  1.03500E+004   2.43870E-032   2.42865E-032   1.00531E-034
  1.04700E+004   2.31498E-032   2.30528E-032   9.70429E-035
  1.05900E+004   2.19945E-032   2.19008E-032   9.37153E-035
  1.07200E+004   2.08340E-032   2.07437E-032   9.02810E-035
  1.08400E+004   1.98237E-032   1.97365E-032   8.72591E-035
  1.09600E+004   1.88713E-032   1.87870E-032   8.43714E-035
  1.10900E+004   1.79013E-032   1.78199E-032   8.13859E-035
  1.12200E+004   1.69860E-032   1.69074E-032   7.85404E-035
  1.13500E+004   1.61311E-032   1.60553E-032   7.58268E-035
  1.14800E+004   1.53334E-032   1.52601E-032   7.32374E-035
  1.16100E+004   1.45773E-032   1.45066E-032   7.07653E-035
  1.17500E+004   1.38186E-032   1.37503E-032   6.82265E-035
  1.18800E+004   1.31564E-032   1.30904E-032   6.59772E-035
  1.20200E+004   1.24774E-032   1.24137E-032   6.36647E-035
  1.21600E+004   1.18481E-032   1.17866E-032   6.14596E-035
  1.23000E+004   1.12567E-032   1.11974E-032   5.93556E-035
  1.24400E+004   1.07007E-032   1.06433E-032   5.73471E-035
  1.25900E+004   1.01454E-032   1.00901E-032   5.52948E-035
  1.27400E+004   9.62077E-033   9.56743E-033   5.33398E-035
  1.28800E+004   9.15480E-033   9.10321E-033   5.15978E-035
  1.30300E+004   8.69422E-033   8.64440E-033   4.98149E-035
  1.31800E+004   8.26180E-033   8.21368E-033   4.81136E-035
  1.33400E+004   7.82607E-033   7.77969E-033   4.63835E-035
  1.34900E+004   7.44461E-033   7.39978E-033   4.48364E-035
  1.36500E+004   7.06260E-033   7.01934E-033   4.32614E-035
  1.38000E+004   6.72601E-033   6.68416E-033   4.18514E-035
  1.39600E+004   6.38375E-033   6.34334E-033   4.04144E-035
  1.41200E+004   6.06630E-033   6.02725E-033   3.90427E-035
  1.42900E+004   5.74966E-033   5.71201E-033   3.76527E-035
  1.44500E+004   5.47175E-033   5.43535E-033   3.64044E-035
  1.46200E+004   5.19229E-033   5.15715E-033   3.51379E-035
  1.47900E+004   4.92967E-033   4.89574E-033   3.39298E-035
  1.49600E+004   4.68207E-033   4.64929E-033   3.27766E-035
  1.51400E+004   4.43867E-033   4.40705E-033   3.16120E-035
  1.53100E+004   4.22125E-033   4.19069E-033   3.05624E-035
  1.54900E+004   4.00659E-033   3.97709E-033   2.95013E-035
  1.56700E+004   3.80504E-033   3.77655E-033   2.84889E-035
  1.58500E+004   3.61567E-033   3.58815E-033   2.75224E-035
  1.60300E+004   3.43755E-033   3.41095E-033   2.65993E-035
  1.62200E+004   3.25879E-033   3.23312E-033   2.56693E-035
  1.64100E+004   3.09311E-033   3.06833E-033   2.47823E-035
  1.66000E+004   2.93771E-033   2.91378E-033   2.39358E-035
  1.67900E+004   2.79266E-033   2.76953E-033   2.31276E-035
  1.69800E+004   2.65510E-033   2.63274E-033   2.23554E-035
  1.71800E+004   2.51911E-033   2.49753E-033   2.15793E-035
  1.73800E+004   2.39236E-033   2.37152E-033   2.08389E-035
  1.75800E+004   2.27202E-033   2.25189E-033   2.01321E-035
  1.77800E+004   2.15926E-033   2.13980E-033   1.94569E-035
  1.79900E+004   2.04895E-033   2.03017E-033   1.87802E-035
  1.82000E+004   1.94543E-033   1.92729E-033   1.81346E-035
  1.84100E+004   1.84820E-033   1.83068E-033   1.75183E-035
  1.86200E+004   1.75682E-033   1.73989E-033   1.69297E-035
  1.88400E+004   1.66572E-033   1.64937E-033   1.63410E-035
  1.90600E+004   1.58131E-033   1.56553E-033   1.57794E-035
  1.92800E+004   1.50213E-033   1.48689E-033   1.52434E-035
  1.95000E+004   1.42760E-033   1.41286E-033   1.47313E-035
  1.97200E+004   1.35752E-033   1.34328E-033   1.42420E-035
  1.99500E+004   1.28925E-033   1.27550E-033   1.37534E-035
  2.01800E+004   1.22375E-033   1.21047E-033   1.32870E-035
  2.04200E+004   1.16098E-033   1.14816E-033   1.28225E-035
  2.06500E+004   1.10392E-033   1.09153E-033   1.23975E-035
  2.08900E+004   1.04846E-033   1.03649E-033   1.19739E-035
  2.11400E+004   9.94290E-034   9.82737E-034   1.15529E-035
  2.13800E+004   9.45407E-034   9.34240E-034   1.11672E-035
  2.16300E+004   8.96961E-034   8.86178E-034   1.07834E-035
  2.18800E+004   8.51639E-034   8.41222E-034   1.04171E-035
  2.21300E+004   8.09443E-034   7.99376E-034   1.00672E-035
  2.23900E+004   7.68603E-034   7.58883E-034   9.71981E-036
  2.26500E+004   7.29903E-034   7.20515E-034   9.38821E-036
  2.29100E+004   6.93054E-034   6.83982E-034   9.07156E-036
  2.31700E+004   6.58851E-034   6.50082E-034   8.76901E-036
  2.34400E+004   6.25820E-034   6.17351E-034   8.46892E-036
  2.37100E+004   5.94453E-034   5.86271E-034   8.18238E-036
  2.39900E+004   5.63919E-034   5.56020E-034   7.89875E-036
  2.42700E+004   5.35202E-034   5.27574E-034   7.62809E-036
  2.45500E+004   5.08568E-034   5.01198E-034   7.36968E-036
  2.48300E+004   4.83254E-034   4.76131E-034   7.12282E-036
  2.51200E+004   4.58888E-034   4.52009E-034   6.87865E-036
  2.54100E+004   4.35990E-034   4.29345E-034   6.64553E-036
  2.57000E+004   4.14203E-034   4.07781E-034   6.42284E-036
  2.60000E+004   3.93294E-034   3.87091E-034   6.20283E-036
  2.63000E+004   3.73651E-034   3.67658E-034   5.99277E-036
  2.66100E+004   3.54356E-034   3.48571E-034   5.78557E-036
  2.69200E+004   3.36471E-034   3.30883E-034   5.58782E-036
  2.72300E+004   3.19668E-034   3.14269E-034   5.39899E-036
  2.75400E+004   3.03855E-034   2.98636E-034   5.21858E-036
  2.78600E+004   2.88527E-034   2.83486E-034   5.04070E-036
  2.81800E+004   2.74285E-034   2.69414E-034   4.87082E-036
  2.85100E+004   2.60168E-034   2.55465E-034   4.70354E-036
  2.88400E+004   2.47221E-034   2.42677E-034   4.54384E-036
  2.91700E+004   2.34897E-034   2.30506E-034   4.39129E-036
  2.95100E+004   2.22973E-034   2.18732E-034   4.24119E-036
  2.98500E+004   2.12032E-034   2.07934E-034   4.09786E-036
  3.02000E+004   1.99313E-034   1.95356E-034   3.95699E-036
  3.05500E+004   1.77985E-034   1.74162E-034   3.82251E-036
  3.09000E+004   1.49478E-034   1.45784E-034   3.69406E-036
  3.12600E+004   1.21102E-034   1.17534E-034   3.56788E-036
  3.16200E+004   9.76482E-035   9.42008E-035   3.44739E-036
  3.19900E+004   7.92995E-035   7.59703E-035   3.32914E-036
  3.23600E+004   6.55809E-035   6.23647E-035   3.21624E-036
  3.27300E+004   5.52092E-035   5.21008E-035   3.10839E-036
  3.31100E+004   4.71000E-035   4.40974E-035   3.00260E-036
  3.35000E+004   4.06531E-035   3.77542E-035   2.89896E-036
  3.38800E+004   3.56521E-035   3.28496E-035   2.80251E-036
  3.42800E+004   3.14261E-035   2.87205E-035   2.70556E-036
  3.46700E+004   2.80356E-035   2.54203E-035   2.61530E-036
  3.50800E+004   2.50984E-035   2.25737E-035   2.52469E-036
  3.54800E+004   2.26740E-035   2.02337E-035   2.44028E-036
  3.58900E+004   2.05766E-035   1.82190E-035   2.35762E-036
  3.63100E+004   1.87182E-035   1.64414E-035   2.27678E-036
  3.67300E+004   1.71134E-035   1.49138E-035   2.19959E-036
  3.71500E+004   1.57247E-035   1.35989E-035   2.12585E-036
  3.75800E+004   1.44635E-035   1.24097E-035   2.05374E-036
  3.80200E+004   1.33263E-035   1.13431E-035   1.98329E-036
  3.84600E+004   1.23286E-035   1.04125E-035   1.91602E-036
  3.89000E+004   1.14326E-035   9.58086E-036   1.85177E-036
  3.93600E+004   1.05957E-035   8.80809E-036   1.78763E-036
  3.98100E+004   9.85738E-036   8.12966E-036   1.72772E-036
