# aeff[um]=   0.00501  comp=ad_s2  Teq[K]=  19.06974 (calc_Teq output)
# block 1 (GD): N=250   blocks 2-4 (MC fixed/2pass/buffered): N=600
# === GD block: T[K]   P(T_i)   dP/dlnT
  1.00000E+000   1.41596E-018   8.80734E-017
  1.03268E+000   0.00000E+000   0.00000E+000
  1.06642E+000   0.00000E+000   0.00000E+000
  1.10127E+000   0.00000E+000   0.00000E+000
  1.13725E+000   0.00000E+000   0.00000E+000
  1.17442E+000   0.00000E+000   0.00000E+000
  1.21279E+000   0.00000E+000   0.00000E+000
  1.25242E+000   0.00000E+000   0.00000E+000
  1.29335E+000   0.00000E+000   0.00000E+000
  1.33561E+000   0.00000E+000   0.00000E+000
  1.37925E+000   0.00000E+000   0.00000E+000
  1.42432E+000   0.00000E+000   0.00000E+000
  1.47086E+000   0.00000E+000   0.00000E+000
  1.51893E+000   0.00000E+000   0.00000E+000
  1.56856E+000   0.00000E+000   0.00000E+000
  1.61981E+000   0.00000E+000   0.00000E+000
  1.67274E+000   0.00000E+000   0.00000E+000
  1.72740E+000   0.00000E+000   0.00000E+000
  1.78385E+000   0.00000E+000   0.00000E+000
  1.84214E+000   0.00000E+000   0.00000E+000
  1.90233E+000   0.00000E+000   0.00000E+000
  1.96450E+000   0.00000E+000   0.00000E+000
  2.02869E+000   0.00000E+000   0.00000E+000
  2.09498E+000   0.00000E+000   0.00000E+000
  2.16344E+000   0.00000E+000   0.00000E+000
  2.23413E+000   0.00000E+000   0.00000E+000
  2.30713E+000   0.00000E+000   0.00000E+000
  2.38252E+000   0.00000E+000   0.00000E+000
  2.46038E+000   1.24395E-016   3.86870E-015
  2.54077E+000   2.78370E-015   8.65739E-014
  2.62380E+000   3.66924E-014   1.14114E-012
  2.70953E+000   3.48593E-013   1.08413E-011
  2.79807E+000   2.61582E-012   8.13526E-011
  2.88950E+000   1.63288E-011   5.07829E-010
  2.98392E+000   8.76375E-011   2.72555E-009
  3.08143E+000   4.13660E-010   1.28649E-008
  3.18212E+000   1.74541E-009   5.42828E-008
  3.28610E+000   6.66429E-009   2.07261E-007
  3.39348E+000   2.32454E-008   7.22939E-007
  3.50437E+000   7.46362E-008   2.32121E-006
  3.61888E+000   2.21961E-007   6.90303E-006
  3.73713E+000   6.14558E-007   1.91129E-005
  3.85925E+000   1.59121E-006   4.94871E-005
  3.98535E+000   3.86759E-006   1.20283E-004
  4.11558E+000   8.85476E-006   2.75385E-004
  4.25006E+000   1.91555E-005   5.95741E-004
  4.38894E+000   3.92707E-005   1.22133E-003
  4.53236E+000   7.64971E-005   2.37908E-003
  4.68046E+000   1.41947E-004   4.41457E-003
  4.83340E+000   2.51503E-004   7.82181E-003
  4.99134E+000   4.26473E-004   1.32634E-002
  5.15444E+000   6.93630E-004   2.15720E-002
  5.32287E+000   1.08447E-003   3.37272E-002
  5.49680E+000   1.63354E-003   5.08034E-002
  5.67642E+000   2.37588E-003   7.38903E-002
  5.86191E+000   3.34383E-003   1.03994E-001
  6.05345E+000   4.56377E-003   1.41934E-001
  6.25126E+000   6.05295E-003   1.88248E-001
  6.45553E+000   7.81575E-003   2.43072E-001
  6.66647E+000   9.84101E-003   3.06058E-001
  6.88431E+000   1.21011E-002   3.76347E-001
  7.10927E+000   1.45547E-002   4.52656E-001
  7.34157E+000   1.71469E-002   5.33272E-001
  7.58147E+000   1.98149E-002   6.16248E-001
  7.82921E+000   2.24893E-002   6.99424E-001
  8.08504E+000   2.50948E-002   7.80453E-001
  8.34923E+000   2.75607E-002   8.57145E-001
  8.62206E+000   2.98259E-002   9.27592E-001
  8.90380E+000   3.18329E-002   9.90012E-001
  9.19474E+000   3.35424E-002   1.04318E+000
  9.49520E+000   3.49305E-002   1.08635E+000
  9.80547E+000   3.59793E-002   1.11897E+000
  1.01259E+001   3.66826E-002   1.14084E+000
  1.04568E+001   3.70401E-002   1.15196E+000
  1.07984E+001   3.70692E-002   1.15286E+000
  1.11513E+001   3.67937E-002   1.14429E+000
  1.15157E+001   3.62358E-002   1.12694E+000
  1.18920E+001   3.54135E-002   1.10137E+000
  1.22806E+001   3.43664E-002   1.06880E+000
  1.26819E+001   3.31373E-002   1.03058E+000
  1.30963E+001   3.17621E-002   9.87809E-001
  1.35242E+001   3.02671E-002   9.41313E-001
  1.39661E+001   2.86883E-002   8.92212E-001
  1.44225E+001   2.70500E-002   8.41261E-001
  1.48938E+001   2.53710E-002   7.89043E-001
  1.53805E+001   2.36715E-002   7.36191E-001
  1.58830E+001   2.19757E-002   6.83450E-001
  1.64020E+001   2.02805E-002   6.30727E-001
  1.69380E+001   1.86107E-002   5.78798E-001
  1.74915E+001   1.69833E-002   5.28186E-001
  1.80630E+001   1.54177E-002   4.79495E-001
  1.86533E+001   1.39229E-002   4.33006E-001
  1.92628E+001   1.24976E-002   3.88677E-001
  1.98922E+001   1.11506E-002   3.46787E-001
  2.05423E+001   9.89077E-003   3.07605E-001
  2.12135E+001   8.71843E-003   2.71145E-001
  2.19067E+001   7.63471E-003   2.37441E-001
  2.26225E+001   6.64794E-003   2.06753E-001
  2.33618E+001   5.75724E-003   1.79052E-001
  2.41251E+001   4.96112E-003   1.54292E-001
  2.49135E+001   4.25262E-003   1.32258E-001
  2.57276E+001   3.63011E-003   1.12897E-001
  2.65682E+001   3.08907E-003   9.60707E-002
  2.74364E+001   2.62413E-003   8.16112E-002
  2.83329E+001   2.22907E-003   6.93245E-002
  2.92588E+001   1.89666E-003   5.89867E-002
  3.02148E+001   1.61932E-003   5.03614E-002
  3.12022E+001   1.38871E-003   4.31891E-002
  3.22217E+001   1.19731E-003   3.72368E-002
  3.32746E+001   1.03855E-003   3.22991E-002
  3.43619E+001   9.06628E-004   2.81963E-002
  3.54848E+001   7.96762E-004   2.47795E-002
  3.66443E+001   7.04783E-004   2.19189E-002
  3.78417E+001   6.27101E-004   1.95030E-002
  3.90782E+001   5.58620E-004   1.73732E-002
  4.03552E+001   4.97300E-004   1.54662E-002
  4.16739E+001   4.41173E-004   1.37206E-002
  4.30356E+001   3.85299E-004   1.19829E-002
  4.44419E+001   3.22404E-004   1.00268E-002
  4.58941E+001   2.46411E-004   7.66344E-003
  4.73938E+001   1.66851E-004   5.18911E-003
  4.89424E+001   9.29233E-005   2.88994E-003
  5.05417E+001   3.72286E-005   1.15782E-003
  5.21932E+001   3.08683E-006   9.60012E-005
  5.38987E+001   1.02214E-006   3.17887E-005
  5.56599E+001   4.58655E-007   1.42643E-005
  5.74787E+001   1.98925E-007   6.18661E-006
  5.93569E+001   7.13049E-008   2.21760E-006
  6.12965E+001   1.53236E-008   4.76567E-007
  6.32995E+001   1.69192E-009   5.26191E-008
  6.53679E+001   1.07806E-010   3.35279E-009
  6.75039E+001   2.82910E-011   8.79856E-010
  6.97097E+001   3.17943E-012   9.88809E-011
  7.19876E+001   8.70420E-014   2.70703E-012
  7.43399E+001   4.90780E-015   1.52634E-013
  7.67691E+001   1.70415E-016   5.29995E-015
  7.92776E+001   3.70608E-018   1.15260E-016
  8.18681E+001   1.35327E-019   4.20869E-018
  8.45433E+001   1.82480E-022   5.67519E-021
  8.73059E+001   6.36375E-024   1.97914E-022
  9.01588E+001   7.61809E-027   2.36924E-025
  9.31048E+001   1.76909E-028   5.50192E-027
  9.61472E+001   1.43775E-031   4.47143E-030
  9.92890E+001   1.79147E-036   5.57152E-035
  1.02533E+002   3.67605E-041   1.14326E-039
  1.05884E+002   1.09494E-045   3.40528E-044
  1.09344E+002   3.85500E-050   1.19891E-048
  1.12917E+002   1.36361E-054   4.24085E-053
  1.16606E+002   4.65295E-059   1.44708E-057
  1.20417E+002   1.29960E-063   4.04178E-062
  1.24352E+002   2.58695E-068   8.04548E-067
  1.28415E+002   3.62240E-073   1.12658E-071
  1.32611E+002   0.00000E+000   0.00000E+000
  1.36944E+002   0.00000E+000   0.00000E+000
  1.41419E+002   0.00000E+000   0.00000E+000
  1.46040E+002   0.00000E+000   0.00000E+000
  1.50813E+002   0.00000E+000   0.00000E+000
  1.55741E+002   0.00000E+000   0.00000E+000
  1.60830E+002   0.00000E+000   0.00000E+000
  1.66085E+002   0.00000E+000   0.00000E+000
  1.71512E+002   0.00000E+000   0.00000E+000
  1.77117E+002   0.00000E+000   0.00000E+000
  1.82904E+002   0.00000E+000   0.00000E+000
  1.88881E+002   0.00000E+000   0.00000E+000
  1.95053E+002   0.00000E+000   0.00000E+000
  2.01426E+002   0.00000E+000   0.00000E+000
  2.08008E+002   0.00000E+000   0.00000E+000
  2.14805E+002   0.00000E+000   0.00000E+000
  2.21825E+002   0.00000E+000   0.00000E+000
  2.29073E+002   0.00000E+000   0.00000E+000
  2.36558E+002   0.00000E+000   0.00000E+000
  2.44288E+002   0.00000E+000   0.00000E+000
  2.52271E+002   0.00000E+000   0.00000E+000
  2.60514E+002   0.00000E+000   0.00000E+000
  2.69027E+002   0.00000E+000   0.00000E+000
  2.77818E+002   0.00000E+000   0.00000E+000
  2.86896E+002   0.00000E+000   0.00000E+000
  2.96271E+002   0.00000E+000   0.00000E+000
  3.05952E+002   0.00000E+000   0.00000E+000
  3.15949E+002   0.00000E+000   0.00000E+000
  3.26273E+002   0.00000E+000   0.00000E+000
  3.36935E+002   0.00000E+000   0.00000E+000
  3.47945E+002   0.00000E+000   0.00000E+000
  3.59314E+002   0.00000E+000   0.00000E+000
  3.71056E+002   0.00000E+000   0.00000E+000
  3.83180E+002   0.00000E+000   0.00000E+000
  3.95701E+002   0.00000E+000   0.00000E+000
  4.08632E+002   0.00000E+000   0.00000E+000
  4.21984E+002   0.00000E+000   0.00000E+000
  4.35773E+002   0.00000E+000   0.00000E+000
  4.50013E+002   0.00000E+000   0.00000E+000
  4.64718E+002   0.00000E+000   0.00000E+000
  4.79903E+002   0.00000E+000   0.00000E+000
  4.95585E+002   0.00000E+000   0.00000E+000
  5.11779E+002   0.00000E+000   0.00000E+000
  5.28502E+002   0.00000E+000   0.00000E+000
  5.45772E+002   0.00000E+000   0.00000E+000
  5.63606E+002   0.00000E+000   0.00000E+000
  5.82023E+002   0.00000E+000   0.00000E+000
  6.01041E+002   0.00000E+000   0.00000E+000
  6.20681E+002   0.00000E+000   0.00000E+000
  6.40963E+002   0.00000E+000   0.00000E+000
  6.61907E+002   0.00000E+000   0.00000E+000
  6.83536E+002   0.00000E+000   0.00000E+000
  7.05872E+002   0.00000E+000   0.00000E+000
  7.28937E+002   0.00000E+000   0.00000E+000
  7.52757E+002   0.00000E+000   0.00000E+000
  7.77354E+002   0.00000E+000   0.00000E+000
  8.02755E+002   0.00000E+000   0.00000E+000
  8.28987E+002   0.00000E+000   0.00000E+000
  8.56075E+002   0.00000E+000   0.00000E+000
  8.84049E+002   0.00000E+000   0.00000E+000
  9.12937E+002   0.00000E+000   0.00000E+000
  9.42768E+002   0.00000E+000   0.00000E+000
  9.73575E+002   0.00000E+000   0.00000E+000
  1.00539E+003   0.00000E+000   0.00000E+000
  1.03824E+003   0.00000E+000   0.00000E+000
  1.07217E+003   0.00000E+000   0.00000E+000
  1.10720E+003   0.00000E+000   0.00000E+000
  1.14338E+003   0.00000E+000   0.00000E+000
  1.18074E+003   0.00000E+000   0.00000E+000
  1.21933E+003   0.00000E+000   0.00000E+000
  1.25917E+003   0.00000E+000   0.00000E+000
  1.30031E+003   0.00000E+000   0.00000E+000
  1.34280E+003   0.00000E+000   0.00000E+000
  1.38668E+003   0.00000E+000   0.00000E+000
  1.43199E+003   0.00000E+000   0.00000E+000
  1.47879E+003   0.00000E+000   0.00000E+000
  1.52711E+003   0.00000E+000   0.00000E+000
  1.57701E+003   0.00000E+000   0.00000E+000
  1.62854E+003   0.00000E+000   0.00000E+000
  1.68176E+003   0.00000E+000   0.00000E+000
  1.73671E+003   0.00000E+000   0.00000E+000
  1.79346E+003   0.00000E+000   0.00000E+000
  1.85206E+003   0.00000E+000   0.00000E+000
  1.91258E+003   0.00000E+000   0.00000E+000
  1.97508E+003   0.00000E+000   0.00000E+000
  2.03962E+003   0.00000E+000   0.00000E+000
  2.10627E+003   0.00000E+000   0.00000E+000
  2.17509E+003   0.00000E+000   0.00000E+000
  2.24617E+003   0.00000E+000   0.00000E+000
  2.31956E+003   0.00000E+000   0.00000E+000
  2.39536E+003   0.00000E+000   0.00000E+000
  2.47363E+003   0.00000E+000   0.00000E+000
  2.55446E+003   0.00000E+000   0.00000E+000
  2.63793E+003   0.00000E+000   0.00000E+000
  2.72413E+003   0.00000E+000   0.00000E+000
  2.81315E+003   0.00000E+000   0.00000E+000
  2.90507E+003   0.00000E+000   0.00000E+000
  3.00000E+003   0.00000E+000   0.00000E+000
# === MC fixed-grid block: T_mid[K]   dP/dT [1/K]   dP/dlnT
  2.01308E+000   0.00000E+000   0.00000E+000
  2.03951E+000   0.00000E+000   0.00000E+000
  2.06627E+000   0.00000E+000   0.00000E+000
  2.09340E+000   0.00000E+000   0.00000E+000
  2.12087E+000   0.00000E+000   0.00000E+000
  2.14871E+000   0.00000E+000   0.00000E+000
  2.17691E+000   0.00000E+000   0.00000E+000
  2.20549E+000   0.00000E+000   0.00000E+000
  2.23443E+000   0.00000E+000   0.00000E+000
  2.26376E+000   0.00000E+000   0.00000E+000
  2.29347E+000   0.00000E+000   0.00000E+000
  2.32358E+000   0.00000E+000   0.00000E+000
  2.35408E+000   0.00000E+000   0.00000E+000
  2.38497E+000   0.00000E+000   0.00000E+000
  2.41628E+000   0.00000E+000   0.00000E+000
  2.44799E+000   0.00000E+000   0.00000E+000
  2.48012E+000   0.00000E+000   0.00000E+000
  2.51268E+000   0.00000E+000   0.00000E+000
  2.54566E+000   0.00000E+000   0.00000E+000
  2.57907E+000   0.00000E+000   0.00000E+000
  2.61292E+000   0.00000E+000   0.00000E+000
  2.64722E+000   0.00000E+000   0.00000E+000
  2.68196E+000   0.00000E+000   0.00000E+000
  2.71716E+000   3.63385E-007   9.87384E-007
  2.75283E+000   7.17354E-007   1.97477E-006
  2.78896E+000   7.08061E-007   1.97477E-006
  2.82557E+000   6.98887E-007   1.97477E-006
  2.86265E+000   1.14005E-006   3.26359E-006
  2.90023E+000   7.84833E-007   2.27621E-006
  2.93829E+000   7.74665E-007   2.27621E-006
  2.97686E+000   7.64629E-007   2.27621E-006
  3.01593E+000   8.70583E-007   2.62564E-006
  3.05552E+000   1.28896E-006   3.93846E-006
  3.09562E+000   8.48172E-007   2.62564E-006
  3.13626E+000   9.01917E-007   2.82866E-006
  3.17742E+000   9.54128E-007   3.03169E-006
  3.21913E+000   1.41265E-006   4.54753E-006
  3.26138E+000   9.29566E-007   3.03169E-006
  3.30419E+000   1.06078E-006   3.50503E-006
  3.34755E+000   1.04703E-006   3.50503E-006
  3.39149E+000   1.55021E-006   5.25755E-006
  3.43601E+000   1.10071E-006   3.78208E-006
  3.48111E+000   1.16604E-006   4.05913E-006
  3.52680E+000   1.15093E-006   4.05913E-006
  3.57309E+000   1.70403E-006   6.08869E-006
  3.61999E+000   1.30146E-006   4.71130E-006
  3.66750E+000   1.28460E-006   4.71130E-006
  3.71564E+000   1.90193E-006   7.06695E-006
  3.76441E+000   1.35421E-006   5.09784E-006
  3.81382E+000   1.43802E-006   5.48437E-006
  3.86388E+000   1.41939E-006   5.48437E-006
  3.91459E+000   2.10150E-006   8.22656E-006
  3.96597E+000   1.40949E-006   5.59004E-006
  4.01803E+000   1.85497E-006   7.45339E-006
  4.07077E+000   4.57736E-007   1.86335E-006
  4.12420E+000   0.00000E+000   0.00000E+000
  4.17833E+000   0.00000E+000   0.00000E+000
  4.23317E+000   0.00000E+000   0.00000E+000
  4.28873E+000   0.00000E+000   0.00000E+000
  4.34503E+000   0.00000E+000   0.00000E+000
  4.40206E+000   0.00000E+000   0.00000E+000
  4.45984E+000   0.00000E+000   0.00000E+000
  4.51837E+000   0.00000E+000   0.00000E+000
  4.57768E+000   0.00000E+000   0.00000E+000
  4.63776E+000   0.00000E+000   0.00000E+000
  4.69864E+000   0.00000E+000   0.00000E+000
  4.76031E+000   0.00000E+000   0.00000E+000
  4.82279E+000   0.00000E+000   0.00000E+000
  4.88609E+000   0.00000E+000   0.00000E+000
  4.95022E+000   0.00000E+000   0.00000E+000
  5.01520E+000   0.00000E+000   0.00000E+000
  5.08102E+000   0.00000E+000   0.00000E+000
  5.14771E+000   0.00000E+000   0.00000E+000
  5.21528E+000   0.00000E+000   0.00000E+000
  5.28373E+000   0.00000E+000   0.00000E+000
  5.35308E+000   0.00000E+000   0.00000E+000
  5.42335E+000   0.00000E+000   0.00000E+000
  5.49453E+000   0.00000E+000   0.00000E+000
  5.56665E+000   0.00000E+000   0.00000E+000
  5.63971E+000   0.00000E+000   0.00000E+000
  5.71374E+000   0.00000E+000   0.00000E+000
  5.78873E+000   0.00000E+000   0.00000E+000
  5.86471E+000   0.00000E+000   0.00000E+000
  5.94169E+000   0.00000E+000   0.00000E+000
  6.01968E+000   0.00000E+000   0.00000E+000
  6.09869E+000   0.00000E+000   0.00000E+000
  6.17874E+000   0.00000E+000   0.00000E+000
  6.25984E+000   1.66409E-005   1.04170E-004
  6.34200E+000   2.99592E-003   1.90003E-002
  6.42524E+000   7.45293E-003   4.78872E-002
  6.50957E+000   1.20798E-002   7.86347E-002
  6.59502E+000   1.80704E-002   1.19176E-001
  6.68158E+000   2.40713E-002   1.60836E-001
  6.76928E+000   3.02477E-002   2.04756E-001
  6.85813E+000   3.63500E-002   2.49295E-001
  6.94814E+000   4.25175E-002   2.95420E-001
  7.03934E+000   4.86326E-002   3.42344E-001
  7.13174E+000   5.42794E-002   3.87109E-001
  7.22534E+000   6.02096E-002   4.35038E-001
  7.32018E+000   6.55949E-002   4.80170E-001
  7.41626E+000   7.13759E-002   5.29346E-001
  7.51360E+000   7.63967E-002   5.74019E-001
  7.61222E+000   8.11220E-002   6.17523E-001
  7.71214E+000   8.57148E-002   6.61049E-001
  7.81336E+000   9.00879E-002   7.03894E-001
  7.91591E+000   9.42477E-002   7.46062E-001
  8.01981E+000   9.82540E-002   7.87985E-001
  8.12508E+000   1.01598E-001   8.25494E-001
  8.23172E+000   1.04508E-001   8.60284E-001
  8.33977E+000   1.07545E-001   8.96904E-001
  8.44923E+000   1.10106E-001   9.30319E-001
  8.56013E+000   1.12356E-001   9.61791E-001
  8.67249E+000   1.14543E-001   9.93380E-001
  8.78632E+000   1.16208E-001   1.02105E+000
  8.90164E+000   1.17764E-001   1.04830E+000
  9.01848E+000   1.19071E-001   1.07385E+000
  9.13685E+000   1.19924E-001   1.09574E+000
  9.25678E+000   1.20470E-001   1.11517E+000
  9.37828E+000   1.20830E-001   1.13318E+000
  9.50137E+000   1.21095E-001   1.15058E+000
  9.62608E+000   1.20868E-001   1.16350E+000
  9.75243E+000   1.20502E-001   1.17520E+000
  9.88044E+000   1.19953E-001   1.18519E+000
  1.00101E+001   1.19211E-001   1.19332E+000
  1.01415E+001   1.18181E-001   1.19854E+000
  1.02746E+001   1.17020E-001   1.20235E+000
  1.04095E+001   1.15645E-001   1.20381E+000
  1.05461E+001   1.14245E-001   1.20485E+000
  1.06845E+001   1.12686E-001   1.20400E+000
  1.08248E+001   1.10973E-001   1.20126E+000
  1.09669E+001   1.09181E-001   1.19738E+000
  1.11108E+001   1.07256E-001   1.19171E+000
  1.12566E+001   1.05209E-001   1.18430E+000
  1.14044E+001   1.03134E-001   1.17619E+000
  1.15541E+001   1.00952E-001   1.16642E+000
  1.17057E+001   9.87355E-002   1.15578E+000
  1.18594E+001   9.64574E-002   1.14393E+000
  1.20150E+001   9.41174E-002   1.13083E+000
  1.21727E+001   9.17590E-002   1.11696E+000
  1.23325E+001   8.94383E-002   1.10301E+000
  1.24944E+001   8.70113E-002   1.08716E+000
  1.26584E+001   8.46009E-002   1.07092E+000
  1.28245E+001   8.21837E-002   1.05397E+000
  1.29928E+001   7.98409E-002   1.03737E+000
  1.31634E+001   7.73782E-002   1.01856E+000
  1.33361E+001   7.49560E-002   9.99631E-001
  1.35112E+001   7.26061E-002   9.81002E-001
  1.36885E+001   7.02730E-002   9.61941E-001
  1.38682E+001   6.78774E-002   9.41344E-001
  1.40502E+001   6.56335E-002   9.22172E-001
  1.42346E+001   6.33016E-002   9.01082E-001
  1.44215E+001   6.10707E-002   8.80737E-001
  1.46108E+001   5.87494E-002   8.58380E-001
  1.48025E+001   5.65462E-002   8.37033E-001
  1.49968E+001   5.43259E-002   8.14721E-001
  1.51937E+001   5.22091E-002   7.93253E-001
  1.53931E+001   5.00805E-002   7.70900E-001
  1.55951E+001   4.80038E-002   7.48631E-001
  1.57998E+001   4.59798E-002   7.26479E-001
  1.60072E+001   4.39897E-002   7.04158E-001
  1.62173E+001   4.20288E-002   6.81598E-001
  1.64302E+001   4.01082E-002   6.58990E-001
  1.66458E+001   3.82422E-002   6.36577E-001
  1.68643E+001   3.64497E-002   6.14703E-001
  1.70857E+001   3.46664E-002   5.92302E-001
  1.73099E+001   3.29487E-002   5.70344E-001
  1.75371E+001   3.12992E-002   5.48903E-001
  1.77673E+001   2.97026E-002   5.27740E-001
  1.80005E+001   2.81622E-002   5.06938E-001
  1.82368E+001   2.66707E-002   4.86391E-001
  1.84761E+001   2.52450E-002   4.66434E-001
  1.87186E+001   2.38820E-002   4.47041E-001
  1.89643E+001   2.25649E-002   4.27932E-001
  1.92133E+001   2.12897E-002   4.09047E-001
  1.94654E+001   2.00729E-002   3.90731E-001
  1.97209E+001   1.89179E-002   3.73081E-001
  1.99798E+001   1.77979E-002   3.55601E-001
  2.02420E+001   1.67179E-002   3.38406E-001
  2.05077E+001   1.56972E-002   3.21916E-001
  2.07769E+001   1.47221E-002   3.05882E-001
  2.10496E+001   1.37924E-002   2.90327E-001
  2.13259E+001   1.28880E-002   2.74850E-001
  2.16058E+001   1.20534E-002   2.60425E-001
  2.18894E+001   1.12498E-002   2.46252E-001
  2.21767E+001   1.04880E-002   2.32591E-001
  2.24678E+001   9.76283E-003   2.19350E-001
  2.27627E+001   9.09469E-003   2.07021E-001
  2.30614E+001   8.46725E-003   1.95268E-001
  2.33641E+001   7.86248E-003   1.83701E-001
  2.36708E+001   7.29910E-003   1.72777E-001
  2.39815E+001   6.77784E-003   1.62544E-001
  2.42962E+001   6.28578E-003   1.52722E-001
  2.46151E+001   5.81718E-003   1.43192E-001
  2.49382E+001   5.38697E-003   1.34343E-001
  2.52656E+001   4.98710E-003   1.26003E-001
  2.55972E+001   4.61688E-003   1.18180E-001
  2.59332E+001   4.26291E-003   1.10552E-001
  2.62735E+001   3.94004E-003   1.03519E-001
  2.66184E+001   3.64340E-003   9.69821E-002
  2.69678E+001   3.36723E-003   9.08073E-002
  2.73217E+001   3.10566E-003   8.48526E-002
  2.76803E+001   2.87057E-003   7.94588E-002
  2.80437E+001   2.65208E-003   7.43746E-002
  2.84117E+001   2.44959E-003   6.95975E-002
  2.87847E+001   2.26226E-003   6.51188E-002
  2.91625E+001   2.09386E-003   6.10625E-002
  2.95453E+001   1.93979E-003   5.73119E-002
  2.99330E+001   1.79501E-003   5.37306E-002
  3.03259E+001   1.66363E-003   5.04516E-002
  3.07240E+001   1.54556E-003   4.74860E-002
  3.11272E+001   1.43546E-003   4.46821E-002
  3.15358E+001   1.33409E-003   4.20720E-002
  3.19497E+001   1.23924E-003   3.95937E-002
  3.23691E+001   1.15556E-003   3.74046E-002
  3.27939E+001   1.07755E-003   3.53375E-002
  3.32244E+001   1.00466E-003   3.33794E-002
  3.36605E+001   9.38315E-004   3.15843E-002
  3.41023E+001   8.78251E-004   2.99506E-002
  3.45499E+001   8.23260E-004   2.84437E-002
  3.50034E+001   7.70739E-004   2.69786E-002
  3.54628E+001   7.23030E-004   2.56409E-002
  3.59283E+001   6.79912E-004   2.44282E-002
  3.63998E+001   6.40406E-004   2.33108E-002
  3.68776E+001   6.01974E-004   2.21995E-002
  3.73616E+001   5.66945E-004   2.11822E-002
  3.78520E+001   5.34357E-004   2.02266E-002
  3.83489E+001   5.03816E-004   1.93209E-002
  3.88522E+001   4.73471E-004   1.83955E-002
  3.93622E+001   4.45679E-004   1.75430E-002
  3.98788E+001   4.20194E-004   1.67570E-002
  4.04022E+001   3.95218E-004   1.59678E-002
  4.09325E+001   3.70443E-004   1.51633E-002
  4.14698E+001   3.46945E-004   1.43878E-002
  4.20141E+001   3.24522E-004   1.36346E-002
  4.25655E+001   3.01310E-004   1.28255E-002
  4.31242E+001   2.77199E-004   1.19541E-002
  4.36903E+001   2.52515E-004   1.10325E-002
  4.42637E+001   2.26799E-004   1.00391E-002
  4.48447E+001   1.99823E-004   8.96108E-003
  4.54333E+001   1.72558E-004   7.83996E-003
  4.60296E+001   1.46480E-004   6.74246E-003
  4.66338E+001   1.21045E-004   5.64484E-003
  4.72459E+001   9.67895E-005   4.57294E-003
  4.78660E+001   7.46194E-005   3.57176E-003
  4.84943E+001   5.43508E-005   2.63572E-003
  4.91308E+001   3.72697E-005   1.83110E-003
  4.97757E+001   2.33273E-005   1.16114E-003
  5.04290E+001   1.22604E-005   6.18283E-004
  5.10909E+001   4.07990E-006   2.08447E-004
  5.17615E+001   1.59217E-006   8.24135E-005
  5.24409E+001   9.47503E-007   4.96883E-005
  5.31292E+001   6.33456E-007   3.36553E-005
  5.38265E+001   4.41205E-007   2.37487E-005
  5.45330E+001   3.07388E-007   1.67629E-005
  5.52488E+001   2.13220E-007   1.17802E-005
  5.59740E+001   1.53174E-007   8.57384E-006
  5.67087E+001   1.11230E-007   6.30777E-006
  5.74530E+001   6.51908E-008   3.74544E-006
  5.82071E+001   4.29968E-008   2.50274E-006
  5.89711E+001   2.51608E-008   1.48377E-006
  5.97451E+001   1.06740E-008   6.37726E-007
  6.05293E+001   4.73745E-009   2.86757E-007
  6.13238E+001   1.48499E-009   9.10658E-008
  6.21287E+001   6.28642E-010   3.90570E-008
  6.29441E+001   0.00000E+000   0.00000E+000
  6.37703E+001   0.00000E+000   0.00000E+000
  6.46073E+001   0.00000E+000   0.00000E+000
  6.54553E+001   0.00000E+000   0.00000E+000
  6.63144E+001   0.00000E+000   0.00000E+000
  6.71849E+001   0.00000E+000   0.00000E+000
  6.80667E+001   0.00000E+000   0.00000E+000
  6.89601E+001   0.00000E+000   0.00000E+000
  6.98652E+001   0.00000E+000   0.00000E+000
  7.07822E+001   0.00000E+000   0.00000E+000
  7.17113E+001   0.00000E+000   0.00000E+000
  7.26525E+001   0.00000E+000   0.00000E+000
  7.36061E+001   0.00000E+000   0.00000E+000
  7.45723E+001   0.00000E+000   0.00000E+000
  7.55510E+001   0.00000E+000   0.00000E+000
  7.65427E+001   0.00000E+000   0.00000E+000
  7.75473E+001   0.00000E+000   0.00000E+000
  7.85652E+001   0.00000E+000   0.00000E+000
  7.95964E+001   0.00000E+000   0.00000E+000
  8.06411E+001   0.00000E+000   0.00000E+000
  8.16996E+001   0.00000E+000   0.00000E+000
  8.27719E+001   0.00000E+000   0.00000E+000
  8.38584E+001   0.00000E+000   0.00000E+000
  8.49590E+001   0.00000E+000   0.00000E+000
  8.60742E+001   0.00000E+000   0.00000E+000
  8.72039E+001   0.00000E+000   0.00000E+000
  8.83485E+001   0.00000E+000   0.00000E+000
  8.95081E+001   0.00000E+000   0.00000E+000
  9.06830E+001   0.00000E+000   0.00000E+000
  9.18732E+001   0.00000E+000   0.00000E+000
  9.30791E+001   0.00000E+000   0.00000E+000
  9.43008E+001   0.00000E+000   0.00000E+000
  9.55386E+001   0.00000E+000   0.00000E+000
  9.67925E+001   0.00000E+000   0.00000E+000
  9.80630E+001   0.00000E+000   0.00000E+000
  9.93501E+001   0.00000E+000   0.00000E+000
  1.00654E+002   0.00000E+000   0.00000E+000
  1.01975E+002   0.00000E+000   0.00000E+000
  1.03314E+002   0.00000E+000   0.00000E+000
  1.04670E+002   0.00000E+000   0.00000E+000
  1.06044E+002   0.00000E+000   0.00000E+000
  1.07435E+002   0.00000E+000   0.00000E+000
  1.08846E+002   0.00000E+000   0.00000E+000
  1.10274E+002   0.00000E+000   0.00000E+000
  1.11722E+002   0.00000E+000   0.00000E+000
  1.13188E+002   0.00000E+000   0.00000E+000
  1.14674E+002   0.00000E+000   0.00000E+000
  1.16179E+002   0.00000E+000   0.00000E+000
  1.17704E+002   0.00000E+000   0.00000E+000
  1.19249E+002   0.00000E+000   0.00000E+000
  1.20814E+002   0.00000E+000   0.00000E+000
  1.22400E+002   0.00000E+000   0.00000E+000
  1.24006E+002   0.00000E+000   0.00000E+000
  1.25634E+002   0.00000E+000   0.00000E+000
  1.27283E+002   0.00000E+000   0.00000E+000
  1.28953E+002   0.00000E+000   0.00000E+000
  1.30646E+002   0.00000E+000   0.00000E+000
  1.32361E+002   0.00000E+000   0.00000E+000
  1.34098E+002   0.00000E+000   0.00000E+000
  1.35858E+002   0.00000E+000   0.00000E+000
  1.37641E+002   0.00000E+000   0.00000E+000
  1.39448E+002   0.00000E+000   0.00000E+000
  1.41278E+002   0.00000E+000   0.00000E+000
  1.43133E+002   0.00000E+000   0.00000E+000
  1.45011E+002   0.00000E+000   0.00000E+000
  1.46915E+002   0.00000E+000   0.00000E+000
  1.48843E+002   0.00000E+000   0.00000E+000
  1.50797E+002   0.00000E+000   0.00000E+000
  1.52776E+002   0.00000E+000   0.00000E+000
  1.54781E+002   0.00000E+000   0.00000E+000
  1.56813E+002   0.00000E+000   0.00000E+000
  1.58871E+002   0.00000E+000   0.00000E+000
  1.60956E+002   0.00000E+000   0.00000E+000
  1.63069E+002   0.00000E+000   0.00000E+000
  1.65209E+002   0.00000E+000   0.00000E+000
  1.67378E+002   0.00000E+000   0.00000E+000
  1.69575E+002   0.00000E+000   0.00000E+000
  1.71800E+002   0.00000E+000   0.00000E+000
  1.74055E+002   0.00000E+000   0.00000E+000
  1.76340E+002   0.00000E+000   0.00000E+000
  1.78654E+002   0.00000E+000   0.00000E+000
  1.80999E+002   0.00000E+000   0.00000E+000
  1.83375E+002   0.00000E+000   0.00000E+000
  1.85782E+002   0.00000E+000   0.00000E+000
  1.88220E+002   0.00000E+000   0.00000E+000
  1.90691E+002   0.00000E+000   0.00000E+000
  1.93194E+002   0.00000E+000   0.00000E+000
  1.95730E+002   0.00000E+000   0.00000E+000
  1.98299E+002   0.00000E+000   0.00000E+000
  2.00901E+002   0.00000E+000   0.00000E+000
  2.03538E+002   0.00000E+000   0.00000E+000
  2.06210E+002   0.00000E+000   0.00000E+000
  2.08916E+002   0.00000E+000   0.00000E+000
  2.11659E+002   0.00000E+000   0.00000E+000
  2.14437E+002   0.00000E+000   0.00000E+000
  2.17251E+002   0.00000E+000   0.00000E+000
  2.20103E+002   0.00000E+000   0.00000E+000
  2.22992E+002   0.00000E+000   0.00000E+000
  2.25919E+002   0.00000E+000   0.00000E+000
  2.28884E+002   0.00000E+000   0.00000E+000
  2.31888E+002   0.00000E+000   0.00000E+000
  2.34932E+002   0.00000E+000   0.00000E+000
  2.38015E+002   0.00000E+000   0.00000E+000
  2.41139E+002   0.00000E+000   0.00000E+000
  2.44305E+002   0.00000E+000   0.00000E+000
  2.47511E+002   0.00000E+000   0.00000E+000
  2.50760E+002   0.00000E+000   0.00000E+000
  2.54051E+002   0.00000E+000   0.00000E+000
  2.57386E+002   0.00000E+000   0.00000E+000
  2.60764E+002   0.00000E+000   0.00000E+000
  2.64187E+002   0.00000E+000   0.00000E+000
  2.67654E+002   0.00000E+000   0.00000E+000
  2.71167E+002   0.00000E+000   0.00000E+000
  2.74727E+002   0.00000E+000   0.00000E+000
  2.78332E+002   0.00000E+000   0.00000E+000
  2.81986E+002   0.00000E+000   0.00000E+000
  2.85687E+002   0.00000E+000   0.00000E+000
  2.89437E+002   0.00000E+000   0.00000E+000
  2.93236E+002   0.00000E+000   0.00000E+000
  2.97084E+002   0.00000E+000   0.00000E+000
  3.00984E+002   0.00000E+000   0.00000E+000
  3.04934E+002   0.00000E+000   0.00000E+000
  3.08937E+002   0.00000E+000   0.00000E+000
  3.12992E+002   0.00000E+000   0.00000E+000
  3.17100E+002   0.00000E+000   0.00000E+000
  3.21262E+002   0.00000E+000   0.00000E+000
  3.25479E+002   0.00000E+000   0.00000E+000
  3.29751E+002   0.00000E+000   0.00000E+000
  3.34079E+002   0.00000E+000   0.00000E+000
  3.38464E+002   0.00000E+000   0.00000E+000
  3.42906E+002   0.00000E+000   0.00000E+000
  3.47407E+002   0.00000E+000   0.00000E+000
  3.51967E+002   0.00000E+000   0.00000E+000
  3.56587E+002   0.00000E+000   0.00000E+000
  3.61267E+002   0.00000E+000   0.00000E+000
  3.66009E+002   0.00000E+000   0.00000E+000
  3.70813E+002   0.00000E+000   0.00000E+000
  3.75680E+002   0.00000E+000   0.00000E+000
  3.80611E+002   0.00000E+000   0.00000E+000
  3.85607E+002   0.00000E+000   0.00000E+000
  3.90668E+002   0.00000E+000   0.00000E+000
  3.95796E+002   0.00000E+000   0.00000E+000
  4.00991E+002   0.00000E+000   0.00000E+000
  4.06254E+002   0.00000E+000   0.00000E+000
  4.11586E+002   0.00000E+000   0.00000E+000
  4.16988E+002   0.00000E+000   0.00000E+000
  4.22462E+002   0.00000E+000   0.00000E+000
  4.28007E+002   0.00000E+000   0.00000E+000
  4.33624E+002   0.00000E+000   0.00000E+000
  4.39316E+002   0.00000E+000   0.00000E+000
  4.45082E+002   0.00000E+000   0.00000E+000
  4.50924E+002   0.00000E+000   0.00000E+000
  4.56843E+002   0.00000E+000   0.00000E+000
  4.62839E+002   0.00000E+000   0.00000E+000
  4.68914E+002   0.00000E+000   0.00000E+000
  4.75069E+002   0.00000E+000   0.00000E+000
  4.81304E+002   0.00000E+000   0.00000E+000
  4.87622E+002   0.00000E+000   0.00000E+000
  4.94022E+002   0.00000E+000   0.00000E+000
  5.00506E+002   0.00000E+000   0.00000E+000
  5.07075E+002   0.00000E+000   0.00000E+000
  5.13731E+002   0.00000E+000   0.00000E+000
  5.20474E+002   0.00000E+000   0.00000E+000
  5.27305E+002   0.00000E+000   0.00000E+000
  5.34227E+002   0.00000E+000   0.00000E+000
  5.41239E+002   0.00000E+000   0.00000E+000
  5.48343E+002   0.00000E+000   0.00000E+000
  5.55540E+002   0.00000E+000   0.00000E+000
  5.62832E+002   0.00000E+000   0.00000E+000
  5.70219E+002   0.00000E+000   0.00000E+000
  5.77703E+002   0.00000E+000   0.00000E+000
  5.85286E+002   0.00000E+000   0.00000E+000
  5.92968E+002   0.00000E+000   0.00000E+000
  6.00751E+002   0.00000E+000   0.00000E+000
  6.08636E+002   0.00000E+000   0.00000E+000
  6.16625E+002   0.00000E+000   0.00000E+000
  6.24718E+002   0.00000E+000   0.00000E+000
  6.32918E+002   0.00000E+000   0.00000E+000
  6.41225E+002   0.00000E+000   0.00000E+000
  6.49642E+002   0.00000E+000   0.00000E+000
  6.58169E+002   0.00000E+000   0.00000E+000
  6.66807E+002   0.00000E+000   0.00000E+000
  6.75560E+002   0.00000E+000   0.00000E+000
  6.84427E+002   0.00000E+000   0.00000E+000
  6.93410E+002   0.00000E+000   0.00000E+000
  7.02511E+002   0.00000E+000   0.00000E+000
  7.11732E+002   0.00000E+000   0.00000E+000
  7.21074E+002   0.00000E+000   0.00000E+000
  7.30538E+002   0.00000E+000   0.00000E+000
  7.40127E+002   0.00000E+000   0.00000E+000
  7.49842E+002   0.00000E+000   0.00000E+000
  7.59684E+002   0.00000E+000   0.00000E+000
  7.69655E+002   0.00000E+000   0.00000E+000
  7.79757E+002   0.00000E+000   0.00000E+000
  7.89992E+002   0.00000E+000   0.00000E+000
  8.00361E+002   0.00000E+000   0.00000E+000
  8.10866E+002   0.00000E+000   0.00000E+000
  8.21509E+002   0.00000E+000   0.00000E+000
  8.32291E+002   0.00000E+000   0.00000E+000
  8.43216E+002   0.00000E+000   0.00000E+000
  8.54283E+002   0.00000E+000   0.00000E+000
  8.65496E+002   0.00000E+000   0.00000E+000
  8.76856E+002   0.00000E+000   0.00000E+000
  8.88365E+002   0.00000E+000   0.00000E+000
  9.00026E+002   0.00000E+000   0.00000E+000
  9.11839E+002   0.00000E+000   0.00000E+000
  9.23807E+002   0.00000E+000   0.00000E+000
  9.35932E+002   0.00000E+000   0.00000E+000
  9.48217E+002   0.00000E+000   0.00000E+000
  9.60663E+002   0.00000E+000   0.00000E+000
  9.73272E+002   0.00000E+000   0.00000E+000
  9.86047E+002   0.00000E+000   0.00000E+000
  9.98989E+002   0.00000E+000   0.00000E+000
  1.01210E+003   0.00000E+000   0.00000E+000
  1.02539E+003   0.00000E+000   0.00000E+000
  1.03884E+003   0.00000E+000   0.00000E+000
  1.05248E+003   0.00000E+000   0.00000E+000
  1.06629E+003   0.00000E+000   0.00000E+000
  1.08029E+003   0.00000E+000   0.00000E+000
  1.09447E+003   0.00000E+000   0.00000E+000
  1.10883E+003   0.00000E+000   0.00000E+000
  1.12339E+003   0.00000E+000   0.00000E+000
  1.13813E+003   0.00000E+000   0.00000E+000
  1.15307E+003   0.00000E+000   0.00000E+000
  1.16821E+003   0.00000E+000   0.00000E+000
  1.18354E+003   0.00000E+000   0.00000E+000
  1.19907E+003   0.00000E+000   0.00000E+000
  1.21481E+003   0.00000E+000   0.00000E+000
  1.23076E+003   0.00000E+000   0.00000E+000
  1.24691E+003   0.00000E+000   0.00000E+000
  1.26328E+003   0.00000E+000   0.00000E+000
  1.27986E+003   0.00000E+000   0.00000E+000
  1.29666E+003   0.00000E+000   0.00000E+000
  1.31368E+003   0.00000E+000   0.00000E+000
  1.33092E+003   0.00000E+000   0.00000E+000
  1.34839E+003   0.00000E+000   0.00000E+000
  1.36609E+003   0.00000E+000   0.00000E+000
  1.38402E+003   0.00000E+000   0.00000E+000
  1.40218E+003   0.00000E+000   0.00000E+000
  1.42059E+003   0.00000E+000   0.00000E+000
  1.43923E+003   0.00000E+000   0.00000E+000
  1.45812E+003   0.00000E+000   0.00000E+000
  1.47726E+003   0.00000E+000   0.00000E+000
  1.49665E+003   0.00000E+000   0.00000E+000
  1.51630E+003   0.00000E+000   0.00000E+000
  1.53620E+003   0.00000E+000   0.00000E+000
  1.55636E+003   0.00000E+000   0.00000E+000
  1.57679E+003   0.00000E+000   0.00000E+000
  1.59749E+003   0.00000E+000   0.00000E+000
  1.61845E+003   0.00000E+000   0.00000E+000
  1.63970E+003   0.00000E+000   0.00000E+000
  1.66122E+003   0.00000E+000   0.00000E+000
  1.68302E+003   0.00000E+000   0.00000E+000
  1.70511E+003   0.00000E+000   0.00000E+000
  1.72749E+003   0.00000E+000   0.00000E+000
  1.75017E+003   0.00000E+000   0.00000E+000
  1.77314E+003   0.00000E+000   0.00000E+000
  1.79641E+003   0.00000E+000   0.00000E+000
  1.81999E+003   0.00000E+000   0.00000E+000
  1.84388E+003   0.00000E+000   0.00000E+000
  1.86808E+003   0.00000E+000   0.00000E+000
  1.89260E+003   0.00000E+000   0.00000E+000
  1.91744E+003   0.00000E+000   0.00000E+000
  1.94261E+003   0.00000E+000   0.00000E+000
  1.96811E+003   0.00000E+000   0.00000E+000
  1.99394E+003   0.00000E+000   0.00000E+000
  2.02011E+003   0.00000E+000   0.00000E+000
  2.04663E+003   0.00000E+000   0.00000E+000
  2.07349E+003   0.00000E+000   0.00000E+000
  2.10070E+003   0.00000E+000   0.00000E+000
  2.12828E+003   0.00000E+000   0.00000E+000
  2.15621E+003   0.00000E+000   0.00000E+000
  2.18451E+003   0.00000E+000   0.00000E+000
  2.21319E+003   0.00000E+000   0.00000E+000
  2.24224E+003   0.00000E+000   0.00000E+000
  2.27167E+003   0.00000E+000   0.00000E+000
  2.30148E+003   0.00000E+000   0.00000E+000
  2.33169E+003   0.00000E+000   0.00000E+000
  2.36229E+003   0.00000E+000   0.00000E+000
  2.39330E+003   0.00000E+000   0.00000E+000
  2.42471E+003   0.00000E+000   0.00000E+000
  2.45654E+003   0.00000E+000   0.00000E+000
  2.48878E+003   0.00000E+000   0.00000E+000
  2.52145E+003   0.00000E+000   0.00000E+000
  2.55454E+003   0.00000E+000   0.00000E+000
  2.58807E+003   0.00000E+000   0.00000E+000
  2.62204E+003   0.00000E+000   0.00000E+000
  2.65646E+003   0.00000E+000   0.00000E+000
  2.69133E+003   0.00000E+000   0.00000E+000
  2.72665E+003   0.00000E+000   0.00000E+000
  2.76244E+003   0.00000E+000   0.00000E+000
  2.79870E+003   0.00000E+000   0.00000E+000
  2.83543E+003   0.00000E+000   0.00000E+000
  2.87265E+003   0.00000E+000   0.00000E+000
  2.91035E+003   0.00000E+000   0.00000E+000
  2.94855E+003   0.00000E+000   0.00000E+000
  2.98725E+003   0.00000E+000   0.00000E+000
  3.02646E+003   0.00000E+000   0.00000E+000
  3.06619E+003   0.00000E+000   0.00000E+000
  3.10643E+003   0.00000E+000   0.00000E+000
  3.14721E+003   0.00000E+000   0.00000E+000
  3.18851E+003   0.00000E+000   0.00000E+000
  3.23037E+003   0.00000E+000   0.00000E+000
  3.27277E+003   0.00000E+000   0.00000E+000
  3.31572E+003   0.00000E+000   0.00000E+000
  3.35924E+003   0.00000E+000   0.00000E+000
  3.40333E+003   0.00000E+000   0.00000E+000
  3.44800E+003   0.00000E+000   0.00000E+000
  3.49326E+003   0.00000E+000   0.00000E+000
  3.53911E+003   0.00000E+000   0.00000E+000
  3.58556E+003   0.00000E+000   0.00000E+000
  3.63263E+003   0.00000E+000   0.00000E+000
  3.68031E+003   0.00000E+000   0.00000E+000
  3.72861E+003   0.00000E+000   0.00000E+000
  3.77755E+003   0.00000E+000   0.00000E+000
  3.82713E+003   0.00000E+000   0.00000E+000
  3.87737E+003   0.00000E+000   0.00000E+000
  3.92826E+003   0.00000E+000   0.00000E+000
  3.97982E+003   0.00000E+000   0.00000E+000
  4.03206E+003   0.00000E+000   0.00000E+000
  4.08498E+003   0.00000E+000   0.00000E+000
  4.13860E+003   0.00000E+000   0.00000E+000
  4.19292E+003   0.00000E+000   0.00000E+000
  4.24795E+003   0.00000E+000   0.00000E+000
  4.30371E+003   0.00000E+000   0.00000E+000
  4.36020E+003   0.00000E+000   0.00000E+000
  4.41743E+003   0.00000E+000   0.00000E+000
  4.47541E+003   0.00000E+000   0.00000E+000
  4.53415E+003   0.00000E+000   0.00000E+000
  4.59366E+003   0.00000E+000   0.00000E+000
  4.65396E+003   0.00000E+000   0.00000E+000
  4.71504E+003   0.00000E+000   0.00000E+000
  4.77693E+003   0.00000E+000   0.00000E+000
  4.83963E+003   0.00000E+000   0.00000E+000
  4.90315E+003   0.00000E+000   0.00000E+000
  4.96751E+003   0.00000E+000   0.00000E+000
# === MC 2pass block (log=T, range=[  6.2975E+00,  6.2068E+01 K])
#     T_mid[K]   dP/dT [1/K]   dP/dlnT
  5.99451E+000   0.00000E+000   0.00000E+000
  6.01841E+000   0.00000E+000   0.00000E+000
  6.04242E+000   0.00000E+000   0.00000E+000
  6.06652E+000   0.00000E+000   0.00000E+000
  6.09071E+000   0.00000E+000   0.00000E+000
  6.11500E+000   0.00000E+000   0.00000E+000
  6.13939E+000   0.00000E+000   0.00000E+000
  6.16387E+000   0.00000E+000   0.00000E+000
  6.18846E+000   0.00000E+000   0.00000E+000
  6.21314E+000   0.00000E+000   0.00000E+000
  6.23792E+000   0.00000E+000   0.00000E+000
  6.26280E+000   0.00000E+000   0.00000E+000
  6.28777E+000   4.72883E-005   2.97338E-004
  6.31285E+000   1.15951E-003   7.31985E-003
  6.33803E+000   2.65334E-003   1.68169E-002
  6.36330E+000   4.47746E-003   2.84915E-002
  6.38868E+000   5.50206E-003   3.51509E-002
  6.41416E+000   6.79549E-003   4.35874E-002
  6.43974E+000   8.30484E-003   5.34811E-002
  6.46543E+000   9.79242E-003   6.33122E-002
  6.49121E+000   1.07919E-002   7.00524E-002
  6.51710E+000   1.22224E-002   7.96545E-002
  6.54309E+000   1.42270E-002   9.30888E-002
  6.56919E+000   1.63457E-002   1.07378E-001
  6.59539E+000   1.82510E-002   1.20372E-001
  6.62169E+000   1.97352E-002   1.30680E-001
  6.64810E+000   2.18340E-002   1.45155E-001
  6.67461E+000   2.32821E-002   1.55399E-001
  6.70123E+000   2.55743E-002   1.71379E-001
  6.72796E+000   2.77764E-002   1.86878E-001
  6.75479E+000   2.92844E-002   1.97810E-001
  6.78173E+000   3.09940E-002   2.10193E-001
  6.80878E+000   3.27142E-002   2.22744E-001
  6.83593E+000   3.47721E-002   2.37700E-001
  6.86320E+000   3.67802E-002   2.52430E-001
  6.89057E+000   3.84710E-002   2.65088E-001
  6.91805E+000   4.03331E-002   2.79027E-001
  6.94564E+000   4.24082E-002   2.94553E-001
  6.97334E+000   4.43972E-002   3.09597E-001
  7.00115E+000   4.61535E-002   3.23128E-001
  7.02907E+000   4.78658E-002   3.36452E-001
  7.05711E+000   4.96482E-002   3.50373E-001
  7.08525E+000   5.14008E-002   3.64188E-001
  7.11351E+000   5.37476E-002   3.82334E-001
  7.14188E+000   5.49235E-002   3.92258E-001
  7.17036E+000   5.63284E-002   4.03895E-001
  7.19896E+000   5.85847E-002   4.21749E-001
  7.22767E+000   6.02727E-002   4.35631E-001
  7.25650E+000   6.20833E-002   4.50508E-001
  7.28544E+000   6.33752E-002   4.61717E-001
  7.31449E+000   6.55408E-002   4.79398E-001
  7.34367E+000   6.71465E-002   4.93102E-001
  7.37295E+000   6.90194E-002   5.08877E-001
  7.40236E+000   7.03490E-002   5.20749E-001
  7.43188E+000   7.25952E-002   5.39519E-001
  7.46152E+000   7.35706E-002   5.48949E-001
  7.49128E+000   7.49823E-002   5.61714E-001
  7.52116E+000   7.66168E-002   5.76248E-001
  7.55115E+000   7.81657E-002   5.90241E-001
  7.58127E+000   7.97766E-002   6.04808E-001
  7.61150E+000   8.13670E-002   6.19326E-001
  7.64186E+000   8.24003E-002   6.29692E-001
  7.67234E+000   8.41673E-002   6.45760E-001
  7.70294E+000   8.50941E-002   6.55475E-001
  7.73366E+000   8.62690E-002   6.67176E-001
  7.76450E+000   8.84434E-002   6.86719E-001
  7.79547E+000   8.94746E-002   6.97497E-001
  7.82656E+000   9.01950E-002   7.05917E-001
  7.85777E+000   9.22297E-002   7.24720E-001
  7.88911E+000   9.34488E-002   7.37229E-001
  7.92057E+000   9.42002E-002   7.46120E-001
  7.95216E+000   9.55670E-002   7.59965E-001
  7.98388E+000   9.73690E-002   7.77383E-001
  8.01572E+000   9.80578E-002   7.86004E-001
  8.04769E+000   9.87849E-002   7.94991E-001
  8.07978E+000   1.00170E-001   8.09356E-001
  8.11201E+000   1.01347E-001   8.22131E-001
  8.14436E+000   1.02025E-001   8.30927E-001
  8.17684E+000   1.03168E-001   8.43591E-001
  8.20945E+000   1.03930E-001   8.53213E-001
  8.24219E+000   1.04864E-001   8.64307E-001
  8.27507E+000   1.06070E-001   8.77739E-001
  8.30807E+000   1.06363E-001   8.83670E-001
  8.34120E+000   1.07699E-001   8.98336E-001
  8.37447E+000   1.08426E-001   9.08010E-001
  8.40787E+000   1.08962E-001   9.16140E-001
  8.44140E+000   1.10236E-001   9.30548E-001
  8.47507E+000   1.10435E-001   9.35947E-001
  8.50887E+000   1.11385E-001   9.47761E-001
  8.54280E+000   1.12146E-001   9.58038E-001
  8.57687E+000   1.12966E-001   9.68894E-001
  8.61108E+000   1.13105E-001   9.73957E-001
  8.64542E+000   1.13651E-001   9.82566E-001
  8.67990E+000   1.15017E-001   9.98339E-001
  8.71452E+000   1.15211E-001   1.00401E+000
  8.74927E+000   1.15408E-001   1.00974E+000
  8.78417E+000   1.16379E-001   1.02230E+000
  8.81920E+000   1.16838E-001   1.03042E+000
  8.85438E+000   1.17275E-001   1.03840E+000
  8.88969E+000   1.17780E-001   1.04703E+000
  8.92514E+000   1.17992E-001   1.05309E+000
  8.96074E+000   1.18630E-001   1.06301E+000
  8.99648E+000   1.18319E-001   1.06445E+000
  9.03235E+000   1.19416E-001   1.07861E+000
  9.06838E+000   1.19598E-001   1.08456E+000
  9.10454E+000   1.19596E-001   1.08887E+000
  9.14086E+000   1.20037E-001   1.09725E+000
  9.17731E+000   1.20018E-001   1.10145E+000
  9.21391E+000   1.20484E-001   1.11013E+000
  9.25066E+000   1.20413E-001   1.11390E+000
  9.28755E+000   1.20384E-001   1.11808E+000
  9.32459E+000   1.20819E-001   1.12659E+000
  9.36178E+000   1.20793E-001   1.13084E+000
  9.39912E+000   1.21045E-001   1.13771E+000
  9.43661E+000   1.21056E-001   1.14236E+000
  9.47424E+000   1.20755E-001   1.14406E+000
  9.51203E+000   1.21346E-001   1.15425E+000
  9.54996E+000   1.20998E-001   1.15552E+000
  9.58805E+000   1.20591E-001   1.15623E+000
  9.62629E+000   1.21153E-001   1.16625E+000
  9.66468E+000   1.20713E-001   1.16665E+000
  9.70322E+000   1.20665E-001   1.17084E+000
  9.74192E+000   1.20673E-001   1.17559E+000
  9.78078E+000   1.20369E-001   1.17730E+000
  9.81978E+000   1.20217E-001   1.18050E+000
  9.85895E+000   1.20163E-001   1.18468E+000
  9.89827E+000   1.19820E-001   1.18601E+000
  9.93774E+000   1.19751E-001   1.19006E+000
  9.97738E+000   1.19382E-001   1.19112E+000
  1.00172E+001   1.19065E-001   1.19269E+000
  1.00571E+001   1.18774E-001   1.19453E+000
  1.00972E+001   1.18523E-001   1.19675E+000
  1.01375E+001   1.18359E-001   1.19987E+000
  1.01779E+001   1.17885E-001   1.19983E+000
  1.02185E+001   1.17414E-001   1.19980E+000
  1.02593E+001   1.17263E-001   1.20304E+000
  1.03002E+001   1.16796E-001   1.20302E+000
  1.03413E+001   1.16369E-001   1.20340E+000
  1.03825E+001   1.15917E-001   1.20351E+000
  1.04239E+001   1.15501E-001   1.20397E+000
  1.04655E+001   1.15285E-001   1.20651E+000
  1.05072E+001   1.14630E-001   1.20445E+000
  1.05491E+001   1.14175E-001   1.20445E+000
  1.05912E+001   1.13705E-001   1.20427E+000
  1.06335E+001   1.13232E-001   1.20404E+000
  1.06759E+001   1.12908E-001   1.20539E+000
  1.07184E+001   1.12242E-001   1.20306E+000
  1.07612E+001   1.11697E-001   1.20199E+000
  1.08041E+001   1.11304E-001   1.20254E+000
  1.08472E+001   1.10668E-001   1.20044E+000
  1.08905E+001   1.10070E-001   1.19872E+000
  1.09339E+001   1.09877E-001   1.20138E+000
  1.09775E+001   1.08869E-001   1.19511E+000
  1.10213E+001   1.08478E-001   1.19556E+000
  1.10652E+001   1.07975E-001   1.19477E+000
  1.11094E+001   1.07264E-001   1.19164E+000
  1.11537E+001   1.06613E-001   1.18912E+000
  1.11982E+001   1.05986E-001   1.18685E+000
  1.12428E+001   1.05499E-001   1.18611E+000
  1.12876E+001   1.04803E-001   1.18298E+000
  1.13327E+001   1.04070E-001   1.17940E+000
  1.13779E+001   1.03552E-001   1.17820E+000
  1.14232E+001   1.02972E-001   1.17628E+000
  1.14688E+001   1.01968E-001   1.16945E+000
  1.15145E+001   1.01682E-001   1.17082E+000
  1.15605E+001   1.00766E-001   1.16490E+000
  1.16066E+001   1.00251E-001   1.16357E+000
  1.16529E+001   9.94902E-002   1.15935E+000
  1.16993E+001   9.88083E-002   1.15599E+000
  1.17460E+001   9.81469E-002   1.15283E+000
  1.17928E+001   9.74981E-002   1.14978E+000
  1.18399E+001   9.67236E-002   1.14520E+000
  1.18871E+001   9.60797E-002   1.14211E+000
  1.19345E+001   9.53039E-002   1.13741E+000
  1.19821E+001   9.47016E-002   1.13472E+000
  1.20299E+001   9.39392E-002   1.13008E+000
  1.20779E+001   9.31399E-002   1.12493E+000
  1.21260E+001   9.24017E-002   1.12047E+000
  1.21744E+001   9.17504E-002   1.11701E+000
  1.22229E+001   9.09324E-002   1.11146E+000
  1.22717E+001   9.04451E-002   1.10992E+000
  1.23206E+001   8.96106E-002   1.10406E+000
  1.23698E+001   8.86850E-002   1.09701E+000
  1.24191E+001   8.83162E-002   1.09681E+000
  1.24686E+001   8.73240E-002   1.08881E+000
  1.25184E+001   8.65960E-002   1.08404E+000
  1.25683E+001   8.59986E-002   1.08086E+000
  1.26184E+001   8.51959E-002   1.07504E+000
  1.26687E+001   8.44746E-002   1.07019E+000
  1.27193E+001   8.37981E-002   1.06585E+000
  1.27700E+001   8.29855E-002   1.05973E+000
  1.28209E+001   8.22889E-002   1.05502E+000
  1.28721E+001   8.14555E-002   1.04850E+000
  1.29234E+001   8.08385E-002   1.04471E+000
  1.29749E+001   8.01053E-002   1.03936E+000
  1.30267E+001   7.91943E-002   1.03164E+000
  1.30786E+001   7.86851E-002   1.02909E+000
  1.31308E+001   7.77751E-002   1.02125E+000
  1.31832E+001   7.70203E-002   1.01537E+000
  1.32357E+001   7.64868E-002   1.01236E+000
  1.32885E+001   7.56445E-002   1.00520E+000
  1.33415E+001   7.48544E-002   9.98673E-001
  1.33947E+001   7.41589E-002   9.93339E-001
  1.34482E+001   7.35701E-002   9.89382E-001
  1.35018E+001   7.27215E-002   9.81871E-001
  1.35556E+001   7.19235E-002   9.74969E-001
  1.36097E+001   7.13044E-002   9.70432E-001
  1.36640E+001   7.06226E-002   9.64987E-001
  1.37185E+001   6.98449E-002   9.58166E-001
  1.37732E+001   6.90724E-002   9.51348E-001
  1.38281E+001   6.84984E-002   9.47205E-001
  1.38833E+001   6.76475E-002   9.39169E-001
  1.39386E+001   6.70273E-002   9.34269E-001
  1.39942E+001   6.63508E-002   9.28529E-001
  1.40500E+001   6.55717E-002   9.21285E-001
  1.41061E+001   6.49344E-002   9.15970E-001
  1.41623E+001   6.42593E-002   9.10061E-001
  1.42188E+001   6.34589E-002   9.02311E-001
  1.42755E+001   6.28501E-002   8.97218E-001
  1.43325E+001   6.21537E-002   8.90815E-001
  1.43896E+001   6.14294E-002   8.83946E-001
  1.44470E+001   6.06980E-002   8.76904E-001
  1.45046E+001   6.00346E-002   8.70780E-001
  1.45625E+001   5.94123E-002   8.65190E-001
  1.46205E+001   5.85832E-002   8.56519E-001
  1.46789E+001   5.79901E-002   8.51228E-001
  1.47374E+001   5.73037E-002   8.44508E-001
  1.47962E+001   5.65614E-002   8.36892E-001
  1.48552E+001   5.59816E-002   8.31617E-001
  1.49144E+001   5.52894E-002   8.24610E-001
  1.49739E+001   5.45236E-002   8.16433E-001
  1.50336E+001   5.39799E-002   8.11515E-001
  1.50936E+001   5.31978E-002   8.02946E-001
  1.51538E+001   5.26562E-002   7.97942E-001
  1.52142E+001   5.19805E-002   7.90843E-001
  1.52749E+001   5.13432E-002   7.84263E-001
  1.53358E+001   5.06541E-002   7.76822E-001
  1.53970E+001   5.00519E-002   7.70649E-001
  1.54584E+001   4.94586E-002   7.64551E-001
  1.55200E+001   4.87584E-002   7.56733E-001
  1.55819E+001   4.80904E-002   7.49342E-001
  1.56441E+001   4.75634E-002   7.44087E-001
  1.57065E+001   4.69657E-002   7.37666E-001
  1.57691E+001   4.62355E-002   7.29094E-001
  1.58320E+001   4.56736E-002   7.23105E-001
  1.58951E+001   4.50747E-002   7.16469E-001
  1.59585E+001   4.43863E-002   7.08341E-001
  1.60222E+001   4.38247E-002   7.02168E-001
  1.60861E+001   4.33017E-002   6.96556E-001
  1.61502E+001   4.25668E-002   6.87464E-001
  1.62147E+001   4.20734E-002   6.82205E-001
  1.62793E+001   4.14952E-002   6.75513E-001
  1.63442E+001   4.08778E-002   6.68117E-001
  1.64094E+001   4.02880E-002   6.61103E-001
  1.64749E+001   3.97494E-002   6.54867E-001
  1.65406E+001   3.91418E-002   6.47429E-001
  1.66065E+001   3.85622E-002   6.40385E-001
  1.66728E+001   3.80625E-002   6.34608E-001
  1.67393E+001   3.74649E-002   6.27136E-001
  1.68060E+001   3.68795E-002   6.19799E-001
  1.68731E+001   3.63893E-002   6.13999E-001
  1.69404E+001   3.57930E-002   6.06346E-001
  1.70079E+001   3.52416E-002   5.99386E-001
  1.70757E+001   3.47838E-002   5.93960E-001
  1.71438E+001   3.42280E-002   5.86800E-001
  1.72122E+001   3.36450E-002   5.79106E-001
  1.72809E+001   3.32077E-002   5.73859E-001
  1.73498E+001   3.26488E-002   5.66450E-001
  1.74190E+001   3.21308E-002   5.59685E-001
  1.74885E+001   3.16701E-002   5.53861E-001
  1.75582E+001   3.11646E-002   5.47195E-001
  1.76282E+001   3.06378E-002   5.40090E-001
  1.76985E+001   3.01755E-002   5.34062E-001
  1.77691E+001   2.96937E-002   5.27631E-001
  1.78400E+001   2.91862E-002   5.20681E-001
  1.79111E+001   2.87240E-002   5.14479E-001
  1.79826E+001   2.83106E-002   5.09097E-001
  1.80543E+001   2.78168E-002   5.02212E-001
  1.81263E+001   2.73262E-002   4.95323E-001
  1.81986E+001   2.69436E-002   4.90336E-001
  1.82712E+001   2.64462E-002   4.83203E-001
  1.83440E+001   2.60064E-002   4.77062E-001
  1.84172E+001   2.56037E-002   4.71549E-001
  1.84906E+001   2.52021E-002   4.66003E-001
  1.85644E+001   2.47139E-002   4.58799E-001
  1.86384E+001   2.43297E-002   4.53468E-001
  1.87128E+001   2.39091E-002   4.47406E-001
  1.87874E+001   2.35111E-002   4.41713E-001
  1.88623E+001   2.30792E-002   4.35327E-001
  1.89375E+001   2.27169E-002   4.30203E-001
  1.90131E+001   2.23024E-002   4.24037E-001
  1.90889E+001   2.18997E-002   4.18041E-001
  1.91650E+001   2.15416E-002   4.12846E-001
  1.92415E+001   2.11606E-002   4.07161E-001
  1.93182E+001   2.07607E-002   4.01060E-001
  1.93953E+001   2.04368E-002   3.96376E-001
  1.94726E+001   2.00433E-002   3.90296E-001
  1.95503E+001   1.96568E-002   3.84297E-001
  1.96282E+001   1.93540E-002   3.79885E-001
  1.97065E+001   1.89588E-002   3.73612E-001
  1.97851E+001   1.86259E-002   3.68516E-001
  1.98640E+001   1.82891E-002   3.63295E-001
  1.99432E+001   1.79549E-002   3.58080E-001
  2.00228E+001   1.76038E-002   3.52477E-001
  2.01026E+001   1.72970E-002   3.47715E-001
  2.01828E+001   1.69564E-002   3.42227E-001
  2.02633E+001   1.66338E-002   3.37056E-001
  2.03441E+001   1.63380E-002   3.32382E-001
  2.04253E+001   1.60091E-002   3.26990E-001
  2.05067E+001   1.57028E-002   3.22013E-001
  2.05885E+001   1.53895E-002   3.16846E-001
  2.06706E+001   1.51104E-002   3.12341E-001
  2.07530E+001   1.47799E-002   3.06729E-001
  2.08358E+001   1.45133E-002   3.02397E-001
  2.09189E+001   1.42347E-002   2.97774E-001
  2.10023E+001   1.39410E-002   2.92793E-001
  2.10861E+001   1.36528E-002   2.87884E-001
  2.11702E+001   1.34032E-002   2.83749E-001
  2.12546E+001   1.31304E-002   2.79083E-001
  2.13394E+001   1.28379E-002   2.73952E-001
  2.14245E+001   1.25854E-002   2.69636E-001
  2.15100E+001   1.23721E-002   2.66123E-001
  2.15957E+001   1.20638E-002   2.60527E-001
  2.16819E+001   1.18177E-002   2.56231E-001
  2.17683E+001   1.15971E-002   2.52450E-001
  2.18552E+001   1.13410E-002   2.47860E-001
  2.19423E+001   1.10876E-002   2.43289E-001
  2.20298E+001   1.08728E-002   2.39527E-001
  2.21177E+001   1.06446E-002   2.35433E-001
  2.22059E+001   1.03976E-002   2.30887E-001
  2.22945E+001   1.01910E-002   2.27203E-001
  2.23834E+001   9.98264E-003   2.23445E-001
  2.24726E+001   9.74574E-003   2.19013E-001
  2.25623E+001   9.54642E-003   2.15389E-001
  2.26523E+001   9.35241E-003   2.11853E-001
  2.27426E+001   9.12490E-003   2.07524E-001
  2.28333E+001   8.93116E-003   2.03928E-001
  2.29244E+001   8.76041E-003   2.00827E-001
  2.30158E+001   8.55487E-003   1.96897E-001
  2.31076E+001   8.35525E-003   1.93070E-001
  2.31997E+001   8.18945E-003   1.89993E-001
  2.32923E+001   7.99840E-003   1.86301E-001
  2.33852E+001   7.81329E-003   1.82715E-001
  2.34784E+001   7.66158E-003   1.79882E-001
  2.35721E+001   7.47908E-003   1.76298E-001
  2.36661E+001   7.29742E-003   1.72701E-001
  2.37605E+001   7.16017E-003   1.70129E-001
  2.38552E+001   6.97880E-003   1.66481E-001
  2.39504E+001   6.82301E-003   1.63414E-001
  2.40459E+001   6.66318E-003   1.60222E-001
  2.41418E+001   6.53475E-003   1.57761E-001
  2.42381E+001   6.36415E-003   1.54255E-001
  2.43347E+001   6.21937E-003   1.51347E-001
  2.44318E+001   6.08976E-003   1.48784E-001
  2.45292E+001   5.94134E-003   1.45737E-001
  2.46271E+001   5.79824E-003   1.42794E-001
  2.47253E+001   5.66741E-003   1.40128E-001
  2.48239E+001   5.53770E-003   1.37467E-001
  2.49229E+001   5.40234E-003   1.34642E-001
  2.50223E+001   5.29105E-003   1.32394E-001
  2.51221E+001   5.14915E-003   1.29357E-001
  2.52223E+001   5.03916E-003   1.27099E-001
  2.53229E+001   4.91914E-003   1.24567E-001
  2.54239E+001   4.81261E-003   1.22355E-001
  2.55252E+001   4.67636E-003   1.19365E-001
  2.56270E+001   4.58640E-003   1.17536E-001
  2.57293E+001   4.48493E-003   1.15394E-001
  2.58319E+001   4.36032E-003   1.12635E-001
  2.59349E+001   4.25099E-003   1.10249E-001
  2.60383E+001   4.17427E-003   1.08691E-001
  2.61422E+001   4.06215E-003   1.06194E-001
  2.62464E+001   3.95378E-003   1.03773E-001
  2.63511E+001   3.87828E-003   1.02197E-001
  2.64562E+001   3.78451E-003   1.00124E-001
  2.65617E+001   3.68050E-003   9.77604E-002
  2.66676E+001   3.60064E-003   9.60207E-002
  2.67740E+001   3.52735E-003   9.44413E-002
  2.68808E+001   3.42019E-003   9.19376E-002
  2.69880E+001   3.34888E-003   9.03795E-002
  2.70956E+001   3.27662E-003   8.87820E-002
  2.72037E+001   3.18508E-003   8.66460E-002
  2.73122E+001   3.10735E-003   8.48685E-002
  2.74211E+001   3.04944E-003   8.36192E-002
  2.75305E+001   2.96290E-003   8.15700E-002
  2.76403E+001   2.88944E-003   7.98650E-002
  2.77505E+001   2.83117E-003   7.85664E-002
  2.78612E+001   2.76315E-003   7.69848E-002
  2.79723E+001   2.68847E-003   7.52028E-002
  2.80839E+001   2.63025E-003   7.38675E-002
  2.81959E+001   2.56868E-003   7.24261E-002
  2.83083E+001   2.49600E-003   7.06577E-002
  2.84212E+001   2.44745E-003   6.95594E-002
  2.85346E+001   2.38735E-003   6.81220E-002
  2.86484E+001   2.32389E-003   6.65757E-002
  2.87626E+001   2.27309E-003   6.53800E-002
  2.88773E+001   2.22322E-003   6.42007E-002
  2.89925E+001   2.16784E-003   6.28513E-002
  2.91081E+001   2.11276E-003   6.14985E-002
  2.92242E+001   2.07135E-003   6.05337E-002
  2.93408E+001   2.02104E-003   5.92990E-002
  2.94578E+001   1.96884E-003   5.79978E-002
  2.95753E+001   1.92912E-003   5.70544E-002
  2.96932E+001   1.88446E-003   5.59559E-002
  2.98116E+001   1.83219E-003   5.46205E-002
  2.99305E+001   1.79778E-003   5.38085E-002
  3.00499E+001   1.75711E-003   5.28011E-002
  3.01698E+001   1.71265E-003   5.16701E-002
  3.02901E+001   1.67401E-003   5.07060E-002
  3.04109E+001   1.64168E-003   4.99250E-002
  3.05322E+001   1.59895E-003   4.88193E-002
  3.06539E+001   1.56355E-003   4.79289E-002
  3.07762E+001   1.53491E-003   4.72387E-002
  3.08989E+001   1.49349E-003   4.61473E-002
  3.10222E+001   1.45881E-003   4.52554E-002
  3.11459E+001   1.43507E-003   4.46964E-002
  3.12701E+001   1.39700E-003   4.36842E-002
  3.13948E+001   1.36274E-003   4.27831E-002
  3.15200E+001   1.33975E-003   4.22289E-002
  3.16457E+001   1.31275E-003   4.15431E-002
  3.17719E+001   1.27569E-003   4.05311E-002
  3.18987E+001   1.25014E-003   3.98777E-002
  3.20259E+001   1.22889E-003   3.93562E-002
  3.21536E+001   1.19420E-003   3.83977E-002
  3.22818E+001   1.16960E-003   3.77570E-002
  3.24106E+001   1.15279E-003   3.73626E-002
  3.25399E+001   1.11760E-003   3.63665E-002
  3.26696E+001   1.09896E-003   3.59028E-002
  3.27999E+001   1.07912E-003   3.53949E-002
  3.29307E+001   1.05021E-003   3.45843E-002
  3.30621E+001   1.02976E-003   3.40459E-002
  3.31939E+001   1.01138E-003   3.35717E-002
  3.33263E+001   9.89571E-004   3.29788E-002
  3.34592E+001   9.66656E-004   3.23436E-002
  3.35927E+001   9.50607E-004   3.19335E-002
  3.37266E+001   9.29762E-004   3.13578E-002
  3.38612E+001   9.08142E-004   3.07508E-002
  3.39962E+001   8.92006E-004   3.03248E-002
  3.41318E+001   8.77236E-004   2.99416E-002
  3.42679E+001   8.52423E-004   2.92108E-002
  3.44046E+001   8.41063E-004   2.89364E-002
  3.45418E+001   8.25800E-004   2.85246E-002
  3.46795E+001   8.05023E-004   2.79178E-002
  3.48179E+001   7.89829E-004   2.75002E-002
  3.49567E+001   7.78940E-004   2.72292E-002
  3.50961E+001   7.61053E-004   2.67100E-002
  3.52361E+001   7.44787E-004   2.62434E-002
  3.53766E+001   7.33251E-004   2.59400E-002
  3.55177E+001   7.19654E-004   2.55605E-002
  3.56594E+001   7.01447E-004   2.50132E-002
  3.58016E+001   6.92057E-004   2.47768E-002
  3.59444E+001   6.80859E-004   2.44731E-002
  3.60877E+001   6.62385E-004   2.39040E-002
  3.62317E+001   6.53901E-004   2.36919E-002
  3.63762E+001   6.43710E-004   2.34157E-002
  3.65212E+001   6.28036E-004   2.29367E-002
  3.66669E+001   6.17576E-004   2.26446E-002
  3.68131E+001   6.08713E-004   2.24086E-002
  3.69599E+001   5.95865E-004   2.20231E-002
  3.71073E+001   5.84656E-004   2.16951E-002
  3.72553E+001   5.75294E-004   2.14328E-002
  3.74039E+001   5.65221E-004   2.11415E-002
  3.75531E+001   5.52099E-004   2.07331E-002
  3.77029E+001   5.44348E-004   2.05235E-002
  3.78532E+001   5.35778E-004   2.02810E-002
  3.80042E+001   5.22020E-004   1.98390E-002
  3.81558E+001   5.16111E-004   1.96926E-002
  3.83079E+001   5.06867E-004   1.94170E-002
  3.84607E+001   4.95156E-004   1.90441E-002
  3.86141E+001   4.87314E-004   1.88172E-002
  3.87681E+001   4.79888E-004   1.86043E-002
  3.89227E+001   4.68809E-004   1.82473E-002
  3.90780E+001   4.60700E-004   1.80032E-002
  3.92338E+001   4.54625E-004   1.78367E-002
  3.93903E+001   4.43713E-004   1.74780E-002
  3.95474E+001   4.34929E-004   1.72003E-002
  3.97051E+001   4.29635E-004   1.70587E-002
  3.98635E+001   4.21444E-004   1.68002E-002
  4.00224E+001   4.11509E-004   1.64696E-002
  4.01821E+001   4.05754E-004   1.63040E-002
  4.03423E+001   3.98602E-004   1.60805E-002
  4.05032E+001   3.88751E-004   1.57457E-002
  4.06647E+001   3.83037E-004   1.55761E-002
  4.08269E+001   3.76880E-004   1.53869E-002
  4.09898E+001   3.66848E-004   1.50370E-002
  4.11532E+001   3.61094E-004   1.48602E-002
  4.13174E+001   3.55024E-004   1.46687E-002
  4.14821E+001   3.45889E-004   1.43482E-002
  4.16476E+001   3.38743E-004   1.41079E-002
  4.18137E+001   3.33475E-004   1.39438E-002
  4.19804E+001   3.25947E-004   1.36834E-002
  4.21479E+001   3.17478E-004   1.33810E-002
  4.23160E+001   3.12443E-004   1.32213E-002
  4.24847E+001   3.04814E-004   1.29499E-002
  4.26542E+001   2.96468E-004   1.26456E-002
  4.28243E+001   2.90523E-004   1.24414E-002
  4.29951E+001   2.83864E-004   1.22048E-002
  4.31666E+001   2.74601E-004   1.18536E-002
  4.33387E+001   2.68414E-004   1.16327E-002
  4.35116E+001   2.61436E-004   1.13755E-002
  4.36851E+001   2.52653E-004   1.10372E-002
  4.38593E+001   2.44300E-004   1.07148E-002
  4.40342E+001   2.37627E-004   1.04637E-002
  4.42099E+001   2.29547E-004   1.01483E-002
  4.43862E+001   2.20420E-004   9.78362E-003
  4.45632E+001   2.13411E-004   9.51029E-003
  4.47409E+001   2.04795E-004   9.16270E-003
  4.49194E+001   1.95681E-004   8.78985E-003
  4.50985E+001   1.88427E-004   8.49776E-003
  4.52784E+001   1.80049E-004   8.15234E-003
  4.54589E+001   1.71095E-004   7.77782E-003
  4.56402E+001   1.63463E-004   7.46050E-003
  4.58223E+001   1.55739E-004   7.13632E-003
  4.60050E+001   1.47398E-004   6.78105E-003
  4.61885E+001   1.39396E-004   6.43851E-003
  4.63727E+001   1.31911E-004   6.11709E-003
  4.65577E+001   1.24370E-004   5.79038E-003
  4.67433E+001   1.16187E-004   5.43096E-003
  4.69298E+001   1.08740E-004   5.10315E-003
  4.71169E+001   1.02304E-004   4.82027E-003
  4.73048E+001   9.46409E-005   4.47698E-003
  4.74935E+001   8.75605E-005   4.15856E-003
  4.76829E+001   8.07487E-005   3.85034E-003
  4.78731E+001   7.44192E-005   3.56268E-003
  4.80640E+001   6.77404E-005   3.25588E-003
  4.82557E+001   6.14199E-005   2.96386E-003
  4.84482E+001   5.58806E-005   2.70731E-003
  4.86414E+001   4.99338E-005   2.42885E-003
  4.88354E+001   4.44987E-005   2.17311E-003
  4.90301E+001   4.00421E-005   1.96327E-003
  4.92257E+001   3.48339E-005   1.71472E-003
  4.94220E+001   3.04705E-005   1.50592E-003
  4.96191E+001   2.64258E-005   1.31122E-003
  4.98170E+001   2.24190E-005   1.11685E-003
  5.00157E+001   1.86738E-005   9.33984E-004
  5.02152E+001   1.54875E-005   7.77707E-004
  5.04154E+001   1.24269E-005   6.26508E-004
  5.06165E+001   9.33623E-006   4.72567E-004
  5.08184E+001   6.84601E-006   3.47903E-004
  5.10210E+001   4.17057E-006   2.12787E-004
  5.12245E+001   2.88085E-006   1.47570E-004
  5.14288E+001   2.16484E-006   1.11335E-004
  5.16339E+001   1.80073E-006   9.29789E-005
  5.18398E+001   1.44806E-006   7.50674E-005
  5.20466E+001   1.23026E-006   6.40310E-005
  5.22542E+001   1.06575E-006   5.56899E-005
  5.24626E+001   9.21340E-007   4.83359E-005
  5.26718E+001   8.02575E-007   4.22731E-005
  5.28819E+001   7.36397E-007   3.89421E-005
  5.30928E+001   6.17302E-007   3.27743E-005
  5.33045E+001   5.72137E-007   3.04975E-005
  5.35171E+001   5.17817E-007   2.77121E-005
  5.37305E+001   4.67027E-007   2.50936E-005
  5.39448E+001   4.00382E-007   2.15986E-005
  5.41600E+001   3.94503E-007   2.13663E-005
  5.43760E+001   3.08212E-007   1.67593E-005
  5.45928E+001   2.95552E-007   1.61350E-005
  5.48106E+001   2.71926E-007   1.49044E-005
  5.50292E+001   2.45042E-007   1.34845E-005
  5.52486E+001   2.01861E-007   1.11525E-005
  5.54690E+001   2.03669E-007   1.12973E-005
  5.56902E+001   1.79383E-007   9.98987E-006
  5.59123E+001   1.48294E-007   8.29146E-006
  5.61353E+001   1.39895E-007   7.85305E-006
  5.63592E+001   1.36729E-007   7.70594E-006
  5.65840E+001   1.12957E-007   6.39156E-006
  5.68096E+001   9.73135E-008   5.52835E-006
  5.70362E+001   9.87642E-008   5.63314E-006
  5.72637E+001   7.11512E-008   4.07438E-006
  5.74920E+001   5.76588E-008   3.31493E-006
  5.77213E+001   5.96388E-008   3.44243E-006
  5.79515E+001   5.51326E-008   3.19502E-006
  5.81827E+001   4.49462E-008   2.61509E-006
  5.84147E+001   3.22811E-008   1.88569E-006
  5.86477E+001   3.43141E-008   2.01244E-006
  5.88816E+001   2.65252E-008   1.56185E-006
  5.91164E+001   1.63217E-008   9.64879E-007
  5.93522E+001   2.01367E-008   1.19516E-006
  5.95889E+001   1.16937E-008   6.96814E-007
  5.98265E+001   7.60310E-009   4.54868E-007
  6.00651E+001   9.22387E-009   5.54033E-007
  6.03047E+001   5.92581E-009   3.57355E-007
  6.05452E+001   3.67250E-009   2.22352E-007
  6.07867E+001   3.70251E-009   2.25064E-007
  6.10291E+001   2.09666E-009   1.27957E-007
  6.12725E+001   1.38669E-009   8.49659E-008
  6.15169E+001   6.98852E-010   4.29912E-008
  6.17622E+001   2.07177E-009   1.27957E-007
  6.20085E+001   1.37023E-009   8.49659E-008
  6.22558E+001   0.00000E+000   0.00000E+000
  6.25041E+001   0.00000E+000   0.00000E+000
  6.27534E+001   0.00000E+000   0.00000E+000
  6.30037E+001   0.00000E+000   0.00000E+000
  6.32550E+001   0.00000E+000   0.00000E+000
  6.35072E+001   0.00000E+000   0.00000E+000
  6.37605E+001   0.00000E+000   0.00000E+000
  6.40148E+001   0.00000E+000   0.00000E+000
  6.42701E+001   0.00000E+000   0.00000E+000
  6.45264E+001   0.00000E+000   0.00000E+000
  6.47838E+001   0.00000E+000   0.00000E+000
  6.50421E+001   0.00000E+000   0.00000E+000
# === MC buffered block (log=T, range=[  6.2975E+00,  6.2068E+01 K], n_samp=200000, buf_full=T)
#     T_mid[K]   dP/dT [1/K]   dP/dlnT
  5.99451E+000   0.00000E+000   0.00000E+000
  6.01841E+000   0.00000E+000   0.00000E+000
  6.04242E+000   0.00000E+000   0.00000E+000
  6.06652E+000   0.00000E+000   0.00000E+000
  6.09071E+000   0.00000E+000   0.00000E+000
  6.11500E+000   0.00000E+000   0.00000E+000
  6.13939E+000   0.00000E+000   0.00000E+000
  6.16387E+000   0.00000E+000   0.00000E+000
  6.18846E+000   0.00000E+000   0.00000E+000
  6.21314E+000   0.00000E+000   0.00000E+000
  6.23792E+000   0.00000E+000   0.00000E+000
  6.26280E+000   0.00000E+000   0.00000E+000
  6.28777E+000   0.00000E+000   0.00000E+000
  6.31285E+000   0.00000E+000   0.00000E+000
  6.33803E+000   0.00000E+000   0.00000E+000
  6.36330E+000   0.00000E+000   0.00000E+000
  6.38868E+000   0.00000E+000   0.00000E+000
  6.41416E+000   0.00000E+000   0.00000E+000
  6.43974E+000   0.00000E+000   0.00000E+000
  6.46543E+000   0.00000E+000   0.00000E+000
  6.49121E+000   0.00000E+000   0.00000E+000
  6.51710E+000   3.64942E-003   2.37836E-002
  6.54309E+000   9.99109E-003   6.53727E-002
  6.56919E+000   1.26618E-002   8.31781E-002
  6.59539E+000   9.00545E-003   5.93945E-002
  6.62169E+000   1.14349E-002   7.57185E-002
  6.64810E+000   1.38954E-002   9.23778E-002
  6.67461E+000   1.25666E-002   8.38770E-002
  6.70123E+000   1.25166E-002   8.38770E-002
  6.72796E+000   1.24669E-002   8.38770E-002
  6.75479E+000   1.27668E-002   8.62372E-002
  6.78173E+000   1.46039E-002   9.90398E-002
  6.80878E+000   8.56113E-003   5.82909E-002
  6.83593E+000   2.29336E-002   1.56773E-001
  6.86320E+000   2.06748E-002   1.41896E-001
  6.89057E+000   2.96223E-002   2.04114E-001
  6.91805E+000   2.68308E-002   1.85617E-001
  6.94564E+000   2.69773E-002   1.87375E-001
  6.97334E+000   3.65807E-002   2.55090E-001
  7.00115E+000   3.52278E-002   2.46636E-001
  7.02907E+000   3.85670E-002   2.71091E-001
  7.05711E+000   4.13320E-002   2.91684E-001
  7.08525E+000   3.89873E-002   2.76235E-001
  7.11351E+000   4.14752E-002   2.95034E-001
  7.14188E+000   4.61233E-002   3.29407E-001
  7.17036E+000   4.18405E-002   3.00012E-001
  7.19896E+000   4.38171E-002   3.15438E-001
  7.22767E+000   5.62795E-002   4.06770E-001
  7.25650E+000   5.25512E-002   3.81338E-001
  7.28544E+000   5.07436E-002   3.69690E-001
  7.31449E+000   5.06817E-002   3.70711E-001
  7.34367E+000   6.20263E-002   4.55501E-001
  7.37295E+000   5.16004E-002   3.80448E-001
  7.40236E+000   5.90664E-002   4.37231E-001
  7.43188E+000   6.38123E-002   4.74246E-001
  7.46152E+000   5.38926E-002   4.02121E-001
  7.49128E+000   6.47864E-002   4.85333E-001
  7.52116E+000   6.27803E-002   4.72181E-001
  7.55115E+000   6.99226E-002   5.27997E-001
  7.58127E+000   6.26299E-002   4.74815E-001
  7.61150E+000   7.66290E-002   5.83262E-001
  7.64186E+000   8.05911E-002   6.15867E-001
  7.67234E+000   7.64294E-002   5.86393E-001
  7.70294E+000   7.10496E-002   5.47291E-001
  7.73366E+000   7.60344E-002   5.88024E-001
  7.76450E+000   8.04241E-002   6.24453E-001
  7.79547E+000   7.66079E-002   5.97195E-001
  7.82656E+000   7.78888E-002   6.09602E-001
  7.85777E+000   8.12842E-002   6.38713E-001
  7.88911E+000   8.96507E-002   7.07265E-001
  7.92057E+000   7.79508E-002   6.17416E-001
  7.95216E+000   8.62770E-002   6.86090E-001
  7.98388E+000   9.90239E-002   7.90595E-001
  8.01572E+000   8.45774E-002   6.77949E-001
  8.04769E+000   9.49716E-002   7.64302E-001
  8.07978E+000   1.01848E-001   8.22907E-001
  8.11201E+000   9.49512E-002   7.70246E-001
  8.14436E+000   9.42676E-002   7.67750E-001
  8.17684E+000   9.96607E-002   8.14910E-001
  8.20945E+000   1.07801E-001   8.84990E-001
  8.24219E+000   9.89283E-002   8.15386E-001
  8.27507E+000   8.97788E-002   7.42926E-001
  8.30807E+000   1.12864E-001   9.37684E-001
  8.34120E+000   1.02057E-001   8.51279E-001
  8.37447E+000   9.89407E-002   8.28577E-001
  8.40787E+000   1.06073E-001   8.91850E-001
  8.44140E+000   1.11273E-001   9.39304E-001
  8.47507E+000   1.05558E-001   8.94608E-001
  8.50887E+000   1.05898E-001   9.01073E-001
  8.54280E+000   1.21874E-001   1.04115E+000
  8.57687E+000   1.07627E-001   9.23107E-001
  8.61108E+000   1.09909E-001   9.46439E-001
  8.64542E+000   1.15745E-001   1.00066E+000
  8.67990E+000   1.13838E-001   9.88106E-001
  8.71452E+000   1.11124E-001   9.68397E-001
  8.74927E+000   1.12714E-001   9.86168E-001
  8.78417E+000   1.23279E-001   1.08290E+000
  8.81920E+000   1.19536E-001   1.05421E+000
  8.85438E+000   1.15149E-001   1.01957E+000
  8.88969E+000   1.26772E-001   1.12696E+000
  8.92514E+000   1.16391E-001   1.03881E+000
  8.96074E+000   1.18958E-001   1.06595E+000
  8.99648E+000   1.29032E-001   1.16083E+000
  9.03235E+000   1.21268E-001   1.09533E+000
  9.06838E+000   1.25220E-001   1.13554E+000
  9.10454E+000   1.27511E-001   1.16093E+000
  9.14086E+000   1.30835E-001   1.19594E+000
  9.17731E+000   1.24498E-001   1.14256E+000
  9.21391E+000   1.20070E-001   1.10631E+000
  9.25066E+000   1.34149E-001   1.24097E+000
  9.28755E+000   1.22887E-001   1.14132E+000
  9.32459E+000   1.24571E-001   1.16157E+000
  9.36178E+000   1.33414E-001   1.24900E+000
  9.39912E+000   1.24967E-001   1.17458E+000
  9.43661E+000   1.25076E-001   1.18029E+000
  9.47424E+000   1.25215E-001   1.18631E+000
  9.51203E+000   1.27607E-001   1.21380E+000
  9.54996E+000   1.26120E-001   1.20444E+000
  9.58805E+000   1.22012E-001   1.16986E+000
  9.62629E+000   1.31541E-001   1.26625E+000
  9.66468E+000   1.24508E-001   1.20333E+000
  9.70322E+000   1.19182E-001   1.15645E+000
  9.74192E+000   1.32813E-001   1.29385E+000
  9.78078E+000   1.23022E-001   1.20325E+000
  9.81978E+000   1.20859E-001   1.18681E+000
  9.85895E+000   1.35207E-001   1.33300E+000
  9.89827E+000   1.22046E-001   1.20804E+000
  9.93774E+000   1.23402E-001   1.22634E+000
  9.97738E+000   1.29062E-001   1.28770E+000
  1.00172E+001   1.23581E-001   1.23793E+000
  1.00571E+001   1.25247E-001   1.25963E+000
  1.00972E+001   1.21176E-001   1.22354E+000
  1.01375E+001   1.27163E-001   1.28912E+000
  1.01779E+001   1.21495E-001   1.23657E+000
  1.02185E+001   1.22091E-001   1.24759E+000
  1.02593E+001   1.28137E-001   1.31459E+000
  1.03002E+001   1.20483E-001   1.24099E+000
  1.03413E+001   1.17229E-001   1.21230E+000
  1.03825E+001   1.30433E-001   1.35423E+000
  1.04239E+001   1.20485E-001   1.25593E+000
  1.04655E+001   1.21034E-001   1.26668E+000
  1.05072E+001   1.19720E-001   1.25792E+000
  1.05491E+001   1.22690E-001   1.29428E+000
  1.05912E+001   1.19834E-001   1.26919E+000
  1.06335E+001   1.17709E-001   1.25166E+000
  1.06759E+001   1.21928E-001   1.30169E+000
  1.07184E+001   1.16080E-001   1.24419E+000
  1.07612E+001   1.15723E-001   1.24532E+000
  1.08041E+001   1.18831E-001   1.28386E+000
  1.08472E+001   1.15983E-001   1.25809E+000
  1.08905E+001   1.10432E-001   1.20266E+000
  1.09339E+001   1.18268E-001   1.29313E+000
  1.09775E+001   1.13980E-001   1.25121E+000
  1.10213E+001   1.12326E-001   1.23798E+000
  1.10652E+001   1.13186E-001   1.25244E+000
  1.11094E+001   1.13095E-001   1.25642E+000
  1.11537E+001   1.07773E-001   1.20207E+000
  1.11982E+001   1.10343E-001   1.23564E+000
  1.12428E+001   1.07875E-001   1.21282E+000
  1.12876E+001   1.06448E-001   1.20155E+000
  1.13327E+001   1.04997E-001   1.18989E+000
  1.13779E+001   1.07010E-001   1.21754E+000
  1.14232E+001   1.05325E-001   1.20316E+000
  1.14688E+001   1.00592E-001   1.15367E+000
  1.15145E+001   1.07620E-001   1.23919E+000
  1.15605E+001   1.04760E-001   1.21108E+000
  1.16066E+001   1.01820E-001   1.18178E+000
  1.16529E+001   1.01966E-001   1.18820E+000
  1.16993E+001   1.02052E-001   1.19394E+000
  1.17460E+001   9.80793E-002   1.15204E+000
  1.17928E+001   1.01960E-001   1.20239E+000
  1.18399E+001   9.81339E-002   1.16189E+000
  1.18871E+001   9.88324E-002   1.17483E+000
  1.19345E+001   9.86351E-002   1.17716E+000
  1.19821E+001   9.83751E-002   1.17874E+000
  1.20299E+001   9.63787E-002   1.15943E+000
  1.20779E+001   9.62499E-002   1.16249E+000
  1.21260E+001   9.58124E-002   1.16183E+000
  1.21744E+001   9.59545E-002   1.16819E+000
  1.22229E+001   9.12500E-002   1.11534E+000
  1.22717E+001   9.43658E-002   1.15803E+000
  1.23206E+001   9.44343E-002   1.16349E+000
  1.23698E+001   9.05400E-002   1.11996E+000
  1.24191E+001   9.39283E-002   1.16651E+000
  1.24686E+001   9.08378E-002   1.13262E+000
  1.25184E+001   8.80376E-002   1.10209E+000
  1.25683E+001   8.84056E-002   1.11111E+000
  1.26184E+001   8.82143E-002   1.11313E+000
  1.26687E+001   8.65680E-002   1.09671E+000
  1.27193E+001   8.59823E-002   1.09363E+000
  1.27700E+001   8.64468E-002   1.10393E+000
  1.28209E+001   8.43031E-002   1.08084E+000
  1.28721E+001   8.22181E-002   1.05832E+000
  1.29234E+001   8.41132E-002   1.08703E+000
  1.29749E+001   8.43230E-002   1.09409E+000
  1.30267E+001   8.06718E-002   1.05089E+000
  1.30786E+001   8.34268E-002   1.09111E+000
  1.31308E+001   8.29536E-002   1.08925E+000
  1.31832E+001   7.78561E-002   1.02639E+000
  1.32357E+001   8.10553E-002   1.07283E+000
  1.32885E+001   8.00990E-002   1.06440E+000
  1.33415E+001   7.70053E-002   1.02737E+000
  1.33947E+001   7.80222E-002   1.04509E+000
  1.34482E+001   7.84597E-002   1.05514E+000
  1.35018E+001   7.27198E-002   9.81848E-001
  1.35556E+001   7.56479E-002   1.02546E+000
  1.36097E+001   7.35612E-002   1.00115E+000
  1.36640E+001   7.19551E-002   9.83193E-001
  1.37185E+001   7.26607E-002   9.96795E-001
  1.37732E+001   7.13010E-002   9.82042E-001
  1.38281E+001   7.11825E-002   9.84320E-001
  1.38833E+001   6.97746E-002   9.68699E-001
  1.39386E+001   6.93608E-002   9.66796E-001
  1.39942E+001   6.99689E-002   9.79162E-001
  1.40500E+001   6.62888E-002   9.31361E-001
  1.41061E+001   6.73585E-002   9.50164E-001
  1.41623E+001   6.67879E-002   9.45873E-001
  1.42188E+001   6.39553E-002   9.09369E-001
  1.42755E+001   6.66884E-002   9.52012E-001
  1.43325E+001   6.34845E-002   9.09890E-001
  1.43896E+001   6.24366E-002   8.98440E-001
  1.44470E+001   6.30354E-002   9.10673E-001
  1.45046E+001   6.21102E-002   9.00886E-001
  1.45625E+001   6.09181E-002   8.87119E-001
  1.46205E+001   5.99025E-002   8.75809E-001
  1.46789E+001   6.11717E-002   8.97931E-001
  1.47374E+001   5.81384E-002   8.56810E-001
  1.47962E+001   5.74197E-002   8.49592E-001
  1.48552E+001   5.90298E-002   8.76899E-001
  1.49144E+001   5.59660E-002   8.34701E-001
  1.49739E+001   5.57220E-002   8.34377E-001
  1.50336E+001   5.60189E-002   8.42169E-001
  1.50936E+001   5.44172E-002   8.21351E-001
  1.51538E+001   5.12457E-002   7.76567E-001
  1.52142E+001   5.34805E-002   8.13665E-001
  1.52749E+001   5.34058E-002   8.15768E-001
  1.53358E+001   5.00946E-002   7.68242E-001
  1.53970E+001   5.16021E-002   7.94517E-001
  1.54584E+001   5.05974E-002   7.82155E-001
  1.55200E+001   4.81380E-002   7.47104E-001
  1.55819E+001   4.91947E-002   7.66549E-001
  1.56441E+001   4.80696E-002   7.52005E-001
  1.57065E+001   4.76513E-002   7.48434E-001
  1.57691E+001   4.70725E-002   7.42292E-001
  1.58320E+001   4.68016E-002   7.40963E-001
  1.58951E+001   4.55950E-002   7.24739E-001
  1.59585E+001   4.55052E-002   7.26197E-001
  1.60222E+001   4.40096E-002   7.05131E-001
  1.60861E+001   4.45711E-002   7.16975E-001
  1.61502E+001   4.30161E-002   6.94721E-001
  1.62147E+001   4.39170E-002   7.12099E-001
  1.62793E+001   4.17294E-002   6.79327E-001
  1.63442E+001   4.04164E-002   6.60577E-001
  1.64094E+001   4.20797E-002   6.90505E-001
  1.64749E+001   3.93560E-002   6.48385E-001
  1.65406E+001   3.93632E-002   6.51091E-001
  1.66065E+001   3.92033E-002   6.51032E-001
  1.66728E+001   3.80166E-002   6.33843E-001
  1.67393E+001   3.78886E-002   6.34229E-001
  1.68060E+001   3.74415E-002   6.29244E-001
  1.68731E+001   3.63739E-002   6.13739E-001
  1.69404E+001   3.66289E-002   6.20506E-001
  1.70079E+001   3.56778E-002   6.06806E-001
  1.70757E+001   3.51388E-002   6.00021E-001
  1.71438E+001   3.42706E-002   5.87531E-001
  1.72122E+001   3.37002E-002   5.80056E-001
  1.72809E+001   3.37529E-002   5.83279E-001
  1.73498E+001   3.28958E-002   5.70735E-001
  1.74190E+001   3.13101E-002   5.45390E-001
  1.74885E+001   3.21815E-002   5.62804E-001
  1.75582E+001   3.21077E-002   5.63754E-001
  1.76282E+001   3.01218E-002   5.30993E-001
  1.76985E+001   3.05346E-002   5.40418E-001
  1.77691E+001   3.04432E-002   5.40948E-001
  1.78400E+001   2.88997E-002   5.15570E-001
  1.79111E+001   2.91298E-002   5.21747E-001
  1.79826E+001   2.89828E-002   5.21185E-001
  1.80543E+001   2.81900E-002   5.08950E-001
  1.81263E+001   2.77597E-002   5.03182E-001
  1.81986E+001   2.78276E-002   5.06423E-001
  1.82712E+001   2.75234E-002   5.02886E-001
  1.83440E+001   2.55879E-002   4.69386E-001
  1.84172E+001   2.56517E-002   4.72433E-001
  1.84906E+001   2.63000E-002   4.86304E-001
  1.85644E+001   2.45025E-002   4.54873E-001
  1.86384E+001   2.54248E-002   4.73878E-001
  1.87128E+001   2.38529E-002   4.46354E-001
  1.87874E+001   2.34363E-002   4.40307E-001
  1.88623E+001   2.33815E-002   4.41029E-001
  1.89375E+001   2.28524E-002   4.32769E-001
  1.90131E+001   2.25760E-002   4.29240E-001
  1.90889E+001   2.19646E-002   4.19280E-001
  1.91650E+001   2.13485E-002   4.09145E-001
  1.92415E+001   2.15297E-002   4.14264E-001
  1.93182E+001   2.03323E-002   3.92783E-001
  1.93953E+001   1.99735E-002   3.87392E-001
  1.94726E+001   2.05794E-002   4.00735E-001
  1.95503E+001   1.89897E-002   3.71254E-001
  1.96282E+001   1.95778E-002   3.84278E-001
  1.97065E+001   1.86436E-002   3.67400E-001
  1.97851E+001   1.79131E-002   3.54413E-001
  1.98640E+001   1.85838E-002   3.69148E-001
  1.99432E+001   1.74755E-002   3.48519E-001
  2.00228E+001   1.70836E-002   3.42061E-001
  2.01026E+001   1.71228E-002   3.44214E-001
  2.01828E+001   1.67844E-002   3.38756E-001
  2.02633E+001   1.59643E-002   3.23489E-001
  2.03441E+001   1.63026E-002   3.31662E-001
  2.04253E+001   1.52052E-002   3.10571E-001
  2.05067E+001   1.55374E-002   3.18621E-001
  2.05885E+001   1.53025E-002   3.15055E-001
  2.06706E+001   1.46620E-002   3.03072E-001
  2.07530E+001   1.43851E-002   2.98535E-001
  2.08358E+001   1.40449E-002   2.92638E-001
  2.09189E+001   1.42246E-002   2.97562E-001
  2.10023E+001   1.36808E-002   2.87329E-001
  2.10861E+001   1.29193E-002   2.72417E-001
  2.11702E+001   1.31099E-002   2.77539E-001
  2.12546E+001   1.30542E-002   2.77463E-001
  2.13394E+001   1.18316E-002   2.52480E-001
  2.14245E+001   1.25071E-002   2.67960E-001
  2.15100E+001   1.18505E-002   2.54904E-001
  2.15957E+001   1.13320E-002   2.44723E-001
  2.16819E+001   1.14011E-002   2.47197E-001
  2.17683E+001   1.08866E-002   2.36984E-001
  2.18552E+001   1.06623E-002   2.33027E-001
  2.19423E+001   1.06259E-002   2.33157E-001
  2.20298E+001   1.03614E-002   2.28261E-001
  2.21177E+001   1.00137E-002   2.21479E-001
  2.22059E+001   9.84010E-003   2.18508E-001
  2.22945E+001   9.43887E-003   2.10435E-001
  2.23834E+001   9.21443E-003   2.06250E-001
  2.24726E+001   9.15813E-003   2.05807E-001
  2.25623E+001   9.01089E-003   2.03306E-001
  2.26523E+001   8.63417E-003   1.95584E-001
  2.27426E+001   8.26151E-003   1.87888E-001
  2.28333E+001   8.54893E-003   1.95200E-001
  2.29244E+001   8.04465E-003   1.84419E-001
  2.30158E+001   7.81108E-003   1.79778E-001
  2.31076E+001   7.81686E-003   1.80629E-001
  2.31997E+001   7.60812E-003   1.76506E-001
  2.32923E+001   7.26783E-003   1.69284E-001
  2.33852E+001   7.46759E-003   1.74631E-001
  2.34784E+001   7.01483E-003   1.64697E-001
  2.35721E+001   6.89781E-003   1.62596E-001
  2.36661E+001   6.88131E-003   1.62854E-001
  2.37605E+001   6.79270E-003   1.61398E-001
  2.38552E+001   6.32287E-003   1.50834E-001
  2.39504E+001   6.30452E-003   1.50996E-001
  2.40459E+001   6.24402E-003   1.50143E-001
  2.41418E+001   6.08187E-003   1.46827E-001
  2.42381E+001   5.86616E-003   1.42184E-001
  2.43347E+001   5.83170E-003   1.41913E-001
  2.44318E+001   5.60735E-003   1.36998E-001
  2.45292E+001   5.35890E-003   1.31450E-001
  2.46271E+001   5.52158E-003   1.35980E-001
  2.47253E+001   5.20061E-003   1.28587E-001
  2.48239E+001   5.04637E-003   1.25271E-001
  2.49229E+001   4.96596E-003   1.23766E-001
  2.50223E+001   5.01127E-003   1.25393E-001
  2.51221E+001   4.78329E-003   1.20166E-001
  2.52223E+001   4.60087E-003   1.16044E-001
  2.53229E+001   4.55141E-003   1.15255E-001
  2.54239E+001   4.57205E-003   1.16239E-001
  2.55252E+001   4.31456E-003   1.10130E-001
  2.56270E+001   4.34399E-003   1.11324E-001
  2.57293E+001   4.21280E-003   1.08392E-001
  2.58319E+001   3.88605E-003   1.00384E-001
  2.59349E+001   4.17148E-003   1.08187E-001
  2.60383E+001   3.78706E-003   9.86088E-002
  2.61422E+001   3.74302E-003   9.78507E-002
  2.62464E+001   3.76733E-003   9.88790E-002
  2.63511E+001   3.51836E-003   9.27127E-002
  2.64562E+001   3.42041E-003   9.04911E-002
  2.65617E+001   3.55762E-003   9.44965E-002
  2.66676E+001   3.24156E-003   8.64447E-002
  2.67740E+001   3.25127E-003   8.70495E-002
  2.68808E+001   3.22678E-003   8.67385E-002
  2.69880E+001   3.21166E-003   8.66762E-002
  2.70956E+001   2.92763E-003   7.93260E-002
  2.72037E+001   2.91315E-003   7.92485E-002
  2.73122E+001   3.02747E-003   8.26868E-002
  2.74211E+001   2.71693E-003   7.45014E-002
  2.75305E+001   2.66214E-003   7.32902E-002
  2.76403E+001   2.72207E-003   7.52387E-002
  2.77505E+001   2.61523E-003   7.25740E-002
  2.78612E+001   2.49470E-003   6.95053E-002
  2.79723E+001   2.59536E-003   7.25982E-002
  2.80839E+001   2.42375E-003   6.80683E-002
  2.81959E+001   2.33480E-003   6.58316E-002
  2.83083E+001   2.39576E-003   6.78199E-002
  2.84212E+001   2.33132E-003   6.62590E-002
  2.85346E+001   2.16227E-003   6.16994E-002
  2.86484E+001   2.16684E-003   6.20764E-002
  2.87626E+001   2.20821E-003   6.35140E-002
  2.88773E+001   2.02063E-003   5.83506E-002
  2.89925E+001   1.99038E-003   5.77061E-002
  2.91081E+001   1.94757E-003   5.66902E-002
  2.92242E+001   1.95104E-003   5.70178E-002
  2.93408E+001   1.80999E-003   5.31065E-002
  2.94578E+001   1.87967E-003   5.53711E-002
  2.95753E+001   1.73571E-003   5.13342E-002
  2.96932E+001   1.72808E-003   5.13122E-002
  2.98116E+001   1.73538E-003   5.17345E-002
  2.99305E+001   1.68943E-003   5.05657E-002
  3.00499E+001   1.59372E-003   4.78913E-002
  3.01698E+001   1.61463E-003   4.87129E-002
  3.02901E+001   1.60263E-003   4.85437E-002
  3.04109E+001   1.51115E-003   4.59554E-002
  3.05322E+001   1.48249E-003   4.52636E-002
  3.06539E+001   1.42775E-003   4.37661E-002
  3.07762E+001   1.47096E-003   4.52707E-002
  3.08989E+001   1.33683E-003   4.13066E-002
  3.10222E+001   1.36372E-003   4.23056E-002
  3.11459E+001   1.33839E-003   4.16854E-002
  3.12701E+001   1.26851E-003   3.96663E-002
  3.13948E+001   1.27881E-003   4.01480E-002
  3.15200E+001   1.22353E-003   3.85657E-002
  3.16457E+001   1.16140E-003   3.67533E-002
  3.17719E+001   1.24449E-003   3.95400E-002
  3.18987E+001   1.13178E-003   3.61022E-002
  3.20259E+001   1.10638E-003   3.54330E-002
  3.21536E+001   1.15434E-003   3.71163E-002
  3.22818E+001   1.08585E-003   3.50531E-002
  3.24106E+001   1.06712E-003   3.45859E-002
  3.25399E+001   1.04783E-003   3.40963E-002
  3.26696E+001   1.03029E-003   3.36591E-002
  3.27999E+001   1.01472E-003   3.32826E-002
  3.29307E+001   9.30453E-004   3.06405E-002
  3.30621E+001   1.00044E-003   3.30765E-002
  3.31939E+001   9.33814E-004   3.09970E-002
  3.33263E+001   8.93534E-004   2.97782E-002
  3.34592E+001   9.27573E-004   3.10359E-002
  3.35927E+001   8.87066E-004   2.97989E-002
  3.37266E+001   7.98605E-004   2.69343E-002
  3.38612E+001   8.78370E-004   2.97426E-002
  3.39962E+001   8.39424E-004   2.85373E-002
  3.41318E+001   7.77964E-004   2.65533E-002
  3.42679E+001   8.13281E-004   2.78695E-002
  3.44046E+001   8.26499E-004   2.84354E-002
  3.45418E+001   7.37643E-004   2.54795E-002
  3.46795E+001   7.30631E-004   2.53380E-002
  3.48179E+001   7.59888E-004   2.64577E-002
  3.49567E+001   7.35499E-004   2.57107E-002
  3.50961E+001   6.99064E-004   2.45345E-002
  3.52361E+001   7.07785E-004   2.49396E-002
  3.53766E+001   6.89742E-004   2.44008E-002
  3.55177E+001   6.46016E-004   2.29450E-002
  3.56594E+001   6.86693E-004   2.44871E-002
  3.58016E+001   6.42702E-004   2.30098E-002
  3.59444E+001   6.16438E-004   2.21575E-002
  3.60877E+001   6.37805E-004   2.30170E-002
  3.62317E+001   6.07354E-004   2.20055E-002
  3.63762E+001   6.03828E-004   2.19649E-002
  3.65212E+001   5.67347E-004   2.07202E-002
  3.66669E+001   5.73363E-004   2.10235E-002
  3.68131E+001   5.85709E-004   2.15618E-002
  3.69599E+001   5.26579E-004   1.94624E-002
  3.71073E+001   5.50829E-004   2.04398E-002
  3.72553E+001   5.17500E-004   1.92796E-002
  3.74039E+001   5.16256E-004   1.93100E-002
  3.75531E+001   5.29551E-004   1.98863E-002
  3.77029E+001   4.99985E-004   1.88509E-002
  3.78532E+001   4.68930E-004   1.77505E-002
  3.80042E+001   4.99281E-004   1.89748E-002
  3.81558E+001   4.86474E-004   1.85618E-002
  3.83079E+001   4.46182E-004   1.70923E-002
  3.84607E+001   4.64551E-004   1.78670E-002
  3.86141E+001   4.48972E-004   1.73367E-002
  3.87681E+001   4.37970E-004   1.69793E-002
  3.89227E+001   4.33886E-004   1.68880E-002
  3.90780E+001   4.32596E-004   1.69050E-002
  3.92338E+001   4.11542E-004   1.61464E-002
  3.93903E+001   3.98889E-004   1.57124E-002
  3.95474E+001   4.19906E-004   1.66062E-002
  3.97051E+001   3.97103E-004   1.57670E-002
  3.98635E+001   3.66380E-004   1.46052E-002
  4.00224E+001   4.01924E-004   1.60860E-002
  4.01821E+001   3.77776E-004   1.51798E-002
  4.03423E+001   3.52492E-004   1.42203E-002
  4.05032E+001   3.85721E-004   1.56229E-002
  4.06647E+001   3.51986E-004   1.43134E-002
  4.08269E+001   3.40551E-004   1.39037E-002
  4.09898E+001   3.45503E-004   1.41621E-002
  4.11532E+001   3.36063E-004   1.38301E-002
  4.13174E+001   3.35619E-004   1.38669E-002
  4.14821E+001   3.01356E-004   1.25009E-002
  4.16476E+001   3.24723E-004   1.35240E-002
  4.18137E+001   3.07297E-004   1.28492E-002
  4.19804E+001   2.94326E-004   1.23559E-002
  4.21479E+001   3.08525E-004   1.30037E-002
  4.23160E+001   2.92602E-004   1.23817E-002
  4.24847E+001   2.65777E-004   1.12915E-002
  4.26542E+001   2.93322E-004   1.25114E-002
  4.28243E+001   2.73319E-004   1.17047E-002
  4.29951E+001   2.51523E-004   1.08142E-002
  4.31666E+001   2.59603E-004   1.12062E-002
  4.33387E+001   2.58096E-004   1.11856E-002
  4.35116E+001   2.36073E-004   1.02719E-002
  4.36851E+001   2.24755E-004   9.81843E-003
  4.38593E+001   2.22195E-004   9.74533E-003
  4.40342E+001   2.17142E-004   9.56167E-003
  4.42099E+001   2.07348E-004   9.16682E-003
  4.43862E+001   2.06947E-004   9.18561E-003
  4.45632E+001   1.87326E-004   8.34784E-003
  4.47409E+001   1.77063E-004   7.92198E-003
  4.49194E+001   1.85085E-004   8.31392E-003
  4.50985E+001   1.60819E-004   7.25269E-003
  4.52784E+001   1.50397E-004   6.80974E-003
  4.54589E+001   1.56225E-004   7.10183E-003
  4.56402E+001   1.45899E-004   6.65887E-003
  4.58223E+001   1.37204E-004   6.28701E-003
  4.60050E+001   1.24451E-004   5.72539E-003
  4.61885E+001   1.19469E-004   5.51808E-003
  4.63727E+001   1.11095E-004   5.15178E-003
  4.65577E+001   9.47895E-005   4.41318E-003
  4.67433E+001   1.03793E-004   4.85162E-003
  4.69298E+001   8.20854E-005   3.85225E-003
  4.71169E+001   8.71678E-005   4.10708E-003
  4.73048E+001   8.43481E-005   3.99007E-003
  4.74935E+001   7.17313E-005   3.40677E-003
  4.76829E+001   7.19845E-005   3.43243E-003
  4.78731E+001   6.87951E-005   3.29344E-003
  4.80640E+001   6.09247E-005   2.92829E-003
  4.82557E+001   5.44178E-005   2.62597E-003
  4.84482E+001   5.17237E-005   2.50592E-003
  4.86414E+001   4.54487E-005   2.21069E-003
  4.88354E+001   4.03198E-005   1.96903E-003
  4.90301E+001   4.04000E-005   1.98082E-003
  4.92257E+001   3.18349E-005   1.56710E-003
  4.94220E+001   2.81621E-005   1.39183E-003
  4.96191E+001   3.04162E-005   1.50922E-003
  4.98170E+001   2.21733E-005   1.10461E-003
  5.00157E+001   2.00880E-005   1.00471E-003
  5.02152E+001   1.56809E-005   7.87417E-004
  5.04154E+001   1.47394E-005   7.43093E-004
  5.06165E+001   1.22016E-005   6.17603E-004
  5.08184E+001   4.80716E-006   2.44292E-004
  5.10210E+001   8.26384E-006   4.21630E-004
  5.12245E+001   4.03573E-006   2.06729E-004
  5.14288E+001   2.25576E-006   1.16011E-004
  5.16339E+001   1.72062E-006   8.88423E-005
  5.18398E+001   1.58181E-006   8.20011E-005
  5.20466E+001   5.20936E-007   2.71129E-005
  5.22542E+001   4.89072E-007   2.55561E-005
  5.24626E+001   1.00393E-006   5.26690E-005
  5.26718E+001   9.99946E-007   5.26690E-005
  5.28819E+001   0.00000E+000   0.00000E+000
  5.30928E+001   9.92018E-007   5.26690E-005
  5.33045E+001   4.79435E-007   2.55561E-005
  5.35171E+001   0.00000E+000   0.00000E+000
  5.37305E+001   4.75634E-007   2.55561E-005
  5.39448E+001   4.73744E-007   2.55561E-005
  5.41600E+001   0.00000E+000   0.00000E+000
  5.43760E+001   0.00000E+000   0.00000E+000
  5.45928E+001   0.00000E+000   0.00000E+000
  5.48106E+001   0.00000E+000   0.00000E+000
  5.50292E+001   0.00000E+000   0.00000E+000
  5.52486E+001   0.00000E+000   0.00000E+000
  5.54690E+001   0.00000E+000   0.00000E+000
  5.56902E+001   0.00000E+000   0.00000E+000
  5.59123E+001   0.00000E+000   0.00000E+000
  5.61353E+001   0.00000E+000   0.00000E+000
  5.63592E+001   0.00000E+000   0.00000E+000
  5.65840E+001   0.00000E+000   0.00000E+000
  5.68096E+001   0.00000E+000   0.00000E+000
  5.70362E+001   0.00000E+000   0.00000E+000
  5.72637E+001   0.00000E+000   0.00000E+000
  5.74920E+001   0.00000E+000   0.00000E+000
  5.77213E+001   0.00000E+000   0.00000E+000
  5.79515E+001   0.00000E+000   0.00000E+000
  5.81827E+001   0.00000E+000   0.00000E+000
  5.84147E+001   0.00000E+000   0.00000E+000
  5.86477E+001   0.00000E+000   0.00000E+000
  5.88816E+001   0.00000E+000   0.00000E+000
  5.91164E+001   0.00000E+000   0.00000E+000
  5.93522E+001   0.00000E+000   0.00000E+000
  5.95889E+001   0.00000E+000   0.00000E+000
  5.98265E+001   0.00000E+000   0.00000E+000
  6.00651E+001   0.00000E+000   0.00000E+000
  6.03047E+001   0.00000E+000   0.00000E+000
  6.05452E+001   0.00000E+000   0.00000E+000
  6.07867E+001   0.00000E+000   0.00000E+000
  6.10291E+001   0.00000E+000   0.00000E+000
  6.12725E+001   0.00000E+000   0.00000E+000
  6.15169E+001   0.00000E+000   0.00000E+000
  6.17622E+001   0.00000E+000   0.00000E+000
  6.20085E+001   0.00000E+000   0.00000E+000
  6.22558E+001   0.00000E+000   0.00000E+000
  6.25041E+001   0.00000E+000   0.00000E+000
  6.27534E+001   0.00000E+000   0.00000E+000
  6.30037E+001   0.00000E+000   0.00000E+000
  6.32550E+001   0.00000E+000   0.00000E+000
  6.35072E+001   0.00000E+000   0.00000E+000
  6.37605E+001   0.00000E+000   0.00000E+000
  6.40148E+001   0.00000E+000   0.00000E+000
  6.42701E+001   0.00000E+000   0.00000E+000
  6.45264E+001   0.00000E+000   0.00000E+000
  6.47838E+001   0.00000E+000   0.00000E+000
  6.50421E+001   0.00000E+000   0.00000E+000
