# aeff[um]=   0.00200  comp=ad_s2  Teq[K]=  18.97544 (calc_Teq output)
# block 1 (GD): N=250   blocks 2-4 (MC fixed/2pass/buffered): N=600
# === GD block: T[K]   P(T_i)   dP/dlnT
  1.00000E+000   1.02137E-003   6.35296E-002
  1.03268E+000   0.00000E+000   0.00000E+000
  1.06642E+000   0.00000E+000   0.00000E+000
  1.10127E+000   0.00000E+000   0.00000E+000
  1.13725E+000   0.00000E+000   0.00000E+000
  1.17442E+000   0.00000E+000   0.00000E+000
  1.21279E+000   0.00000E+000   0.00000E+000
  1.25242E+000   0.00000E+000   0.00000E+000
  1.29335E+000   0.00000E+000   0.00000E+000
  1.33561E+000   0.00000E+000   0.00000E+000
  1.37925E+000   0.00000E+000   0.00000E+000
  1.42432E+000   0.00000E+000   0.00000E+000
  1.47086E+000   0.00000E+000   0.00000E+000
  1.51893E+000   0.00000E+000   0.00000E+000
  1.56856E+000   0.00000E+000   0.00000E+000
  1.61981E+000   0.00000E+000   0.00000E+000
  1.67274E+000   0.00000E+000   0.00000E+000
  1.72740E+000   0.00000E+000   0.00000E+000
  1.78385E+000   0.00000E+000   0.00000E+000
  1.84214E+000   0.00000E+000   0.00000E+000
  1.90233E+000   0.00000E+000   0.00000E+000
  1.96450E+000   0.00000E+000   0.00000E+000
  2.02869E+000   0.00000E+000   0.00000E+000
  2.09498E+000   0.00000E+000   0.00000E+000
  2.16344E+000   0.00000E+000   0.00000E+000
  2.23413E+000   0.00000E+000   0.00000E+000
  2.30713E+000   0.00000E+000   0.00000E+000
  2.38252E+000   0.00000E+000   0.00000E+000
  2.46038E+000   5.75758E-003   1.79062E-001
  2.54077E+000   9.27977E-003   2.88603E-001
  2.62380E+000   1.25242E-002   3.89507E-001
  2.70953E+000   1.55591E-002   4.83892E-001
  2.79807E+000   1.83957E-002   5.72111E-001
  2.88950E+000   2.10256E-002   6.53901E-001
  2.98392E+000   2.34332E-002   7.28777E-001
  3.08143E+000   2.56013E-002   7.96206E-001
  3.18212E+000   2.75145E-002   8.55708E-001
  3.28610E+000   2.91606E-002   9.06903E-001
  3.39348E+000   3.05318E-002   9.49547E-001
  3.50437E+000   3.16250E-002   9.83546E-001
  3.61888E+000   3.24420E-002   1.00895E+000
  3.73713E+000   3.29892E-002   1.02597E+000
  3.85925E+000   3.32773E-002   1.03493E+000
  3.98535E+000   3.33206E-002   1.03628E+000
  4.11558E+000   3.31364E-002   1.03055E+000
  4.25006E+000   3.27439E-002   1.01834E+000
  4.38894E+000   3.21642E-002   1.00032E+000
  4.53236E+000   3.14190E-002   9.77139E-001
  4.68046E+000   3.05303E-002   9.49498E-001
  4.83340E+000   2.95197E-002   9.18069E-001
  4.99134E+000   2.84085E-002   8.83512E-001
  5.15444E+000   2.72174E-002   8.46467E-001
  5.32287E+000   2.59659E-002   8.07547E-001
  5.49680E+000   2.46731E-002   7.67338E-001
  5.67642E+000   2.33566E-002   7.26397E-001
  5.86191E+000   2.20334E-002   6.85244E-001
  6.05345E+000   2.07189E-002   6.44364E-001
  6.25126E+000   1.94272E-002   6.04190E-001
  6.45553E+000   1.81702E-002   5.65099E-001
  6.66647E+000   1.69578E-002   5.27393E-001
  6.88431E+000   1.57972E-002   4.91298E-001
  7.10927E+000   1.46930E-002   4.56957E-001
  7.34157E+000   1.36475E-002   4.24441E-001
  7.58147E+000   1.26611E-002   3.93762E-001
  7.82921E+000   1.17326E-002   3.64888E-001
  8.08504E+000   1.08605E-002   3.37765E-001
  8.34923E+000   1.00426E-002   3.12327E-001
  8.62206E+000   9.27663E-003   2.88506E-001
  8.90380E+000   8.56044E-003   2.66232E-001
  9.19474E+000   7.89185E-003   2.45438E-001
  9.49520E+000   7.26870E-003   2.26058E-001
  9.80547E+000   6.68882E-003   2.08024E-001
  1.01259E+001   6.15003E-003   1.91267E-001
  1.04568E+001   5.65014E-003   1.75721E-001
  1.07984E+001   5.18699E-003   1.61317E-001
  1.11513E+001   4.75843E-003   1.47988E-001
  1.15157E+001   4.36235E-003   1.35670E-001
  1.18920E+001   3.99670E-003   1.24298E-001
  1.22806E+001   3.65950E-003   1.13811E-001
  1.26819E+001   3.34884E-003   1.04150E-001
  1.30963E+001   3.06289E-003   9.52567E-002
  1.35242E+001   2.79993E-003   8.70786E-002
  1.39661E+001   2.55830E-003   7.95638E-002
  1.44225E+001   2.33644E-003   7.26639E-002
  1.48938E+001   2.13288E-003   6.63331E-002
  1.53805E+001   1.94623E-003   6.05284E-002
  1.58830E+001   1.77520E-003   5.52092E-002
  1.64020E+001   1.61856E-003   5.03378E-002
  1.69380E+001   1.47519E-003   4.58788E-002
  1.74915E+001   1.34402E-003   4.17993E-002
  1.80630E+001   1.22406E-003   3.80687E-002
  1.86533E+001   1.11441E-003   3.46584E-002
  1.92628E+001   1.01421E-003   3.15420E-002
  1.98922E+001   9.22663E-004   2.86950E-002
  2.05423E+001   8.39044E-004   2.60945E-002
  2.12135E+001   7.62662E-004   2.37190E-002
  2.19067E+001   6.92900E-004   2.15494E-002
  2.26225E+001   6.29181E-004   1.95677E-002
  2.33618E+001   5.71076E-004   1.77606E-002
  2.41251E+001   5.18189E-004   1.61158E-002
  2.49135E+001   4.70014E-004   1.46175E-002
  2.57276E+001   4.26059E-004   1.32505E-002
  2.65682E+001   3.85658E-004   1.19941E-002
  2.74364E+001   3.48329E-004   1.08331E-002
  2.83329E+001   3.14205E-004   9.77185E-003
  2.92588E+001   2.83786E-004   8.82582E-003
  3.02148E+001   2.56308E-004   7.97124E-003
  3.12022E+001   2.31247E-004   7.19184E-003
  3.22217E+001   2.08387E-004   6.48090E-003
  3.32746E+001   1.87532E-004   5.83228E-003
  3.43619E+001   1.68507E-004   5.24062E-003
  3.54848E+001   1.51160E-004   4.70111E-003
  3.66443E+001   1.35335E-004   4.20897E-003
  3.78417E+001   1.20876E-004   3.75927E-003
  3.90782E+001   1.07570E-004   3.34544E-003
  4.03552E+001   9.54836E-005   2.96956E-003
  4.16739E+001   8.45304E-005   2.62892E-003
  4.30356E+001   7.46332E-005   2.32111E-003
  4.44419E+001   6.56957E-005   2.04315E-003
  4.58941E+001   5.76418E-005   1.79268E-003
  4.73938E+001   5.04046E-005   1.56759E-003
  4.89424E+001   4.39017E-005   1.36535E-003
  5.05417E+001   3.80599E-005   1.18367E-003
  5.21932E+001   3.28305E-005   1.02104E-003
  5.38987E+001   2.81845E-005   8.76545E-004
  5.56599E+001   2.41023E-005   7.49586E-004
  5.74787E+001   2.05524E-005   6.39186E-004
  5.93569E+001   1.74825E-005   5.43711E-004
  6.12965E+001   1.48134E-005   4.60700E-004
  6.32995E+001   1.25152E-005   3.89225E-004
  6.53679E+001   1.05566E-005   3.28314E-004
  6.75039E+001   8.90326E-006   2.76894E-004
  6.97097E+001   7.51799E-006   2.33811E-004
  7.19876E+001   6.36405E-006   1.97924E-004
  7.43399E+001   5.40601E-006   1.68128E-004
  7.67691E+001   4.61160E-006   1.43422E-004
  7.92776E+001   3.95260E-006   1.22927E-004
  8.18681E+001   3.40504E-006   1.05898E-004
  8.45433E+001   2.94907E-006   9.17169E-005
  8.73059E+001   2.56826E-006   7.98734E-005
  9.01588E+001   2.24895E-006   6.99430E-005
  9.31048E+001   1.97979E-006   6.15719E-005
  9.61472E+001   1.75124E-006   5.44641E-005
  9.92890E+001   1.54990E-006   4.82022E-005
  1.02533E+002   1.37076E-006   4.26310E-005
  1.05884E+002   1.21156E-006   3.76798E-005
  1.09344E+002   1.06312E-006   3.30633E-005
  1.12917E+002   9.18739E-007   2.85730E-005
  1.16606E+002   7.64473E-007   2.37753E-005
  1.20417E+002   5.95643E-007   1.85246E-005
  1.24352E+002   4.27595E-007   1.32983E-005
  1.28415E+002   2.75851E-007   8.57904E-006
  1.32611E+002   1.45052E-007   4.51116E-006
  1.36944E+002   5.62005E-008   1.74785E-006
  1.41419E+002   4.46705E-011   1.38926E-009
  1.46040E+002   9.99995E-012   3.11001E-010
  1.50813E+002   4.55303E-012   1.41600E-010
  1.55741E+002   2.34780E-012   7.30172E-011
  1.60830E+002   1.18873E-012   3.69698E-011
  1.66085E+002   5.32667E-013   1.65661E-011
  1.71512E+002   1.94736E-013   6.05633E-012
  1.77117E+002   5.65365E-014   1.75830E-012
  1.82904E+002   8.84884E-015   2.75201E-013
  1.88881E+002   4.02907E-018   1.25305E-016
  1.95053E+002   1.00646E-018   3.13011E-017
  2.01426E+002   2.33766E-019   7.27018E-018
  2.08008E+002   4.60487E-020   1.43213E-018
  2.14805E+002   9.43789E-021   2.93521E-019
  2.21825E+002   3.41979E-022   1.06356E-020
  2.29073E+002   2.17915E-025   6.77720E-024
  2.36558E+002   3.63427E-026   1.13027E-024
  2.44288E+002   2.21659E-027   6.89365E-026
  2.52271E+002   2.47799E-028   7.70661E-027
  2.60514E+002   1.17694E-032   3.66033E-031
  2.69027E+002   1.38845E-033   4.31812E-032
  2.77818E+002   7.19952E-035   2.23907E-033
  2.86896E+002   4.88260E-036   1.51850E-034
  2.96271E+002   5.34749E-041   1.66308E-039
  3.05952E+002   2.65671E-042   8.26245E-041
  3.15949E+002   1.38032E-043   4.29282E-042
  3.26273E+002   1.27950E-048   3.97928E-047
  3.36935E+002   5.00479E-050   1.55650E-048
  3.47945E+002   1.78580E-051   5.55387E-050
  3.59314E+002   1.41316E-057   4.39497E-056
  3.71056E+002   4.79520E-059   1.49132E-057
  3.83180E+002   3.82589E-065   1.18986E-063
  3.95701E+002   1.17962E-066   3.66866E-065
  4.08632E+002   7.90027E-073   2.45700E-071
  4.21984E+002   1.85862E-074   5.78037E-073
  4.35773E+002   9.97646E-081   3.10270E-079
  4.50013E+002   1.78115E-082   5.53943E-081
  4.64718E+002   8.24136E-091   2.56308E-089
  4.79903E+002   4.76454E-099   1.48178E-097
  4.95585E+002   3.63669E-107   1.13102E-105
  5.11779E+002   3.58107E-115   1.11372E-113
  5.28502E+002   4.32775E-123   1.34594E-121
  5.45772E+002   6.06113E-131   1.88503E-129
  5.63606E+002   9.04102E-139   2.81178E-137
  5.82023E+002   1.33074E-146   4.13862E-145
  6.01041E+002   1.92670E-154   5.99208E-153
  6.20681E+002   2.68842E-162   8.36106E-161
  6.40963E+002   3.54128E-170   1.10135E-168
  6.61907E+002   3.99951E-178   1.24386E-176
  6.83536E+002   3.63674E-186   1.13104E-184
  7.05872E+002   2.64089E-194   8.21323E-193
  7.28937E+002   1.52587E-202   4.74549E-201
  7.52757E+002   6.99071E-211   2.17413E-209
  7.77354E+002   0.00000E+000   0.00000E+000
  8.02755E+002   0.00000E+000   0.00000E+000
  8.28987E+002   0.00000E+000   0.00000E+000
  8.56075E+002   0.00000E+000   0.00000E+000
  8.84049E+002   0.00000E+000   0.00000E+000
  9.12937E+002   0.00000E+000   0.00000E+000
  9.42768E+002   0.00000E+000   0.00000E+000
  9.73575E+002   0.00000E+000   0.00000E+000
  1.00539E+003   0.00000E+000   0.00000E+000
  1.03824E+003   0.00000E+000   0.00000E+000
  1.07217E+003   0.00000E+000   0.00000E+000
  1.10720E+003   0.00000E+000   0.00000E+000
  1.14338E+003   0.00000E+000   0.00000E+000
  1.18074E+003   0.00000E+000   0.00000E+000
  1.21933E+003   0.00000E+000   0.00000E+000
  1.25917E+003   0.00000E+000   0.00000E+000
  1.30031E+003   0.00000E+000   0.00000E+000
  1.34280E+003   0.00000E+000   0.00000E+000
  1.38668E+003   0.00000E+000   0.00000E+000
  1.43199E+003   0.00000E+000   0.00000E+000
  1.47879E+003   0.00000E+000   0.00000E+000
  1.52711E+003   0.00000E+000   0.00000E+000
  1.57701E+003   0.00000E+000   0.00000E+000
  1.62854E+003   0.00000E+000   0.00000E+000
  1.68176E+003   0.00000E+000   0.00000E+000
  1.73671E+003   0.00000E+000   0.00000E+000
  1.79346E+003   0.00000E+000   0.00000E+000
  1.85206E+003   0.00000E+000   0.00000E+000
  1.91258E+003   0.00000E+000   0.00000E+000
  1.97508E+003   0.00000E+000   0.00000E+000
  2.03962E+003   0.00000E+000   0.00000E+000
  2.10627E+003   0.00000E+000   0.00000E+000
  2.17509E+003   0.00000E+000   0.00000E+000
  2.24617E+003   0.00000E+000   0.00000E+000
  2.31956E+003   0.00000E+000   0.00000E+000
  2.39536E+003   0.00000E+000   0.00000E+000
  2.47363E+003   0.00000E+000   0.00000E+000
  2.55446E+003   0.00000E+000   0.00000E+000
  2.63793E+003   0.00000E+000   0.00000E+000
  2.72413E+003   0.00000E+000   0.00000E+000
  2.81315E+003   0.00000E+000   0.00000E+000
  2.90507E+003   0.00000E+000   0.00000E+000
  3.00000E+003   0.00000E+000   0.00000E+000
# === MC fixed-grid block: T_mid[K]   dP/dT [1/K]   dP/dlnT
  2.01308E+000   0.00000E+000   0.00000E+000
  2.03951E+000   0.00000E+000   0.00000E+000
  2.06627E+000   0.00000E+000   0.00000E+000
  2.09340E+000   0.00000E+000   0.00000E+000
  2.12087E+000   0.00000E+000   0.00000E+000
  2.14871E+000   0.00000E+000   0.00000E+000
  2.17691E+000   0.00000E+000   0.00000E+000
  2.20549E+000   0.00000E+000   0.00000E+000
  2.23443E+000   0.00000E+000   0.00000E+000
  2.26376E+000   0.00000E+000   0.00000E+000
  2.29347E+000   0.00000E+000   0.00000E+000
  2.32358E+000   0.00000E+000   0.00000E+000
  2.35408E+000   0.00000E+000   0.00000E+000
  2.38497E+000   0.00000E+000   0.00000E+000
  2.41628E+000   0.00000E+000   0.00000E+000
  2.44799E+000   0.00000E+000   0.00000E+000
  2.48012E+000   0.00000E+000   0.00000E+000
  2.51268E+000   0.00000E+000   0.00000E+000
  2.54566E+000   0.00000E+000   0.00000E+000
  2.57907E+000   0.00000E+000   0.00000E+000
  2.61292E+000   0.00000E+000   0.00000E+000
  2.64722E+000   0.00000E+000   0.00000E+000
  2.68196E+000   0.00000E+000   0.00000E+000
  2.71716E+000   2.06400E-002   5.60826E-002
  2.75283E+000   1.20797E-001   3.32535E-001
  2.78896E+000   1.67740E-001   4.67823E-001
  2.82557E+000   1.95902E-001   5.53539E-001
  2.86265E+000   2.18134E-001   6.24446E-001
  2.90023E+000   2.34765E-001   6.80877E-001
  2.93829E+000   2.48403E-001   7.29887E-001
  2.97686E+000   2.59933E-001   7.73789E-001
  3.01593E+000   2.69047E-001   8.11433E-001
  3.05552E+000   2.77413E-001   8.47645E-001
  3.09562E+000   2.83961E-001   8.79042E-001
  3.13626E+000   2.89475E-001   9.07874E-001
  3.17742E+000   2.94035E-001   9.34279E-001
  3.21913E+000   2.96093E-001   9.53168E-001
  3.26138E+000   2.99025E-001   9.75239E-001
  3.30419E+000   3.00877E-001   9.94159E-001
  3.34755E+000   3.01658E-001   1.00982E+000
  3.39149E+000   3.02739E-001   1.02674E+000
  3.43601E+000   3.02574E-001   1.03965E+000
  3.48111E+000   3.01810E-001   1.05064E+000
  3.52680E+000   3.01305E-001   1.06265E+000
  3.57309E+000   2.99718E-001   1.07093E+000
  3.61999E+000   2.97851E-001   1.07822E+000
  3.66750E+000   2.95148E-001   1.08246E+000
  3.71564E+000   2.92805E-001   1.08797E+000
  3.76441E+000   2.89756E-001   1.09077E+000
  3.81382E+000   2.86113E-001   1.09119E+000
  3.86388E+000   2.82500E-001   1.09155E+000
  3.91459E+000   2.78549E-001   1.09041E+000
  3.96597E+000   2.74052E-001   1.08689E+000
  4.01803E+000   2.69267E-001   1.08193E+000
  4.07077E+000   2.64921E-001   1.07844E+000
  4.12420E+000   2.60024E-001   1.07240E+000
  4.17833E+000   2.55008E-001   1.06551E+000
  4.23317E+000   2.49761E-001   1.05729E+000
  4.28873E+000   2.44915E-001   1.05038E+000
  4.34503E+000   2.39774E-001   1.04183E+000
  4.40206E+000   2.34356E-001   1.03165E+000
  4.45984E+000   2.28711E-001   1.02002E+000
  4.51837E+000   2.23561E-001   1.01014E+000
  4.57768E+000   2.17740E-001   9.96751E-001
  4.63776E+000   2.12197E-001   9.84124E-001
  4.69864E+000   2.06449E-001   9.70033E-001
  4.76031E+000   2.01103E-001   9.57318E-001
  4.82279E+000   1.95522E-001   9.42969E-001
  4.88609E+000   1.89889E-001   9.27824E-001
  4.95022E+000   1.84428E-001   9.12967E-001
  5.01520E+000   1.79216E-001   8.98810E-001
  5.08102E+000   1.73907E-001   8.83633E-001
  5.14771E+000   1.68475E-001   8.67266E-001
  5.21528E+000   1.63198E-001   8.51127E-001
  5.28373E+000   1.58078E-001   8.35249E-001
  5.35308E+000   1.52949E-001   8.18755E-001
  5.42335E+000   1.47859E-001   8.01894E-001
  5.49453E+000   1.42927E-001   7.85323E-001
  5.56665E+000   1.38155E-001   7.69063E-001
  5.63971E+000   1.33407E-001   7.52385E-001
  5.71374E+000   1.28841E-001   7.36172E-001
  5.78873E+000   1.24258E-001   7.19300E-001
  5.86471E+000   1.19846E-001   7.02867E-001
  5.94169E+000   1.15524E-001   6.86411E-001
  6.01968E+000   1.11385E-001   6.70507E-001
  6.09869E+000   1.07210E-001   6.53844E-001
  6.17874E+000   1.03186E-001   6.37565E-001
  6.25984E+000   9.93651E-002   6.22014E-001
  6.34200E+000   9.55759E-002   6.06147E-001
  6.42524E+000   9.18570E-002   5.90207E-001
  6.50957E+000   8.83220E-002   5.74943E-001
  6.59502E+000   8.49017E-002   5.59932E-001
  6.68158E+000   8.15689E-002   5.45013E-001
  6.76928E+000   7.83442E-002   5.30337E-001
  6.85813E+000   7.51636E-002   5.15485E-001
  6.94814E+000   7.22050E-002   5.01694E-001
  7.03934E+000   6.92777E-002   4.87673E-001
  7.13174E+000   6.64332E-002   4.73788E-001
  7.22534E+000   6.36959E-002   4.60228E-001
  7.32018E+000   6.11037E-002   4.47293E-001
  7.41626E+000   5.85675E-002   4.34355E-001
  7.51360E+000   5.60982E-002   4.21503E-001
  7.61222E+000   5.37389E-002   4.09075E-001
  7.71214E+000   5.14629E-002   3.96892E-001
  7.81336E+000   4.92730E-002   3.84990E-001
  7.91591E+000   4.71641E-002   3.73350E-001
  8.01981E+000   4.51128E-002   3.61799E-001
  8.12508E+000   4.31756E-002   3.50807E-001
  8.23172E+000   4.12953E-002   3.39934E-001
  8.33977E+000   3.95036E-002   3.29453E-001
  8.44923E+000   3.77619E-002   3.19061E-001
  8.56013E+000   3.60979E-002   3.09005E-001
  8.67249E+000   3.45240E-002   2.99411E-001
  8.78632E+000   3.29904E-002   2.89866E-001
  8.90164E+000   3.15066E-002   2.80462E-001
  9.01848E+000   3.00975E-002   2.71436E-001
  9.13685E+000   2.87792E-002   2.62953E-001
  9.25678E+000   2.74726E-002   2.54310E-001
  9.37828E+000   2.62264E-002   2.45961E-001
  9.50137E+000   2.50342E-002   2.37861E-001
  9.62608E+000   2.39169E-002   2.30227E-001
  9.75243E+000   2.28118E-002   2.22473E-001
  9.88044E+000   2.17756E-002   2.15154E-001
  1.00101E+001   2.07592E-002   2.07803E-001
  1.01415E+001   1.98200E-002   2.01006E-001
  1.02746E+001   1.89029E-002   1.94221E-001
  1.04095E+001   1.80229E-002   1.87611E-001
  1.05461E+001   1.71881E-002   1.81268E-001
  1.06845E+001   1.63910E-002   1.75132E-001
  1.08248E+001   1.56315E-002   1.69209E-001
  1.09669E+001   1.48894E-002   1.63291E-001
  1.11108E+001   1.41985E-002   1.57758E-001
  1.12566E+001   1.35295E-002   1.52298E-001
  1.14044E+001   1.28957E-002   1.47068E-001
  1.15541E+001   1.22841E-002   1.41933E-001
  1.17057E+001   1.17024E-002   1.36986E-001
  1.18594E+001   1.11508E-002   1.32242E-001
  1.20150E+001   1.06229E-002   1.27635E-001
  1.21727E+001   1.01144E-002   1.23120E-001
  1.23325E+001   9.63277E-003   1.18797E-001
  1.24944E+001   9.17502E-003   1.14637E-001
  1.26584E+001   8.73681E-003   1.10594E-001
  1.28245E+001   8.31582E-003   1.06647E-001
  1.29928E+001   7.91255E-003   1.02807E-001
  1.31634E+001   7.53613E-003   9.92017E-002
  1.33361E+001   7.17328E-003   9.56647E-002
  1.35112E+001   6.82567E-003   9.22236E-002
  1.36885E+001   6.49312E-003   8.88819E-002
  1.38682E+001   6.18086E-003   8.57180E-002
  1.40502E+001   5.88156E-003   8.26378E-002
  1.42346E+001   5.59641E-003   7.96635E-002
  1.44215E+001   5.32131E-003   7.67417E-002
  1.46108E+001   5.06393E-003   7.39884E-002
  1.48025E+001   4.81626E-003   7.12934E-002
  1.49968E+001   4.58011E-003   6.86876E-002
  1.51937E+001   4.35604E-003   6.61847E-002
  1.53931E+001   4.14375E-003   6.37856E-002
  1.55951E+001   3.94061E-003   6.14549E-002
  1.57998E+001   3.74573E-003   5.91823E-002
  1.60072E+001   3.56153E-003   5.70106E-002
  1.62173E+001   3.38723E-003   5.49321E-002
  1.64302E+001   3.21948E-003   5.28969E-002
  1.66458E+001   3.06131E-003   5.09584E-002
  1.68643E+001   2.90800E-003   4.90417E-002
  1.70857E+001   2.76537E-003   4.72485E-002
  1.73099E+001   2.62874E-003   4.55037E-002
  1.75371E+001   2.49837E-003   4.38145E-002
  1.77673E+001   2.37390E-003   4.21781E-002
  1.80005E+001   2.25494E-003   4.05903E-002
  1.82368E+001   2.14496E-003   3.91175E-002
  1.84761E+001   2.03713E-003   3.76386E-002
  1.87186E+001   1.93542E-003   3.62287E-002
  1.89643E+001   1.83860E-003   3.48681E-002
  1.92133E+001   1.74794E-003   3.35838E-002
  1.94654E+001   1.65991E-003   3.23112E-002
  1.97209E+001   1.57647E-003   3.10897E-002
  1.99798E+001   1.49769E-003   2.99237E-002
  2.02420E+001   1.42324E-003   2.88095E-002
  2.05077E+001   1.35139E-003   2.77142E-002
  2.07769E+001   1.28271E-003   2.66509E-002
  2.10496E+001   1.21833E-003   2.56454E-002
  2.13259E+001   1.15702E-003   2.46747E-002
  2.16058E+001   1.09842E-003   2.37323E-002
  2.18894E+001   1.04237E-003   2.28169E-002
  2.21767E+001   9.89673E-004   2.19478E-002
  2.24678E+001   9.39485E-004   2.11083E-002
  2.27627E+001   8.91263E-004   2.02876E-002
  2.30614E+001   8.45699E-004   1.95032E-002
  2.33641E+001   8.03075E-004   1.87633E-002
  2.36708E+001   7.61864E-004   1.80340E-002
  2.39815E+001   7.22579E-004   1.73286E-002
  2.42962E+001   6.85824E-004   1.66631E-002
  2.46151E+001   6.50648E-004   1.60159E-002
  2.49382E+001   6.17353E-004   1.53958E-002
  2.52656E+001   5.85179E-004   1.47850E-002
  2.55972E+001   5.55088E-004   1.42088E-002
  2.59332E+001   5.26145E-004   1.36447E-002
  2.62735E+001   4.98740E-004   1.31038E-002
  2.66184E+001   4.72355E-004   1.25734E-002
  2.69678E+001   4.47152E-004   1.20588E-002
  2.73217E+001   4.23630E-004   1.15744E-002
  2.76803E+001   4.00988E-004   1.10996E-002
  2.80437E+001   3.79636E-004   1.06465E-002
  2.84117E+001   3.59486E-004   1.02137E-002
  2.87847E+001   3.40773E-004   9.80911E-003
  2.91625E+001   3.22683E-004   9.41029E-003
  2.95453E+001   3.05572E-004   9.02827E-003
  2.99330E+001   2.89293E-004   8.65948E-003
  3.03259E+001   2.74235E-004   8.31648E-003
  3.07240E+001   2.59412E-004   7.97022E-003
  3.11272E+001   2.45385E-004   7.63820E-003
  3.15358E+001   2.32201E-004   7.32268E-003
  3.19497E+001   2.19800E-004   7.02259E-003
  3.23691E+001   2.07807E-004   6.72658E-003
  3.27939E+001   1.96482E-004   6.44348E-003
  3.32244E+001   1.85679E-004   6.16910E-003
  3.36605E+001   1.75614E-004   5.91130E-003
  3.41023E+001   1.65926E-004   5.65850E-003
  3.45499E+001   1.56618E-004   5.41117E-003
  3.50034E+001   1.47918E-004   5.17765E-003
  3.54628E+001   1.39673E-004   4.95324E-003
  3.59283E+001   1.31832E-004   4.73654E-003
  3.63998E+001   1.24257E-004   4.52296E-003
  3.68776E+001   1.17196E-004   4.32194E-003
  3.73616E+001   1.10410E-004   4.12512E-003
  3.78520E+001   1.03992E-004   3.93634E-003
  3.83489E+001   9.78132E-005   3.75105E-003
  3.88522E+001   9.21245E-005   3.57926E-003
  3.93622E+001   8.66030E-005   3.40890E-003
  3.98788E+001   8.14014E-005   3.24621E-003
  4.04022E+001   7.64919E-005   3.09046E-003
  4.09325E+001   7.19032E-005   2.94320E-003
  4.14698E+001   6.75025E-005   2.79933E-003
  4.20141E+001   6.33027E-005   2.65962E-003
  4.25655E+001   5.93885E-005   2.52792E-003
  4.31242E+001   5.57054E-005   2.40227E-003
  4.36903E+001   5.22111E-005   2.28113E-003
  4.42637E+001   4.88498E-005   2.16229E-003
  4.48447E+001   4.57312E-005   2.05082E-003
  4.54333E+001   4.27949E-005   1.94433E-003
  4.60296E+001   4.00288E-005   1.84252E-003
  4.66338E+001   3.73675E-005   1.74260E-003
  4.72459E+001   3.48998E-005   1.64888E-003
  4.78660E+001   3.25839E-005   1.55967E-003
  4.84943E+001   3.03814E-005   1.47333E-003
  4.91308E+001   2.82844E-005   1.38964E-003
  4.97757E+001   2.63341E-005   1.31081E-003
  5.04290E+001   2.45032E-005   1.23568E-003
  5.10909E+001   2.27626E-005   1.16297E-003
  5.17615E+001   2.11238E-005   1.09341E-003
  5.24409E+001   1.96243E-005   1.02912E-003
  5.31292E+001   1.82012E-005   9.67021E-004
  5.38265E+001   1.68582E-005   9.07427E-004
  5.45330E+001   1.56086E-005   8.51189E-004
  5.52488E+001   1.44594E-005   7.98868E-004
  5.59740E+001   1.33797E-005   7.48919E-004
  5.67087E+001   1.23547E-005   7.00622E-004
  5.74530E+001   1.14214E-005   6.56198E-004
  5.82071E+001   1.05570E-005   6.14499E-004
  5.89711E+001   9.75331E-006   5.75167E-004
  5.97451E+001   8.98945E-006   5.37080E-004
  6.05293E+001   8.30389E-006   5.02632E-004
  6.13238E+001   7.65795E-006   4.69618E-004
  6.21287E+001   7.05445E-006   4.38287E-004
  6.29441E+001   6.49652E-006   4.08920E-004
  6.37703E+001   5.98696E-006   3.81793E-004
  6.46073E+001   5.51469E-006   3.56292E-004
  6.54553E+001   5.07609E-006   3.32259E-004
  6.63144E+001   4.68074E-006   3.10403E-004
  6.71849E+001   4.31317E-006   2.89781E-004
  6.80667E+001   3.97381E-006   2.70486E-004
  6.89601E+001   3.66213E-006   2.52543E-004
  6.98652E+001   3.37957E-006   2.36116E-004
  7.07822E+001   3.11988E-006   2.20834E-004
  7.17113E+001   2.87913E-006   2.06468E-004
  7.26525E+001   2.65916E-006   1.93196E-004
  7.36061E+001   2.45931E-006   1.81022E-004
  7.45723E+001   2.27627E-006   1.69748E-004
  7.55510E+001   2.10706E-006   1.59192E-004
  7.65427E+001   1.95277E-006   1.49472E-004
  7.75473E+001   1.81152E-006   1.40479E-004
  7.85652E+001   1.68009E-006   1.31997E-004
  7.95964E+001   1.56113E-006   1.24261E-004
  8.06411E+001   1.45027E-006   1.16953E-004
  8.16996E+001   1.34973E-006   1.10274E-004
  8.27719E+001   1.25686E-006   1.04033E-004
  8.38584E+001   1.17197E-006   9.82805E-005
  8.49590E+001   1.09323E-006   9.28802E-005
  8.60742E+001   1.02110E-006   8.78908E-005
  8.72039E+001   9.53630E-007   8.31609E-005
  8.83485E+001   8.92166E-007   7.88221E-005
  8.95081E+001   8.35870E-007   7.48177E-005
  9.06830E+001   7.82883E-007   7.09946E-005
  9.18732E+001   7.34212E-007   6.74549E-005
  9.30791E+001   6.88805E-007   6.41138E-005
  9.43008E+001   6.47656E-007   6.10749E-005
  9.55386E+001   6.07965E-007   5.80845E-005
  9.67925E+001   5.71027E-007   5.52715E-005
  9.80630E+001   5.35993E-007   5.25615E-005
  9.93501E+001   5.03127E-007   4.99861E-005
  1.00654E+002   4.72554E-007   4.75649E-005
  1.01975E+002   4.43253E-007   4.52012E-005
  1.03314E+002   4.16273E-007   4.30070E-005
  1.04670E+002   3.90163E-007   4.08386E-005
  1.06044E+002   3.65788E-007   3.87897E-005
  1.07435E+002   3.41621E-007   3.67025E-005
  1.08846E+002   3.18882E-007   3.47091E-005
  1.10274E+002   2.95958E-007   3.26367E-005
  1.11722E+002   2.73905E-007   3.06013E-005
  1.13188E+002   2.51323E-007   2.84470E-005
  1.14674E+002   2.28647E-007   2.62200E-005
  1.16179E+002   2.06158E-007   2.39514E-005
  1.17704E+002   1.83475E-007   2.15958E-005
  1.19249E+002   1.61191E-007   1.92220E-005
  1.20814E+002   1.39620E-007   1.68681E-005
  1.22400E+002   1.19231E-007   1.45939E-005
  1.24006E+002   1.00163E-007   1.24209E-005
  1.25634E+002   8.24395E-008   1.03573E-005
  1.27283E+002   6.58511E-008   8.38177E-006
  1.28953E+002   5.08017E-008   6.55110E-006
  1.30646E+002   3.76040E-008   4.91285E-006
  1.32361E+002   2.68198E-008   3.54991E-006
  1.34098E+002   1.79955E-008   2.41318E-006
  1.35858E+002   1.06063E-008   1.44096E-006
  1.37641E+002   4.66774E-009   6.42479E-007
  1.39448E+002   5.06991E-010   7.06994E-008
  1.41278E+002   3.75842E-012   5.30987E-010
  1.43133E+002   2.27278E-012   3.25311E-010
  1.45011E+002   1.86896E-012   2.71023E-010
  1.46915E+002   2.28812E-012   3.36161E-010
  1.48843E+002   1.87603E-012   2.79237E-010
  1.50797E+002   1.58109E-012   2.38426E-010
  1.52776E+002   1.02635E-012   1.56803E-010
  1.54781E+002   2.50981E-013   3.88474E-011
  1.56813E+002   0.00000E+000   0.00000E+000
  1.58871E+002   0.00000E+000   0.00000E+000
  1.60956E+002   0.00000E+000   0.00000E+000
  1.63069E+002   0.00000E+000   0.00000E+000
  1.65209E+002   0.00000E+000   0.00000E+000
  1.67378E+002   0.00000E+000   0.00000E+000
  1.69575E+002   0.00000E+000   0.00000E+000
  1.71800E+002   0.00000E+000   0.00000E+000
  1.74055E+002   0.00000E+000   0.00000E+000
  1.76340E+002   0.00000E+000   0.00000E+000
  1.78654E+002   0.00000E+000   0.00000E+000
  1.80999E+002   0.00000E+000   0.00000E+000
  1.83375E+002   0.00000E+000   0.00000E+000
  1.85782E+002   0.00000E+000   0.00000E+000
  1.88220E+002   0.00000E+000   0.00000E+000
  1.90691E+002   0.00000E+000   0.00000E+000
  1.93194E+002   0.00000E+000   0.00000E+000
  1.95730E+002   0.00000E+000   0.00000E+000
  1.98299E+002   0.00000E+000   0.00000E+000
  2.00901E+002   0.00000E+000   0.00000E+000
  2.03538E+002   0.00000E+000   0.00000E+000
  2.06210E+002   0.00000E+000   0.00000E+000
  2.08916E+002   0.00000E+000   0.00000E+000
  2.11659E+002   0.00000E+000   0.00000E+000
  2.14437E+002   0.00000E+000   0.00000E+000
  2.17251E+002   0.00000E+000   0.00000E+000
  2.20103E+002   0.00000E+000   0.00000E+000
  2.22992E+002   0.00000E+000   0.00000E+000
  2.25919E+002   0.00000E+000   0.00000E+000
  2.28884E+002   0.00000E+000   0.00000E+000
  2.31888E+002   0.00000E+000   0.00000E+000
  2.34932E+002   0.00000E+000   0.00000E+000
  2.38015E+002   0.00000E+000   0.00000E+000
  2.41139E+002   0.00000E+000   0.00000E+000
  2.44305E+002   0.00000E+000   0.00000E+000
  2.47511E+002   0.00000E+000   0.00000E+000
  2.50760E+002   0.00000E+000   0.00000E+000
  2.54051E+002   0.00000E+000   0.00000E+000
  2.57386E+002   0.00000E+000   0.00000E+000
  2.60764E+002   0.00000E+000   0.00000E+000
  2.64187E+002   0.00000E+000   0.00000E+000
  2.67654E+002   0.00000E+000   0.00000E+000
  2.71167E+002   0.00000E+000   0.00000E+000
  2.74727E+002   0.00000E+000   0.00000E+000
  2.78332E+002   0.00000E+000   0.00000E+000
  2.81986E+002   0.00000E+000   0.00000E+000
  2.85687E+002   0.00000E+000   0.00000E+000
  2.89437E+002   0.00000E+000   0.00000E+000
  2.93236E+002   0.00000E+000   0.00000E+000
  2.97084E+002   0.00000E+000   0.00000E+000
  3.00984E+002   0.00000E+000   0.00000E+000
  3.04934E+002   0.00000E+000   0.00000E+000
  3.08937E+002   0.00000E+000   0.00000E+000
  3.12992E+002   0.00000E+000   0.00000E+000
  3.17100E+002   0.00000E+000   0.00000E+000
  3.21262E+002   0.00000E+000   0.00000E+000
  3.25479E+002   0.00000E+000   0.00000E+000
  3.29751E+002   0.00000E+000   0.00000E+000
  3.34079E+002   0.00000E+000   0.00000E+000
  3.38464E+002   0.00000E+000   0.00000E+000
  3.42906E+002   0.00000E+000   0.00000E+000
  3.47407E+002   0.00000E+000   0.00000E+000
  3.51967E+002   0.00000E+000   0.00000E+000
  3.56587E+002   0.00000E+000   0.00000E+000
  3.61267E+002   0.00000E+000   0.00000E+000
  3.66009E+002   0.00000E+000   0.00000E+000
  3.70813E+002   0.00000E+000   0.00000E+000
  3.75680E+002   0.00000E+000   0.00000E+000
  3.80611E+002   0.00000E+000   0.00000E+000
  3.85607E+002   0.00000E+000   0.00000E+000
  3.90668E+002   0.00000E+000   0.00000E+000
  3.95796E+002   0.00000E+000   0.00000E+000
  4.00991E+002   0.00000E+000   0.00000E+000
  4.06254E+002   0.00000E+000   0.00000E+000
  4.11586E+002   0.00000E+000   0.00000E+000
  4.16988E+002   0.00000E+000   0.00000E+000
  4.22462E+002   0.00000E+000   0.00000E+000
  4.28007E+002   0.00000E+000   0.00000E+000
  4.33624E+002   0.00000E+000   0.00000E+000
  4.39316E+002   0.00000E+000   0.00000E+000
  4.45082E+002   0.00000E+000   0.00000E+000
  4.50924E+002   0.00000E+000   0.00000E+000
  4.56843E+002   0.00000E+000   0.00000E+000
  4.62839E+002   0.00000E+000   0.00000E+000
  4.68914E+002   0.00000E+000   0.00000E+000
  4.75069E+002   0.00000E+000   0.00000E+000
  4.81304E+002   0.00000E+000   0.00000E+000
  4.87622E+002   0.00000E+000   0.00000E+000
  4.94022E+002   0.00000E+000   0.00000E+000
  5.00506E+002   0.00000E+000   0.00000E+000
  5.07075E+002   0.00000E+000   0.00000E+000
  5.13731E+002   0.00000E+000   0.00000E+000
  5.20474E+002   0.00000E+000   0.00000E+000
  5.27305E+002   0.00000E+000   0.00000E+000
  5.34227E+002   0.00000E+000   0.00000E+000
  5.41239E+002   0.00000E+000   0.00000E+000
  5.48343E+002   0.00000E+000   0.00000E+000
  5.55540E+002   0.00000E+000   0.00000E+000
  5.62832E+002   0.00000E+000   0.00000E+000
  5.70219E+002   0.00000E+000   0.00000E+000
  5.77703E+002   0.00000E+000   0.00000E+000
  5.85286E+002   0.00000E+000   0.00000E+000
  5.92968E+002   0.00000E+000   0.00000E+000
  6.00751E+002   0.00000E+000   0.00000E+000
  6.08636E+002   0.00000E+000   0.00000E+000
  6.16625E+002   0.00000E+000   0.00000E+000
  6.24718E+002   0.00000E+000   0.00000E+000
  6.32918E+002   0.00000E+000   0.00000E+000
  6.41225E+002   0.00000E+000   0.00000E+000
  6.49642E+002   0.00000E+000   0.00000E+000
  6.58169E+002   0.00000E+000   0.00000E+000
  6.66807E+002   0.00000E+000   0.00000E+000
  6.75560E+002   0.00000E+000   0.00000E+000
  6.84427E+002   0.00000E+000   0.00000E+000
  6.93410E+002   0.00000E+000   0.00000E+000
  7.02511E+002   0.00000E+000   0.00000E+000
  7.11732E+002   0.00000E+000   0.00000E+000
  7.21074E+002   0.00000E+000   0.00000E+000
  7.30538E+002   0.00000E+000   0.00000E+000
  7.40127E+002   0.00000E+000   0.00000E+000
  7.49842E+002   0.00000E+000   0.00000E+000
  7.59684E+002   0.00000E+000   0.00000E+000
  7.69655E+002   0.00000E+000   0.00000E+000
  7.79757E+002   0.00000E+000   0.00000E+000
  7.89992E+002   0.00000E+000   0.00000E+000
  8.00361E+002   0.00000E+000   0.00000E+000
  8.10866E+002   0.00000E+000   0.00000E+000
  8.21509E+002   0.00000E+000   0.00000E+000
  8.32291E+002   0.00000E+000   0.00000E+000
  8.43216E+002   0.00000E+000   0.00000E+000
  8.54283E+002   0.00000E+000   0.00000E+000
  8.65496E+002   0.00000E+000   0.00000E+000
  8.76856E+002   0.00000E+000   0.00000E+000
  8.88365E+002   0.00000E+000   0.00000E+000
  9.00026E+002   0.00000E+000   0.00000E+000
  9.11839E+002   0.00000E+000   0.00000E+000
  9.23807E+002   0.00000E+000   0.00000E+000
  9.35932E+002   0.00000E+000   0.00000E+000
  9.48217E+002   0.00000E+000   0.00000E+000
  9.60663E+002   0.00000E+000   0.00000E+000
  9.73272E+002   0.00000E+000   0.00000E+000
  9.86047E+002   0.00000E+000   0.00000E+000
  9.98989E+002   0.00000E+000   0.00000E+000
  1.01210E+003   0.00000E+000   0.00000E+000
  1.02539E+003   0.00000E+000   0.00000E+000
  1.03884E+003   0.00000E+000   0.00000E+000
  1.05248E+003   0.00000E+000   0.00000E+000
  1.06629E+003   0.00000E+000   0.00000E+000
  1.08029E+003   0.00000E+000   0.00000E+000
  1.09447E+003   0.00000E+000   0.00000E+000
  1.10883E+003   0.00000E+000   0.00000E+000
  1.12339E+003   0.00000E+000   0.00000E+000
  1.13813E+003   0.00000E+000   0.00000E+000
  1.15307E+003   0.00000E+000   0.00000E+000
  1.16821E+003   0.00000E+000   0.00000E+000
  1.18354E+003   0.00000E+000   0.00000E+000
  1.19907E+003   0.00000E+000   0.00000E+000
  1.21481E+003   0.00000E+000   0.00000E+000
  1.23076E+003   0.00000E+000   0.00000E+000
  1.24691E+003   0.00000E+000   0.00000E+000
  1.26328E+003   0.00000E+000   0.00000E+000
  1.27986E+003   0.00000E+000   0.00000E+000
  1.29666E+003   0.00000E+000   0.00000E+000
  1.31368E+003   0.00000E+000   0.00000E+000
  1.33092E+003   0.00000E+000   0.00000E+000
  1.34839E+003   0.00000E+000   0.00000E+000
  1.36609E+003   0.00000E+000   0.00000E+000
  1.38402E+003   0.00000E+000   0.00000E+000
  1.40218E+003   0.00000E+000   0.00000E+000
  1.42059E+003   0.00000E+000   0.00000E+000
  1.43923E+003   0.00000E+000   0.00000E+000
  1.45812E+003   0.00000E+000   0.00000E+000
  1.47726E+003   0.00000E+000   0.00000E+000
  1.49665E+003   0.00000E+000   0.00000E+000
  1.51630E+003   0.00000E+000   0.00000E+000
  1.53620E+003   0.00000E+000   0.00000E+000
  1.55636E+003   0.00000E+000   0.00000E+000
  1.57679E+003   0.00000E+000   0.00000E+000
  1.59749E+003   0.00000E+000   0.00000E+000
  1.61845E+003   0.00000E+000   0.00000E+000
  1.63970E+003   0.00000E+000   0.00000E+000
  1.66122E+003   0.00000E+000   0.00000E+000
  1.68302E+003   0.00000E+000   0.00000E+000
  1.70511E+003   0.00000E+000   0.00000E+000
  1.72749E+003   0.00000E+000   0.00000E+000
  1.75017E+003   0.00000E+000   0.00000E+000
  1.77314E+003   0.00000E+000   0.00000E+000
  1.79641E+003   0.00000E+000   0.00000E+000
  1.81999E+003   0.00000E+000   0.00000E+000
  1.84388E+003   0.00000E+000   0.00000E+000
  1.86808E+003   0.00000E+000   0.00000E+000
  1.89260E+003   0.00000E+000   0.00000E+000
  1.91744E+003   0.00000E+000   0.00000E+000
  1.94261E+003   0.00000E+000   0.00000E+000
  1.96811E+003   0.00000E+000   0.00000E+000
  1.99394E+003   0.00000E+000   0.00000E+000
  2.02011E+003   0.00000E+000   0.00000E+000
  2.04663E+003   0.00000E+000   0.00000E+000
  2.07349E+003   0.00000E+000   0.00000E+000
  2.10070E+003   0.00000E+000   0.00000E+000
  2.12828E+003   0.00000E+000   0.00000E+000
  2.15621E+003   0.00000E+000   0.00000E+000
  2.18451E+003   0.00000E+000   0.00000E+000
  2.21319E+003   0.00000E+000   0.00000E+000
  2.24224E+003   0.00000E+000   0.00000E+000
  2.27167E+003   0.00000E+000   0.00000E+000
  2.30148E+003   0.00000E+000   0.00000E+000
  2.33169E+003   0.00000E+000   0.00000E+000
  2.36229E+003   0.00000E+000   0.00000E+000
  2.39330E+003   0.00000E+000   0.00000E+000
  2.42471E+003   0.00000E+000   0.00000E+000
  2.45654E+003   0.00000E+000   0.00000E+000
  2.48878E+003   0.00000E+000   0.00000E+000
  2.52145E+003   0.00000E+000   0.00000E+000
  2.55454E+003   0.00000E+000   0.00000E+000
  2.58807E+003   0.00000E+000   0.00000E+000
  2.62204E+003   0.00000E+000   0.00000E+000
  2.65646E+003   0.00000E+000   0.00000E+000
  2.69133E+003   0.00000E+000   0.00000E+000
  2.72665E+003   0.00000E+000   0.00000E+000
  2.76244E+003   0.00000E+000   0.00000E+000
  2.79870E+003   0.00000E+000   0.00000E+000
  2.83543E+003   0.00000E+000   0.00000E+000
  2.87265E+003   0.00000E+000   0.00000E+000
  2.91035E+003   0.00000E+000   0.00000E+000
  2.94855E+003   0.00000E+000   0.00000E+000
  2.98725E+003   0.00000E+000   0.00000E+000
  3.02646E+003   0.00000E+000   0.00000E+000
  3.06619E+003   0.00000E+000   0.00000E+000
  3.10643E+003   0.00000E+000   0.00000E+000
  3.14721E+003   0.00000E+000   0.00000E+000
  3.18851E+003   0.00000E+000   0.00000E+000
  3.23037E+003   0.00000E+000   0.00000E+000
  3.27277E+003   0.00000E+000   0.00000E+000
  3.31572E+003   0.00000E+000   0.00000E+000
  3.35924E+003   0.00000E+000   0.00000E+000
  3.40333E+003   0.00000E+000   0.00000E+000
  3.44800E+003   0.00000E+000   0.00000E+000
  3.49326E+003   0.00000E+000   0.00000E+000
  3.53911E+003   0.00000E+000   0.00000E+000
  3.58556E+003   0.00000E+000   0.00000E+000
  3.63263E+003   0.00000E+000   0.00000E+000
  3.68031E+003   0.00000E+000   0.00000E+000
  3.72861E+003   0.00000E+000   0.00000E+000
  3.77755E+003   0.00000E+000   0.00000E+000
  3.82713E+003   0.00000E+000   0.00000E+000
  3.87737E+003   0.00000E+000   0.00000E+000
  3.92826E+003   0.00000E+000   0.00000E+000
  3.97982E+003   0.00000E+000   0.00000E+000
  4.03206E+003   0.00000E+000   0.00000E+000
  4.08498E+003   0.00000E+000   0.00000E+000
  4.13860E+003   0.00000E+000   0.00000E+000
  4.19292E+003   0.00000E+000   0.00000E+000
  4.24795E+003   0.00000E+000   0.00000E+000
  4.30371E+003   0.00000E+000   0.00000E+000
  4.36020E+003   0.00000E+000   0.00000E+000
  4.41743E+003   0.00000E+000   0.00000E+000
  4.47541E+003   0.00000E+000   0.00000E+000
  4.53415E+003   0.00000E+000   0.00000E+000
  4.59366E+003   0.00000E+000   0.00000E+000
  4.65396E+003   0.00000E+000   0.00000E+000
  4.71504E+003   0.00000E+000   0.00000E+000
  4.77693E+003   0.00000E+000   0.00000E+000
  4.83963E+003   0.00000E+000   0.00000E+000
  4.90315E+003   0.00000E+000   0.00000E+000
  4.96751E+003   0.00000E+000   0.00000E+000
# === MC 2pass block (log=T, range=[  2.7253E+00,  1.5307E+02 K])
#     T_mid[K]   dP/dT [1/K]   dP/dlnT
  2.59799E+000   0.00000E+000   0.00000E+000
  2.61593E+000   0.00000E+000   0.00000E+000
  2.63399E+000   0.00000E+000   0.00000E+000
  2.65217E+000   0.00000E+000   0.00000E+000
  2.67049E+000   0.00000E+000   0.00000E+000
  2.68892E+000   0.00000E+000   0.00000E+000
  2.70749E+000   0.00000E+000   0.00000E+000
  2.72618E+000   4.19095E-002   1.14253E-001
  2.74501E+000   1.09028E-001   2.99282E-001
  2.76396E+000   1.37746E-001   3.80724E-001
  2.78304E+000   1.62174E-001   4.51339E-001
  2.80226E+000   1.80066E-001   5.04593E-001
  2.82161E+000   1.93185E-001   5.45094E-001
  2.84109E+000   2.05160E-001   5.82880E-001
  2.86070E+000   2.17988E-001   6.23599E-001
  2.88045E+000   2.26367E-001   6.52041E-001
  2.90034E+000   2.35276E-001   6.82382E-001
  2.92037E+000   2.42020E-001   7.06788E-001
  2.94053E+000   2.49159E-001   7.32660E-001
  2.96083E+000   2.55911E-001   7.57710E-001
  2.98128E+000   2.60709E-001   7.77248E-001
  3.00186E+000   2.65996E-001   7.98485E-001
  3.02259E+000   2.71327E-001   8.20111E-001
  3.04346E+000   2.75419E-001   8.38226E-001
  3.06447E+000   2.78554E-001   8.53621E-001
  3.08563E+000   2.82340E-001   8.71197E-001
  3.10693E+000   2.85603E-001   8.87350E-001
  3.12838E+000   2.88898E-001   9.03786E-001
  3.14998E+000   2.91262E-001   9.17473E-001
  3.17173E+000   2.93318E-001   9.30329E-001
  3.19363E+000   2.94522E-001   9.40597E-001
  3.21568E+000   2.96252E-001   9.52653E-001
  3.23788E+000   2.97823E-001   9.64318E-001
  3.26024E+000   2.99091E-001   9.75109E-001
  3.28275E+000   2.99339E-001   9.82658E-001
  3.30542E+000   3.00588E-001   9.93571E-001
  3.32824E+000   3.01878E-001   1.00472E+000
  3.35122E+000   3.02487E-001   1.01370E+000
  3.37436E+000   3.01977E-001   1.01898E+000
  3.39765E+000   3.02147E-001   1.02659E+000
  3.42111E+000   3.02973E-001   1.03651E+000
  3.44473E+000   3.02703E-001   1.04273E+000
  3.46852E+000   3.02251E-001   1.04837E+000
  3.49246E+000   3.01469E-001   1.05287E+000
  3.51658E+000   3.01265E-001   1.05942E+000
  3.54086E+000   3.01404E-001   1.06723E+000
  3.56531E+000   2.99781E-001   1.06881E+000
  3.58992E+000   2.98805E-001   1.07269E+000
  3.61471E+000   2.98004E-001   1.07720E+000
  3.63967E+000   2.97053E-001   1.08118E+000
  3.66480E+000   2.95656E-001   1.08352E+000
  3.69010E+000   2.94385E-001   1.08631E+000
  3.71558E+000   2.92430E-001   1.08655E+000
  3.74123E+000   2.90783E-001   1.08789E+000
  3.76706E+000   2.89632E-001   1.09106E+000
  3.79307E+000   2.88033E-001   1.09253E+000
  3.81926E+000   2.85825E-001   1.09164E+000
  3.84563E+000   2.83806E-001   1.09141E+000
  3.87218E+000   2.81575E-001   1.09031E+000
  3.89892E+000   2.80110E-001   1.09213E+000
  3.92584E+000   2.77405E-001   1.08905E+000
  3.95294E+000   2.75512E-001   1.08908E+000
  3.98024E+000   2.72338E-001   1.08397E+000
  4.00772E+000   2.70320E-001   1.08337E+000
  4.03539E+000   2.68019E-001   1.08156E+000
  4.06325E+000   2.65327E-001   1.07809E+000
  4.09130E+000   2.63517E-001   1.07813E+000
  4.11955E+000   2.60234E-001   1.07205E+000
  4.14799E+000   2.57352E-001   1.06750E+000
  4.17663E+000   2.55306E-001   1.06632E+000
  4.20547E+000   2.52634E-001   1.06245E+000
  4.23451E+000   2.50075E-001   1.05894E+000
  4.26374E+000   2.47188E-001   1.05395E+000
  4.29318E+000   2.44042E-001   1.04772E+000
  4.32283E+000   2.41656E-001   1.04464E+000
  4.35267E+000   2.39101E-001   1.04073E+000
  4.38272E+000   2.36198E-001   1.03519E+000
  4.41298E+000   2.33552E-001   1.03066E+000
  4.44345E+000   2.30294E-001   1.02330E+000
  4.47413E+000   2.27292E-001   1.01694E+000
  4.50502E+000   2.24969E-001   1.01349E+000
  4.53613E+000   2.21801E-001   1.00612E+000
  4.56745E+000   2.18714E-001   9.98967E-001
  4.59898E+000   2.15781E-001   9.92377E-001
  4.63074E+000   2.12630E-001   9.84635E-001
  4.66271E+000   2.09887E-001   9.78645E-001
  4.69490E+000   2.06864E-001   9.71210E-001
  4.72732E+000   2.04209E-001   9.65361E-001
  4.75996E+000   2.00952E-001   9.56527E-001
  4.79282E+000   1.98046E-001   9.49203E-001
  4.82591E+000   1.95128E-001   9.41675E-001
  4.85923E+000   1.92257E-001   9.34223E-001
  4.89279E+000   1.89579E-001   9.27571E-001
  4.92657E+000   1.86402E-001   9.18324E-001
  4.96058E+000   1.83730E-001   9.11407E-001
  4.99483E+000   1.80684E-001   9.02486E-001
  5.02932E+000   1.78101E-001   8.95729E-001
  5.06404E+000   1.75199E-001   8.87217E-001
  5.09901E+000   1.72510E-001   8.79634E-001
  5.13421E+000   1.69530E-001   8.70407E-001
  5.16966E+000   1.66683E-001   8.61695E-001
  5.20536E+000   1.64018E-001   8.53772E-001
  5.24130E+000   1.61339E-001   8.45624E-001
  5.27748E+000   1.58484E-001   8.36400E-001
  5.31392E+000   1.55893E-001   8.28405E-001
  5.35061E+000   1.53003E-001   8.18661E-001
  5.38755E+000   1.50359E-001   8.10067E-001
  5.42475E+000   1.47848E-001   8.02042E-001
  5.46221E+000   1.45230E-001   7.93276E-001
  5.49992E+000   1.42623E-001   7.84415E-001
  5.53789E+000   1.40023E-001   7.75436E-001
  5.57613E+000   1.37485E-001   7.66634E-001
  5.61463E+000   1.34966E-001   7.57787E-001
  5.65340E+000   1.32586E-001   7.49564E-001
  5.69243E+000   1.30149E-001   7.40863E-001
  5.73173E+000   1.27724E-001   7.32082E-001
  5.77131E+000   1.25217E-001   7.22667E-001
  5.81115E+000   1.22900E-001   7.14192E-001
  5.85128E+000   1.20688E-001   7.06179E-001
  5.89168E+000   1.18384E-001   6.97484E-001
  5.93235E+000   1.16094E-001   6.88711E-001
  5.97331E+000   1.13784E-001   6.79671E-001
  6.01456E+000   1.11515E-001   6.70716E-001
  6.05608E+000   1.09414E-001   6.62619E-001
  6.09790E+000   1.07301E-001   6.54311E-001
  6.14000E+000   1.05174E-001   6.45769E-001
  6.18239E+000   1.03083E-001   6.37298E-001
  6.22508E+000   1.00952E-001   6.28433E-001
  6.26806E+000   9.88893E-002   6.19845E-001
  6.31134E+000   9.70068E-002   6.12243E-001
  6.35491E+000   9.49686E-002   6.03518E-001
  6.39879E+000   9.30690E-002   5.95530E-001
  6.44297E+000   9.11265E-002   5.87126E-001
  6.48745E+000   8.92275E-002   5.78860E-001
  6.53225E+000   8.73624E-002   5.70674E-001
  6.57735E+000   8.56319E-002   5.63232E-001
  6.62276E+000   8.38119E-002   5.55067E-001
  6.66849E+000   8.20557E-002   5.47189E-001
  6.71453E+000   8.03315E-002   5.39389E-001
  6.76089E+000   7.85339E-002   5.30960E-001
  6.80757E+000   7.70065E-002   5.24228E-001
  6.85457E+000   7.53360E-002   5.16397E-001
  6.90190E+000   7.37952E-002   5.09328E-001
  6.94955E+000   7.21191E-002   5.01197E-001
  6.99753E+000   7.05629E-002   4.93767E-001
  7.04585E+000   6.90521E-002   4.86531E-001
  7.09450E+000   6.75543E-002   4.79265E-001
  7.14348E+000   6.61504E-002   4.72545E-001
  7.19280E+000   6.45935E-002   4.64609E-001
  7.24246E+000   6.32521E-002   4.58102E-001
  7.29247E+000   6.17969E-002   4.50653E-001
  7.34282E+000   6.05053E-002   4.44280E-001
  7.39352E+000   5.91479E-002   4.37311E-001
  7.44456E+000   5.78155E-002   4.30412E-001
  7.49596E+000   5.65845E-002   4.24156E-001
  7.54772E+000   5.52328E-002   4.16882E-001
  7.59983E+000   5.40127E-002   4.10488E-001
  7.65230E+000   5.28398E-002   4.04347E-001
  7.70514E+000   5.16327E-002   3.97838E-001
  7.75834E+000   5.04725E-002   3.91583E-001
  7.81191E+000   4.92829E-002   3.84994E-001
  7.86584E+000   4.81295E-002   3.78580E-001
  7.92015E+000   4.70862E-002   3.72931E-001
  7.97484E+000   4.59953E-002   3.66805E-001
  8.02990E+000   4.49695E-002   3.61102E-001
  8.08534E+000   4.38792E-002   3.54779E-001
  8.14116E+000   4.28641E-002   3.48964E-001
  8.19737E+000   4.18704E-002   3.43228E-001
  8.25397E+000   4.09488E-002   3.37991E-001
  8.31096E+000   3.99736E-002   3.32220E-001
  8.36834E+000   3.90222E-002   3.26552E-001
  8.42612E+000   3.81209E-002   3.21212E-001
  8.48430E+000   3.71864E-002   3.15501E-001
  8.54288E+000   3.63922E-002   3.10894E-001
  8.60186E+000   3.55056E-002   3.05415E-001
  8.66125E+000   3.46972E-002   3.00522E-001
  8.72105E+000   3.38184E-002   2.94932E-001
  8.78127E+000   3.30502E-002   2.90223E-001
  8.84190E+000   3.22670E-002   2.85302E-001
  8.90294E+000   3.14974E-002   2.80420E-001
  8.96441E+000   3.07638E-002   2.75780E-001
  9.02631E+000   3.00052E-002   2.70837E-001
  9.08863E+000   2.93173E-002   2.66454E-001
  9.15138E+000   2.85842E-002   2.61586E-001
  9.21457E+000   2.79289E-002   2.57354E-001
  9.27819E+000   2.72448E-002   2.52783E-001
  9.34225E+000   2.66132E-002   2.48627E-001
  9.40675E+000   2.59317E-002   2.43934E-001
  9.47170E+000   2.53138E-002   2.39765E-001
  9.53710E+000   2.47101E-002   2.35663E-001
  9.60294E+000   2.41274E-002   2.31695E-001
  9.66925E+000   2.35295E-002   2.27513E-001
  9.73601E+000   2.29517E-002   2.23458E-001
  9.80323E+000   2.23877E-002   2.19473E-001
  9.87091E+000   2.18366E-002   2.15548E-001
  9.93907E+000   2.13256E-002   2.11957E-001
  1.00077E+001   2.07844E-002   2.08004E-001
  1.00768E+001   2.02832E-002   2.04390E-001
  1.01464E+001   1.97723E-002   2.00617E-001
  1.02164E+001   1.92812E-002   1.96985E-001
  1.02870E+001   1.88229E-002   1.93631E-001
  1.03580E+001   1.83503E-002   1.90073E-001
  1.04295E+001   1.79121E-002   1.86814E-001
  1.05015E+001   1.74469E-002   1.83219E-001
  1.05740E+001   1.70196E-002   1.79966E-001
  1.06470E+001   1.65986E-002   1.76726E-001
  1.07205E+001   1.61975E-002   1.73646E-001
  1.07946E+001   1.57971E-002   1.70523E-001
  1.08691E+001   1.53869E-002   1.67242E-001
  1.09441E+001   1.50069E-002   1.64238E-001
  1.10197E+001   1.46223E-002   1.61134E-001
  1.10958E+001   1.42795E-002   1.58442E-001
  1.11724E+001   1.39053E-002   1.55355E-001
  1.12495E+001   1.35657E-002   1.52608E-001
  1.13272E+001   1.32275E-002   1.49831E-001
  1.14054E+001   1.28754E-002   1.46850E-001
  1.14841E+001   1.25661E-002   1.44311E-001
  1.15634E+001   1.22554E-002   1.41715E-001
  1.16433E+001   1.19398E-002   1.39018E-001
  1.17237E+001   1.16357E-002   1.36413E-001
  1.18046E+001   1.13439E-002   1.33911E-001
  1.18861E+001   1.10491E-002   1.31331E-001
  1.19682E+001   1.07833E-002   1.29057E-001
  1.20508E+001   1.05031E-002   1.26571E-001
  1.21340E+001   1.02401E-002   1.24253E-001
  1.22178E+001   9.96936E-003   1.21804E-001
  1.23022E+001   9.72164E-003   1.19597E-001
  1.23871E+001   9.47743E-003   1.17398E-001
  1.24726E+001   9.23428E-003   1.15176E-001
  1.25587E+001   9.00463E-003   1.13087E-001
  1.26455E+001   8.75980E-003   1.10772E-001
  1.27328E+001   8.54232E-003   1.08768E-001
  1.28207E+001   8.32406E-003   1.06720E-001
  1.29092E+001   8.11594E-003   1.04770E-001
  1.29983E+001   7.90796E-003   1.02790E-001
  1.30881E+001   7.69617E-003   1.00728E-001
  1.31784E+001   7.50299E-003   9.88778E-002
  1.32694E+001   7.30311E-003   9.69082E-002
  1.33610E+001   7.12783E-003   9.52355E-002
  1.34533E+001   6.93432E-003   9.32897E-002
  1.35462E+001   6.76068E-003   9.15815E-002
  1.36397E+001   6.58634E-003   8.98359E-002
  1.37339E+001   6.40722E-003   8.79962E-002
  1.38287E+001   6.24893E-003   8.64148E-002
  1.39242E+001   6.09154E-003   8.48198E-002
  1.40203E+001   5.92723E-003   8.31018E-002
  1.41171E+001   5.77528E-003   8.15305E-002
  1.42146E+001   5.62447E-003   7.99497E-002
  1.43127E+001   5.47533E-003   7.83671E-002
  1.44116E+001   5.34139E-003   7.69779E-002
  1.45111E+001   5.19787E-003   7.54268E-002
  1.46113E+001   5.06297E-003   7.39764E-002
  1.47121E+001   4.92777E-003   7.24982E-002
  1.48137E+001   4.80060E-003   7.11149E-002
  1.49160E+001   4.67776E-003   6.97736E-002
  1.50190E+001   4.55476E-003   6.84080E-002
  1.51227E+001   4.43864E-003   6.71243E-002
  1.52271E+001   4.31713E-003   6.57374E-002
  1.53322E+001   4.20545E-003   6.44790E-002
  1.54381E+001   4.09681E-003   6.32471E-002
  1.55447E+001   3.99142E-003   6.20455E-002
  1.56520E+001   3.88638E-003   6.08298E-002
  1.57601E+001   3.78067E-003   5.95838E-002
  1.58689E+001   3.68404E-003   5.84617E-002
  1.59785E+001   3.58388E-003   5.72649E-002
  1.60888E+001   3.49432E-003   5.62195E-002
  1.61999E+001   3.40154E-003   5.51045E-002
  1.63117E+001   3.31264E-003   5.40349E-002
  1.64243E+001   3.22197E-003   5.29187E-002
  1.65377E+001   3.13702E-003   5.18794E-002
  1.66519E+001   3.05676E-003   5.09009E-002
  1.67669E+001   2.97762E-003   4.99255E-002
  1.68827E+001   2.89725E-003   4.89134E-002
  1.69992E+001   2.81912E-003   4.79230E-002
  1.71166E+001   2.74522E-003   4.69889E-002
  1.72348E+001   2.67273E-003   4.60639E-002
  1.73538E+001   2.60399E-003   4.51891E-002
  1.74736E+001   2.53416E-003   4.42809E-002
  1.75942E+001   2.46561E-003   4.33806E-002
  1.77157E+001   2.40035E-003   4.25239E-002
  1.78380E+001   2.33495E-003   4.16510E-002
  1.79612E+001   2.27764E-003   4.09092E-002
  1.80852E+001   2.21558E-003   4.00693E-002
  1.82101E+001   2.15671E-003   3.92738E-002
  1.83358E+001   2.09727E-003   3.84552E-002
  1.84624E+001   2.04248E-003   3.77091E-002
  1.85899E+001   1.98963E-003   3.69870E-002
  1.87182E+001   1.93588E-003   3.62363E-002
  1.88475E+001   1.88470E-003   3.55218E-002
  1.89776E+001   1.83333E-003   3.47923E-002
  1.91086E+001   1.78514E-003   3.41117E-002
  1.92405E+001   1.73690E-003   3.34189E-002
  1.93734E+001   1.69233E-003   3.27862E-002
  1.95072E+001   1.64616E-003   3.21119E-002
  1.96418E+001   1.60182E-003   3.14627E-002
  1.97775E+001   1.55872E-003   3.08276E-002
  1.99140E+001   1.51655E-003   3.02007E-002
  2.00515E+001   1.47795E-003   2.96351E-002
  2.01899E+001   1.43736E-003   2.90202E-002
  2.03293E+001   1.39866E-003   2.84340E-002
  2.04697E+001   1.36057E-003   2.78506E-002
  2.06110E+001   1.32423E-003   2.72939E-002
  2.07533E+001   1.28922E-003   2.67557E-002
  2.08966E+001   1.25398E-003   2.62041E-002
  2.10409E+001   1.22123E-003   2.56959E-002
  2.11862E+001   1.18688E-003   2.51456E-002
  2.13325E+001   1.15526E-003   2.46445E-002
  2.14798E+001   1.12378E-003   2.41386E-002
  2.16281E+001   1.09402E-003   2.36616E-002
  2.17774E+001   1.06478E-003   2.31881E-002
  2.19278E+001   1.03436E-003   2.26812E-002
  2.20791E+001   1.00746E-003   2.22439E-002
  2.22316E+001   9.79440E-004   2.17745E-002
  2.23851E+001   9.53741E-004   2.13496E-002
  2.25396E+001   9.27548E-004   2.09067E-002
  2.26953E+001   9.02085E-004   2.04731E-002
  2.28520E+001   8.77354E-004   2.00493E-002
  2.30097E+001   8.53025E-004   1.96279E-002
  2.31686E+001   8.30689E-004   1.92460E-002
  2.33286E+001   8.07679E-004   1.88420E-002
  2.34897E+001   7.86010E-004   1.84631E-002
  2.36518E+001   7.63954E-004   1.80689E-002
  2.38151E+001   7.43002E-004   1.76947E-002
  2.39796E+001   7.22886E-004   1.73345E-002
  2.41451E+001   7.03858E-004   1.69948E-002
  2.43118E+001   6.84065E-004   1.66309E-002
  2.44797E+001   6.65020E-004   1.62795E-002
  2.46487E+001   6.47072E-004   1.59495E-002
  2.48189E+001   6.28713E-004   1.56040E-002
  2.49903E+001   6.12453E-004   1.53054E-002
  2.51628E+001   5.95176E-004   1.49763E-002
  2.53365E+001   5.78792E-004   1.46646E-002
  2.55115E+001   5.62402E-004   1.43477E-002
  2.56876E+001   5.46702E-004   1.40435E-002
  2.58650E+001   5.32202E-004   1.37654E-002
  2.60436E+001   5.17106E-004   1.34673E-002
  2.62234E+001   5.02539E-004   1.31783E-002
  2.64044E+001   4.88500E-004   1.28986E-002
  2.65867E+001   4.74411E-004   1.26131E-002
  2.67703E+001   4.61383E-004   1.23514E-002
  2.69551E+001   4.48297E-004   1.20839E-002
  2.71412E+001   4.35426E-004   1.18180E-002
  2.73286E+001   4.23173E-004   1.15648E-002
  2.75173E+001   4.10733E-004   1.13023E-002
  2.77073E+001   3.99204E-004   1.10609E-002
  2.78986E+001   3.88172E-004   1.08295E-002
  2.80912E+001   3.76977E-004   1.05898E-002
  2.82852E+001   3.66376E-004   1.03631E-002
  2.84805E+001   3.55972E-004   1.01383E-002
  2.86771E+001   3.45785E-004   9.91615E-003
  2.88751E+001   3.36482E-004   9.71597E-003
  2.90745E+001   3.26662E-004   9.49755E-003
  2.92752E+001   3.17539E-004   9.29605E-003
  2.94774E+001   3.08392E-004   9.09059E-003
  2.96809E+001   2.99631E-004   8.89334E-003
  2.98858E+001   2.91595E-004   8.71456E-003
  3.00922E+001   2.83116E-004   8.51960E-003
  3.02999E+001   2.75207E-004   8.33876E-003
  3.05091E+001   2.66916E-004   8.14341E-003
  3.07198E+001   2.59447E-004   7.97016E-003
  3.09319E+001   2.52256E-004   7.80277E-003
  3.11455E+001   2.44865E-004   7.62644E-003
  3.13605E+001   2.37766E-004   7.45646E-003
  3.15770E+001   2.30968E-004   7.29330E-003
  3.17950E+001   2.24171E-004   7.12754E-003
  3.20146E+001   2.17817E-004   6.97334E-003
  3.22356E+001   2.11585E-004   6.82059E-003
  3.24582E+001   2.05398E-004   6.66687E-003
  3.26823E+001   1.99458E-004   6.51874E-003
  3.29079E+001   1.93445E-004   6.36590E-003
  3.31351E+001   1.87855E-004   6.22462E-003
  3.33639E+001   1.82591E-004   6.09195E-003
  3.35943E+001   1.77017E-004   5.94679E-003
  3.38262E+001   1.71845E-004   5.81287E-003
  3.40598E+001   1.66793E-004   5.68096E-003
  3.42950E+001   1.61623E-004   5.54287E-003
  3.45317E+001   1.57228E-004   5.42936E-003
  3.47702E+001   1.52355E-004   5.29740E-003
  3.50102E+001   1.47812E-004   5.17495E-003
  3.52520E+001   1.43327E-004   5.05258E-003
  3.54953E+001   1.39039E-004   4.93525E-003
  3.57404E+001   1.34936E-004   4.82269E-003
  3.59872E+001   1.30868E-004   4.70960E-003
  3.62357E+001   1.26842E-004   4.59621E-003
  3.64858E+001   1.22947E-004   4.48582E-003
  3.67378E+001   1.19156E-004   4.37754E-003
  3.69914E+001   1.15610E-004   4.27659E-003
  3.72468E+001   1.11936E-004   4.16926E-003
  3.75040E+001   1.08549E-004   4.07104E-003
  3.77629E+001   1.05117E-004   3.96954E-003
  3.80237E+001   1.01773E-004   3.86977E-003
  3.82862E+001   9.85958E-005   3.77486E-003
  3.85505E+001   9.55618E-005   3.68396E-003
  3.88167E+001   9.24689E-005   3.58934E-003
  3.90847E+001   8.95329E-005   3.49937E-003
  3.93546E+001   8.66425E-005   3.40979E-003
  3.96263E+001   8.38571E-005   3.32295E-003
  3.98999E+001   8.12813E-005   3.24312E-003
  4.01754E+001   7.85887E-005   3.15734E-003
  4.04528E+001   7.60760E-005   3.07749E-003
  4.07321E+001   7.35468E-005   2.99572E-003
  4.10133E+001   7.11271E-005   2.91716E-003
  4.12965E+001   6.89069E-005   2.84562E-003
  4.15816E+001   6.66262E-005   2.77043E-003
  4.18687E+001   6.44225E-005   2.69729E-003
  4.21578E+001   6.22302E-005   2.62349E-003
  4.24488E+001   6.01985E-005   2.55536E-003
  4.27419E+001   5.82238E-005   2.48860E-003
  4.30370E+001   5.62488E-005   2.42079E-003
  4.33342E+001   5.43519E-005   2.35530E-003
  4.36334E+001   5.25653E-005   2.29360E-003
  4.39346E+001   5.06854E-005   2.22685E-003
  4.42380E+001   4.90339E-005   2.16917E-003
  4.45434E+001   4.73465E-005   2.10898E-003
  4.48510E+001   4.57235E-005   2.05075E-003
  4.51606E+001   4.41319E-005   1.99303E-003
  4.54724E+001   4.25526E-005   1.93497E-003
  4.57864E+001   4.11082E-005   1.88220E-003
  4.61025E+001   3.97189E-005   1.83114E-003
  4.64208E+001   3.82899E-005   1.77745E-003
  4.67414E+001   3.69206E-005   1.72572E-003
  4.70641E+001   3.56030E-005   1.67563E-003
  4.73890E+001   3.43403E-005   1.62736E-003
  4.77162E+001   3.31299E-005   1.58083E-003
  4.80457E+001   3.19562E-005   1.53536E-003
  4.83774E+001   3.07508E-005   1.48765E-003
  4.87114E+001   2.96366E-005   1.44364E-003
  4.90477E+001   2.85617E-005   1.40089E-003
  4.93864E+001   2.74914E-005   1.35770E-003
  4.97274E+001   2.65087E-005   1.31821E-003
  5.00707E+001   2.54641E-005   1.27501E-003
  5.04164E+001   2.45256E-005   1.23650E-003
  5.07645E+001   2.35845E-005   1.19726E-003
  5.11150E+001   2.27077E-005   1.16071E-003
  5.14679E+001   2.18385E-005   1.12398E-003
  5.18233E+001   2.10021E-005   1.08840E-003
  5.21811E+001   2.01698E-005   1.05248E-003
  5.25414E+001   1.93933E-005   1.01895E-003
  5.29042E+001   1.86509E-005   9.86713E-004
  5.32694E+001   1.79183E-005   9.54499E-004
  5.36372E+001   1.72230E-005   9.23794E-004
  5.40076E+001   1.65213E-005   8.92274E-004
  5.43804E+001   1.58608E-005   8.62518E-004
  5.47559E+001   1.52437E-005   8.34686E-004
  5.51340E+001   1.46491E-005   8.07664E-004
  5.55146E+001   1.40470E-005   7.79813E-004
  5.58979E+001   1.34741E-005   7.53177E-004
  5.62839E+001   1.29286E-005   7.27671E-004
  5.66725E+001   1.24034E-005   7.02936E-004
  5.70638E+001   1.19090E-005   6.79576E-004
  5.74578E+001   1.14276E-005   6.56607E-004
  5.78545E+001   1.09461E-005   6.33285E-004
  5.82539E+001   1.04934E-005   6.11285E-004
  5.86561E+001   1.00729E-005   5.90841E-004
  5.90611E+001   9.66324E-006   5.70723E-004
  5.94689E+001   9.25626E-006   5.50461E-004
  5.98795E+001   8.87308E-006   5.31317E-004
  6.02929E+001   8.49797E-006   5.12368E-004
  6.07092E+001   8.15403E-006   4.95026E-004
  6.11284E+001   7.80847E-006   4.77320E-004
  6.15504E+001   7.48559E-006   4.60742E-004
  6.19754E+001   7.15971E-006   4.43727E-004
  6.24033E+001   6.85268E-006   4.27631E-004
  6.28342E+001   6.57043E-006   4.12849E-004
  6.32680E+001   6.29370E-006   3.98191E-004
  6.37048E+001   6.03124E-006   3.84220E-004
  6.41447E+001   5.76202E-006   3.69603E-004
  6.45876E+001   5.52075E-006   3.56572E-004
  6.50335E+001   5.29299E-006   3.44223E-004
  6.54825E+001   5.06319E-006   3.31551E-004
  6.59346E+001   4.85492E-006   3.20108E-004
  6.63899E+001   4.64206E-006   3.08186E-004
  6.68483E+001   4.44935E-006   2.97432E-004
  6.73098E+001   4.26152E-006   2.86843E-004
  6.77746E+001   4.08208E-006   2.76662E-004
  6.82425E+001   3.90976E-006   2.66812E-004
  6.87137E+001   3.74603E-006   2.57404E-004
  6.91881E+001   3.58722E-006   2.48194E-004
  6.96658E+001   3.44037E-006   2.39677E-004
  7.01468E+001   3.29828E-006   2.31364E-004
  7.06311E+001   3.16094E-006   2.23261E-004
  7.11188E+001   3.02561E-006   2.15178E-004
  7.16098E+001   2.90327E-006   2.07903E-004
  7.21043E+001   2.78452E-006   2.00776E-004
  7.26021E+001   2.67145E-006   1.93953E-004
  7.31034E+001   2.56424E-006   1.87455E-004
  7.36081E+001   2.45459E-006   1.80678E-004
  7.41163E+001   2.36042E-006   1.74946E-004
  7.46281E+001   2.26758E-006   1.69225E-004
  7.51433E+001   2.17492E-006   1.63431E-004
  7.56621E+001   2.08998E-006   1.58133E-004
  7.61845E+001   2.00392E-006   1.52668E-004
  7.67106E+001   1.92895E-006   1.47971E-004
  7.72402E+001   1.85116E-006   1.42984E-004
  7.77735E+001   1.78164E-006   1.38565E-004
  7.83105E+001   1.71251E-006   1.34108E-004
  7.88512E+001   1.64574E-006   1.29769E-004
  7.93956E+001   1.58308E-006   1.25690E-004
  7.99438E+001   1.52289E-006   1.21746E-004
  8.04957E+001   1.46494E-006   1.17922E-004
  8.10515E+001   1.41149E-006   1.14404E-004
  8.16111E+001   1.35512E-006   1.10593E-004
  8.21746E+001   1.30813E-006   1.07495E-004
  8.27420E+001   1.25852E-006   1.04133E-004
  8.33133E+001   1.21380E-006   1.01125E-004
  8.38885E+001   1.17010E-006   9.81582E-005
  8.44677E+001   1.12688E-006   9.51849E-005
  8.50509E+001   1.08787E-006   9.25242E-005
  8.56381E+001   1.04710E-006   8.96722E-005
  8.62294E+001   1.01078E-006   8.71593E-005
  8.68248E+001   9.76458E-007   8.47809E-005
  8.74242E+001   9.40310E-007   8.22061E-005
  8.80278E+001   9.09932E-007   8.00995E-005
  8.86356E+001   8.77008E-007   7.77343E-005
  8.92476E+001   8.48592E-007   7.57349E-005
  8.98638E+001   8.19169E-007   7.36138E-005
  9.04843E+001   7.90901E-007   7.15643E-005
  9.11090E+001   7.65846E-007   6.97756E-005
  9.17381E+001   7.38828E-007   6.77788E-005
  9.23715E+001   7.15022E-007   6.60477E-005
  9.30092E+001   6.92678E-007   6.44255E-005
  9.36514E+001   6.68145E-007   6.25729E-005
  9.42980E+001   6.46759E-007   6.09882E-005
  9.49491E+001   6.26424E-007   5.94785E-005
  9.56047E+001   6.06195E-007   5.79552E-005
  9.62648E+001   5.86312E-007   5.64413E-005
  9.69294E+001   5.66723E-007   5.49323E-005
  9.75986E+001   5.48463E-007   5.35293E-005
  9.82725E+001   5.30259E-007   5.21100E-005
  9.89510E+001   5.13679E-007   5.08292E-005
  9.96342E+001   4.96314E-007   4.94500E-005
  1.00322E+002   4.79822E-007   4.81368E-005
  1.01015E+002   4.64239E-007   4.68951E-005
  1.01712E+002   4.49122E-007   4.56813E-005
  1.02415E+002   4.34349E-007   4.44837E-005
  1.03122E+002   4.20004E-007   4.33116E-005
  1.03834E+002   4.05858E-007   4.21418E-005
  1.04551E+002   3.92577E-007   4.10442E-005
  1.05272E+002   3.79268E-007   3.99265E-005
  1.05999E+002   3.66248E-007   3.88221E-005
  1.06731E+002   3.53796E-007   3.77611E-005
  1.07468E+002   3.41126E-007   3.66603E-005
  1.08210E+002   3.29023E-007   3.56036E-005
  1.08957E+002   3.16711E-007   3.45080E-005
  1.09709E+002   3.05235E-007   3.34872E-005
  1.10467E+002   2.92998E-007   3.23666E-005
  1.11230E+002   2.81178E-007   3.12754E-005
  1.11998E+002   2.69892E-007   3.02273E-005
  1.12771E+002   2.57442E-007   2.90321E-005
  1.13550E+002   2.46003E-007   2.79336E-005
  1.14333E+002   2.33799E-007   2.67311E-005
  1.15123E+002   2.22090E-007   2.55677E-005
  1.15918E+002   2.09903E-007   2.43315E-005
  1.16718E+002   1.98170E-007   2.31301E-005
  1.17524E+002   1.86205E-007   2.18836E-005
  1.18335E+002   1.74526E-007   2.06527E-005
  1.19152E+002   1.62402E-007   1.93506E-005
  1.19975E+002   1.50860E-007   1.80995E-005
  1.20803E+002   1.39753E-007   1.68827E-005
  1.21638E+002   1.28860E-007   1.56742E-005
  1.22477E+002   1.18270E-007   1.44854E-005
  1.23323E+002   1.08143E-007   1.33365E-005
  1.24175E+002   9.80457E-008   1.21748E-005
  1.25032E+002   8.87050E-008   1.10910E-005
  1.25895E+002   7.98157E-008   1.00484E-005
  1.26764E+002   7.08258E-008   8.97820E-006
  1.27640E+002   6.24805E-008   7.97500E-006
  1.28521E+002   5.44909E-008   7.00323E-006
  1.29408E+002   4.69302E-008   6.07316E-006
  1.30302E+002   4.00299E-008   5.21597E-006
  1.31201E+002   3.38654E-008   4.44320E-006
  1.32107E+002   2.81984E-008   3.72523E-006
  1.33019E+002   2.31963E-008   3.08556E-006
  1.33938E+002   1.86130E-008   2.49298E-006
  1.34863E+002   1.45647E-008   1.96423E-006
  1.35794E+002   1.08724E-008   1.47640E-006
  1.36731E+002   7.56224E-009   1.03400E-006
  1.37675E+002   4.65084E-009   6.40307E-007
  1.38626E+002   1.84112E-009   2.55227E-007
  1.39583E+002   1.43673E-011   2.00543E-009
  1.40547E+002   5.48620E-012   7.71070E-010
  1.41517E+002   3.76565E-012   5.32905E-010
  1.42494E+002   1.84710E-012   2.63202E-010
  1.43478E+002   2.46251E-012   3.53317E-010
  1.44469E+002   1.82186E-012   2.63202E-010
  1.45466E+002   1.72158E-012   2.50432E-010
  1.46471E+002   1.70977E-012   2.50432E-010
  1.47482E+002   2.62168E-012   3.86650E-010
  1.48500E+002   2.04223E-012   3.03272E-010
  1.49525E+002   1.51097E-012   2.25928E-010
  1.50558E+002   1.50061E-012   2.25928E-010
  1.51597E+002   1.97596E-012   2.99551E-010
  1.52644E+002   1.46449E-012   2.23546E-010
  1.53698E+002   4.79006E-013   7.36224E-011
  1.54759E+002   0.00000E+000   0.00000E+000
  1.55828E+002   0.00000E+000   0.00000E+000
  1.56904E+002   0.00000E+000   0.00000E+000
  1.57987E+002   0.00000E+000   0.00000E+000
  1.59078E+002   0.00000E+000   0.00000E+000
  1.60176E+002   0.00000E+000   0.00000E+000
# === MC buffered block (log=T, range=[  2.7253E+00,  1.5307E+02 K], n_samp=200000, buf_full=T)
#     T_mid[K]   dP/dT [1/K]   dP/dlnT
  2.59799E+000   0.00000E+000   0.00000E+000
  2.61593E+000   0.00000E+000   0.00000E+000
  2.63399E+000   0.00000E+000   0.00000E+000
  2.65217E+000   0.00000E+000   0.00000E+000
  2.67049E+000   0.00000E+000   0.00000E+000
  2.68892E+000   0.00000E+000   0.00000E+000
  2.70749E+000   0.00000E+000   0.00000E+000
  2.72618E+000   0.00000E+000   0.00000E+000
  2.74501E+000   8.72297E-002   2.39447E-001
  2.76396E+000   1.85633E-001   5.13083E-001
  2.78304E+000   2.77624E-001   7.72642E-001
  2.80226E+000   3.45446E-001   9.68031E-001
  2.82161E+000   3.23764E-001   9.13537E-001
  2.84109E+000   2.88940E-001   8.20905E-001
  2.86070E+000   2.65452E-001   7.59380E-001
  2.88045E+000   2.69101E-001   7.75134E-001
  2.90034E+000   2.41097E-001   6.99264E-001
  2.92037E+000   2.36024E-001   6.89278E-001
  2.94053E+000   2.31376E-001   6.80369E-001
  2.96083E+000   2.23111E-001   6.60595E-001
  2.98128E+000   2.19621E-001   6.54753E-001
  3.00186E+000   2.62396E-001   7.87677E-001
  3.02259E+000   2.37989E-001   7.19345E-001
  3.04346E+000   2.71827E-001   8.27297E-001
  3.06447E+000   2.45066E-001   7.50998E-001
  3.08563E+000   2.32490E-001   7.17380E-001
  3.10693E+000   2.30434E-001   7.15944E-001
  3.12838E+000   2.84725E-001   8.90729E-001
  3.14998E+000   2.07935E-001   6.54994E-001
  3.17173E+000   2.54727E-001   8.07927E-001
  3.19363E+000   2.59881E-001   8.29965E-001
  3.21568E+000   2.38445E-001   7.66764E-001
  3.23788E+000   2.40174E-001   7.77656E-001
  3.26024E+000   2.41009E-001   7.85747E-001
  3.28275E+000   2.64981E-001   8.69869E-001
  3.30542E+000   2.70281E-001   8.93393E-001
  3.32824E+000   2.48192E-001   8.26042E-001
  3.35122E+000   2.98244E-001   9.99484E-001
  3.37436E+000   2.92322E-001   9.86399E-001
  3.39765E+000   2.84526E-001   9.66724E-001
  3.42111E+000   2.80021E-001   9.57986E-001
  3.44473E+000   3.10609E-001   1.06997E+000
  3.46852E+000   3.08590E-001   1.07035E+000
  3.49246E+000   2.96344E-001   1.03497E+000
  3.51658E+000   2.91670E-001   1.02568E+000
  3.54086E+000   2.93675E-001   1.03986E+000
  3.56531E+000   2.94651E-001   1.05052E+000
  3.58992E+000   3.22336E-001   1.15716E+000
  3.61471E+000   2.92828E-001   1.05849E+000
  3.63967E+000   2.71304E-001   9.87457E-001
  3.66480E+000   2.90731E-001   1.06547E+000
  3.69010E+000   2.98897E-001   1.10296E+000
  3.71558E+000   3.00775E-001   1.11755E+000
  3.74123E+000   2.77460E-001   1.03805E+000
  3.76706E+000   2.61435E-001   9.84845E-001
  3.79307E+000   2.81553E-001   1.06795E+000
  3.81926E+000   2.74743E-001   1.04932E+000
  3.84563E+000   3.03236E-001   1.16613E+000
  3.87218E+000   2.71782E-001   1.05239E+000
  3.89892E+000   2.67077E-001   1.04131E+000
  3.92584E+000   2.72590E-001   1.07014E+000
  3.95294E+000   2.76030E-001   1.09113E+000
  3.98024E+000   2.94793E-001   1.17335E+000
  4.00772E+000   2.63306E-001   1.05526E+000
  4.03539E+000   2.54221E-001   1.02588E+000
  4.06325E+000   2.53597E-001   1.03043E+000
  4.09130E+000   2.63622E-001   1.07856E+000
  4.11955E+000   2.75639E-001   1.13551E+000
  4.14799E+000   2.51670E-001   1.04393E+000
  4.17663E+000   2.43296E-001   1.01616E+000
  4.20547E+000   2.50453E-001   1.05327E+000
  4.23451E+000   2.48842E-001   1.05372E+000
  4.26374E+000   2.54801E-001   1.08641E+000
  4.29318E+000   2.41211E-001   1.03557E+000
  4.32283E+000   2.31638E-001   1.00133E+000
  4.35267E+000   2.38192E-001   1.03677E+000
  4.38272E+000   2.45276E-001   1.07498E+000
  4.41298E+000   2.23188E-001   9.84925E-001
  4.44345E+000   2.40561E-001   1.06892E+000
  4.47413E+000   2.19594E-001   9.82497E-001
  4.50502E+000   2.14607E-001   9.66813E-001
  4.53613E+000   2.18370E-001   9.90559E-001
  4.56745E+000   2.16422E-001   9.88501E-001
  4.59898E+000   2.24111E-001   1.03069E+000
  4.63074E+000   2.09403E-001   9.69690E-001
  4.66271E+000   2.07151E-001   9.65888E-001
  4.69490E+000   2.07555E-001   9.74454E-001
  4.72732E+000   2.02511E-001   9.57338E-001
  4.75996E+000   2.12289E-001   1.01049E+000
  4.79282E+000   1.95832E-001   9.38590E-001
  4.82591E+000   1.91822E-001   9.25719E-001
  4.85923E+000   1.89021E-001   9.18497E-001
  4.89279E+000   1.89789E-001   9.28598E-001
  4.92657E+000   1.93464E-001   9.53114E-001
  4.96058E+000   1.90183E-001   9.43423E-001
  4.99483E+000   1.75883E-001   8.78508E-001
  5.02932E+000   1.74021E-001   8.75206E-001
  5.06404E+000   1.80778E-001   9.15467E-001
  5.09901E+000   1.77639E-001   9.05784E-001
  5.13421E+000   1.78021E-001   9.14002E-001
  5.16966E+000   1.64637E-001   8.51121E-001
  5.20536E+000   1.63719E-001   8.52217E-001
  5.24130E+000   1.65531E-001   8.67597E-001
  5.27748E+000   1.68112E-001   8.87211E-001
  5.31392E+000   1.54204E-001   8.19430E-001
  5.35061E+000   1.62368E-001   8.68770E-001
  5.38755E+000   1.49334E-001   8.04545E-001
  5.42475E+000   1.49533E-001   8.11180E-001
  5.46221E+000   1.45535E-001   7.94941E-001
  5.49992E+000   1.47103E-001   8.09054E-001
  5.53789E+000   1.44727E-001   8.01486E-001
  5.57613E+000   1.37279E-001   7.65488E-001
  5.61463E+000   1.33982E-001   7.52259E-001
  5.65340E+000   1.36041E-001   7.69096E-001
  5.69243E+000   1.33058E-001   7.57425E-001
  5.73173E+000   1.33911E-001   7.67545E-001
  5.77131E+000   1.28552E-001   7.41917E-001
  5.81115E+000   1.20069E-001   6.97743E-001
  5.85128E+000   1.25816E-001   7.36186E-001
  5.89168E+000   1.20460E-001   7.09712E-001
  5.93235E+000   1.21123E-001   7.18546E-001
  5.97331E+000   1.19672E-001   7.14841E-001
  6.01456E+000   1.10461E-001   6.64375E-001
  6.05608E+000   1.08896E-001   6.59486E-001
  6.09790E+000   1.10001E-001   6.70776E-001
  6.14000E+000   1.07729E-001   6.61457E-001
  6.18239E+000   1.07745E-001   6.66125E-001
  6.22508E+000   1.04118E-001   6.48144E-001
  6.26806E+000   9.80107E-002   6.14338E-001
  6.31134E+000   9.64292E-002   6.08598E-001
  6.35491E+000   9.92225E-002   6.30551E-001
  6.39879E+000   9.39199E-002   6.00975E-001
  6.44297E+000   9.48266E-002   6.10966E-001
  6.48745E+000   8.88141E-002   5.76178E-001
  6.53225E+000   8.55891E-002   5.59090E-001
  6.57735E+000   8.73823E-002   5.74745E-001
  6.62276E+000   8.59163E-002   5.69004E-001
  6.66849E+000   8.31964E-002   5.54795E-001
  6.71453E+000   8.35045E-002   5.60694E-001
  6.76089E+000   7.83341E-002   5.29609E-001
  6.80757E+000   7.68717E-002   5.23310E-001
  6.85457E+000   7.47143E-002   5.12135E-001
  6.90190E+000   7.71593E-002   5.32547E-001
  6.94955E+000   7.40206E-002   5.14411E-001
  6.99753E+000   7.08900E-002   4.96056E-001
  7.04585E+000   6.85416E-002   4.82935E-001
  7.09450E+000   6.91237E-002   4.90399E-001
  7.14348E+000   6.73209E-002   4.80906E-001
  7.19280E+000   6.78804E-002   4.88251E-001
  7.24246E+000   6.47988E-002   4.69304E-001
  7.29247E+000   6.13486E-002   4.47383E-001
  7.34282E+000   6.06539E-002   4.45371E-001
  7.39352E+000   6.09710E-002   4.50791E-001
  7.44456E+000   5.96206E-002   4.43851E-001
  7.49596E+000   5.97441E-002   4.47840E-001
  7.54772E+000   5.48724E-002   4.14162E-001
  7.59983E+000   5.42807E-002   4.12525E-001
  7.65230E+000   5.42369E-002   4.15038E-001
  7.70514E+000   5.38190E-002   4.14684E-001
  7.75834E+000   5.28668E-002   4.10160E-001
  7.81191E+000   5.11453E-002   3.99543E-001
  7.86584E+000   4.86856E-002   3.82954E-001
  7.92015E+000   4.78631E-002   3.79084E-001
  7.97484E+000   4.74743E-002   3.78601E-001
  8.02990E+000   4.64772E-002   3.73208E-001
  8.08534E+000   4.60032E-002   3.71952E-001
  8.14116E+000   4.33345E-002   3.52794E-001
  8.19737E+000   4.14353E-002   3.39661E-001
  8.25397E+000   4.22234E-002   3.48512E-001
  8.31096E+000   4.10092E-002   3.40827E-001
  8.36834E+000   3.99478E-002   3.34298E-001
  8.42612E+000   3.99019E-002   3.36219E-001
  8.48430E+000   3.70050E-002   3.13962E-001
  8.54288E+000   3.75893E-002   3.21121E-001
  8.60186E+000   3.61116E-002   3.10627E-001
  8.66125E+000   3.67020E-002   3.17886E-001
  8.72105E+000   3.55800E-002   3.10295E-001
  8.78127E+000   3.30497E-002   2.90219E-001
  8.84190E+000   3.32345E-002   2.93857E-001
  8.90294E+000   3.27664E-002   2.91718E-001
  8.96441E+000   3.18414E-002   2.85440E-001
  9.02631E+000   3.12786E-002   2.82331E-001
  9.08863E+000   3.02825E-002   2.75227E-001
  9.15138E+000   2.90322E-002   2.65685E-001
  9.21457E+000   2.86258E-002   2.63775E-001
  9.27819E+000   2.84473E-002   2.63940E-001
  9.34225E+000   2.70251E-002   2.52476E-001
  9.40675E+000   2.74036E-002   2.57780E-001
  9.47170E+000   2.56468E-002   2.42919E-001
  9.53710E+000   2.48806E-002   2.37289E-001
  9.60294E+000   2.49982E-002   2.40057E-001
  9.66925E+000   2.39525E-002   2.31603E-001
  9.73601E+000   2.36259E-002   2.30022E-001
  9.80323E+000   2.31714E-002   2.27155E-001
  9.87091E+000   2.17610E-002   2.14802E-001
  9.93907E+000   2.19100E-002   2.17766E-001
  1.00077E+001   2.12478E-002   2.12642E-001
  1.00768E+001   2.07914E-002   2.09510E-001
  1.01464E+001   2.04266E-002   2.07256E-001
  1.02164E+001   1.91623E-002   1.95771E-001
  1.02870E+001   1.90756E-002   1.96230E-001
  1.03580E+001   1.86496E-002   1.93172E-001
  1.04295E+001   1.85536E-002   1.93505E-001
  1.05015E+001   1.78794E-002   1.87761E-001
  1.05740E+001   1.72049E-002   1.81925E-001
  1.06470E+001   1.68070E-002   1.78945E-001
  1.07205E+001   1.67438E-002   1.79503E-001
  1.07946E+001   1.58394E-002   1.70980E-001
  1.08691E+001   1.61910E-002   1.75982E-001
  1.09441E+001   1.54768E-002   1.69381E-001
  1.10197E+001   1.45410E-002   1.60237E-001
  1.10958E+001   1.43557E-002   1.59288E-001
  1.11724E+001   1.45854E-002   1.62954E-001
  1.12495E+001   1.37264E-002   1.54416E-001
  1.13272E+001   1.38992E-002   1.57439E-001
  1.14054E+001   1.29443E-002   1.47636E-001
  1.14841E+001   1.24968E-002   1.43515E-001
  1.15634E+001   1.28354E-002   1.48422E-001
  1.16433E+001   1.21869E-002   1.41896E-001
  1.17237E+001   1.19987E-002   1.40669E-001
  1.18046E+001   1.17852E-002   1.39120E-001
  1.18861E+001   1.10260E-002   1.31056E-001
  1.19682E+001   1.10676E-002   1.32459E-001
  1.20508E+001   1.07629E-002   1.29702E-001
  1.21340E+001   1.05717E-002   1.28278E-001
  1.22178E+001   1.02738E-002   1.25524E-001
  1.23022E+001   9.74274E-003   1.19857E-001
  1.23871E+001   9.60386E-003   1.18964E-001
  1.24726E+001   9.52352E-003   1.18783E-001
  1.25587E+001   9.19763E-003   1.15511E-001
  1.26455E+001   9.10333E-003   1.15116E-001
  1.27328E+001   8.63410E-003   1.09936E-001
  1.28207E+001   8.51646E-003   1.09187E-001
  1.29092E+001   8.36594E-003   1.07998E-001
  1.29983E+001   7.95656E-003   1.03422E-001
  1.30881E+001   7.97081E-003   1.04323E-001
  1.31784E+001   7.78599E-003   1.02607E-001
  1.32694E+001   7.29572E-003   9.68102E-002
  1.33610E+001   7.14619E-003   9.54807E-002
  1.34533E+001   7.25820E-003   9.76468E-002
  1.35462E+001   6.84564E-003   9.27325E-002
  1.36397E+001   6.92066E-003   9.43960E-002
  1.37339E+001   6.45211E-003   8.86127E-002
  1.38287E+001   6.26965E-003   8.67013E-002
  1.39242E+001   6.33641E-003   8.82295E-002
  1.40203E+001   6.00438E-003   8.41835E-002
  1.41171E+001   5.92233E-003   8.36064E-002
  1.42146E+001   5.77822E-003   8.21352E-002
  1.43127E+001   5.49221E-003   7.86087E-002
  1.44116E+001   5.45635E-003   7.86346E-002
  1.45111E+001   5.34583E-003   7.75738E-002
  1.46113E+001   5.16987E-003   7.55384E-002
  1.47121E+001   5.06884E-003   7.45736E-002
  1.48137E+001   4.79557E-003   7.10403E-002
  1.49160E+001   4.75680E-003   7.09526E-002
  1.50190E+001   4.67688E-003   7.02422E-002
  1.51227E+001   4.60244E-003   6.96013E-002
  1.52271E+001   4.41745E-003   6.72651E-002
  1.53322E+001   4.25662E-003   6.52636E-002
  1.54381E+001   4.14866E-003   6.40475E-002
  1.55447E+001   4.12508E-003   6.41232E-002
  1.56520E+001   3.92706E-003   6.14665E-002
  1.57601E+001   3.91922E-003   6.17673E-002
  1.58689E+001   3.75871E-003   5.96466E-002
  1.59785E+001   3.58402E-003   5.72672E-002
  1.60888E+001   3.59774E-003   5.78833E-002
  1.61999E+001   3.54499E-003   5.74284E-002
  1.63117E+001   3.31534E-003   5.40789E-002
  1.64243E+001   3.39548E-003   5.57685E-002
  1.65377E+001   3.16932E-003   5.24134E-002
  1.66519E+001   3.08512E-003   5.13733E-002
  1.67669E+001   3.09522E-003   5.18973E-002
  1.68827E+001   2.94596E-003   4.97357E-002
  1.69992E+001   2.89452E-003   4.92047E-002
  1.71166E+001   2.80665E-003   4.80403E-002
  1.72348E+001   2.64154E-003   4.55265E-002
  1.73538E+001   2.73123E-003   4.73973E-002
  1.74736E+001   2.57750E-003   4.50383E-002
  1.75942E+001   2.51627E-003   4.42720E-002
  1.77157E+001   2.46497E-003   4.36688E-002
  1.78380E+001   2.34273E-003   4.17897E-002
  1.79612E+001   2.32880E-003   4.18282E-002
  1.80852E+001   2.25871E-003   4.08492E-002
  1.82101E+001   2.24051E-003   4.07998E-002
  1.83358E+001   2.15234E-003   3.94649E-002
  1.84624E+001   2.02428E-003   3.73732E-002
  1.85899E+001   2.00594E-003   3.72902E-002
  1.87182E+001   1.99327E-003   3.73105E-002
  1.88475E+001   1.93034E-003   3.63820E-002
  1.89776E+001   1.91740E-003   3.63877E-002
  1.91086E+001   1.76634E-003   3.37524E-002
  1.92405E+001   1.74529E-003   3.35805E-002
  1.93734E+001   1.76501E-003   3.41943E-002
  1.95072E+001   1.69227E-003   3.30115E-002
  1.96418E+001   1.62731E-003   3.19635E-002
  1.97775E+001   1.59551E-003   3.15552E-002
  1.99140E+001   1.53101E-003   3.04886E-002
  2.00515E+001   1.49832E-003   3.00437E-002
  2.01899E+001   1.48038E-003   2.98888E-002
  2.03293E+001   1.42968E-003   2.90645E-002
  2.04697E+001   1.40654E-003   2.87915E-002
  2.06110E+001   1.33863E-003   2.75906E-002
  2.07533E+001   1.28804E-003   2.67312E-002
  2.08966E+001   1.28907E-003   2.69374E-002
  2.10409E+001   1.26940E-003   2.67094E-002
  2.11862E+001   1.22066E-003   2.58611E-002
  2.13325E+001   1.17560E-003   2.50786E-002
  2.14798E+001   1.11972E-003   2.40514E-002
  2.16281E+001   1.12907E-003   2.44197E-002
  2.17774E+001   1.08024E-003   2.35249E-002
  2.19278E+001   1.07926E-003   2.36658E-002
  2.20791E+001   1.03433E-003   2.28372E-002
  2.22316E+001   9.79997E-004   2.17869E-002
  2.23851E+001   9.82548E-004   2.19945E-002
  2.25396E+001   9.51295E-004   2.14419E-002
  2.26953E+001   9.28532E-004   2.10733E-002
  2.28520E+001   9.16701E-004   2.09485E-002
  2.30097E+001   8.50538E-004   1.95707E-002
  2.31686E+001   8.46548E-004   1.96134E-002
  2.33286E+001   8.39383E-004   1.95817E-002
  2.34897E+001   7.98246E-004   1.87506E-002
  2.36518E+001   7.95797E-004   1.88221E-002
  2.38151E+001   7.57779E-004   1.80466E-002
  2.39796E+001   7.18148E-004   1.72209E-002
  2.41451E+001   7.34646E-004   1.77382E-002
  2.43118E+001   7.04815E-004   1.71354E-002
  2.44797E+001   6.84470E-004   1.67557E-002
  2.46487E+001   6.62553E-004   1.63311E-002
  2.48189E+001   6.26994E-004   1.55613E-002
  2.49903E+001   6.32414E-004   1.58042E-002
  2.51628E+001   6.03207E-004   1.51784E-002
  2.53365E+001   6.02346E-004   1.52614E-002
  2.55115E+001   5.74789E-004   1.46637E-002
  2.56876E+001   5.38939E-004   1.38441E-002
  2.58650E+001   5.47304E-004   1.41560E-002
  2.60436E+001   5.24723E-004   1.36657E-002
  2.62234E+001   5.24463E-004   1.37532E-002
  2.64044E+001   5.04587E-004   1.33234E-002
  2.65867E+001   4.72244E-004   1.25554E-002
  2.67703E+001   4.62572E-004   1.23832E-002
  2.69551E+001   4.63564E-004   1.24955E-002
  2.71412E+001   4.44671E-004   1.20689E-002
  2.73286E+001   4.36932E-004   1.19408E-002
  2.75173E+001   4.10231E-004   1.12885E-002
  2.77073E+001   3.98272E-004   1.10351E-002
  2.78986E+001   4.01373E-004   1.11978E-002
  2.80912E+001   3.81210E-004   1.07087E-002
  2.82852E+001   3.75083E-004   1.06093E-002
  2.84805E+001   3.64776E-004   1.03890E-002
  2.86771E+001   3.43485E-004   9.85018E-003
  2.88751E+001   3.42587E-004   9.89226E-003
  2.90745E+001   3.34042E-004   9.71212E-003
  2.92752E+001   3.25918E-004   9.54134E-003
  2.94774E+001   3.18944E-004   9.40166E-003
  2.96809E+001   2.98377E-004   8.85610E-003
  2.98858E+001   2.97350E-004   8.88656E-003
  3.00922E+001   2.86648E-004   8.62588E-003
  3.02999E+001   2.87582E-004   8.71372E-003
  3.05091E+001   2.74758E-004   8.38266E-003
  3.07198E+001   2.55668E-004   7.85408E-003
  3.09319E+001   2.53824E-004   7.85127E-003
  3.11455E+001   2.51228E-004   7.82463E-003
  3.13605E+001   2.44566E-004   7.66974E-003
  3.15770E+001   2.41390E-004   7.62239E-003
  3.17950E+001   2.24539E-004   7.13923E-003
  3.20146E+001   2.18809E-004   7.00509E-003
  3.22356E+001   2.20229E-004   7.09923E-003
  3.24582E+001   2.09670E-004   6.80551E-003
  3.26823E+001   2.07229E-004   6.77275E-003
  3.29079E+001   1.98389E-004   6.52860E-003
  3.31351E+001   1.89493E-004   6.27888E-003
  3.33639E+001   1.88678E-004   6.29506E-003
  3.35943E+001   1.82700E-004   6.13768E-003
  3.38262E+001   1.78303E-004   6.03132E-003
  3.40598E+001   1.77241E-004   6.03679E-003
  3.42950E+001   1.67265E-004   5.73635E-003
  3.45317E+001   1.63235E-004   5.63682E-003
  3.47702E+001   1.56752E-004   5.45032E-003
  3.50102E+001   1.57477E-004   5.51330E-003
  3.52520E+001   1.51061E-004   5.32520E-003
  3.54953E+001   1.42618E-004   5.06229E-003
  3.57404E+001   1.40911E-004   5.03622E-003
  3.59872E+001   1.36873E-004   4.92570E-003
  3.62357E+001   1.34606E-004   4.87756E-003
  3.64858E+001   1.32660E-004   4.84021E-003
  3.67378E+001   1.21963E-004   4.48065E-003
  3.69914E+001   1.17947E-004   4.36303E-003
  3.72468E+001   1.19902E-004   4.46597E-003
  3.75040E+001   1.13102E-004   4.24177E-003
  3.77629E+001   1.10979E-004   4.19092E-003
  3.80237E+001   1.04431E-004   3.97084E-003
  3.82862E+001   1.02598E-004   3.92809E-003
  3.85505E+001   9.94040E-005   3.83209E-003
  3.88167E+001   9.76272E-005   3.78957E-003
  3.90847E+001   9.35647E-005   3.65696E-003
  3.93546E+001   9.10272E-005   3.58234E-003
  3.96263E+001   8.55879E-005   3.39154E-003
  3.98999E+001   8.41410E-005   3.35722E-003
  4.01754E+001   8.11925E-005   3.26195E-003
  4.04528E+001   7.89307E-005   3.19297E-003
  4.07321E+001   7.66534E-005   3.12226E-003
  4.10133E+001   7.19464E-005   2.95076E-003
  4.12965E+001   7.18087E-005   2.96545E-003
  4.15816E+001   6.64755E-005   2.76416E-003
  4.18687E+001   6.89051E-005   2.88497E-003
  4.21578E+001   6.46106E-005   2.72384E-003
  4.24488E+001   6.13739E-005   2.60525E-003
  4.27419E+001   5.89398E-005   2.51920E-003
  4.30370E+001   5.82749E-005   2.50798E-003
  4.33342E+001   5.63311E-005   2.44107E-003
  4.36334E+001   5.51662E-005   2.40709E-003
  4.39346E+001   5.14230E-005   2.25925E-003
  4.42380E+001   4.86152E-005   2.15064E-003
  4.45434E+001   4.96126E-005   2.20992E-003
  4.48510E+001   4.64781E-005   2.08459E-003
  4.51606E+001   4.49242E-005   2.02881E-003
  4.54724E+001   4.32217E-005   1.96540E-003
  4.57864E+001   4.06563E-005   1.86151E-003
  4.61025E+001   4.03243E-005   1.85906E-003
  4.64208E+001   3.95463E-005   1.83578E-003
  4.67414E+001   3.63557E-005   1.69932E-003
  4.70641E+001   3.62900E-005   1.70796E-003
  4.73890E+001   3.36220E-005   1.59332E-003
  4.77162E+001   3.24575E-005   1.54875E-003
  4.80457E+001   3.16942E-005   1.52277E-003
  4.83774E+001   3.07713E-005   1.48864E-003
  4.87114E+001   2.93384E-005   1.42912E-003
  4.90477E+001   2.87138E-005   1.40835E-003
  4.93864E+001   2.71014E-005   1.33844E-003
  4.97274E+001   2.55883E-005   1.27244E-003
  5.00707E+001   2.56041E-005   1.28202E-003
  5.04164E+001   2.48251E-005   1.25160E-003
  5.07645E+001   2.33058E-005   1.18311E-003
  5.11150E+001   2.26303E-005   1.15675E-003
  5.14679E+001   2.20856E-005   1.13670E-003
  5.18233E+001   2.05769E-005   1.06637E-003
  5.21811E+001   2.00669E-005   1.04711E-003
  5.25414E+001   1.93614E-005   1.01727E-003
  5.29042E+001   1.85876E-005   9.83364E-004
  5.32694E+001   1.81612E-005   9.67439E-004
  5.36372E+001   1.70638E-005   9.15258E-004
  5.40076E+001   1.64898E-005   8.90574E-004
  5.43804E+001   1.56814E-005   8.52763E-004
  5.47559E+001   1.55548E-005   8.51721E-004
  5.51340E+001   1.43203E-005   7.89538E-004
  5.55146E+001   1.40764E-005   7.81449E-004
  5.58979E+001   1.32938E-005   7.43098E-004
  5.62839E+001   1.28517E-005   7.23343E-004
  5.66725E+001   1.25602E-005   7.11821E-004
  5.70638E+001   1.17000E-005   6.67648E-004
  5.74578E+001   1.15169E-005   6.61737E-004
  5.78545E+001   1.07975E-005   6.24684E-004
  5.82539E+001   1.03220E-005   6.01298E-004
  5.86561E+001   9.98157E-006   5.85481E-004
  5.90611E+001   9.82851E-006   5.80484E-004
  5.94689E+001   9.29752E-006   5.52914E-004
  5.98795E+001   8.91153E-006   5.33619E-004
  6.02929E+001   8.77858E-006   5.29287E-004
  6.07092E+001   8.27749E-006   5.02521E-004
  6.11284E+001   8.25326E-006   5.04510E-004
  6.15504E+001   7.54615E-006   4.64470E-004
  6.19754E+001   7.16686E-006   4.44170E-004
  6.24033E+001   7.10568E-006   4.43419E-004
  6.28342E+001   6.85758E-006   4.30891E-004
  6.32680E+001   6.54272E-006   4.13946E-004
  6.37048E+001   6.23650E-006   3.97296E-004
  6.41447E+001   5.82416E-006   3.73590E-004
  6.45876E+001   5.62846E-006   3.63530E-004
  6.50335E+001   5.57448E-006   3.62529E-004
  6.54825E+001   5.20561E-006   3.40877E-004
  6.59346E+001   4.97171E-006   3.27808E-004
  6.63899E+001   4.65603E-006   3.09114E-004
  6.68483E+001   4.56782E-006   3.05352E-004
  6.73098E+001   4.29826E-006   2.89315E-004
  6.77746E+001   4.16407E-006   2.82218E-004
  6.82425E+001   3.88204E-006   2.64921E-004
  6.87137E+001   3.77209E-006   2.59195E-004
  6.91881E+001   3.75402E-006   2.59734E-004
  6.96658E+001   3.51114E-006   2.44607E-004
  7.01468E+001   3.39390E-006   2.38072E-004
  7.06311E+001   3.12145E-006   2.20472E-004
  7.11188E+001   2.93982E-006   2.09077E-004
  7.16098E+001   2.94629E-006   2.10984E-004
  7.21043E+001   2.77699E-006   2.00233E-004
  7.26021E+001   2.69626E-006   1.95755E-004
  7.31034E+001   2.49284E-006   1.82236E-004
  7.36081E+001   2.38982E-006   1.75910E-004
  7.41163E+001   2.37134E-006   1.75755E-004
  7.46281E+001   2.40212E-006   1.79266E-004
  7.51433E+001   2.22427E-006   1.67140E-004
  7.56621E+001   2.11480E-006   1.60010E-004
  7.61845E+001   1.95160E-006   1.48682E-004
  7.67106E+001   1.99223E-006   1.52826E-004
  7.72402E+001   1.85058E-006   1.42939E-004
  7.77735E+001   1.81228E-006   1.40947E-004
  7.83105E+001   1.67861E-006   1.31453E-004
  7.88512E+001   1.64701E-006   1.29869E-004
  7.93956E+001   1.63570E-006   1.29868E-004
  7.99438E+001   1.60075E-006   1.27971E-004
  8.04957E+001   1.54345E-006   1.24241E-004
  8.10515E+001   1.39362E-006   1.12955E-004
  8.16111E+001   1.32700E-006   1.08298E-004
  8.21746E+001   1.34600E-006   1.10607E-004
  8.27420E+001   1.31536E-006   1.08836E-004
  8.33133E+001   1.21855E-006   1.01522E-004
  8.38885E+001   1.14029E-006   9.56573E-005
  8.44677E+001   1.11088E-006   9.38340E-005
  8.50509E+001   1.10991E-006   9.43991E-005
  8.56381E+001   1.10707E-006   9.48076E-005
  8.62294E+001   1.02100E-006   8.80400E-005
  8.68248E+001   9.39878E-007   8.16048E-005
  8.74242E+001   9.43625E-007   8.24959E-005
  8.80278E+001   9.35868E-007   8.23826E-005
  8.86356E+001   8.89942E-007   7.88807E-005
  8.92476E+001   9.13715E-007   8.15470E-005
  8.98638E+001   7.93977E-007   7.13500E-005
  9.04843E+001   8.01711E-007   7.25424E-005
  9.11090E+001   7.82475E-007   7.12907E-005
  9.17381E+001   7.65481E-007   7.02239E-005
  9.23715E+001   7.56944E-007   6.99202E-005
  9.30092E+001   6.73087E-007   6.26034E-005
  9.36514E+001   6.58669E-007   6.16854E-005
  9.42980E+001   6.69860E-007   6.31666E-005
  9.49491E+001   6.69666E-007   6.35843E-005
  9.56047E+001   6.11542E-007   5.84664E-005
  9.62648E+001   5.67348E-007   5.46158E-005
  9.69294E+001   5.60715E-007   5.43499E-005
  9.75986E+001   5.61616E-007   5.48131E-005
  9.82725E+001   5.50920E-007   5.41404E-005
  9.89510E+001   5.07032E-007   5.01715E-005
  9.96342E+001   4.76386E-007   4.74645E-005
  1.00322E+002   4.80620E-007   4.82169E-005
  1.01015E+002   4.74508E-007   4.79324E-005
  1.01712E+002   4.51689E-007   4.59424E-005
  1.02415E+002   4.64529E-007   4.75747E-005
  1.03122E+002   3.88514E-007   4.00643E-005
  1.03834E+002   4.08373E-007   4.24029E-005
  1.04551E+002   3.98162E-007   4.16281E-005
  1.05272E+002   3.94204E-007   4.14989E-005
  1.05999E+002   3.69282E-007   3.91437E-005
  1.06731E+002   3.40525E-007   3.63447E-005
  1.07468E+002   3.39367E-007   3.64712E-005
  1.08210E+002   3.38436E-007   3.66222E-005
  1.08957E+002   3.32732E-007   3.62536E-005
  1.09709E+002   2.99693E-007   3.28792E-005
  1.10467E+002   2.88946E-007   3.19190E-005
  1.11230E+002   2.81834E-007   3.13483E-005
  1.11998E+002   2.73756E-007   3.06600E-005
  1.12771E+002   2.66612E-007   3.00661E-005
  1.13550E+002   2.38666E-007   2.71004E-005
  1.14333E+002   2.17757E-007   2.48969E-005
  1.15123E+002   2.22385E-007   2.56017E-005
  1.15918E+002   2.11044E-007   2.44638E-005
  1.16718E+002   1.82060E-007   2.12497E-005
  1.17524E+002   1.88576E-007   2.21622E-005
  1.18335E+002   1.63748E-007   1.93772E-005
  1.19152E+002   1.59801E-007   1.90407E-005
  1.19975E+002   1.49501E-007   1.79364E-005
  1.20803E+002   1.47352E-007   1.78007E-005
  1.21638E+002   1.41536E-007   1.72162E-005
  1.22477E+002   1.23215E-007   1.50911E-005
  1.23323E+002   1.06857E-007   1.31779E-005
  1.24175E+002   9.44105E-008   1.17234E-005
  1.25032E+002   9.26223E-008   1.15808E-005
  1.25895E+002   8.07355E-008   1.01642E-005
  1.26764E+002   7.55251E-008   9.57391E-006
  1.27640E+002   6.34372E-008   8.09712E-006
  1.28521E+002   5.57515E-008   7.16525E-006
  1.29408E+002   5.59183E-008   7.23631E-006
  1.30302E+002   4.07146E-008   5.30519E-006
  1.31201E+002   3.79966E-008   4.98522E-006
  1.32107E+002   3.00430E-008   3.96891E-006
  1.33019E+002   2.42878E-008   3.23075E-006
  1.33938E+002   1.80006E-008   2.41096E-006
  1.34863E+002   1.87175E-008   2.52430E-006
  1.35794E+002   1.48860E-008   2.02143E-006
  1.36731E+002   6.30915E-009   8.62660E-007
  1.37675E+002   2.64056E-009   3.63540E-007
  1.38626E+002   1.73383E-009   2.40354E-007
  1.39583E+002   0.00000E+000   0.00000E+000
  1.40547E+002   0.00000E+000   0.00000E+000
  1.41517E+002   0.00000E+000   0.00000E+000
  1.42494E+002   0.00000E+000   0.00000E+000
  1.43478E+002   0.00000E+000   0.00000E+000
  1.44469E+002   0.00000E+000   0.00000E+000
  1.45466E+002   0.00000E+000   0.00000E+000
  1.46471E+002   0.00000E+000   0.00000E+000
  1.47482E+002   0.00000E+000   0.00000E+000
  1.48500E+002   0.00000E+000   0.00000E+000
  1.49525E+002   0.00000E+000   0.00000E+000
  1.50558E+002   0.00000E+000   0.00000E+000
  1.51597E+002   0.00000E+000   0.00000E+000
  1.52644E+002   0.00000E+000   0.00000E+000
  1.53698E+002   0.00000E+000   0.00000E+000
  1.54759E+002   0.00000E+000   0.00000E+000
  1.55828E+002   0.00000E+000   0.00000E+000
  1.56904E+002   0.00000E+000   0.00000E+000
  1.57987E+002   0.00000E+000   0.00000E+000
  1.59078E+002   0.00000E+000   0.00000E+000
  1.60176E+002   0.00000E+000   0.00000E+000
