# lambda[um]  lamI_lam_total  lamI_lam_astrodust  lamI_lam_pah
  9.12000E-002   1.23095E-056   1.22961E-056   1.34034E-059
  9.22600E-002   2.85460E-056   2.85100E-056   3.60266E-059
  9.33200E-002   6.48784E-056   6.47837E-056   9.47546E-059
  9.44100E-002   1.47973E-055   1.47723E-055   2.50536E-058
  9.55000E-002   3.31005E-055   3.30357E-055   6.48091E-058
  9.66100E-002   7.36585E-055   7.34916E-055   1.66894E-057
  9.77200E-002   1.60885E-054   1.60465E-054   4.20634E-057
  9.88600E-002   3.52245E-054   3.51182E-054   1.06371E-056
  1.00000E-001   7.56871E-054   7.54237E-054   2.63373E-056
  1.01200E-001   1.66014E-053   1.65354E-053   6.60479E-056
  1.02300E-001   3.35234E-053   3.33724E-053   1.51056E-055
  1.03500E-001   7.08841E-053   7.05195E-053   3.64602E-055
  1.04700E-001   1.47142E-052   1.46281E-052   8.61332E-055
  1.05900E-001   3.00062E-052   2.98069E-052   1.99309E-054
  1.07200E-001   6.36804E-052   6.31968E-052   4.83537E-054
  1.08400E-001   1.25360E-051   1.24286E-051   1.07384E-053
  1.09700E-001   2.56360E-051   2.53865E-051   2.49517E-053
  1.10900E-001   4.88264E-051   4.82932E-051   5.33134E-053
  1.12200E-001   9.65034E-051   9.53137E-051   1.18975E-052
  1.13500E-001   1.87700E-050   1.85097E-050   2.60324E-052
  1.14800E-001   3.59520E-050   3.53931E-050   5.58952E-052
  1.16100E-001   6.77105E-050   6.65319E-050   1.17862E-051
  1.17500E-001   1.31416E-049   1.28835E-049   2.58132E-051
  1.18900E-001   2.50656E-049   2.45112E-049   5.54478E-051
  1.20200E-001   4.49864E-049   4.38774E-049   1.10904E-050
  1.21600E-001   8.31465E-049   8.08470E-049   2.29952E-050
  1.23000E-001   1.51361E-048   1.46675E-048   4.68612E-050
  1.24400E-001   2.71713E-048   2.62321E-048   9.39220E-050
  1.25900E-001   5.01127E-048   4.81692E-048   1.94354E-049
  1.27400E-001   9.09717E-048   8.70200E-048   3.95171E-049
  1.28800E-001   1.56541E-047   1.48993E-047   7.54790E-049
  1.30300E-001   2.75920E-047   2.61248E-047   1.46715E-048
  1.31800E-001   4.80603E-047   4.52003E-047   2.85996E-048
  1.33300E-001   8.25676E-047   7.70703E-047   5.49729E-048
  1.34900E-001   1.44817E-046   1.33943E-046   1.08744E-047
  1.36500E-001   2.50272E-046   2.29075E-046   2.11971E-047
  1.38000E-001   4.12094E-046   3.72968E-046   3.91259E-047
  1.39600E-001   6.88334E-046   6.14085E-046   7.42498E-047
  1.41200E-001   1.13512E-045   9.96039E-046   1.39083E-046
  1.42900E-001   1.90548E-045   1.63821E-045   2.67265E-046
  1.44500E-001   3.06421E-045   2.57606E-045   4.88148E-046
  1.46200E-001   5.01187E-045   4.09769E-045   9.14176E-046
  1.47900E-001   8.10552E-045   6.41476E-045   1.69076E-045
  1.49600E-001   1.29980E-044   9.90830E-045   3.08975E-045
  1.51400E-001   2.12423E-044   1.54652E-044   5.77710E-045
  1.53100E-001   3.35150E-044   2.32005E-044   1.03144E-044
  1.54900E-001   5.39083E-044   3.50740E-044   1.88343E-044
  1.56700E-001   8.65355E-044   5.25362E-044   3.39994E-044
  1.58500E-001   1.38505E-043   7.78026E-044   6.07020E-044
  1.60300E-001   2.21115E-043   1.13882E-043   1.07233E-043
  1.62200E-001   3.61630E-043   1.68262E-043   1.93368E-043
  1.64100E-001   5.90411E-043   2.45504E-043   3.44907E-043
  1.66000E-001   9.65563E-043   3.56766E-043   6.08797E-043
  1.67900E-001   1.58373E-042   5.19888E-043   1.06384E-042
  1.69800E-001   2.59327E-042   7.52104E-043   1.84116E-042
  1.71800E-001   4.34696E-042   1.10159E-042   3.24537E-042
  1.73800E-001   7.26445E-042   1.60401E-042   5.66044E-042
  1.75800E-001   1.21004E-041   2.32558E-042   9.77478E-042
  1.77800E-001   2.00531E-041   3.33147E-042   1.67216E-041
  1.79900E-001   3.38563E-041   4.75094E-042   2.91054E-041
  1.82000E-001   5.69163E-041   6.71932E-042   5.01970E-041
  1.84100E-001   9.52635E-041   9.43543E-042   8.58281E-041
  1.86200E-001   1.58722E-040   1.31660E-041   1.45556E-040
  1.88400E-001   2.69605E-040   1.85697E-041   2.51035E-040
  1.90500E-001   4.44814E-040   2.56847E-041   4.19129E-040
  1.92800E-001   7.66134E-040   3.74944E-041   7.28639E-040
  1.95000E-001   1.28026E-039   5.38209E-041   1.22644E-039
  1.97200E-001   2.12417E-039   7.70396E-041   2.04713E-039
  1.99500E-001   3.57603E-039   1.11799E-040   3.46423E-039
  2.01800E-001   5.96115E-039   1.61842E-040   5.79930E-039
  2.04200E-001   1.00365E-038   2.37438E-040   9.79906E-039
  2.06500E-001   1.63089E-038   3.41953E-040   1.59669E-038
  2.08900E-001   2.66052E-038   4.88247E-040   2.61169E-038
  2.11300E-001   4.25559E-038   6.90866E-040   4.18651E-038
  2.13800E-001   6.78155E-038   9.83796E-040   6.68317E-038
  2.16300E-001   1.05349E-037   1.38967E-039   1.03959E-037
  2.18800E-001   1.59450E-037   1.94781E-039   1.57502E-037
  2.21300E-001   2.35317E-037   2.70970E-039   2.32607E-037
  2.23900E-001   3.44156E-037   3.79093E-039   3.40365E-037
  2.26500E-001   4.92401E-037   5.26355E-039   4.87137E-037
  2.29100E-001   6.91672E-037   7.25668E-039   6.84416E-037
  2.31700E-001   9.57208E-037   9.93572E-039   9.47273E-037
  2.34400E-001   1.32469E-036   1.36670E-038   1.31102E-036
  2.37100E-001   1.81505E-036   1.86634E-038   1.79639E-036
  2.39900E-001   2.49540E-036   2.55754E-038   2.46983E-036
  2.42700E-001   3.40782E-036   3.47837E-038   3.37303E-036
  2.45500E-001   4.62814E-036   4.69805E-038   4.58116E-036
  2.48300E-001   6.25558E-036   6.30153E-038   6.19256E-036
  2.51200E-001   8.50828E-036   8.48588E-038   8.42342E-036
  2.54100E-001   1.15227E-035   1.13470E-037   1.14092E-035
  2.57000E-001   1.55406E-035   1.50686E-037   1.53899E-035
  2.60000E-001   2.10867E-035   2.00677E-037   2.08860E-035
  2.63000E-001   2.84879E-035   2.65402E-037   2.82225E-035
  2.66100E-001   3.86974E-035   3.51853E-037   3.83456E-035
  2.69100E-001   5.18171E-035   4.59163E-037   5.13579E-035
  2.72300E-001   7.04054E-035   6.05885E-037   6.97995E-035
  2.75400E-001   9.42929E-035   7.87404E-037   9.35055E-035
  2.78600E-001   1.26846E-034   1.02527E-036   1.25821E-034
  2.81800E-001   1.69773E-034   1.32675E-036   1.68447E-034
  2.85100E-001   2.28093E-034   1.71930E-036   2.26374E-034
  2.88400E-001   3.04807E-034   2.21422E-036   3.02593E-034
  2.91700E-001   4.05160E-034   2.83458E-036   4.02326E-034
  2.95100E-001   5.40230E-034   3.63308E-036   5.36597E-034
  2.98500E-001   7.16364E-034   4.62983E-036   7.11734E-034
  3.02000E-001   9.52409E-034   5.90543E-036   9.46503E-034
  3.05500E-001   1.21471E-033   7.48858E-036   1.20722E-033
  3.09000E-001   1.57737E-033   9.44203E-036   1.56793E-033
  3.12600E-001   2.04953E-033   1.19142E-035   2.03762E-033
  3.16200E-001   2.64512E-033   1.49494E-035   2.63017E-033
  3.19900E-001   3.41473E-033   1.87742E-035   3.39596E-033
  3.23600E-001   4.37887E-033   2.34451E-035   4.35542E-033
  3.27300E-001   5.57891E-033   2.91168E-035   5.54979E-033
  3.31100E-001   7.10772E-033   3.61869E-035   7.07153E-033
  3.35000E-001   9.05226E-033   4.49849E-035   9.00728E-033
  3.38800E-001   1.13846E-032   5.53243E-035   1.13292E-032
  3.42800E-001   1.43955E-032   6.84285E-035   1.43270E-032
  3.46700E-001   1.79798E-032   8.37619E-035   1.78961E-032
  3.50700E-001   2.24382E-032   1.02558E-034   2.23357E-032
  3.54800E-001   2.79667E-032   1.25571E-034   2.78411E-032
  3.58900E-001   3.46174E-032   1.52988E-034   3.44644E-032
  3.63100E-001   4.27616E-032   1.86391E-034   4.25752E-032
  3.67300E-001   5.24226E-032   2.25953E-034   5.21966E-032
  3.71500E-001   6.37537E-032   2.72700E-034   6.34810E-032
  3.75800E-001   7.71996E-032   3.29018E-034   7.68706E-032
  3.80200E-001   9.29201E-032   3.96921E-034   9.25232E-032
  3.84600E-001   1.10500E-031   4.76551E-034   1.10024E-031
  3.89100E-001   1.30061E-031   5.71987E-034   1.29489E-031
  3.93600E-001   1.50719E-031   6.83559E-034   1.50035E-031
  3.98100E-001   1.72134E-031   8.13227E-034   1.71320E-031
  4.02700E-001   1.95163E-031   9.67171E-034   1.94196E-031
  4.07400E-001   2.21189E-031   1.14957E-033   2.20039E-031
  4.12100E-001   2.51506E-031   1.36051E-033   2.50145E-031
  4.16900E-001   2.88575E-031   1.60939E-033   2.86966E-031
  4.21700E-001   3.33358E-031   1.89604E-033   3.31462E-031
  4.26600E-001   3.88566E-031   2.23234E-033   3.86334E-031
  4.31500E-001   4.54725E-031   2.61793E-033   4.52107E-031
  4.36500E-001   5.34339E-031   3.06727E-033   5.31272E-031
  4.41600E-001   6.28099E-031   3.59182E-033   6.24507E-031
  4.46700E-001   7.33259E-031   4.18964E-033   7.29070E-031
  4.51900E-001   8.49259E-031   4.88252E-033   8.44376E-031
  4.57100E-001   9.69074E-031   5.66941E-033   9.63405E-031
  4.62400E-001   1.08787E-030   6.57653E-033   1.08129E-030
  4.67700E-001   1.19490E-030   7.60265E-033   1.18729E-030
  4.73200E-001   1.28708E-030   8.80310E-033   1.27827E-030
  4.78600E-001   1.35868E-030   1.01303E-032   1.34855E-030
  4.84200E-001   1.42027E-030   1.16779E-032   1.40859E-030
  4.89800E-001   1.47811E-030   1.34137E-032   1.46470E-030
  4.95400E-001   1.53917E-030   1.53557E-032   1.52381E-030
  5.01200E-001   1.61131E-030   1.76022E-032   1.59370E-030
  5.07000E-001   1.69776E-030   2.01130E-032   1.67765E-030
  5.12900E-001   1.80525E-030   2.29559E-032   1.78230E-030
  5.18800E-001   1.93494E-030   2.61138E-032   1.90883E-030
  5.24800E-001   2.08931E-030   2.96735E-032   2.05963E-030
  5.30900E-001   2.26658E-030   3.36848E-032   2.23290E-030
  5.37000E-001   2.45909E-030   3.81165E-032   2.42097E-030
  5.43300E-001   2.66621E-030   4.31731E-032   2.62304E-030
  5.49500E-001   2.86962E-030   4.86566E-032   2.82096E-030
  5.55900E-001   3.07240E-030   5.48775E-032   3.01752E-030
  5.62300E-001   3.26848E-030   6.17144E-032   3.20677E-030
  5.68800E-001   3.47032E-030   6.93264E-032   3.40099E-030
  5.75400E-001   3.69202E-030   7.77887E-032   3.61423E-030
  5.82100E-001   3.94709E-030   8.71822E-032   3.85991E-030
  5.88800E-001   4.24307E-030   9.74340E-032   4.14564E-030
  5.95700E-001   4.59994E-030   1.08942E-031   4.49100E-030
  6.02600E-001   5.01545E-030   1.21460E-031   4.89399E-030
  6.09500E-001   5.49025E-030   1.35062E-031   5.35519E-030
  6.16600E-001   6.03589E-030   1.50230E-031   5.88566E-030
  6.23700E-001   6.63147E-030   1.66629E-031   6.46484E-030
  6.31000E-001   7.28212E-030   1.84907E-031   7.09721E-030
  6.38300E-001   7.95770E-030   2.04607E-031   7.75310E-030
  6.45700E-001   8.65167E-030   2.26137E-031   8.42553E-030
  6.53100E-001   9.34224E-030   2.49306E-031   9.09293E-030
  6.60700E-001   1.00407E-029   2.74931E-031   9.76577E-030
  6.68300E-001   1.07351E-029   3.02467E-031   1.04326E-029
  6.76100E-001   1.14675E-029   3.32751E-031   1.11347E-029
  6.83900E-001   1.22528E-029   3.65211E-031   1.18876E-029
  6.91800E-001   1.31314E-029   4.00336E-031   1.27310E-029
  6.99800E-001   1.41333E-029   4.38351E-031   1.36950E-029
  7.07900E-001   1.52853E-029   4.79370E-031   1.48059E-029
  7.16100E-001   1.66070E-029   5.23602E-031   1.60834E-029
  7.24400E-001   1.81117E-029   5.71373E-031   1.75403E-029
  7.32800E-001   1.97989E-029   6.22604E-031   1.91763E-029
  7.41300E-001   2.16700E-029   6.77619E-031   2.09924E-029
  7.49900E-001   2.37240E-029   7.36613E-031   2.29874E-029
  7.58600E-001   2.59687E-029   7.99849E-031   2.51688E-029
  7.67400E-001   2.84162E-029   8.67418E-031   2.75488E-029
  7.76300E-001   3.10966E-029   9.39654E-031   3.01569E-029
  7.85200E-001   3.40064E-029   1.01592E-030   3.29905E-029
  7.94300E-001   3.72339E-029   1.09795E-030   3.61360E-029
  8.03500E-001   4.07882E-029   1.18533E-030   3.96029E-029
  8.12800E-001   4.46940E-029   1.27806E-030   4.34160E-029
  8.22200E-001   4.89830E-029   1.37634E-030   4.76067E-029
  8.31800E-001   5.37408E-029   1.48160E-030   5.22592E-029
  8.41400E-001   5.89103E-029   1.59198E-030   5.73183E-029
  8.51100E-001   6.45796E-029   1.70851E-030   6.28711E-029
  8.61000E-001   7.08662E-029   1.83294E-030   6.90333E-029
  8.71000E-001   7.77790E-029   1.96404E-030   7.58149E-029
  8.81000E-001   8.53258E-029   2.10122E-030   8.32246E-029
  8.91300E-001   9.38421E-029   2.24807E-030   9.15940E-029
  9.01600E-001   1.03223E-028   2.40131E-030   1.00822E-028
  9.12000E-001   1.13741E-028   2.56260E-030   1.11179E-028
  9.22600E-001   1.25789E-028   2.73291E-030   1.23056E-028
  9.33300E-001   1.39660E-028   2.91204E-030   1.36748E-028
  9.44100E-001   1.55954E-028   3.09875E-030   1.52855E-028
  9.55000E-001   1.75610E-028   3.29464E-030   1.72315E-028
  9.66100E-001   2.00418E-028   3.50048E-030   1.96918E-028
  9.77200E-001   2.32581E-028   3.71192E-030   2.28869E-028
  9.88600E-001   2.77940E-028   3.93012E-030   2.74010E-028
  1.00000E+000   3.44509E-028   4.16011E-030   3.40348E-028
  1.01200E+000   4.55284E-028   4.43359E-030   4.50851E-028
  1.02300E+000   6.19133E-028   4.69414E-030   6.14438E-028
  1.03500E+000   8.85682E-028   4.98852E-030   8.80694E-028
  1.04700E+000   1.14749E-027   5.29502E-030   1.14220E-027
  1.05900E+000   1.17405E-027   5.61260E-030   1.16843E-027
  1.07100E+000   1.00679E-027   5.94094E-030   1.00085E-027
  1.08400E+000   8.30307E-028   6.31117E-030   8.23996E-028
  1.09700E+000   7.22550E-028   6.69405E-030   7.15856E-028
  1.10900E+000   6.70915E-028   7.05955E-030   6.63856E-028
  1.12200E+000   6.48926E-028   7.46916E-030   6.41457E-028
  1.13500E+000   6.51122E-028   7.89331E-030   6.43229E-028
  1.14800E+000   6.71720E-028   8.33020E-030   6.63390E-028
  1.16100E+000   7.08596E-028   8.78172E-030   6.99814E-028
  1.17500E+000   7.66867E-028   9.28262E-030   7.57585E-028
  1.18900E+000   8.46610E-028   9.79976E-030   8.36810E-028
  1.20200E+000   9.42639E-028   1.02912E-029   9.32348E-028
  1.21600E+000   1.07051E-027   1.08356E-029   1.05967E-027
  1.23000E+000   1.21782E-027   1.13924E-029   1.20643E-027
  1.24500E+000   1.37550E-027   1.20032E-029   1.36350E-027
  1.25900E+000   1.49018E-027   1.25841E-029   1.47759E-027
  1.27300E+000   1.54923E-027   1.31743E-029   1.53606E-027
  1.28800E+000   1.55166E-027   1.38199E-029   1.53784E-027
  1.30300E+000   1.51636E-027   1.44743E-029   1.50188E-027
  1.31800E+000   1.47003E-027   1.51407E-029   1.45489E-027
  1.33400E+000   1.42663E-027   1.58648E-029   1.41077E-027
  1.34900E+000   1.39801E-027   1.65497E-029   1.38146E-027
  1.36500E+000   1.38063E-027   1.72932E-029   1.36334E-027
  1.38000E+000   1.37574E-027   1.79975E-029   1.35775E-027
  1.39600E+000   1.38025E-027   1.87596E-029   1.36149E-027
  1.41300E+000   1.39407E-027   1.95804E-029   1.37449E-027
  1.42900E+000   1.41384E-027   2.03612E-029   1.39348E-027
  1.44500E+000   1.43887E-027   2.11482E-029   1.41772E-027
  1.46200E+000   1.46990E-027   2.19931E-029   1.44790E-027
  1.47900E+000   1.50490E-027   2.28467E-029   1.48205E-027
  1.49600E+000   1.54279E-027   2.37099E-029   1.51908E-027
  1.51400E+000   1.58585E-027   2.46320E-029   1.56122E-027
  1.53100E+000   1.62858E-027   2.55150E-029   1.60307E-027
  1.54900E+000   1.67543E-027   2.64549E-029   1.64898E-027
  1.56700E+000   1.72437E-027   2.73998E-029   1.69697E-027
  1.58500E+000   1.77430E-027   2.83556E-029   1.74594E-027
  1.60300E+000   1.82550E-027   2.93244E-029   1.79618E-027
  1.62200E+000   1.88068E-027   3.03523E-029   1.85032E-027
  1.64100E+000   1.93619E-027   3.13897E-029   1.90480E-027
  1.66000E+000   1.99240E-027   3.24396E-029   1.95996E-027
  1.67900E+000   2.04861E-027   3.34994E-029   2.01511E-027
  1.69800E+000   2.10413E-027   3.45694E-029   2.06956E-027
  1.71800E+000   2.16284E-027   3.57080E-029   2.12713E-027
  1.73800E+000   2.21959E-027   3.68614E-029   2.18273E-027
  1.75800E+000   2.27473E-027   3.80247E-029   2.23670E-027
  1.77800E+000   2.32705E-027   3.92069E-029   2.28785E-027
  1.79900E+000   2.37588E-027   4.04606E-029   2.33542E-027
  1.82000E+000   2.41913E-027   4.17315E-029   2.37739E-027
  1.84100E+000   2.45252E-027   4.30198E-029   2.40950E-027
  1.86200E+000   2.47890E-027   4.43245E-029   2.43458E-027
  1.88400E+000   2.50781E-027   4.57122E-029   2.46210E-027
  1.90600E+000   2.55419E-027   4.71153E-029   2.50707E-027
  1.92800E+000   2.63057E-027   4.85439E-029   2.58203E-027
  1.95000E+000   2.72988E-027   4.99917E-029   2.67988E-027
  1.97200E+000   2.83483E-027   5.14565E-029   2.78337E-027
  1.99500E+000   2.94180E-027   5.30088E-029   2.88879E-027
  2.01800E+000   3.04228E-027   5.45805E-029   2.98770E-027
  2.04200E+000   3.14098E-027   5.62447E-029   3.08474E-027
  2.06500E+000   3.22834E-027   5.78560E-029   3.17048E-027
  2.08900E+000   3.31608E-027   5.95519E-029   3.25653E-027
  2.11400E+000   3.40446E-027   6.13340E-029   3.34313E-027
  2.13800E+000   3.48557E-027   6.30506E-029   3.42252E-027
  2.16300E+000   3.56840E-027   6.48544E-029   3.50355E-027
  2.18800E+000   3.65065E-027   6.66483E-029   3.58400E-027
  2.21300E+000   3.72859E-027   6.84606E-029   3.66013E-027
  2.23900E+000   3.80913E-027   7.03322E-029   3.73879E-027
  2.26500E+000   3.88825E-027   7.22103E-029   3.81604E-027
  2.29100E+000   3.96712E-027   7.40915E-029   3.89303E-027
  2.31700E+000   4.04318E-027   7.59701E-029   3.96721E-027
  2.34400E+000   4.11940E-027   7.79078E-029   4.04150E-027
  2.37100E+000   4.19870E-027   7.99126E-029   4.11879E-027
  2.39900E+000   4.27504E-027   8.19750E-029   4.19306E-027
  2.42700E+000   4.35322E-027   8.40270E-029   4.26919E-027
  2.45500E+000   4.42847E-027   8.60598E-029   4.34241E-027
  2.48300E+000   4.50433E-027   8.80789E-029   4.41625E-027
  2.51200E+000   4.58002E-027   9.02368E-029   4.48979E-027
  2.54100E+000   4.65636E-027   9.23693E-029   4.56399E-027
  2.57000E+000   4.73007E-027   9.44816E-029   4.63559E-027
  2.60000E+000   4.80562E-027   9.67384E-029   4.70888E-027
  2.63000E+000   4.87829E-027   9.89668E-029   4.77932E-027
  2.66100E+000   4.95707E-027   1.01339E-028   4.85573E-027
  2.69100E+000   5.03078E-027   1.03522E-028   4.92726E-027
  2.72300E+000   5.10894E-027   1.06007E-028   5.00293E-027
  2.75400E+000   5.18493E-027   1.08301E-028   5.07663E-027
  2.78600E+000   5.26461E-027   1.10728E-028   5.15388E-027
  2.81800E+000   5.34538E-027   1.13220E-028   5.23217E-027
  2.85100E+000   5.43187E-027   1.15746E-028   5.31613E-027
  2.88400E+000   5.52190E-027   1.18343E-028   5.40356E-027
  2.91700E+000   5.61870E-027   1.20899E-028   5.49780E-027
  2.95100E+000   5.72874E-027   1.23583E-028   5.60516E-027
  2.98500E+000   5.85529E-027   1.26233E-028   5.72906E-027
  3.02000E+000   6.01306E-027   1.28998E-028   5.88406E-027
  3.05500E+000   6.21630E-027   1.31632E-028   6.08467E-027
  3.09000E+000   6.50067E-027   1.34122E-028   6.36654E-027
  3.12600E+000   6.95507E-027   1.36644E-028   6.81843E-027
  3.16200E+000   7.76673E-027   1.38935E-028   7.62779E-027
  3.19900E+000   9.58453E-027   1.41254E-028   9.44328E-027
  3.23600E+000   1.50306E-026   1.43457E-028   1.48871E-026
  3.27300E+000   4.38948E-026   1.45563E-028   4.37493E-026
  3.31100E+000   9.17517E-026   1.48006E-028   9.16037E-026
  3.35000E+000   2.19250E-026   1.53808E-028   2.17712E-026
  3.38800E+000   1.19992E-026   1.63707E-028   1.18355E-026
  3.42800E+000   9.14965E-027   1.65471E-028   8.98418E-027
  3.46700E+000   8.06098E-027   1.66834E-028   7.89415E-027
  3.50700E+000   7.51981E-027   1.64586E-028   7.35523E-027
  3.54800E+000   7.22409E-027   1.63490E-028   7.06060E-027
  3.58900E+000   7.05452E-027   1.60820E-028   6.89370E-027
  3.63100E+000   6.95504E-027   1.60554E-028   6.79449E-027
  3.67300E+000   6.89938E-027   1.61844E-028   6.73754E-027
  3.71500E+000   6.87070E-027   1.63226E-028   6.70748E-027
  3.75800E+000   6.85874E-027   1.64562E-028   6.69418E-027
  3.80200E+000   6.86017E-027   1.65986E-028   6.69418E-027
  3.84600E+000   6.87013E-027   1.67449E-028   6.70268E-027
  3.89100E+000   6.88659E-027   1.68820E-028   6.71777E-027
  3.93500E+000   6.90944E-027   1.70206E-028   6.73923E-027
  3.98100E+000   6.93643E-027   1.71711E-028   6.76472E-027
  4.02700E+000   6.96774E-027   1.73174E-028   6.79456E-027
  4.07400E+000   7.00273E-027   1.74637E-028   6.82810E-027
  4.12100E+000   7.04200E-027   1.76152E-028   6.86585E-027
  4.16900E+000   7.08364E-027   1.77654E-028   6.90599E-027
  4.21700E+000   7.13039E-027   1.79209E-028   6.95118E-027
  4.26600E+000   7.18012E-027   1.80848E-028   6.99927E-027
  4.31500E+000   7.23489E-027   1.82441E-028   7.05244E-027
  4.36500E+000   7.29529E-027   1.84132E-028   7.11116E-027
  4.41600E+000   7.36027E-027   1.85796E-028   7.17447E-027
  4.46700E+000   7.43273E-027   1.87520E-028   7.24521E-027
  4.51900E+000   7.51325E-027   1.89315E-028   7.32393E-027
  4.57100E+000   7.60201E-027   1.91072E-028   7.41094E-027
  4.62400E+000   7.70226E-027   1.92912E-028   7.50935E-027
  4.67700E+000   7.81512E-027   1.94686E-028   7.62043E-027
  4.73200E+000   7.94952E-027   1.96573E-028   7.75295E-027
  4.78600E+000   8.10151E-027   1.98375E-028   7.90313E-027
  4.84200E+000   8.29038E-027   2.00191E-028   8.09019E-027
  4.89800E+000   8.52154E-027   2.02046E-028   8.31949E-027
  4.95500E+000   8.82536E-027   2.03868E-028   8.62149E-027
  5.01200E+000   9.24255E-027   2.05637E-028   9.03692E-027
  5.07000E+000   9.88767E-027   2.07382E-028   9.68029E-027
  5.12900E+000   1.10234E-026   2.09117E-028   1.08143E-026
  5.18800E+000   1.32351E-026   2.10787E-028   1.30244E-026
  5.24800E+000   1.66616E-026   2.12430E-028   1.64492E-026
  5.30900E+000   1.65590E-026   2.14064E-028   1.63449E-026
  5.37000E+000   1.43731E-026   2.15629E-028   1.41574E-026
  5.43200E+000   1.37684E-026   2.17186E-028   1.35512E-026
  5.49500E+000   1.45398E-026   2.18811E-028   1.43210E-026
  5.55900E+000   1.68462E-026   2.20331E-028   1.66258E-026
  5.62300E+000   2.17152E-026   2.21784E-028   2.14935E-026
  5.68800E+000   2.80710E-026   2.23243E-028   2.78477E-026
  5.75400E+000   2.68321E-026   2.24661E-028   2.66075E-026
  5.82100E+000   2.39621E-026   2.25974E-028   2.37361E-026
  5.88800E+000   2.48952E-026   2.27350E-028   2.46678E-026
  5.95700E+000   2.98993E-026   2.28718E-028   2.96705E-026
  6.02600E+000   4.13872E-026   2.30058E-028   4.11571E-026
  6.09500E+000   6.79094E-026   2.31262E-028   6.76781E-026
  6.16600E+000   1.30032E-025   2.32583E-028   1.29799E-025
  6.23700E+000   1.67923E-025   2.33770E-028   1.67689E-025
  6.31000E+000   1.01894E-025   2.34964E-028   1.01659E-025
  6.38300E+000   6.31304E-026   2.36153E-028   6.28942E-026
  6.45700E+000   4.93491E-026   2.37335E-028   4.91117E-026
  6.53100E+000   4.63885E-026   2.38404E-028   4.61501E-026
  6.60700E+000   4.82159E-026   2.39518E-028   4.79764E-026
  6.68300E+000   5.06274E-026   2.40559E-028   5.03868E-026
  6.76100E+000   5.07905E-026   2.41912E-028   5.05486E-026
  6.83900E+000   4.98343E-026   2.47911E-028   4.95864E-026
  6.91800E+000   5.03075E-026   2.44657E-028   5.00629E-026
  6.99800E+000   5.34180E-026   2.44650E-028   5.31734E-026
  7.08000E+000   5.95807E-026   2.45549E-028   5.93351E-026
  7.16100E+000   6.87737E-026   2.46510E-028   6.85272E-026
  7.24400E+000   8.18702E-026   2.47433E-028   8.16228E-026
  7.32800E+000   1.00363E-025   2.48236E-028   1.00114E-025
  7.41300E+000   1.28430E-025   2.49117E-028   1.28180E-025
  7.49900E+000   1.72244E-025   2.50005E-028   1.71994E-025
  7.58600E+000   2.16973E-025   2.50742E-028   2.16722E-025
  7.67400E+000   2.21246E-025   2.51563E-028   2.20995E-025
  7.76200E+000   2.15748E-025   2.51603E-028   2.15497E-025
  7.85200E+000   2.09397E-025   2.52745E-028   2.09144E-025
  7.94300E+000   1.74024E-025   2.56234E-028   1.73768E-025
  8.03500E+000   1.31070E-025   2.62490E-028   1.30808E-025
  8.12800E+000   1.02105E-025   2.71482E-028   1.01834E-025
  8.22200E+000   8.73553E-026   2.83932E-028   8.70714E-026
  8.31800E+000   8.20022E-026   3.03566E-028   8.16986E-026
  8.41400E+000   8.32274E-026   3.21853E-028   8.29055E-026
  8.51100E+000   9.52718E-026   3.39200E-028   9.49326E-026
  8.61000E+000   1.06267E-025   3.49511E-028   1.05917E-025
  8.71000E+000   8.50666E-026   3.68205E-028   8.46984E-026
  8.81100E+000   6.03793E-026   4.04228E-028   5.99750E-026
  8.91300E+000   4.62155E-026   4.41022E-028   4.57745E-026
  9.01600E+000   3.83673E-026   4.75247E-028   3.78920E-026
  9.12000E+000   3.36787E-026   5.12317E-028   3.31664E-026
  9.22600E+000   3.06506E-026   5.51189E-028   3.00994E-026
  9.33300E+000   2.86260E-026   5.86903E-028   2.80391E-026
  9.44100E+000   2.72373E-026   6.15614E-028   2.66217E-026
  9.55000E+000   2.62913E-026   6.36667E-028   2.56546E-026
  9.66000E+000   2.56713E-026   6.50149E-028   2.50212E-026
  9.77200E+000   2.53163E-026   6.56386E-028   2.46599E-026
  9.88500E+000   2.51967E-026   6.55251E-028   2.45414E-026
  1.00000E+001   2.53029E-026   6.47039E-028   2.46558E-026
  1.01200E+001   2.56665E-026   6.31842E-028   2.50346E-026
  1.02300E+001   2.62607E-026   6.14436E-028   2.56462E-026
  1.03500E+001   2.72770E-026   5.94730E-028   2.66823E-026
  1.04700E+001   2.88599E-026   5.75978E-028   2.82839E-026
  1.05900E+001   3.14697E-026   5.58113E-028   3.09116E-026
  1.07200E+001   3.56852E-026   5.39568E-028   3.51457E-026
  1.08400E+001   4.14685E-026   5.22863E-028   4.09456E-026
  1.09700E+001   5.51907E-026   5.04538E-028   5.46862E-026
  1.10900E+001   8.84641E-026   4.86997E-028   8.79771E-026
  1.12200E+001   2.20422E-025   4.66573E-028   2.19955E-025
  1.13500E+001   1.72937E-025   4.44565E-028   1.72492E-025
  1.14800E+001   1.13215E-025   4.25316E-028   1.12790E-025
  1.16100E+001   8.04453E-026   4.08428E-028   8.00369E-026
  1.17500E+001   7.39318E-026   3.91729E-028   7.35401E-026
  1.18900E+001   8.21496E-026   3.75318E-028   8.17743E-026
  1.20200E+001   8.68255E-026   3.59708E-028   8.64658E-026
  1.21600E+001   8.01172E-026   3.43339E-028   7.97738E-026
  1.23000E+001   7.89610E-026   3.28813E-028   7.86322E-026
  1.24400E+001   9.22605E-026   3.17467E-028   9.19430E-026
  1.25900E+001   1.13355E-025   3.10333E-028   1.13044E-025
  1.27300E+001   1.06574E-025   3.08213E-028   1.06265E-025
  1.28800E+001   7.66058E-026   3.08553E-028   7.62973E-026
  1.30300E+001   6.17128E-026   3.08062E-028   6.14047E-026
  1.31800E+001   5.68171E-026   3.08287E-028   5.65088E-026
  1.33400E+001   5.89903E-026   3.08650E-028   5.86817E-026
  1.34900E+001   6.10260E-026   3.08976E-028   6.07170E-026
  1.36500E+001   5.42998E-026   3.09720E-028   5.39900E-026
  1.38000E+001   4.80916E-026   3.10854E-028   4.77808E-026
  1.39600E+001   4.55920E-026   3.12688E-028   4.52793E-026
  1.41200E+001   4.72762E-026   3.15235E-028   4.69610E-026
  1.42900E+001   4.54574E-026   3.18763E-028   4.51386E-026
  1.44500E+001   4.16532E-026   3.23010E-028   4.13302E-026
  1.46200E+001   4.01122E-026   3.28614E-028   3.97836E-026
  1.47900E+001   3.95790E-026   3.35497E-028   3.92435E-026
  1.49600E+001   3.94553E-026   3.43686E-028   3.91116E-026
  1.51400E+001   3.95685E-026   3.53578E-028   3.92150E-026
  1.53100E+001   3.98510E-026   3.63980E-028   3.94870E-026
  1.54900E+001   4.03561E-026   3.75983E-028   3.99801E-026
  1.56700E+001   4.12222E-026   3.88739E-028   4.08334E-026
  1.58500E+001   4.28722E-026   4.02019E-028   4.24702E-026
  1.60300E+001   4.43095E-026   4.15737E-028   4.38937E-026
  1.62200E+001   4.81932E-026   4.30342E-028   4.77629E-026
  1.64100E+001   6.48055E-026   4.44879E-028   6.43606E-026
  1.66000E+001   5.81156E-026   4.59026E-028   5.76566E-026
  1.67900E+001   5.73956E-026   4.72561E-028   5.69231E-026
  1.69800E+001   5.99284E-026   4.85158E-028   5.94432E-026
  1.71800E+001   5.96486E-026   4.97285E-028   5.91513E-026
  1.73800E+001   5.98354E-026   5.08231E-028   5.93271E-026
  1.75800E+001   5.09055E-026   5.18047E-028   5.03874E-026
  1.77800E+001   4.81740E-026   5.26659E-028   4.76474E-026
  1.79900E+001   4.52384E-026   5.34496E-028   4.47040E-026
  1.82000E+001   4.23284E-026   5.41111E-028   4.17872E-026
  1.84100E+001   4.09309E-026   5.46399E-028   4.03845E-026
  1.86200E+001   4.00292E-026   5.50486E-028   3.94787E-026
  1.88400E+001   3.92988E-026   5.53403E-028   3.87454E-026
  1.90600E+001   3.86314E-026   5.54992E-028   3.80764E-026
  1.92700E+001   3.80044E-026   5.55867E-028   3.74486E-026
  1.95000E+001   3.73451E-026   5.55832E-028   3.67893E-026
  1.97200E+001   3.67677E-026   5.55484E-028   3.62122E-026
  1.99500E+001   3.62296E-026   5.54992E-028   3.56746E-026
  2.01800E+001   3.57559E-026   5.56456E-028   3.51994E-026
  2.04200E+001   3.53190E-026   5.58846E-028   3.47602E-026
  2.06500E+001   3.49456E-026   5.62192E-028   3.43834E-026
  2.08900E+001   3.45951E-026   5.66823E-028   3.40283E-026
  2.11400E+001   3.42650E-026   5.72643E-028   3.36923E-026
  2.13800E+001   3.39761E-026   5.78638E-028   3.33974E-026
  2.16300E+001   3.37013E-026   5.85473E-028   3.31158E-026
  2.18800E+001   3.34498E-026   5.92673E-028   3.28571E-026
  2.21300E+001   3.32188E-026   5.99750E-028   3.26190E-026
  2.23900E+001   3.29984E-026   6.06812E-028   3.23916E-026
  2.26500E+001   3.27969E-026   6.14312E-028   3.21826E-026
  2.29100E+001   3.26129E-026   6.21796E-028   3.19911E-026
  2.31700E+001   3.24449E-026   6.29296E-028   3.18156E-026
  2.34400E+001   3.22884E-026   6.38691E-028   3.16497E-026
  2.37100E+001   3.21475E-026   6.48710E-028   3.14988E-026
  2.39900E+001   3.20180E-026   6.60593E-028   3.13574E-026
  2.42700E+001   3.19049E-026   6.73757E-028   3.12312E-026
  2.45500E+001   3.18069E-026   6.88512E-028   3.11184E-026
  2.48300E+001   3.17228E-026   7.04322E-028   3.10184E-026
  2.51200E+001   3.16500E-026   7.22147E-028   3.09279E-026
  2.54100E+001   3.15909E-026   7.42033E-028   3.08488E-026
  2.57000E+001   3.15451E-026   7.63469E-028   3.07816E-026
  2.60000E+001   3.15101E-026   7.86970E-028   3.07231E-026
  2.63000E+001   3.14878E-026   8.12184E-028   3.06756E-026
  2.66100E+001   3.14769E-026   8.40107E-028   3.06368E-026
  2.69200E+001   3.14781E-026   8.70533E-028   3.06075E-026
  2.72300E+001   3.14897E-026   9.01965E-028   3.05878E-026
  2.75400E+001   3.15126E-026   9.35992E-028   3.05766E-026
  2.78600E+001   3.15458E-026   9.72882E-028   3.05729E-026
  2.81800E+001   3.15888E-026   1.01198E-027   3.05768E-026
  2.85100E+001   3.16437E-026   1.05464E-027   3.05891E-026
  2.88400E+001   3.17083E-026   1.09976E-027   3.06086E-026
  2.91700E+001   3.17814E-026   1.14770E-027   3.06337E-026
  2.95100E+001   3.18642E-026   1.19892E-027   3.06653E-026
  2.98500E+001   3.19573E-026   1.25375E-027   3.07036E-026
  3.02000E+001   3.20614E-026   1.31313E-027   3.07483E-026
  3.05500E+001   3.21725E-026   1.37498E-027   3.07975E-026
  3.09000E+001   3.22911E-026   1.43992E-027   3.08512E-026
  3.12600E+001   3.24208E-026   1.50997E-027   3.09108E-026
  3.16200E+001   3.25574E-026   1.58381E-027   3.09736E-026
  3.19900E+001   3.27058E-026   1.66332E-027   3.10424E-026
  3.23600E+001   3.28578E-026   1.74530E-027   3.11125E-026
  3.27300E+001   3.30198E-026   1.83229E-027   3.11875E-026
  3.31100E+001   3.31934E-026   1.92701E-027   3.12664E-026
  3.35000E+001   3.33751E-026   2.02625E-027   3.13489E-026
  3.38800E+001   3.35578E-026   2.12710E-027   3.14307E-026
  3.42800E+001   3.37595E-026   2.23942E-027   3.15201E-026
  3.46700E+001   3.39612E-026   2.35367E-027   3.16075E-026
  3.50800E+001   3.41781E-026   2.47769E-027   3.17004E-026
  3.54800E+001   3.43954E-026   2.60495E-027   3.17904E-026
  3.58900E+001   3.46254E-026   2.74134E-027   3.18840E-026
  3.63100E+001   3.48684E-026   2.88687E-027   3.19816E-026
  3.67300E+001   3.51134E-026   3.03613E-027   3.20773E-026
  3.71500E+001   3.53668E-026   3.19424E-027   3.21725E-026
  3.75800E+001   3.56340E-026   3.36192E-027   3.22721E-026
  3.80200E+001   3.59086E-026   3.53850E-027   3.23701E-026
  3.84600E+001   3.61934E-026   3.72461E-027   3.24688E-026
  3.89000E+001   3.64837E-026   3.91810E-027   3.25656E-026
  3.93500E+001   3.67864E-026   4.12369E-027   3.26628E-026
  3.98100E+001   3.71059E-026   4.34208E-027   3.27638E-026
  4.02700E+001   3.74313E-026   4.57234E-027   3.28590E-026
  4.07400E+001   3.77666E-026   4.81080E-027   3.29558E-026
  4.12100E+001   3.81177E-026   5.06480E-027   3.30529E-026
  4.16900E+001   3.84821E-026   5.33489E-027   3.31473E-026
  4.21700E+001   3.88513E-026   5.61197E-027   3.32393E-026
  4.26600E+001   3.92391E-026   5.90600E-027   3.33331E-026
  4.31500E+001   3.96359E-026   6.21538E-027   3.34205E-026
  4.36500E+001   4.00525E-026   6.54367E-027   3.35089E-026
  4.41600E+001   4.04870E-026   6.89189E-027   3.35951E-026
  4.46700E+001   4.09397E-026   7.25907E-027   3.36807E-026
  4.51900E+001   4.13980E-026   7.63822E-027   3.37598E-026
  4.57100E+001   4.18850E-026   8.04262E-027   3.38423E-026
  4.62400E+001   4.23874E-026   8.47178E-027   3.39156E-026
  4.67700E+001   4.29073E-026   8.91806E-027   3.39892E-026
  4.73100E+001   4.34510E-026   9.39100E-027   3.40600E-026
  4.78600E+001   4.40207E-026   9.89208E-027   3.41286E-026
  4.84200E+001   4.46049E-026   1.04156E-026   3.41894E-026
  4.89800E+001   4.52365E-026   1.09827E-026   3.42538E-026
  4.95400E+001   4.58643E-026   1.15568E-026   3.43075E-026
  5.01200E+001   4.65389E-026   1.21776E-026   3.43613E-026
  5.07000E+001   4.72426E-026   1.28320E-026   3.44106E-026
  5.12900E+001   4.79784E-026   1.35233E-026   3.44551E-026
  5.18800E+001   4.87378E-026   1.42433E-026   3.44945E-026
  5.24800E+001   4.95346E-026   1.50027E-026   3.45319E-026
  5.30900E+001   5.03650E-026   1.58064E-026   3.45586E-026
  5.37000E+001   5.12391E-026   1.66504E-026   3.45887E-026
  5.43300E+001   5.21626E-026   1.75571E-026   3.46055E-026
  5.49500E+001   5.31019E-026   1.84821E-026   3.46198E-026
  5.55900E+001   5.41065E-026   1.94739E-026   3.46326E-026
  5.62300E+001   5.51353E-026   2.05021E-026   3.46331E-026
  5.68800E+001   5.62325E-026   2.15961E-026   3.46364E-026
  5.75400E+001   5.73589E-026   2.27357E-026   3.46232E-026
  5.82100E+001   5.85571E-026   2.39461E-026   3.46110E-026
  5.88800E+001   5.97911E-026   2.52002E-026   3.45909E-026
  5.95700E+001   6.10982E-026   2.65346E-026   3.45636E-026
  6.02600E+001   6.24576E-026   2.79305E-026   3.45271E-026
  6.09500E+001   6.38432E-026   2.93547E-026   3.44885E-026
  6.16600E+001   6.53258E-026   3.08847E-026   3.44410E-026
  6.23700E+001   6.68275E-026   3.24384E-026   3.43890E-026
  6.31000E+001   6.84330E-026   3.41073E-026   3.43258E-026
  6.38300E+001   7.00724E-026   3.58217E-026   3.42507E-026
  6.45700E+001   7.18077E-026   3.76349E-026   3.41729E-026
  6.53100E+001   7.35567E-026   3.94675E-026   3.40891E-026
  6.60700E+001   7.54275E-026   4.14265E-026   3.40011E-026
  6.68300E+001   7.73036E-026   4.34023E-026   3.39014E-026
  6.76100E+001   7.93001E-026   4.55082E-026   3.37919E-026
  6.83900E+001   8.13306E-026   4.76577E-026   3.36728E-026
  6.91800E+001   8.34261E-026   4.98813E-026   3.35448E-026
  6.99800E+001   8.55888E-026   5.21724E-026   3.34165E-026
  7.07900E+001   8.78077E-026   5.45358E-026   3.32719E-026
  7.16100E+001   9.01310E-026   5.70092E-026   3.31218E-026
  7.24400E+001   9.24699E-026   5.95075E-026   3.29624E-026
  7.32800E+001   9.49114E-026   6.21150E-026   3.27964E-026
  7.41300E+001   9.74002E-026   6.47828E-026   3.26175E-026
  7.49900E+001   9.99055E-026   6.74703E-026   3.24352E-026
  7.58600E+001   1.02508E-025   7.02644E-026   3.22440E-026
  7.67400E+001   1.05162E-025   7.31178E-026   3.20442E-026
  7.76200E+001   1.07870E-025   7.60340E-026   3.18355E-026
  7.85200E+001   1.10591E-025   7.89764E-026   3.16143E-026
  7.94300E+001   1.13363E-025   8.19771E-026   3.13863E-026
  8.03500E+001   1.16223E-025   8.50669E-026   3.11562E-026
  8.12800E+001   1.19042E-025   8.81280E-026   3.09137E-026
  8.22200E+001   1.21958E-025   9.12962E-026   3.06614E-026
  8.31800E+001   1.24859E-025   9.44553E-026   3.04037E-026
  8.41400E+001   1.27804E-025   9.76680E-026   3.01356E-026
  8.51100E+001   1.30752E-025   1.00888E-025   2.98640E-026
  8.61000E+001   1.33739E-025   1.04157E-025   2.95826E-026
  8.71000E+001   1.36732E-025   1.07439E-025   2.92937E-026
  8.81100E+001   1.39702E-025   1.10705E-025   2.89965E-026
  8.91200E+001   1.42650E-025   1.13953E-025   2.86963E-026
  9.01600E+001   1.45705E-025   1.17320E-025   2.83844E-026
  9.12000E+001   1.48617E-025   1.20546E-025   2.80710E-026
  9.22600E+001   1.51529E-025   1.23782E-025   2.77467E-026
  9.33200E+001   1.54466E-025   1.27042E-025   2.74232E-026
  9.44100E+001   1.57336E-025   1.30249E-025   2.70865E-026
  9.55000E+001   1.60200E-025   1.33453E-025   2.67477E-026
  9.66100E+001   1.63043E-025   1.36640E-025   2.64026E-026
  9.77200E+001   1.65719E-025   1.39662E-025   2.60567E-026
  9.88600E+001   1.68450E-025   1.42751E-025   2.56985E-026
  1.00000E+002   1.71093E-025   1.45751E-025   2.53421E-026
  1.01200E+002   1.73764E-025   1.48797E-025   2.49676E-026
  1.02300E+002   1.76115E-025   1.51493E-025   2.46217E-026
  1.03500E+002   1.78578E-025   1.54330E-025   2.42480E-026
  1.04700E+002   1.80900E-025   1.57027E-025   2.38724E-026
  1.05900E+002   1.83139E-025   1.59640E-025   2.34998E-026
  1.07200E+002   1.85405E-025   1.62306E-025   2.30992E-026
  1.08400E+002   1.87378E-025   1.64647E-025   2.27305E-026
  1.09700E+002   1.89479E-025   1.67143E-025   2.23363E-026
  1.10900E+002   1.91216E-025   1.69246E-025   2.19707E-026
  1.12200E+002   1.92938E-025   1.71358E-025   2.15796E-026
  1.13500E+002   1.94531E-025   1.73338E-025   2.11925E-026
  1.14800E+002   1.96116E-025   1.75305E-025   2.08106E-026
  1.16100E+002   1.97438E-025   1.77008E-025   2.04299E-026
  1.17500E+002   1.98822E-025   1.78796E-025   2.00257E-026
  1.18800E+002   1.99905E-025   1.80250E-025   1.96549E-026
  1.20200E+002   2.00986E-025   1.81726E-025   1.92602E-026
  1.21600E+002   2.01806E-025   1.82935E-025   1.88710E-026
  1.23000E+002   2.02641E-025   1.84154E-025   1.84865E-026
  1.24400E+002   2.03285E-025   1.85177E-025   1.81089E-026
  1.25900E+002   2.03757E-025   1.86048E-025   1.77086E-026
  1.27300E+002   2.04149E-025   1.86807E-025   1.73424E-026
  1.28800E+002   2.04413E-025   1.87457E-025   1.69560E-026
  1.30300E+002   2.04553E-025   1.87975E-025   1.65772E-026
  1.31800E+002   2.04456E-025   1.88251E-025   1.62051E-026
  1.33400E+002   2.04305E-025   1.88489E-025   1.58158E-026
  1.34900E+002   2.04058E-025   1.88599E-025   1.54584E-026
  1.36500E+002   2.03643E-025   1.88561E-025   1.50818E-026
  1.38000E+002   2.03143E-025   1.88404E-025   1.47392E-026
  1.39600E+002   2.02478E-025   1.88097E-025   1.43812E-026
  1.41200E+002   2.01713E-025   1.87685E-025   1.40279E-026
  1.42900E+002   2.00766E-025   1.87101E-025   1.36648E-026
  1.44500E+002   1.99778E-025   1.86449E-025   1.33290E-026
  1.46200E+002   1.98603E-025   1.85622E-025   1.29811E-026
  1.47900E+002   1.97349E-025   1.84706E-025   1.26428E-026
  1.49600E+002   1.95973E-025   1.83661E-025   1.23116E-026
  1.51400E+002   1.94446E-025   1.82475E-025   1.19700E-026
  1.53100E+002   1.92894E-025   1.81237E-025   1.16567E-026
  1.54900E+002   1.91198E-025   1.79865E-025   1.13336E-026
  1.56700E+002   1.89398E-025   1.78380E-025   1.10188E-026
  1.58500E+002   1.87550E-025   1.76837E-025   1.07130E-026
  1.60300E+002   1.85734E-025   1.75320E-025   1.04145E-026
  1.62200E+002   1.83610E-025   1.73501E-025   1.01091E-026
  1.64100E+002   1.81456E-025   1.71641E-025   9.81443E-027
  1.66000E+002   1.79275E-025   1.69748E-025   9.52720E-027
  1.67900E+002   1.76980E-025   1.67731E-025   9.24857E-027
  1.69800E+002   1.74827E-025   1.65850E-025   8.97727E-027
  1.71800E+002   1.72348E-025   1.63644E-025   8.70388E-027
  1.73800E+002   1.69860E-025   1.61424E-025   8.43662E-027
  1.75800E+002   1.67374E-025   1.59195E-025   8.17897E-027
  1.77800E+002   1.64955E-025   1.57026E-025   7.92925E-027
  1.79900E+002   1.62272E-025   1.54597E-025   7.67529E-027
  1.82000E+002   1.59606E-025   1.52176E-025   7.43031E-027
  1.84100E+002   1.57008E-025   1.49814E-025   7.19362E-027
  1.86200E+002   1.54300E-025   1.47335E-025   6.96531E-027
  1.88400E+002   1.51496E-025   1.44761E-025   6.73455E-027
  1.90600E+002   1.48763E-025   1.42251E-025   6.51183E-027
  1.92800E+002   1.46000E-025   1.39703E-025   6.29724E-027
  1.95000E+002   1.43222E-025   1.37132E-025   6.08950E-027
  1.97200E+002   1.40539E-025   1.34648E-025   5.89059E-027
  1.99500E+002   1.37692E-025   1.32003E-025   5.68956E-027
  2.01800E+002   1.34860E-025   1.29364E-025   5.49590E-027
  2.04200E+002   1.32003E-025   1.26702E-025   5.30135E-027
  2.06500E+002   1.29241E-025   1.24118E-025   5.12294E-027
  2.08900E+002   1.26469E-025   1.21526E-025   4.94316E-027
  2.11400E+002   1.23527E-025   1.18763E-025   4.76387E-027
  2.13800E+002   1.20844E-025   1.16246E-025   4.59786E-027
  2.16300E+002   1.18005E-025   1.13573E-025   4.43212E-027
  2.18800E+002   1.15199E-025   1.10926E-025   4.27317E-027
  2.21300E+002   1.12545E-025   1.08425E-025   4.12059E-027
  2.23900E+002   1.09751E-025   1.05782E-025   3.96837E-027
  2.26500E+002   1.07069E-025   1.03246E-025   3.82210E-027
  2.29100E+002   1.04400E-025   1.00718E-025   3.68217E-027
  2.31700E+002   1.01843E-025   9.82951E-026   3.54798E-027
  2.34400E+002   9.91675E-026   9.57529E-026   3.41460E-027
  2.37100E+002   9.66061E-026   9.33196E-026   3.28654E-027
  2.39900E+002   9.39780E-026   9.08183E-026   3.15964E-027
  2.42700E+002   9.14650E-026   8.84265E-026   3.03854E-027
  2.45500E+002   8.89787E-026   8.60558E-026   2.92287E-027
  2.48300E+002   8.65710E-026   8.37593E-026   2.81175E-027
  2.51200E+002   8.41127E-026   8.14109E-026   2.70177E-027
  2.54100E+002   8.17654E-026   7.91687E-026   2.59666E-027
  2.57000E+002   7.94542E-026   7.69579E-026   2.49632E-027
  2.60000E+002   7.71431E-026   7.47455E-026   2.39758E-027
  2.63000E+002   7.48723E-026   7.25696E-026   2.30275E-027
  2.66100E+002   7.26386E-026   7.04289E-026   2.20966E-027
  2.69100E+002   7.05201E-026   6.83968E-026   2.12328E-027
  2.72300E+002   6.83336E-026   6.62978E-026   2.03582E-027
  2.75400E+002   6.63060E-026   6.43514E-026   1.95462E-027
  2.78600E+002   6.42299E-026   6.23546E-026   1.87524E-027
  2.81800E+002   6.22843E-026   6.04849E-026   1.79949E-027
  2.85100E+002   6.02965E-026   5.85715E-026   1.72500E-027
  2.88400E+002   5.83809E-026   5.67270E-026   1.65389E-027
  2.91700E+002   5.65133E-026   5.49269E-026   1.58638E-027
  2.95100E+002   5.47124E-026   5.31927E-026   1.51962E-027
  2.98500E+002   5.29102E-026   5.14535E-026   1.45671E-027
  3.02000E+002   5.11732E-026   4.97781E-026   1.39507E-027
  3.05500E+002   4.94932E-026   4.81571E-026   1.33611E-027
  3.09000E+002   4.78391E-026   4.65586E-026   1.28047E-027
  3.12600E+002   4.62490E-026   4.50233E-026   1.22570E-027
  3.16200E+002   4.46617E-026   4.34879E-026   1.17381E-027
  3.19900E+002   4.31390E-026   4.20160E-026   1.12295E-027
  3.23600E+002   4.16424E-026   4.05676E-026   1.07479E-027
  3.27300E+002   4.02262E-026   3.91972E-026   1.02901E-027
  3.31100E+002   3.88433E-026   3.78588E-026   9.84560E-028
  3.35000E+002   3.74506E-026   3.65097E-026   9.40975E-028
  3.38800E+002   3.61503E-026   3.52496E-026   9.00737E-028
  3.42800E+002   3.48273E-026   3.39668E-026   8.60560E-028
  3.46700E+002   3.36266E-026   3.28032E-026   8.23426E-028
  3.50800E+002   3.23940E-026   3.16076E-026   7.86418E-028
  3.54800E+002   3.12339E-026   3.04818E-026   7.52145E-028
  3.58900E+002   3.00944E-026   2.93755E-026   7.18885E-028
  3.63100E+002   2.89706E-026   2.82841E-026   6.86514E-028
  3.67300E+002   2.79103E-026   2.72544E-026   6.55963E-028
  3.71500E+002   2.69074E-026   2.62804E-026   6.26934E-028
  3.75800E+002   2.58888E-026   2.52901E-026   5.98707E-028
  3.80200E+002   2.49211E-026   2.43497E-026   5.71447E-028
  3.84600E+002   2.39635E-026   2.34178E-026   5.45630E-028
  3.89000E+002   2.30740E-026   2.25528E-026   5.21187E-028
  3.93500E+002   2.22019E-026   2.17044E-026   4.97492E-028
  3.98100E+002   2.13466E-026   2.08720E-026   4.74604E-028
  4.02700E+002   2.05288E-026   2.00759E-026   4.52931E-028
  4.07400E+002   1.97278E-026   1.92959E-026   4.31974E-028
  4.12100E+002   1.89743E-026   1.85621E-026   4.12182E-028
  4.16900E+002   1.82265E-026   1.78334E-026   3.93067E-028
  4.21700E+002   1.75101E-026   1.71351E-026   3.74993E-028
  4.26600E+002   1.68329E-026   1.64754E-026   3.57528E-028
  4.31500E+002   1.61753E-026   1.58342E-026   3.41028E-028
  4.36500E+002   1.55233E-026   1.51982E-026   3.25121E-028
  4.41600E+002   1.49084E-026   1.45986E-026   3.09800E-028
  4.46700E+002   1.43110E-026   1.40157E-026   2.95303E-028
  4.51900E+002   1.37389E-026   1.34575E-026   2.81387E-028
  4.57100E+002   1.31928E-026   1.29246E-026   2.68205E-028
  4.62400E+002   1.26531E-026   1.23976E-026   2.55541E-028
  4.67700E+002   1.21460E-026   1.19024E-026   2.43579E-028
  4.73100E+002   1.16607E-026   1.14287E-026   2.32049E-028
  4.78600E+002   1.11743E-026   1.09533E-026   2.20992E-028
  4.84200E+002   1.07170E-026   1.05067E-026   2.10362E-028
  4.89800E+002   1.02742E-026   1.00739E-026   2.00328E-028
  4.95500E+002   9.85153E-027   9.66083E-027   1.90695E-028
  5.01200E+002   9.44852E-027   9.26690E-027   1.81621E-028
  5.07000E+002   9.05177E-027   8.87888E-027   1.72899E-028
  5.12900E+002   8.67344E-027   8.50890E-027   1.64543E-028
  5.18800E+002   8.31920E-027   8.16254E-027   1.56659E-028
  5.24800E+002   7.96476E-027   7.81566E-027   1.49098E-028
  5.30900E+002   7.63289E-027   7.49104E-027   1.41850E-028
  5.37000E+002   7.31687E-027   7.18185E-027   1.35015E-028
  5.43200E+002   7.00644E-027   6.87797E-027   1.28474E-028
  5.49500E+002   6.71093E-027   6.58873E-027   1.22207E-028
  5.55900E+002   6.42117E-027   6.30495E-027   1.16213E-028
  5.62300E+002   6.14978E-027   6.03922E-027   1.10561E-028
  5.68800E+002   5.89227E-027   5.78712E-027   1.05159E-028
  5.75400E+002   5.63538E-027   5.53538E-027   9.99996E-029
  5.82100E+002   5.39560E-027   5.30055E-027   9.50505E-029
  5.88800E+002   5.16355E-027   5.07315E-027   9.04042E-029
  5.95700E+002   4.93729E-027   4.85140E-027   8.58926E-029
  6.02600E+002   4.72565E-027   4.64400E-027   8.16522E-029
  6.09500E+002   4.52455E-027   4.44689E-027   7.76554E-029
  6.16600E+002   4.32504E-027   4.25127E-027   7.37757E-029
  6.23700E+002   4.13846E-027   4.06832E-027   7.01387E-029
  6.31000E+002   3.95646E-027   3.88984E-027   6.66174E-029
  6.38300E+002   3.78417E-027   3.72086E-027   6.33055E-029
  6.45700E+002   3.61803E-027   3.55788E-027   6.01448E-029
  6.53100E+002   3.46306E-027   3.40589E-027   5.71728E-029
  6.60700E+002   3.30704E-027   3.25274E-027   5.42970E-029
  6.68300E+002   3.16389E-027   3.11230E-027   5.15971E-029
  6.76100E+002   3.02246E-027   2.97348E-027   4.89855E-029
  6.83900E+002   2.89037E-027   2.84383E-027   4.65388E-029
  6.91800E+002   2.76344E-027   2.71923E-027   4.42064E-029
  6.99800E+002   2.63977E-027   2.59778E-027   4.19825E-029
  7.08000E+002   2.52144E-027   2.48160E-027   3.98399E-029
  7.16100E+002   2.41053E-027   2.37268E-027   3.78520E-029
  7.24400E+002   2.30341E-027   2.26748E-027   3.59336E-029
  7.32800E+002   2.20014E-027   2.16603E-027   3.41155E-029
  7.41300E+002   2.10308E-027   2.07070E-027   3.23866E-029
  7.49900E+002   2.00681E-027   1.97608E-027   3.07380E-029
  7.58600E+002   1.91767E-027   1.88850E-027   2.91734E-029
  7.67400E+002   1.83226E-027   1.80458E-027   2.76840E-029
  7.76200E+002   1.75020E-027   1.72392E-027   2.62853E-029
  7.85200E+002   1.67023E-027   1.64528E-027   2.49458E-029
  7.94300E+002   1.59524E-027   1.57157E-027   2.36687E-029
  8.03500E+002   1.52243E-027   1.49997E-027   2.24583E-029
  8.12800E+002   1.45462E-027   1.43331E-027   2.13093E-029
  8.22200E+002   1.38902E-027   1.36879E-027   2.02228E-029
  8.31800E+002   1.32499E-027   1.30581E-027   1.91765E-029
  8.41400E+002   1.26538E-027   1.24719E-027   1.81937E-029
  8.51100E+002   1.20837E-027   1.19111E-027   1.72629E-029
  8.61000E+002   1.15254E-027   1.13616E-027   1.63732E-029
  8.71000E+002   1.10017E-027   1.08464E-027   1.55241E-029
  8.81000E+002   1.05061E-027   1.03588E-027   1.47313E-029
  8.91200E+002   1.00220E-027   9.88234E-028   1.39676E-029
  9.01600E+002   9.56201E-028   9.42959E-028   1.32425E-029
  9.12000E+002   9.12871E-028   9.00309E-028   1.25616E-029
  9.22600E+002   8.70436E-028   8.58528E-028   1.19081E-029
  9.33300E+002   8.30677E-028   8.19388E-028   1.12886E-029
  9.44100E+002   7.92710E-028   7.82005E-028   1.07054E-029
  9.55000E+002   7.56081E-028   7.45931E-028   1.01499E-029
  9.66000E+002   7.21605E-028   7.11979E-028   9.62552E-030
  9.77200E+002   6.88492E-028   6.79365E-028   9.12658E-030
  9.88500E+002   6.56535E-028   6.47884E-028   8.65087E-030
  1.00000E+003   6.26233E-028   6.18036E-028   8.19675E-030
  1.01200E+003   5.96359E-028   5.88604E-028   7.75482E-030
  1.02300E+003   5.70239E-028   5.62865E-028   7.37432E-030
  1.03500E+003   5.43654E-028   5.36669E-028   6.98463E-030
  1.04700E+003   5.18536E-028   5.11918E-028   6.61813E-030
  1.05900E+003   4.94575E-028   4.88299E-028   6.27537E-030
  1.07200E+003   4.70389E-028   4.64461E-028   5.92763E-030
  1.08400E+003   4.49330E-028   4.43703E-028   5.62724E-030
  1.09600E+003   4.29191E-028   4.23846E-028   5.34550E-030
  1.10900E+003   4.08846E-028   4.03788E-028   5.05766E-030
  1.12200E+003   3.89694E-028   3.84905E-028   4.78887E-030
  1.13500E+003   3.71411E-028   3.66874E-028   4.53688E-030
  1.14800E+003   3.54376E-028   3.50075E-028   4.30113E-030
  1.16100E+003   3.38270E-028   3.34190E-028   4.07912E-030
  1.17500E+003   3.21723E-028   3.17867E-028   3.85569E-030
  1.18800E+003   3.07409E-028   3.03748E-028   3.66113E-030
  1.20200E+003   2.92875E-028   2.89410E-028   3.46488E-030
  1.21600E+003   2.79007E-028   2.75726E-028   3.28082E-030
  1.23000E+003   2.66096E-028   2.62988E-028   3.10849E-030
  1.24400E+003   2.53895E-028   2.50949E-028   2.94676E-030
  1.25900E+003   2.41435E-028   2.38651E-028   2.78429E-030
  1.27400E+003   2.29853E-028   2.27220E-028   2.63290E-030
  1.28800E+003   2.19666E-028   2.17166E-028   2.50007E-030
  1.30300E+003   2.09211E-028   2.06844E-028   2.36716E-030
  1.31800E+003   1.99503E-028   1.97261E-028   2.24229E-030
  1.33400E+003   1.89764E-028   1.87646E-028   2.11765E-030
  1.34900E+003   1.81009E-028   1.79001E-028   2.00840E-030
  1.36500E+003   1.72344E-028   1.70445E-028   1.89892E-030
  1.38000E+003   1.64688E-028   1.62885E-028   1.80302E-030
  1.39600E+003   1.56867E-028   1.55160E-028   1.70702E-030
  1.41200E+003   1.49590E-028   1.47973E-028   1.61685E-030
  1.42900E+003   1.42314E-028   1.40786E-028   1.52751E-030
  1.44500E+003   1.35766E-028   1.34317E-028   1.44864E-030
  1.46200E+003   1.29306E-028   1.27936E-028   1.37014E-030
  1.47900E+003   1.23216E-028   1.21919E-028   1.29675E-030
  1.49600E+003   1.17407E-028   1.16179E-028   1.22803E-030
  1.51400E+003   1.11689E-028   1.10529E-028   1.15994E-030
  1.53100E+003   1.06596E-028   1.05496E-028   1.09980E-030
  1.54900E+003   1.01452E-028   1.00412E-028   1.04005E-030
  1.56700E+003   9.66688E-029   9.56846E-029   9.84199E-031
  1.58500E+003   9.21685E-029   9.12366E-029   9.31872E-031
  1.60300E+003   8.78489E-029   8.69660E-029   8.82898E-031
  1.62200E+003   8.36321E-029   8.27976E-029   8.34526E-031
  1.64100E+003   7.96484E-029   7.88591E-029   7.89294E-031
  1.66000E+003   7.58516E-029   7.51046E-029   7.46926E-031
  1.67900E+003   7.23290E-029   7.16217E-029   7.07275E-031
  1.69800E+003   6.90028E-029   6.83326E-029   6.70106E-031
  1.71800E+003   6.56559E-029   6.50224E-029   6.33537E-031
  1.73800E+003   6.25443E-029   6.19450E-029   5.99294E-031
  1.75800E+003   5.96184E-029   5.90511E-029   5.67278E-031
  1.77800E+003   5.68191E-029   5.62818E-029   5.37270E-031
  1.79900E+003   5.40941E-029   5.35863E-029   5.07780E-031
  1.82000E+003   5.15262E-029   5.10460E-029   4.80206E-031
  1.84100E+003   4.90728E-029   4.86184E-029   4.54405E-031
  1.86200E+003   4.67964E-029   4.63661E-029   4.30291E-031
  1.88400E+003   4.45473E-029   4.41407E-029   4.06610E-031
  1.90600E+003   4.24011E-029   4.20166E-029   3.84510E-031
  1.92800E+003   4.04108E-029   4.00470E-029   3.63830E-031
  1.95000E+003   3.85328E-029   3.81884E-029   3.44401E-031
  1.97200E+003   3.67354E-029   3.64091E-029   3.26307E-031
  1.99500E+003   3.49933E-029   3.46848E-029   3.08550E-031
  2.01800E+003   3.33027E-029   3.30107E-029   2.91921E-031
  2.04200E+003   3.16589E-029   3.13832E-029   2.75722E-031
  2.06500E+003   3.01744E-029   2.99132E-029   2.61198E-031
  2.08900E+003   2.86998E-029   2.84528E-029   2.47014E-031
  2.11400E+003   2.72693E-029   2.70361E-029   2.33219E-031
  2.13800E+003   2.59802E-029   2.57594E-029   2.20822E-031
  2.16300E+003   2.46985E-029   2.44897E-029   2.08740E-031
  2.18800E+003   2.35076E-029   2.33102E-029   1.97450E-031
  2.21300E+003   2.23854E-029   2.21985E-029   1.86875E-031
  2.23900E+003   2.12720E-029   2.10954E-029   1.76580E-031
  2.26500E+003   2.02413E-029   2.00743E-029   1.66977E-031
  2.29100E+003   1.92698E-029   1.91118E-029   1.58017E-031
  2.31700E+003   1.83429E-029   1.81934E-029   1.49578E-031
  2.34400E+003   1.74480E-029   1.73066E-029   1.41402E-031
  2.37100E+003   1.66053E-029   1.64716E-029   1.33770E-031
  2.39900E+003   1.57749E-029   1.56486E-029   1.26346E-031
  2.42700E+003   1.50039E-029   1.48845E-029   1.19416E-031
  2.45500E+003   1.42781E-029   1.41652E-029   1.12953E-031
  2.48300E+003   1.35853E-029   1.34784E-029   1.06889E-031
  2.51200E+003   1.29187E-029   1.28176E-029   1.01032E-031
  2.54100E+003   1.22912E-029   1.21957E-029   9.55427E-032
  2.57000E+003   1.16943E-029   1.16039E-029   9.04007E-032
  2.60000E+003   1.11209E-029   1.10355E-029   8.54399E-032
  2.63000E+003   1.05811E-029   1.05003E-029   8.08070E-032
  2.66100E+003   1.00496E-029   9.97324E-030   7.63268E-032
  2.69200E+003   9.55611E-030   9.48397E-030   7.21413E-032
  2.72300E+003   9.09323E-030   9.02501E-030   6.82233E-032
  2.75400E+003   8.65155E-030   8.58698E-030   6.45651E-032
  2.78600E+003   8.22782E-030   8.16680E-030   6.10250E-032
  2.81800E+003   7.82901E-030   7.77129E-030   5.77223E-032
  2.85100E+003   7.44190E-030   7.38736E-030   5.45382E-032
  2.88400E+003   7.07307E-030   7.02151E-030   5.15536E-032
  2.91700E+003   6.73166E-030   6.68289E-030   4.87729E-032
  2.95100E+003   6.40052E-030   6.35443E-030   4.60903E-032
  2.98500E+003   6.08482E-030   6.04124E-030   4.35740E-032
  3.02000E+003   5.78314E-030   5.74198E-030   4.11607E-032
  3.05500E+003   5.49935E-030   5.46043E-030   3.89132E-032
  3.09000E+003   5.23220E-030   5.19539E-030   3.68090E-032
  3.12600E+003   4.97127E-030   4.93649E-030   3.47824E-032
  3.16200E+003   4.72896E-030   4.69608E-030   3.28841E-032
  3.19900E+003   4.49467E-030   4.46361E-030   3.10646E-032
  3.23600E+003   4.27141E-030   4.24204E-030   2.93680E-032
  3.27300E+003   4.06406E-030   4.03628E-030   2.77797E-032
  3.31100E+003   3.86362E-030   3.83737E-030   2.62527E-032
  3.35000E+003   3.67077E-030   3.64598E-030   2.47923E-032
  3.38800E+003   3.49192E-030   3.46846E-030   2.34547E-032
  3.42800E+003   3.31640E-030   3.29425E-030   2.21462E-032
  3.46700E+003   3.15600E-030   3.13505E-030   2.09539E-032
  3.50800E+003   2.99599E-030   2.97621E-030   1.97792E-032
  3.54800E+003   2.85051E-030   2.83180E-030   1.87103E-032
  3.58900E+003   2.71071E-030   2.69302E-030   1.76851E-032
  3.63100E+003   2.57547E-030   2.55877E-030   1.67046E-032
  3.67300E+003   2.44717E-030   2.43138E-030   1.57882E-032
  3.71500E+003   2.32802E-030   2.31308E-030   1.49328E-032
  3.75800E+003   2.21322E-030   2.19911E-030   1.41121E-032
  3.80200E+003   2.10277E-030   2.08945E-030   1.33267E-032
  3.84600E+003   1.99800E-030   1.98541E-030   1.25956E-032
  3.89000E+003   1.90032E-030   1.88841E-030   1.19112E-032
  3.93600E+003   1.80469E-030   1.79345E-030   1.12437E-032
  3.98100E+003   1.71671E-030   1.70607E-030   1.06328E-032
  4.02700E+003   1.63099E-030   1.62094E-030   1.00490E-032
  4.07400E+003   1.54973E-030   1.54024E-030   9.49182E-033
  4.12100E+003   1.47330E-030   1.46433E-030   8.97208E-033
  4.16900E+003   1.40022E-030   1.39174E-030   8.47460E-033
  4.21700E+003   1.33058E-030   1.32257E-030   8.01126E-033
  4.26600E+003   1.26433E-030   1.25676E-030   7.56871E-033
  4.31500E+003   1.20229E-030   1.19514E-030   7.15504E-033
  4.36500E+003   1.14273E-030   1.13597E-030   6.76091E-033
  4.41600E+003   1.08490E-030   1.07851E-030   6.38511E-033
  4.46700E+003   1.03148E-030   1.02544E-030   6.03407E-033
  4.51900E+003   9.80015E-031   9.74315E-031   5.70014E-033
  4.57100E+003   9.31841E-031   9.26453E-031   5.38795E-033
  4.62400E+003   8.84863E-031   8.79772E-031   5.09066E-033
  4.67700E+003   8.41451E-031   8.36638E-031   4.81278E-033
  4.73200E+003   7.99103E-031   7.94560E-031   4.54306E-033
  4.78600E+003   7.59992E-031   7.55696E-031   4.29610E-033
  4.84200E+003   7.21551E-031   7.17494E-031   4.05685E-033
  4.89800E+003   6.85717E-031   6.81884E-031   3.83319E-033
  4.95400E+003   6.52171E-031   6.48546E-031   3.62435E-033
  5.01200E+003   6.19345E-031   6.15923E-031   3.42222E-033
  5.07000E+003   5.88626E-031   5.85393E-031   3.23350E-033
  5.12900E+003   5.58895E-031   5.55841E-031   3.05402E-033
  5.18800E+003   5.31293E-031   5.28407E-031   2.88661E-033
  5.24800E+003   5.04896E-031   5.02168E-031   2.72745E-033
  5.30900E+003   4.79788E-031   4.77212E-031   2.57608E-033
  5.37000E+003   4.55759E-031   4.53324E-031   2.43491E-033
  5.43200E+003   4.33204E-031   4.30903E-031   2.30075E-033
  5.49500E+003   4.11655E-031   4.09482E-031   2.17351E-033
  5.55900E+003   3.90975E-031   3.88923E-031   2.05273E-033
  5.62300E+003   3.71633E-031   3.69693E-031   1.93984E-033
  5.68800E+003   3.52925E-031   3.51092E-031   1.83284E-033
  5.75400E+003   3.35389E-031   3.33658E-031   1.73125E-033
  5.82100E+003   3.18571E-031   3.16936E-031   1.63503E-033
  5.88800E+003   3.02761E-031   3.01215E-031   1.54521E-033
  5.95700E+003   2.87346E-031   2.85887E-031   1.45875E-033
  6.02600E+003   2.73048E-031   2.71669E-031   1.37811E-033
  6.09500E+003   2.59600E-031   2.58297E-031   1.30271E-033
  6.16600E+003   2.46589E-031   2.45359E-031   1.23008E-033
  6.23700E+003   2.34359E-031   2.33197E-031   1.16240E-033
  6.31000E+003   2.22394E-031   2.21296E-031   1.09745E-033
  6.38300E+003   2.11294E-031   2.10258E-031   1.03663E-033
  6.45600E+003   2.00914E-031   1.99934E-031   9.80029E-034
  6.53100E+003   1.90830E-031   1.89904E-031   9.25643E-034
  6.60700E+003   1.81280E-031   1.80406E-031   8.74063E-034
  6.68300E+003   1.72188E-031   1.71362E-031   8.25910E-034
  6.76100E+003   1.63533E-031   1.62753E-031   7.79935E-034
  6.83900E+003   1.55398E-031   1.54661E-031   7.36887E-034
  6.91800E+003   1.47652E-031   1.46956E-031   6.96111E-034
  6.99800E+003   1.40278E-031   1.39621E-031   6.57654E-034
  7.08000E+003   1.33088E-031   1.32468E-031   6.20831E-034
  7.16100E+003   1.26538E-031   1.25951E-031   5.86802E-034
  7.24400E+003   1.20189E-031   1.19635E-031   5.54237E-034
  7.32800E+003   1.14186E-031   1.13662E-031   5.23441E-034
  7.41300E+003   1.08476E-031   1.07982E-031   4.94360E-034
  7.49900E+003   1.02978E-031   1.02511E-031   4.66966E-034
  7.58600E+003   9.78197E-032   9.73787E-032   4.41008E-034
  7.67400E+003   9.29163E-032   9.24998E-032   4.16517E-034
  7.76200E+003   8.83069E-032   8.79133E-032   3.93645E-034
  7.85200E+003   8.38751E-032   8.35034E-032   3.71770E-034
  7.94300E+003   7.96898E-032   7.93386E-032   3.51175E-034
  8.03500E+003   7.56380E-032   7.53063E-032   3.31692E-034
  8.12800E+003   7.18625E-032   7.15493E-032   3.13247E-034
  8.22200E+003   6.82755E-032   6.79796E-032   2.95901E-034
  8.31800E+003   6.48329E-032   6.45535E-032   2.79380E-034
  8.41400E+003   6.15982E-032   6.13343E-032   2.63913E-034
  8.51100E+003   5.84872E-032   5.82379E-032   2.49321E-034
  8.61000E+003   5.55423E-032   5.53069E-032   2.35420E-034
  8.71000E+003   5.27478E-032   5.25255E-032   2.22306E-034
  8.81000E+003   5.01373E-032   4.99272E-032   2.10062E-034
  8.91200E+003   4.76185E-032   4.74200E-032   1.98448E-034
  9.01600E+003   4.52207E-032   4.50334E-032   1.87325E-034
  9.12000E+003   4.29394E-032   4.27624E-032   1.76949E-034
  9.22600E+003   4.07690E-032   4.06019E-032   1.67089E-034
  9.33200E+003   3.87423E-032   3.85845E-032   1.57849E-034
  9.44100E+003   3.67843E-032   3.66352E-032   1.49042E-034
  9.55000E+003   3.49443E-032   3.48035E-032   1.40802E-034
  9.66000E+003   3.32105E-032   3.30775E-032   1.33021E-034
  9.77200E+003   3.15193E-032   3.13936E-032   1.25618E-034
  9.88600E+003   2.99232E-032   2.98046E-032   1.18575E-034
  1.00000E+004   2.84334E-032   2.83214E-032   1.12020E-034
  1.01200E+004   2.69547E-032   2.68467E-032   1.07994E-034
  1.02300E+004   2.56873E-032   2.55829E-032   1.04471E-034
  1.03500E+004   2.43868E-032   2.42860E-032   1.00803E-034
  1.04700E+004   2.31496E-032   2.30523E-032   9.73050E-035
  1.05900E+004   2.19943E-032   2.19003E-032   9.39683E-035
  1.07200E+004   2.08337E-032   2.07432E-032   9.05244E-035
  1.08400E+004   1.98235E-032   1.97360E-032   8.74942E-035
  1.09600E+004   1.88711E-032   1.87865E-032   8.45985E-035
  1.10900E+004   1.79011E-032   1.78195E-032   8.16048E-035
  1.12200E+004   1.69858E-032   1.69070E-032   7.87515E-035
  1.13500E+004   1.61309E-032   1.60549E-032   7.60304E-035
  1.14800E+004   1.53332E-032   1.52598E-032   7.34339E-035
  1.16100E+004   1.45772E-032   1.45063E-032   7.09550E-035
  1.17500E+004   1.38184E-032   1.37500E-032   6.84092E-035
  1.18800E+004   1.31563E-032   1.30901E-032   6.61538E-035
  1.20200E+004   1.24773E-032   1.24135E-032   6.38350E-035
  1.21600E+004   1.18480E-032   1.17864E-032   6.16238E-035
  1.23000E+004   1.12566E-032   1.11971E-032   5.95141E-035
  1.24400E+004   1.07006E-032   1.06431E-032   5.75001E-035
  1.25900E+004   1.01453E-032   1.00898E-032   5.54423E-035
  1.27400E+004   9.62070E-033   9.56722E-033   5.34819E-035
  1.28800E+004   9.15474E-033   9.10300E-033   5.17352E-035
  1.30300E+004   8.69416E-033   8.64421E-033   4.99474E-035
  1.31800E+004   8.26174E-033   8.21350E-033   4.82415E-035
  1.33400E+004   7.82603E-033   7.77952E-033   4.65067E-035
  1.34900E+004   7.44457E-033   7.39961E-033   4.49555E-035
  1.36500E+004   7.06256E-033   7.01918E-033   4.33762E-035
  1.38000E+004   6.72597E-033   6.68401E-033   4.19624E-035
  1.39600E+004   6.38372E-033   6.34320E-033   4.05215E-035
  1.41200E+004   6.06627E-033   6.02712E-033   3.91461E-035
  1.42900E+004   5.74964E-033   5.71188E-033   3.77524E-035
  1.44500E+004   5.47173E-033   5.43523E-033   3.65007E-035
  1.46200E+004   5.19227E-033   5.15704E-033   3.52308E-035
  1.47900E+004   4.92965E-033   4.89564E-033   3.40194E-035
  1.49600E+004   4.68205E-033   4.64919E-033   3.28631E-035
  1.51400E+004   4.43865E-033   4.40696E-033   3.16954E-035
  1.53100E+004   4.22124E-033   4.19059E-033   3.06430E-035
  1.54900E+004   4.00658E-033   3.97700E-033   2.95791E-035
  1.56700E+004   3.80503E-033   3.77647E-033   2.85640E-035
  1.58500E+004   3.61567E-033   3.58807E-033   2.75949E-035
  1.60300E+004   3.43755E-033   3.41088E-033   2.66693E-035
  1.62200E+004   3.25879E-033   3.23305E-033   2.57369E-035
  1.64100E+004   3.09311E-033   3.06826E-033   2.48475E-035
  1.66000E+004   2.93771E-033   2.91371E-033   2.39987E-035
  1.67900E+004   2.79266E-033   2.76947E-033   2.31883E-035
  1.69800E+004   2.65510E-033   2.63268E-033   2.24141E-035
  1.71800E+004   2.51911E-033   2.49747E-033   2.16360E-035
  1.73800E+004   2.39236E-033   2.37146E-033   2.08936E-035
  1.75800E+004   2.27202E-033   2.25184E-033   2.01849E-035
  1.77800E+004   2.15926E-033   2.13975E-033   1.95079E-035
  1.79900E+004   2.04895E-033   2.03012E-033   1.88294E-035
  1.82000E+004   1.94543E-033   1.92725E-033   1.81821E-035
  1.84100E+004   1.84821E-033   1.83064E-033   1.75642E-035
  1.86200E+004   1.75683E-033   1.73985E-033   1.69740E-035
  1.88400E+004   1.66572E-033   1.64934E-033   1.63838E-035
  1.90600E+004   1.58131E-033   1.56549E-033   1.58207E-035
  1.92800E+004   1.50214E-033   1.48686E-033   1.52832E-035
  1.95000E+004   1.42760E-033   1.41283E-033   1.47698E-035
  1.97200E+004   1.35753E-033   1.34325E-033   1.42792E-035
  1.99500E+004   1.28926E-033   1.27547E-033   1.37893E-035
  2.01800E+004   1.22376E-033   1.21044E-033   1.33216E-035
  2.04200E+004   1.16099E-033   1.14813E-033   1.28559E-035
  2.06500E+004   1.10393E-033   1.09150E-033   1.24298E-035
  2.08900E+004   1.04847E-033   1.03647E-033   1.20051E-035
  2.11400E+004   9.94299E-034   9.82716E-034   1.15830E-035
  2.13800E+004   9.45416E-034   9.34220E-034   1.11963E-035
  2.16300E+004   8.96970E-034   8.86159E-034   1.08115E-035
  2.18800E+004   8.51648E-034   8.41204E-034   1.04442E-035
  2.21300E+004   8.09452E-034   7.99358E-034   1.00934E-035
  2.23900E+004   7.68611E-034   7.58866E-034   9.74510E-036
  2.26500E+004   7.29912E-034   7.20499E-034   9.41264E-036
  2.29100E+004   6.93062E-034   6.83967E-034   9.09515E-036
  2.31700E+004   6.58860E-034   6.50068E-034   8.79181E-036
  2.34400E+004   6.25829E-034   6.17338E-034   8.49093E-036
  2.37100E+004   5.94462E-034   5.86258E-034   8.20364E-036
  2.39900E+004   5.63927E-034   5.56008E-034   7.91927E-036
  2.42700E+004   5.35210E-034   5.27563E-034   7.64790E-036
  2.45500E+004   5.08576E-034   5.01187E-034   7.38881E-036
  2.48300E+004   4.83262E-034   4.76120E-034   7.14131E-036
  2.51200E+004   4.58896E-034   4.51999E-034   6.89650E-036
  2.54100E+004   4.35998E-034   4.29335E-034   6.66277E-036
  2.57000E+004   4.14211E-034   4.07772E-034   6.43950E-036
  2.60000E+004   3.93302E-034   3.87083E-034   6.21892E-036
  2.63000E+004   3.73658E-034   3.67650E-034   6.00830E-036
  2.66100E+004   3.54364E-034   3.48563E-034   5.80056E-036
  2.69200E+004   3.36478E-034   3.30876E-034   5.60229E-036
  2.72300E+004   3.19675E-034   3.14262E-034   5.41297E-036
  2.75400E+004   3.03862E-034   2.98630E-034   5.23210E-036
  2.78600E+004   2.88534E-034   2.83480E-034   5.05375E-036
  2.81800E+004   2.74292E-034   2.69408E-034   4.88342E-036
  2.85100E+004   2.60175E-034   2.55459E-034   4.71571E-036
  2.88400E+004   2.47228E-034   2.42672E-034   4.55559E-036
  2.91700E+004   2.34904E-034   2.30501E-034   4.40265E-036
  2.95100E+004   2.22979E-034   2.18727E-034   4.25216E-036
  2.98500E+004   2.12038E-034   2.07930E-034   4.10846E-036
  3.02000E+004   1.99319E-034   1.95352E-034   3.96722E-036
  3.05500E+004   1.77991E-034   1.74158E-034   3.83239E-036
  3.09000E+004   1.49484E-034   1.45780E-034   3.70361E-036
  3.12600E+004   1.21109E-034   1.17532E-034   3.57710E-036
  3.16200E+004   9.76550E-035   9.41987E-035   3.45629E-036
  3.19900E+004   7.93064E-035   7.59687E-035   3.33773E-036
  3.23600E+004   6.55878E-035   6.23633E-035   3.22454E-036
  3.27300E+004   5.52161E-035   5.20997E-035   3.11642E-036
  3.31100E+004   4.71068E-035   4.40964E-035   3.01035E-036
  3.35000E+004   4.06598E-035   3.77533E-035   2.90644E-036
  3.38800E+004   3.56587E-035   3.28489E-035   2.80974E-036
  3.42800E+004   3.14325E-035   2.87199E-035   2.71254E-036
  3.46700E+004   2.80418E-035   2.54197E-035   2.62205E-036
  3.50800E+004   2.51044E-035   2.25732E-035   2.53120E-036
  3.54800E+004   2.26798E-035   2.02332E-035   2.44657E-036
  3.58900E+004   2.05823E-035   1.82186E-035   2.36370E-036
  3.63100E+004   1.87237E-035   1.64410E-035   2.28265E-036
  3.67300E+004   1.71187E-035   1.49135E-035   2.20526E-036
  3.71500E+004   1.57299E-035   1.35986E-035   2.13133E-036
  3.75800E+004   1.44685E-035   1.24095E-035   2.05903E-036
  3.80200E+004   1.33312E-035   1.13428E-035   1.98840E-036
  3.84600E+004   1.23333E-035   1.04123E-035   1.92096E-036
  3.89000E+004   1.14372E-035   9.58065E-036   1.85654E-036
  3.93600E+004   1.06001E-035   8.80790E-036   1.79223E-036
  3.98100E+004   9.86165E-036   8.12948E-036   1.73217E-036
