# lambda[um]  lamI_lam_total  lamI_lam_astrodust  lamI_lam_pah
  9.12000E-002   1.23581E-056   1.23445E-056   1.35891E-059
  9.22600E-002   2.86583E-056   2.86218E-056   3.65281E-059
  9.33200E-002   6.51324E-056   6.50363E-056   9.60792E-059
  9.44100E-002   1.48549E-055   1.48295E-055   2.54054E-058
  9.55000E-002   3.32286E-055   3.31629E-055   6.57226E-058
  9.66100E-002   7.39417E-055   7.37724E-055   1.69255E-057
  9.77200E-002   1.61499E-054   1.61072E-054   4.26608E-057
  9.88600E-002   3.53578E-054   3.52499E-054   1.07887E-056
  1.00000E-001   7.59709E-054   7.57037E-054   2.67139E-056
  1.01200E-001   1.66631E-053   1.65961E-053   6.69953E-056
  1.02300E-001   3.36466E-053   3.34934E-053   1.53229E-055
  1.03500E-001   7.11417E-053   7.07719E-053   3.69860E-055
  1.04700E-001   1.47670E-052   1.46797E-052   8.73783E-055
  1.05900E-001   3.01126E-052   2.99104E-052   2.02197E-054
  1.07200E-001   6.39031E-052   6.34126E-052   4.90556E-054
  1.08400E-001   1.25792E-051   1.24703E-051   1.08946E-053
  1.09700E-001   2.57232E-051   2.54700E-051   2.53150E-053
  1.10900E-001   4.89901E-051   4.84492E-051   5.40907E-053
  1.12200E-001   9.68220E-051   9.56149E-051   1.20712E-052
  1.13500E-001   1.88310E-050   1.85669E-050   2.64126E-052
  1.14800E-001   3.60670E-050   3.54999E-050   5.67120E-052
  1.16100E-001   6.79235E-050   6.67277E-050   1.19584E-051
  1.17500E-001   1.31822E-049   1.29203E-049   2.61905E-051
  1.18900E-001   2.51418E-049   2.45793E-049   5.62579E-051
  1.20200E-001   4.51211E-049   4.39959E-049   1.12523E-050
  1.21600E-001   8.33913E-049   8.10582E-049   2.33307E-050
  1.23000E-001   1.51800E-048   1.47046E-048   4.75442E-050
  1.24400E-001   2.72489E-048   2.62961E-048   9.52892E-050
  1.25900E-001   5.02537E-048   4.82819E-048   1.97178E-049
  1.27400E-001   9.12242E-048   8.72152E-048   4.00902E-049
  1.28800E-001   1.56971E-047   1.49313E-047   7.65714E-049
  1.30300E-001   2.76668E-047   2.61784E-047   1.48833E-048
  1.31800E-001   4.81897E-047   4.52886E-047   2.90113E-048
  1.33300E-001   8.27892E-047   7.72130E-047   5.57619E-048
  1.34900E-001   1.45206E-046   1.34176E-046   1.10299E-047
  1.36500E-001   2.50949E-046   2.29449E-046   2.14991E-047
  1.38000E-001   4.13220E-046   3.73539E-046   3.96813E-047
  1.39600E-001   6.90257E-046   6.14957E-046   7.52992E-047
  1.41200E-001   1.13838E-045   9.97345E-046   1.41039E-046
  1.42900E-001   1.91118E-045   1.64017E-045   2.71005E-046
  1.44500E-001   3.07379E-045   2.57885E-045   4.94945E-046
  1.46200E-001   5.02848E-045   4.10165E-045   9.26832E-046
  1.47900E-001   8.13423E-045   6.42020E-045   1.71403E-045
  1.49600E-001   1.30475E-044   9.91553E-045   3.13201E-045
  1.51400E-001   2.13301E-044   1.54746E-044   5.85556E-045
  1.53100E-001   3.36655E-044   2.32119E-044   1.04536E-044
  1.54900E-001   5.41733E-044   3.50868E-044   1.90865E-044
  1.56700E-001   8.69999E-044   5.25489E-044   3.44510E-044
  1.58500E-001   1.39314E-043   7.78119E-044   6.15019E-044
  1.60300E-001   2.22517E-043   1.13882E-043   1.08635E-043
  1.62200E-001   3.64112E-043   1.68240E-043   1.95872E-043
  1.64100E-001   5.94773E-043   2.45440E-043   3.49333E-043
  1.66000E-001   9.73162E-043   3.56629E-043   6.16533E-043
  1.67900E-001   1.59685E-042   5.19622E-043   1.07723E-042
  1.69800E-001   2.61572E-042   7.51624E-043   1.86410E-042
  1.71800E-001   4.38609E-042   1.10074E-042   3.28535E-042
  1.73800E-001   7.33196E-042   1.60257E-042   5.72939E-042
  1.75800E-001   1.22157E-041   2.32319E-042   9.89248E-042
  1.77800E-001   2.02482E-041   3.32763E-042   1.69206E-041
  1.79900E-001   3.41922E-041   4.74482E-042   2.94473E-041
  1.82000E-001   5.74889E-041   6.70979E-042   5.07791E-041
  1.84100E-001   9.62311E-041   9.42084E-042   8.68103E-041
  1.86200E-001   1.60343E-040   1.31439E-041   1.47199E-040
  1.88400E-001   2.72365E-040   1.85362E-041   2.53828E-040
  1.90500E-001   4.49362E-040   2.56350E-041   4.23727E-040
  1.92800E-001   7.73923E-040   3.74169E-041   7.36506E-040
  1.95000E-001   1.29318E-039   5.37027E-041   1.23948E-039
  1.97200E-001   2.14541E-039   7.68607E-041   2.06855E-039
  1.99500E-001   3.61139E-039   1.11525E-040   3.49987E-039
  2.01800E-001   6.01938E-039   1.61425E-040   5.85795E-039
  2.04200E-001   1.01332E-038   2.36794E-040   9.89636E-039
  2.06500E-001   1.64637E-038   3.40984E-040   1.61227E-038
  2.08900E-001   2.68537E-038   4.86801E-040   2.63669E-038
  2.11300E-001   4.29469E-038   6.88734E-040   4.22581E-038
  2.13800E-001   6.84271E-038   9.80633E-040   6.74464E-038
  2.16300E-001   1.06280E-037   1.38502E-039   1.04895E-037
  2.18800E-001   1.60832E-037   1.94106E-039   1.58891E-037
  2.21300E-001   2.37314E-037   2.69999E-039   2.34615E-037
  2.23900E-001   3.47013E-037   3.77687E-039   3.43236E-037
  2.26500E-001   4.96395E-037   5.24339E-039   4.91151E-037
  2.29100E-001   6.97151E-037   7.22803E-039   6.89923E-037
  2.31700E-001   9.64609E-037   9.89534E-039   9.54713E-037
  2.34400E-001   1.33467E-036   1.36098E-038   1.32106E-036
  2.37100E-001   1.82837E-036   1.85832E-038   1.80979E-036
  2.39900E-001   2.51321E-036   2.54625E-038   2.48774E-036
  2.42700E-001   3.43145E-036   3.46261E-038   3.39682E-036
  2.45500E-001   4.65931E-036   4.67624E-038   4.61255E-036
  2.48300E-001   6.29648E-036   6.27159E-038   6.23376E-036
  2.51200E-001   8.56218E-036   8.44463E-038   8.47773E-036
  2.54100E-001   1.15934E-035   1.12906E-037   1.14805E-035
  2.57000E-001   1.56329E-035   1.49921E-037   1.54829E-035
  2.60000E-001   2.12076E-035   1.99638E-037   2.10079E-035
  2.63000E-001   2.86455E-035   2.64000E-037   2.83815E-035
  2.66100E-001   3.89037E-035   3.49958E-037   3.85537E-035
  2.69100E-001   5.20831E-035   4.56646E-037   5.16265E-035
  2.72300E-001   7.07524E-035   6.02502E-037   7.01499E-035
  2.75400E-001   9.47391E-035   7.82932E-037   9.39561E-035
  2.78600E-001   1.27421E-034   1.01935E-036   1.26402E-034
  2.81800E-001   1.70509E-034   1.31896E-036   1.69190E-034
  2.85100E-001   2.29036E-034   1.70906E-036   2.27327E-034
  2.88400E-001   3.06007E-034   2.20083E-036   3.03806E-034
  2.91700E-001   4.06677E-034   2.81720E-036   4.03860E-034
  2.95100E-001   5.42146E-034   3.61048E-036   5.38535E-034
  2.98500E-001   7.18766E-034   4.60065E-036   7.14165E-034
  3.02000E-001   9.55415E-034   5.86772E-036   9.49548E-034
  3.05500E-001   1.21831E-033   7.44016E-036   1.21087E-033
  3.09000E-001   1.58175E-033   9.38026E-036   1.57237E-033
  3.12600E-001   2.05484E-033   1.18354E-035   2.04300E-033
  3.16200E-001   2.65147E-033   1.48493E-035   2.63662E-033
  3.19900E-001   3.42229E-033   1.86472E-035   3.40365E-033
  3.23600E-001   4.38776E-033   2.32848E-035   4.36448E-033
  3.27300E-001   5.58925E-033   2.89159E-035   5.56033E-033
  3.31100E-001   7.11962E-033   3.59348E-035   7.08368E-033
  3.35000E-001   9.06579E-033   4.46686E-035   9.02112E-033
  3.38800E-001   1.13996E-032   5.49320E-035   1.13447E-032
  3.42800E-001   1.44120E-032   6.79390E-035   1.43441E-032
  3.46700E-001   1.79975E-032   8.31580E-035   1.79144E-032
  3.50700E-001   2.24566E-032   1.01813E-034   2.23548E-032
  3.54800E-001   2.79849E-032   1.24652E-034   2.78602E-032
  3.58900E-001   3.46344E-032   1.51860E-034   3.44826E-032
  3.63100E-001   4.27759E-032   1.85008E-034   4.25909E-032
  3.67300E-001   5.24320E-032   2.24265E-034   5.22077E-032
  3.71500E-001   6.37556E-032   2.70650E-034   6.34850E-032
  3.75800E-001   7.71904E-032   3.26531E-034   7.68639E-032
  3.80200E-001   9.28954E-032   3.93903E-034   9.25015E-032
  3.84600E-001   1.10455E-031   4.72909E-034   1.09982E-031
  3.89100E-001   1.29990E-031   5.67593E-034   1.29422E-031
  3.93600E-001   1.50616E-031   6.78283E-034   1.49938E-031
  3.98100E-001   1.71995E-031   8.06921E-034   1.71188E-031
  4.02700E-001   1.94984E-031   9.59640E-034   1.94025E-031
  4.07400E-001   2.20967E-031   1.14058E-033   2.19826E-031
  4.12100E-001   2.51239E-031   1.34984E-033   2.49889E-031
  4.16900E-001   2.88259E-031   1.59671E-033   2.86662E-031
  4.21700E-001   3.32987E-031   1.88106E-033   3.31106E-031
  4.26600E-001   3.88125E-031   2.21464E-033   3.85911E-031
  4.31500E-001   4.54193E-031   2.59712E-033   4.51596E-031
  4.36500E-001   5.33684E-031   3.04282E-033   5.30641E-031
  4.41600E-001   6.27282E-031   3.56312E-033   6.23719E-031
  4.46700E-001   7.32242E-031   4.15609E-033   7.28086E-031
  4.51900E-001   8.47997E-031   4.84333E-033   8.43154E-031
  4.57100E-001   9.67536E-031   5.62383E-033   9.61912E-031
  4.62400E-001   1.08603E-030   6.52357E-033   1.07950E-030
  4.67700E-001   1.19276E-030   7.54133E-033   1.18522E-030
  4.73200E-001   1.28466E-030   8.73200E-033   1.27593E-030
  4.78600E-001   1.35606E-030   1.00484E-032   1.34601E-030
  4.84200E-001   1.41752E-030   1.15834E-032   1.40593E-030
  4.89800E-001   1.47531E-030   1.33051E-032   1.46201E-030
  4.95400E-001   1.53641E-030   1.52312E-032   1.52118E-030
  5.01200E-001   1.60869E-030   1.74595E-032   1.59123E-030
  5.07000E-001   1.69533E-030   1.99499E-032   1.67538E-030
  5.12900E-001   1.80303E-030   2.27697E-032   1.78026E-030
  5.18800E-001   1.93291E-030   2.59020E-032   1.90701E-030
  5.24800E-001   2.08743E-030   2.94328E-032   2.05800E-030
  5.30900E-001   2.26479E-030   3.34116E-032   2.23138E-030
  5.37000E-001   2.45728E-030   3.78075E-032   2.41947E-030
  5.43300E-001   2.66423E-030   4.28233E-032   2.62141E-030
  5.49500E-001   2.86728E-030   4.82626E-032   2.81901E-030
  5.55900E-001   3.06946E-030   5.44336E-032   3.01503E-030
  5.62300E-001   3.26475E-030   6.12157E-032   3.20354E-030
  5.68800E-001   3.46567E-030   6.87667E-032   3.39690E-030
  5.75400E-001   3.68640E-030   7.71615E-032   3.60924E-030
  5.82100E-001   3.94051E-030   8.64803E-032   3.85403E-030
  5.88800E-001   4.23554E-030   9.66507E-032   4.13889E-030
  5.95700E-001   4.59137E-030   1.08067E-031   4.48331E-030
  6.02600E-001   5.00574E-030   1.20487E-031   4.88525E-030
  6.09500E-001   5.47922E-030   1.33982E-031   5.34524E-030
  6.16600E-001   6.02328E-030   1.49031E-031   5.87425E-030
  6.23700E-001   6.61704E-030   1.65302E-031   6.45173E-030
  6.31000E-001   7.26554E-030   1.83438E-031   7.08210E-030
  6.38300E-001   7.93873E-030   2.02986E-031   7.73575E-030
  6.45700E-001   8.63008E-030   2.24349E-031   8.40574E-030
  6.53100E-001   9.31794E-030   2.47340E-031   9.07060E-030
  6.60700E-001   1.00136E-029   2.72769E-031   9.74087E-030
  6.68300E-001   1.07054E-029   3.00095E-031   1.04053E-029
  6.76100E-001   1.14355E-029   3.30149E-031   1.11053E-029
  6.83900E-001   1.22189E-029   3.62365E-031   1.18565E-029
  6.91800E-001   1.30960E-029   3.97226E-031   1.26988E-029
  6.99800E-001   1.40968E-029   4.34958E-031   1.36618E-029
  7.07900E-001   1.52475E-029   4.75672E-031   1.47718E-029
  7.16100E-001   1.65677E-029   5.19578E-031   1.60482E-029
  7.24400E-001   1.80705E-029   5.66999E-031   1.75035E-029
  7.32800E-001   1.97552E-029   6.17857E-031   1.91374E-029
  7.41300E-001   2.16231E-029   6.72472E-031   2.09506E-029
  7.49900E-001   2.36731E-029   7.31043E-031   2.29421E-029
  7.58600E-001   2.59129E-029   7.93827E-031   2.51191E-029
  7.67400E-001   2.83546E-029   8.60916E-031   2.74937E-029
  7.76300E-001   3.10283E-029   9.32643E-031   3.00957E-029
  7.85200E-001   3.39306E-029   1.00837E-030   3.29223E-029
  7.94300E-001   3.71496E-029   1.08984E-030   3.60598E-029
  8.03500E-001   4.06947E-029   1.17662E-030   3.95180E-029
  8.12800E-001   4.45906E-029   1.26871E-030   4.33219E-029
  8.22200E-001   4.88691E-029   1.36633E-030   4.75028E-029
  8.31800E-001   5.36158E-029   1.47089E-030   5.21450E-029
  8.41400E-001   5.87740E-029   1.58053E-030   5.71935E-029
  8.51100E-001   6.44316E-029   1.69630E-030   6.27353E-029
  8.61000E-001   7.07060E-029   1.81992E-030   6.88861E-029
  8.71000E-001   7.76061E-029   1.95017E-030   7.56559E-029
  8.81000E-001   8.51398E-029   2.08648E-030   8.30534E-029
  8.91300E-001   9.36423E-029   2.23241E-030   9.14099E-029
  9.01600E-001   1.03009E-028   2.38469E-030   1.00625E-028
  9.12000E-001   1.13512E-028   2.54498E-030   1.10967E-028
  9.22600E-001   1.25544E-028   2.71426E-030   1.22830E-028
  9.33300E-001   1.39399E-028   2.89231E-030   1.36507E-028
  9.44100E-001   1.55675E-028   3.07791E-030   1.52598E-028
  9.55000E-001   1.75313E-028   3.27266E-030   1.72040E-028
  9.66100E-001   2.00102E-028   3.47731E-030   1.96625E-028
  9.77200E-001   2.32245E-028   3.68755E-030   2.28558E-028
  9.88600E-001   2.77584E-028   3.90453E-030   2.73680E-028
  1.00000E+000   3.44134E-028   4.13325E-030   3.40000E-028
  1.01200E+000   4.54895E-028   4.40522E-030   4.50490E-028
  1.02300E+000   6.18746E-028   4.66436E-030   6.14081E-028
  1.03500E+000   8.85338E-028   4.95717E-030   8.80381E-028
  1.04700E+000   1.14725E-027   5.26206E-030   1.14198E-027
  1.05900E+000   1.17389E-027   5.57799E-030   1.16831E-027
  1.07100E+000   1.00664E-027   5.90466E-030   1.00074E-027
  1.08400E+000   8.30128E-028   6.27304E-030   8.23855E-028
  1.09700E+000   7.22334E-028   6.65404E-030   7.15680E-028
  1.10900E+000   6.70674E-028   7.01778E-030   6.63656E-028
  1.12200E+000   6.48667E-028   7.42544E-030   6.41241E-028
  1.13500E+000   6.50857E-028   7.84763E-030   6.43010E-028
  1.14800E+000   6.71463E-028   8.28252E-030   6.63180E-028
  1.16100E+000   7.08364E-028   8.73203E-030   6.99632E-028
  1.17500E+000   7.66687E-028   9.23075E-030   7.57456E-028
  1.18900E+000   8.46517E-028   9.74568E-030   8.36772E-028
  1.20200E+000   9.42669E-028   1.02351E-029   9.32433E-028
  1.21600E+000   1.07072E-027   1.07773E-029   1.05995E-027
  1.23000E+000   1.21827E-027   1.13319E-029   1.20694E-027
  1.24500E+000   1.37623E-027   1.19403E-029   1.36429E-027
  1.25900E+000   1.49112E-027   1.25191E-029   1.47860E-027
  1.27300E+000   1.55029E-027   1.31071E-029   1.53718E-027
  1.28800E+000   1.55272E-027   1.37504E-029   1.53897E-027
  1.30300E+000   1.51732E-027   1.44026E-029   1.50292E-027
  1.31800E+000   1.47086E-027   1.50667E-029   1.45579E-027
  1.33400E+000   1.42730E-027   1.57885E-029   1.41151E-027
  1.34900E+000   1.39854E-027   1.64714E-029   1.38207E-027
  1.36500E+000   1.38103E-027   1.72126E-029   1.36382E-027
  1.38000E+000   1.37605E-027   1.79150E-029   1.35813E-027
  1.39600E+000   1.38046E-027   1.86750E-029   1.36179E-027
  1.41300E+000   1.39420E-027   1.94937E-029   1.37470E-027
  1.42900E+000   1.41390E-027   2.02726E-029   1.39363E-027
  1.44500E+000   1.43888E-027   2.10576E-029   1.41782E-027
  1.46200E+000   1.46985E-027   2.19007E-029   1.44795E-027
  1.47900E+000   1.50480E-027   2.27524E-029   1.48205E-027
  1.49600E+000   1.54265E-027   2.36139E-029   1.51904E-027
  1.51400E+000   1.58567E-027   2.45342E-029   1.56113E-027
  1.53100E+000   1.62837E-027   2.54156E-029   1.60295E-027
  1.54900E+000   1.67518E-027   2.63540E-029   1.64883E-027
  1.56700E+000   1.72408E-027   2.72974E-029   1.69678E-027
  1.58500E+000   1.77398E-027   2.82518E-029   1.74573E-027
  1.60300E+000   1.82515E-027   2.92192E-029   1.79593E-027
  1.62200E+000   1.88029E-027   3.02459E-029   1.85005E-027
  1.64100E+000   1.93578E-027   3.12821E-029   1.90449E-027
  1.66000E+000   1.99195E-027   3.23309E-029   1.95962E-027
  1.67900E+000   2.04812E-027   3.33897E-029   2.01473E-027
  1.69800E+000   2.10360E-027   3.44588E-029   2.06914E-027
  1.71800E+000   2.16226E-027   3.55966E-029   2.12667E-027
  1.73800E+000   2.21896E-027   3.67492E-029   2.18221E-027
  1.75800E+000   2.27403E-027   3.79118E-029   2.23612E-027
  1.77800E+000   2.32628E-027   3.90934E-029   2.28718E-027
  1.79900E+000   2.37500E-027   4.03466E-029   2.33465E-027
  1.82000E+000   2.41810E-027   4.16171E-029   2.37649E-027
  1.84100E+000   2.45132E-027   4.29050E-029   2.40842E-027
  1.86200E+000   2.47749E-027   4.42095E-029   2.43328E-027
  1.88400E+000   2.50618E-027   4.55971E-029   2.46058E-027
  1.90600E+000   2.55241E-027   4.70001E-029   2.50541E-027
  1.92800E+000   2.62877E-027   4.84288E-029   2.58034E-027
  1.95000E+000   2.72816E-027   4.98767E-029   2.67828E-027
  1.97200E+000   2.83323E-027   5.13417E-029   2.78188E-027
  1.99500E+000   2.94030E-027   5.28943E-029   2.88741E-027
  2.01800E+000   3.04086E-027   5.44665E-029   2.98639E-027
  2.04200E+000   3.13962E-027   5.61312E-029   3.08349E-027
  2.06500E+000   3.22701E-027   5.77432E-029   3.16926E-027
  2.08900E+000   3.31476E-027   5.94399E-029   3.25532E-027
  2.11400E+000   3.40314E-027   6.12229E-029   3.34191E-027
  2.13800E+000   3.48423E-027   6.29406E-029   3.42129E-027
  2.16300E+000   3.56705E-027   6.47456E-029   3.50230E-027
  2.18800E+000   3.64927E-027   6.65408E-029   3.58273E-027
  2.21300E+000   3.72718E-027   6.83545E-029   3.65883E-027
  2.23900E+000   3.80767E-027   7.02277E-029   3.73745E-027
  2.26500E+000   3.88676E-027   7.21076E-029   3.81465E-027
  2.29100E+000   3.96558E-027   7.39906E-029   3.89159E-027
  2.31700E+000   4.04159E-027   7.58712E-029   3.96572E-027
  2.34400E+000   4.11776E-027   7.78110E-029   4.03995E-027
  2.37100E+000   4.19700E-027   7.98180E-029   4.11718E-027
  2.39900E+000   4.27327E-027   8.18828E-029   4.19139E-027
  2.42700E+000   4.35139E-027   8.39373E-029   4.26745E-027
  2.45500E+000   4.42658E-027   8.59727E-029   4.34060E-027
  2.48300E+000   4.50236E-027   8.79945E-029   4.41437E-027
  2.51200E+000   4.57798E-027   9.01552E-029   4.48783E-027
  2.54100E+000   4.65424E-027   9.22907E-029   4.56195E-027
  2.57000E+000   4.72787E-027   9.44060E-029   4.63347E-027
  2.60000E+000   4.80334E-027   9.66659E-029   4.70667E-027
  2.63000E+000   4.87592E-027   9.88975E-029   4.77703E-027
  2.66100E+000   4.95461E-027   1.01273E-028   4.85334E-027
  2.69100E+000   5.02822E-027   1.03460E-028   4.92476E-027
  2.72300E+000   5.10628E-027   1.05948E-028   5.00033E-027
  2.75400E+000   5.18217E-027   1.08245E-028   5.07392E-027
  2.78600E+000   5.26173E-027   1.10676E-028   5.15105E-027
  2.81800E+000   5.34239E-027   1.13171E-028   5.22922E-027
  2.85100E+000   5.42875E-027   1.15701E-028   5.31305E-027
  2.88400E+000   5.51864E-027   1.18302E-028   5.40034E-027
  2.91700E+000   5.61528E-027   1.20862E-028   5.49442E-027
  2.95100E+000   5.72515E-027   1.23550E-028   5.60160E-027
  2.98500E+000   5.85150E-027   1.26204E-028   5.72530E-027
  3.02000E+000   6.00901E-027   1.28973E-028   5.88004E-027
  3.05500E+000   6.21192E-027   1.31611E-028   6.08031E-027
  3.09000E+000   6.49583E-027   1.34106E-028   6.36173E-027
  3.12600E+000   6.94951E-027   1.36631E-028   6.81288E-027
  3.16200E+000   7.75988E-027   1.38926E-028   7.62095E-027
  3.19900E+000   9.57481E-027   1.41250E-028   9.43356E-027
  3.23600E+000   1.50123E-026   1.43457E-028   1.48688E-026
  3.27300E+000   4.38308E-026   1.45568E-028   4.36852E-026
  3.31100E+000   9.16110E-026   1.48015E-028   9.14629E-026
  3.35000E+000   2.18952E-026   1.53821E-028   2.17414E-026
  3.38800E+000   1.19852E-026   1.63726E-028   1.18215E-026
  3.42800E+000   9.14022E-027   1.65494E-028   8.97473E-027
  3.46700E+000   8.05328E-027   1.66861E-028   7.88642E-027
  3.50700E+000   7.51295E-027   1.64616E-028   7.34833E-027
  3.54800E+000   7.21767E-027   1.63524E-028   7.05414E-027
  3.58900E+000   7.04834E-027   1.60857E-028   6.88749E-027
  3.63100E+000   6.94899E-027   1.60593E-028   6.78840E-027
  3.67300E+000   6.89340E-027   1.61887E-028   6.73151E-027
  3.71500E+000   6.86474E-027   1.63273E-028   6.70147E-027
  3.75800E+000   6.85278E-027   1.64612E-028   6.68817E-027
  3.80200E+000   6.85418E-027   1.66039E-028   6.68815E-027
  3.84600E+000   6.86411E-027   1.67505E-028   6.69661E-027
  3.89100E+000   6.88054E-027   1.68880E-028   6.71166E-027
  3.93500E+000   6.90334E-027   1.70269E-028   6.73307E-027
  3.98100E+000   6.93028E-027   1.71777E-028   6.75851E-027
  4.02700E+000   6.96155E-027   1.73243E-028   6.78830E-027
  4.07400E+000   6.99650E-027   1.74709E-028   6.82179E-027
  4.12100E+000   7.03572E-027   1.76227E-028   6.85949E-027
  4.16900E+000   7.07732E-027   1.77731E-028   6.89959E-027
  4.21700E+000   7.12403E-027   1.79289E-028   6.94474E-027
  4.26600E+000   7.17372E-027   1.80931E-028   6.99279E-027
  4.31500E+000   7.22846E-027   1.82526E-028   7.04593E-027
  4.36500E+000   7.28884E-027   1.84220E-028   7.10462E-027
  4.41600E+000   7.35380E-027   1.85886E-028   7.16791E-027
  4.46700E+000   7.42625E-027   1.87613E-028   7.23864E-027
  4.51900E+000   7.50676E-027   1.89410E-028   7.31735E-027
  4.57100E+000   7.59554E-027   1.91170E-028   7.40437E-027
  4.62400E+000   7.69581E-027   1.93011E-028   7.50280E-027
  4.67700E+000   7.80869E-027   1.94787E-028   7.61391E-027
  4.73200E+000   7.94315E-027   1.96677E-028   7.74647E-027
  4.78600E+000   8.09522E-027   1.98481E-028   7.89673E-027
  4.84200E+000   8.28420E-027   2.00300E-028   8.08390E-027
  4.89800E+000   8.51550E-027   2.02157E-028   8.31335E-027
  4.95500E+000   8.81954E-027   2.03980E-028   8.61556E-027
  5.01200E+000   9.23706E-027   2.05752E-028   9.03131E-027
  5.07000E+000   9.88272E-027   2.07498E-028   9.67522E-027
  5.12900E+000   1.10194E-026   2.09235E-028   1.08102E-026
  5.18800E+000   1.32332E-026   2.10907E-028   1.30222E-026
  5.24800E+000   1.66627E-026   2.12552E-028   1.64501E-026
  5.30900E+000   1.65598E-026   2.14187E-028   1.63456E-026
  5.37000E+000   1.43717E-026   2.15754E-028   1.41559E-026
  5.43200E+000   1.37663E-026   2.17312E-028   1.35490E-026
  5.49500E+000   1.45383E-026   2.18939E-028   1.43193E-026
  5.55900E+000   1.68464E-026   2.20461E-028   1.66260E-026
  5.62300E+000   2.17194E-026   2.21915E-028   2.14975E-026
  5.68800E+000   2.80802E-026   2.23375E-028   2.78568E-026
  5.75400E+000   2.68400E-026   2.24794E-028   2.66152E-026
  5.82100E+000   2.39674E-026   2.26108E-028   2.37413E-026
  5.88800E+000   2.49009E-026   2.27486E-028   2.46734E-026
  5.95700E+000   2.99086E-026   2.28854E-028   2.96798E-026
  6.02600E+000   4.14050E-026   2.30195E-028   4.11748E-026
  6.09500E+000   6.79466E-026   2.31400E-028   6.77152E-026
  6.16600E+000   1.30114E-025   2.32722E-028   1.29881E-025
  6.23700E+000   1.68031E-025   2.33910E-028   1.67797E-025
  6.31000E+000   1.01954E-025   2.35105E-028   1.01719E-025
  6.38300E+000   6.31613E-026   2.36295E-028   6.29250E-026
  6.45700E+000   4.93699E-026   2.37477E-028   4.91324E-026
  6.53100E+000   4.64069E-026   2.38547E-028   4.61684E-026
  6.60700E+000   4.82352E-026   2.39661E-028   4.79955E-026
  6.68300E+000   5.06479E-026   2.40702E-028   5.04072E-026
  6.76100E+000   5.08109E-026   2.42056E-028   5.05688E-026
  6.83900E+000   4.98538E-026   2.48058E-028   4.96057E-026
  6.91800E+000   5.03272E-026   2.44802E-028   5.00824E-026
  6.99800E+000   5.34396E-026   2.44794E-028   5.31948E-026
  7.08000E+000   5.96061E-026   2.45693E-028   5.93604E-026
  7.16100E+000   6.88049E-026   2.46654E-028   6.85582E-026
  7.24400E+000   8.19096E-026   2.47578E-028   8.16620E-026
  7.32800E+000   1.00414E-025   2.48381E-028   1.00165E-025
  7.41300E+000   1.28498E-025   2.49261E-028   1.28249E-025
  7.49900E+000   1.72339E-025   2.50149E-028   1.72089E-025
  7.58600E+000   2.17095E-025   2.50885E-028   2.16844E-025
  7.67400E+000   2.21369E-025   2.51706E-028   2.21117E-025
  7.76200E+000   2.15865E-025   2.51745E-028   2.15613E-025
  7.85200E+000   2.09507E-025   2.52887E-028   2.09254E-025
  7.94300E+000   1.74110E-025   2.56376E-028   1.73854E-025
  8.03500E+000   1.31129E-025   2.62634E-028   1.30866E-025
  8.12800E+000   1.02145E-025   2.71630E-028   1.01873E-025
  8.22200E+000   8.73841E-026   2.84086E-028   8.71000E-026
  8.31800E+000   8.20252E-026   3.03728E-028   8.17215E-026
  8.41400E+000   8.32480E-026   3.22023E-028   8.29260E-026
  8.51100E+000   9.52942E-026   3.39377E-028   9.49548E-026
  8.61000E+000   1.06291E-025   3.49691E-028   1.05941E-025
  8.71000E+000   8.50824E-026   3.68393E-028   8.47140E-026
  8.81100E+000   6.03861E-026   4.04431E-028   5.99817E-026
  8.91300E+000   4.62171E-026   4.41240E-028   4.57759E-026
  9.01600E+000   3.83656E-026   4.75479E-028   3.78901E-026
  9.12000E+000   3.36748E-026   5.12562E-028   3.31623E-026
  9.22600E+000   3.06451E-026   5.51449E-028   3.00937E-026
  9.33300E+000   2.86192E-026   5.87174E-028   2.80320E-026
  9.44100E+000   2.72294E-026   6.15893E-028   2.66136E-026
  9.55000E+000   2.62824E-026   6.36951E-028   2.56455E-026
  9.66000E+000   2.56615E-026   6.50433E-028   2.50111E-026
  9.77200E+000   2.53055E-026   6.56666E-028   2.46489E-026
  9.88500E+000   2.51850E-026   6.55524E-028   2.45295E-026
  1.00000E+001   2.52902E-026   6.47302E-028   2.46429E-026
  1.01200E+001   2.56527E-026   6.32092E-028   2.50206E-026
  1.02300E+001   2.62457E-026   6.14674E-028   2.56310E-026
  1.03500E+001   2.72605E-026   5.94954E-028   2.66655E-026
  1.04700E+001   2.88414E-026   5.76188E-028   2.82652E-026
  1.05900E+001   3.14484E-026   5.58311E-028   3.08900E-026
  1.07200E+001   3.56595E-026   5.39753E-028   3.51198E-026
  1.08400E+001   4.14370E-026   5.23036E-028   4.09140E-026
  1.09700E+001   5.51460E-026   5.04699E-028   5.46413E-026
  1.10900E+001   8.83879E-026   4.87147E-028   8.79008E-026
  1.12200E+001   2.20222E-025   4.66712E-028   2.19755E-025
  1.13500E+001   1.72783E-025   4.44691E-028   1.72338E-025
  1.14800E+001   1.13118E-025   4.25432E-028   1.12692E-025
  1.16100E+001   8.03781E-026   4.08534E-028   7.99696E-026
  1.17500E+001   7.38706E-026   3.91826E-028   7.34788E-026
  1.18900E+001   8.20810E-026   3.75406E-028   8.17056E-026
  1.20200E+001   8.67529E-026   3.59789E-028   8.63932E-026
  1.21600E+001   8.00515E-026   3.43412E-028   7.97080E-026
  1.23000E+001   7.88971E-026   3.28878E-028   7.85682E-026
  1.24400E+001   9.21855E-026   3.17526E-028   9.18680E-026
  1.25900E+001   1.13262E-025   3.10386E-028   1.12952E-025
  1.27300E+001   1.06488E-025   3.08263E-028   1.06180E-025
  1.28800E+001   7.65466E-026   3.08599E-028   7.62380E-026
  1.30300E+001   6.16668E-026   3.08104E-028   6.13587E-026
  1.31800E+001   5.67758E-026   3.08325E-028   5.64675E-026
  1.33400E+001   5.89479E-026   3.08685E-028   5.86393E-026
  1.34900E+001   6.09826E-026   3.09007E-028   6.06735E-026
  1.36500E+001   5.42620E-026   3.09747E-028   5.39523E-026
  1.38000E+001   4.80590E-026   3.10878E-028   4.77481E-026
  1.39600E+001   4.55616E-026   3.12709E-028   4.52489E-026
  1.41200E+001   4.72450E-026   3.15252E-028   4.69298E-026
  1.42900E+001   4.54278E-026   3.18777E-028   4.51091E-026
  1.44500E+001   4.16265E-026   3.23020E-028   4.13035E-026
  1.46200E+001   4.00869E-026   3.28621E-028   3.97583E-026
  1.47900E+001   3.95543E-026   3.35501E-028   3.92188E-026
  1.49600E+001   3.94309E-026   3.43687E-028   3.90872E-026
  1.51400E+001   3.95443E-026   3.53575E-028   3.91907E-026
  1.53100E+001   3.98267E-026   3.63973E-028   3.94628E-026
  1.54900E+001   4.03318E-026   3.75973E-028   3.99558E-026
  1.56700E+001   4.11975E-026   3.88724E-028   4.08088E-026
  1.58500E+001   4.28468E-026   4.02001E-028   4.24448E-026
  1.60300E+001   4.42833E-026   4.15714E-028   4.38676E-026
  1.62200E+001   4.81649E-026   4.30316E-028   4.77346E-026
  1.64100E+001   6.47672E-026   4.44848E-028   6.43224E-026
  1.66000E+001   5.80818E-026   4.58992E-028   5.76228E-026
  1.67900E+001   5.73626E-026   4.72522E-028   5.68901E-026
  1.69800E+001   5.98942E-026   4.85115E-028   5.94091E-026
  1.71800E+001   5.96150E-026   4.97238E-028   5.91178E-026
  1.73800E+001   5.98020E-026   5.08181E-028   5.92938E-026
  1.75800E+001   5.08777E-026   5.17994E-028   5.03597E-026
  1.77800E+001   4.81481E-026   5.26603E-028   4.76215E-026
  1.79900E+001   4.52146E-026   5.34438E-028   4.46801E-026
  1.82000E+001   4.23064E-026   5.41051E-028   4.17654E-026
  1.84100E+001   4.09101E-026   5.46337E-028   4.03637E-026
  1.86200E+001   4.00092E-026   5.50423E-028   3.94588E-026
  1.88400E+001   3.92795E-026   5.53340E-028   3.87262E-026
  1.90600E+001   3.86128E-026   5.54930E-028   3.80579E-026
  1.92700E+001   3.79865E-026   5.55806E-028   3.74307E-026
  1.95000E+001   3.73278E-026   5.55772E-028   3.67720E-026
  1.97200E+001   3.67510E-026   5.55427E-028   3.61955E-026
  1.99500E+001   3.62134E-026   5.54938E-028   3.56585E-026
  2.01800E+001   3.57403E-026   5.56406E-028   3.51839E-026
  2.04200E+001   3.53040E-026   5.58800E-028   3.47452E-026
  2.06500E+001   3.49311E-026   5.62150E-028   3.43689E-026
  2.08900E+001   3.45811E-026   5.66787E-028   3.40143E-026
  2.11400E+001   3.42515E-026   5.72614E-028   3.36788E-026
  2.13800E+001   3.39630E-026   5.78617E-028   3.33844E-026
  2.16300E+001   3.36888E-026   5.85460E-028   3.31033E-026
  2.18800E+001   3.34378E-026   5.92670E-028   3.28451E-026
  2.21300E+001   3.32072E-026   5.99758E-028   3.26075E-026
  2.23900E+001   3.29873E-026   6.06833E-028   3.23805E-026
  2.26500E+001   3.27864E-026   6.14346E-028   3.21720E-026
  2.29100E+001   3.26028E-026   6.21845E-028   3.19809E-026
  2.31700E+001   3.24352E-026   6.29361E-028   3.18058E-026
  2.34400E+001   3.22792E-026   6.38774E-028   3.16404E-026
  2.37100E+001   3.21388E-026   6.48812E-028   3.14900E-026
  2.39900E+001   3.20097E-026   6.60716E-028   3.13490E-026
  2.42700E+001   3.18971E-026   6.73903E-028   3.12232E-026
  2.45500E+001   3.17995E-026   6.88683E-028   3.11108E-026
  2.48300E+001   3.17158E-026   7.04518E-028   3.10112E-026
  2.51200E+001   3.16435E-026   7.22373E-028   3.09211E-026
  2.54100E+001   3.15847E-026   7.42290E-028   3.08424E-026
  2.57000E+001   3.15394E-026   7.63759E-028   3.07756E-026
  2.60000E+001   3.15047E-026   7.87296E-028   3.07174E-026
  2.63000E+001   3.14828E-026   8.12548E-028   3.06703E-026
  2.66100E+001   3.14724E-026   8.40513E-028   3.06318E-026
  2.69200E+001   3.14739E-026   8.70984E-028   3.06029E-026
  2.72300E+001   3.14859E-026   9.02463E-028   3.05834E-026
  2.75400E+001   3.15091E-026   9.36540E-028   3.05725E-026
  2.78600E+001   3.15426E-026   9.73484E-028   3.05691E-026
  2.81800E+001   3.15860E-026   1.01264E-027   3.05733E-026
  2.85100E+001   3.16412E-026   1.05536E-027   3.05858E-026
  2.88400E+001   3.17061E-026   1.10055E-027   3.06056E-026
  2.91700E+001   3.17795E-026   1.14855E-027   3.06309E-026
  2.95100E+001   3.18626E-026   1.19984E-027   3.06627E-026
  2.98500E+001   3.19559E-026   1.25475E-027   3.07012E-026
  3.02000E+001   3.20603E-026   1.31421E-027   3.07461E-026
  3.05500E+001   3.21716E-026   1.37614E-027   3.07955E-026
  3.09000E+001   3.22905E-026   1.44117E-027   3.08493E-026
  3.12600E+001   3.24203E-026   1.51132E-027   3.09090E-026
  3.16200E+001   3.25571E-026   1.58525E-027   3.09718E-026
  3.19900E+001   3.27056E-026   1.66487E-027   3.10408E-026
  3.23600E+001   3.28578E-026   1.74695E-027   3.11109E-026
  3.27300E+001   3.30199E-026   1.83404E-027   3.11859E-026
  3.31100E+001   3.31937E-026   1.92888E-027   3.12648E-026
  3.35000E+001   3.33755E-026   2.02824E-027   3.13473E-026
  3.38800E+001   3.35583E-026   2.12921E-027   3.14291E-026
  3.42800E+001   3.37600E-026   2.24166E-027   3.15183E-026
  3.46700E+001   3.39617E-026   2.35604E-027   3.16057E-026
  3.50800E+001   3.41786E-026   2.48019E-027   3.16984E-026
  3.54800E+001   3.43959E-026   2.60759E-027   3.17883E-026
  3.58900E+001   3.46259E-026   2.74412E-027   3.18817E-026
  3.63100E+001   3.48689E-026   2.88980E-027   3.19791E-026
  3.67300E+001   3.51137E-026   3.03921E-027   3.20745E-026
  3.71500E+001   3.53670E-026   3.19746E-027   3.21695E-026
  3.75800E+001   3.56341E-026   3.36530E-027   3.22688E-026
  3.80200E+001   3.59085E-026   3.54204E-027   3.23665E-026
  3.84600E+001   3.61932E-026   3.72831E-027   3.24649E-026
  3.89000E+001   3.64833E-026   3.92195E-027   3.25614E-026
  3.93500E+001   3.67858E-026   4.12771E-027   3.26581E-026
  3.98100E+001   3.71050E-026   4.34626E-027   3.27588E-026
  4.02700E+001   3.74301E-026   4.57668E-027   3.28535E-026
  4.07400E+001   3.77651E-026   4.81531E-027   3.29498E-026
  4.12100E+001   3.81159E-026   5.06948E-027   3.30464E-026
  4.16900E+001   3.84800E-026   5.33973E-027   3.31402E-026
  4.21700E+001   3.88487E-026   5.61698E-027   3.32317E-026
  4.26600E+001   3.92361E-026   5.91117E-027   3.33250E-026
  4.31500E+001   3.96325E-026   6.22070E-027   3.34118E-026
  4.36500E+001   4.00486E-026   6.54915E-027   3.34995E-026
  4.41600E+001   4.04826E-026   6.89753E-027   3.35851E-026
  4.46700E+001   4.09348E-026   7.26486E-027   3.36699E-026
  4.51900E+001   4.13925E-026   7.64416E-027   3.37484E-026
  4.57100E+001   4.18789E-026   8.04870E-027   3.38302E-026
  4.62400E+001   4.23807E-026   8.47800E-027   3.39027E-026
  4.67700E+001   4.29000E-026   8.92441E-027   3.39756E-026
  4.73100E+001   4.34430E-026   9.39747E-027   3.40455E-026
  4.78600E+001   4.40120E-026   9.89866E-027   3.41133E-026
  4.84200E+001   4.45955E-026   1.04223E-026   3.41733E-026
  4.89800E+001   4.52263E-026   1.09895E-026   3.42368E-026
  4.95400E+001   4.58534E-026   1.15637E-026   3.42897E-026
  5.01200E+001   4.65271E-026   1.21845E-026   3.43426E-026
  5.07000E+001   4.72301E-026   1.28390E-026   3.43910E-026
  5.12900E+001   4.79650E-026   1.35304E-026   3.44346E-026
  5.18800E+001   4.87235E-026   1.42504E-026   3.44731E-026
  5.24800E+001   4.95194E-026   1.50099E-026   3.45095E-026
  5.30900E+001   5.03489E-026   1.58136E-026   3.45353E-026
  5.37000E+001   5.12221E-026   1.66576E-026   3.45645E-026
  5.43300E+001   5.21446E-026   1.75642E-026   3.45803E-026
  5.49500E+001   5.30829E-026   1.84892E-026   3.45937E-026
  5.55900E+001   5.40866E-026   1.94810E-026   3.46055E-026
  5.62300E+001   5.51143E-026   2.05092E-026   3.46051E-026
  5.68800E+001   5.62105E-026   2.16031E-026   3.46074E-026
  5.75400E+001   5.73359E-026   2.27426E-026   3.45933E-026
  5.82100E+001   5.85330E-026   2.39530E-026   3.45800E-026
  5.88800E+001   5.97660E-026   2.52070E-026   3.45590E-026
  5.95700E+001   6.10720E-026   2.65412E-026   3.45308E-026
  6.02600E+001   6.24303E-026   2.79370E-026   3.44933E-026
  6.09500E+001   6.38149E-026   2.93611E-026   3.44538E-026
  6.16600E+001   6.52964E-026   3.08909E-026   3.44054E-026
  6.23700E+001   6.67970E-026   3.24445E-026   3.43525E-026
  6.31000E+001   6.84015E-026   3.41131E-026   3.42884E-026
  6.38300E+001   7.00398E-026   3.58274E-026   3.42124E-026
  6.45700E+001   7.17741E-026   3.76404E-026   3.41338E-026
  6.53100E+001   7.35220E-026   3.94728E-026   3.40492E-026
  6.60700E+001   7.53919E-026   4.14316E-026   3.39603E-026
  6.68300E+001   7.72670E-026   4.34071E-026   3.38598E-026
  6.76100E+001   7.92624E-026   4.55128E-026   3.37496E-026
  6.83900E+001   8.12920E-026   4.76622E-026   3.36298E-026
  6.91800E+001   8.33866E-026   4.98855E-026   3.35011E-026
  6.99800E+001   8.55484E-026   5.21764E-026   3.33720E-026
  7.07900E+001   8.77665E-026   5.45396E-026   3.32269E-026
  7.16100E+001   9.00889E-026   5.70128E-026   3.30761E-026
  7.24400E+001   9.24271E-026   5.95109E-026   3.29162E-026
  7.32800E+001   9.48678E-026   6.21182E-026   3.27496E-026
  7.41300E+001   9.73560E-026   6.47858E-026   3.25701E-026
  7.49900E+001   9.98606E-026   6.74732E-026   3.23874E-026
  7.58600E+001   1.02463E-025   7.02671E-026   3.21957E-026
  7.67400E+001   1.05116E-025   7.31204E-026   3.19955E-026
  7.76200E+001   1.07823E-025   7.60365E-026   3.17864E-026
  7.85200E+001   1.10544E-025   7.89788E-026   3.15649E-026
  7.94300E+001   1.13316E-025   8.19794E-026   3.13366E-026
  8.03500E+001   1.16175E-025   8.50692E-026   3.11062E-026
  8.12800E+001   1.18994E-025   8.81303E-026   3.08634E-026
  8.22200E+001   1.21909E-025   9.12985E-026   3.06110E-026
  8.31800E+001   1.24811E-025   9.44576E-026   3.03531E-026
  8.41400E+001   1.27755E-025   9.76703E-026   3.00849E-026
  8.51100E+001   1.30704E-025   1.00891E-025   2.98132E-026
  8.61000E+001   1.33691E-025   1.04159E-025   2.95318E-026
  8.71000E+001   1.36684E-025   1.07441E-025   2.92429E-026
  8.81100E+001   1.39654E-025   1.10708E-025   2.89457E-026
  8.91200E+001   1.42602E-025   1.13956E-025   2.86456E-026
  9.01600E+001   1.45658E-025   1.17324E-025   2.83339E-026
  9.12000E+001   1.48570E-025   1.20549E-025   2.80206E-026
  9.22600E+001   1.51483E-025   1.23786E-025   2.76965E-026
  9.33200E+001   1.54420E-025   1.27047E-025   2.73731E-026
  9.44100E+001   1.57291E-025   1.30254E-025   2.70367E-026
  9.55000E+001   1.60156E-025   1.33458E-025   2.66982E-026
  9.66100E+001   1.62999E-025   1.36646E-025   2.63534E-026
  9.77200E+001   1.65677E-025   1.39669E-025   2.60078E-026
  9.88600E+001   1.68408E-025   1.42758E-025   2.56500E-026
  1.00000E+002   1.71053E-025   1.45759E-025   2.52940E-026
  1.01200E+002   1.73725E-025   1.48805E-025   2.49200E-026
  1.02300E+002   1.76076E-025   1.51502E-025   2.45745E-026
  1.03500E+002   1.78540E-025   1.54339E-025   2.42014E-026
  1.04700E+002   1.80863E-025   1.57037E-025   2.38263E-026
  1.05900E+002   1.83105E-025   1.59650E-025   2.34542E-026
  1.07200E+002   1.85372E-025   1.62317E-025   2.30542E-026
  1.08400E+002   1.87346E-025   1.64660E-025   2.26860E-026
  1.09700E+002   1.89449E-025   1.67156E-025   2.22925E-026
  1.10900E+002   1.91187E-025   1.69259E-025   2.19275E-026
  1.12200E+002   1.92910E-025   1.71373E-025   2.15370E-026
  1.13500E+002   1.94504E-025   1.73354E-025   2.11505E-026
  1.14800E+002   1.96091E-025   1.75321E-025   2.07693E-026
  1.16100E+002   1.97415E-025   1.77026E-025   2.03893E-026
  1.17500E+002   1.98800E-025   1.78814E-025   1.99858E-026
  1.18800E+002   1.99884E-025   1.80269E-025   1.96157E-026
  1.20200E+002   2.00967E-025   1.81745E-025   1.92217E-026
  1.21600E+002   2.01789E-025   1.82955E-025   1.88332E-026
  1.23000E+002   2.02625E-025   1.84176E-025   1.84495E-026
  1.24400E+002   2.03272E-025   1.85199E-025   1.80726E-026
  1.25900E+002   2.03745E-025   1.86071E-025   1.76731E-026
  1.27300E+002   2.04138E-025   1.86831E-025   1.73076E-026
  1.28800E+002   2.04404E-025   1.87482E-025   1.69219E-026
  1.30300E+002   2.04545E-025   1.88001E-025   1.65439E-026
  1.31800E+002   2.04450E-025   1.88277E-025   1.61725E-026
  1.33400E+002   2.04300E-025   1.88516E-025   1.57840E-026
  1.34900E+002   2.04055E-025   1.88628E-025   1.54273E-026
  1.36500E+002   2.03642E-025   1.88590E-025   1.50515E-026
  1.38000E+002   2.03143E-025   1.88434E-025   1.47096E-026
  1.39600E+002   2.02479E-025   1.88127E-025   1.43523E-026
  1.41200E+002   2.01716E-025   1.87716E-025   1.39997E-026
  1.42900E+002   2.00771E-025   1.87133E-025   1.36374E-026
  1.44500E+002   1.99784E-025   1.86481E-025   1.33023E-026
  1.46200E+002   1.98610E-025   1.85655E-025   1.29552E-026
  1.47900E+002   1.97358E-025   1.84740E-025   1.26175E-026
  1.49600E+002   1.95982E-025   1.83695E-025   1.22871E-026
  1.51400E+002   1.94456E-025   1.82510E-025   1.19462E-026
  1.53100E+002   1.92906E-025   1.81272E-025   1.16336E-026
  1.54900E+002   1.91211E-025   1.79900E-025   1.13111E-026
  1.56700E+002   1.89412E-025   1.78415E-025   1.09970E-026
  1.58500E+002   1.87565E-025   1.76873E-025   1.06918E-026
  1.60300E+002   1.85750E-025   1.75356E-025   1.03940E-026
  1.62200E+002   1.83627E-025   1.73538E-025   1.00893E-026
  1.64100E+002   1.81474E-025   1.71678E-025   9.79520E-027
  1.66000E+002   1.79294E-025   1.69785E-025   9.50858E-027
  1.67900E+002   1.76999E-025   1.67769E-025   9.23054E-027
  1.69800E+002   1.74847E-025   1.65887E-025   8.95982E-027
  1.71800E+002   1.72368E-025   1.63681E-025   8.68700E-027
  1.73800E+002   1.69882E-025   1.61461E-025   8.42031E-027
  1.75800E+002   1.67396E-025   1.59233E-025   8.16320E-027
  1.77800E+002   1.64978E-025   1.57064E-025   7.91402E-027
  1.79900E+002   1.62295E-025   1.54635E-025   7.66059E-027
  1.82000E+002   1.59630E-025   1.52214E-025   7.41613E-027
  1.84100E+002   1.57032E-025   1.49852E-025   7.17993E-027
  1.86200E+002   1.54325E-025   1.47373E-025   6.95211E-027
  1.88400E+002   1.51521E-025   1.44799E-025   6.72182E-027
  1.90600E+002   1.48788E-025   1.42288E-025   6.49957E-027
  1.92800E+002   1.46025E-025   1.39740E-025   6.28542E-027
  1.95000E+002   1.43247E-025   1.37169E-025   6.07812E-027
  1.97200E+002   1.40564E-025   1.34684E-025   5.87963E-027
  1.99500E+002   1.37718E-025   1.32039E-025   5.67900E-027
  2.01800E+002   1.34885E-025   1.29399E-025   5.48574E-027
  2.04200E+002   1.32029E-025   1.26737E-025   5.29159E-027
  2.06500E+002   1.29267E-025   1.24154E-025   5.11355E-027
  2.08900E+002   1.26495E-025   1.21561E-025   4.93413E-027
  2.11400E+002   1.23553E-025   1.18797E-025   4.75521E-027
  2.13800E+002   1.20869E-025   1.16279E-025   4.58954E-027
  2.16300E+002   1.18030E-025   1.13606E-025   4.42413E-027
  2.18800E+002   1.15224E-025   1.10959E-025   4.26550E-027
  2.21300E+002   1.12571E-025   1.08457E-025   4.11322E-027
  2.23900E+002   1.09776E-025   1.05814E-025   3.96130E-027
  2.26500E+002   1.07093E-025   1.03278E-025   3.81532E-027
  2.29100E+002   1.04424E-025   1.00749E-025   3.67567E-027
  2.31700E+002   1.01867E-025   9.83256E-026   3.54175E-027
  2.34400E+002   9.91915E-026   9.57829E-026   3.40862E-027
  2.37100E+002   9.66298E-026   9.33490E-026   3.28082E-027
  2.39900E+002   9.40013E-026   9.08472E-026   3.15416E-027
  2.42700E+002   9.14881E-026   8.84548E-026   3.03330E-027
  2.45500E+002   8.90014E-026   8.60836E-026   2.91786E-027
  2.48300E+002   8.65934E-026   8.37865E-026   2.80694E-027
  2.51200E+002   8.41348E-026   8.14376E-026   2.69717E-027
  2.54100E+002   8.17871E-026   7.91949E-026   2.59227E-027
  2.57000E+002   7.94756E-026   7.69835E-026   2.49212E-027
  2.60000E+002   7.71640E-026   7.47705E-026   2.39356E-027
  2.63000E+002   7.48929E-026   7.25940E-026   2.29891E-027
  2.66100E+002   7.26588E-026   7.04528E-026   2.20599E-027
  2.69100E+002   7.05399E-026   6.84201E-026   2.11977E-027
  2.72300E+002   6.83530E-026   6.63205E-026   2.03248E-027
  2.75400E+002   6.63250E-026   6.43736E-026   1.95142E-027
  2.78600E+002   6.42485E-026   6.23763E-026   1.87218E-027
  2.81800E+002   6.23026E-026   6.05060E-026   1.79657E-027
  2.85100E+002   6.03143E-026   5.85921E-026   1.72221E-027
  2.88400E+002   5.83983E-026   5.67471E-026   1.65124E-027
  2.91700E+002   5.65303E-026   5.49464E-026   1.58384E-027
  2.95100E+002   5.47290E-026   5.32118E-026   1.51720E-027
  2.98500E+002   5.29264E-026   5.14720E-026   1.45441E-027
  3.02000E+002   5.11890E-026   4.97961E-026   1.39288E-027
  3.05500E+002   4.95086E-026   4.81746E-026   1.33401E-027
  3.09000E+002   4.78541E-026   4.65756E-026   1.27848E-027
  3.12600E+002   4.62636E-026   4.50398E-026   1.22380E-027
  3.16200E+002   4.46759E-026   4.35039E-026   1.17200E-027
  3.19900E+002   4.31528E-026   4.20316E-026   1.12123E-027
  3.23600E+002   4.16558E-026   4.05827E-026   1.07315E-027
  3.27300E+002   4.02392E-026   3.92118E-026   1.02744E-027
  3.31100E+002   3.88560E-026   3.78730E-026   9.83071E-028
  3.35000E+002   3.74630E-026   3.65234E-026   9.39559E-028
  3.38800E+002   3.61623E-026   3.52629E-026   8.99388E-028
  3.42800E+002   3.48390E-026   3.39797E-026   8.59278E-028
  3.46700E+002   3.36379E-026   3.28157E-026   8.22206E-028
  3.50800E+002   3.24050E-026   3.16197E-026   7.85258E-028
  3.54800E+002   3.12445E-026   3.04935E-026   7.51041E-028
  3.58900E+002   3.01047E-026   2.93869E-026   7.17835E-028
  3.63100E+002   2.89805E-026   2.82950E-026   6.85516E-028
  3.67300E+002   2.79200E-026   2.72650E-026   6.55014E-028
  3.71500E+002   2.69167E-026   2.62907E-026   6.26031E-028
  3.75800E+002   2.58978E-026   2.53000E-026   5.97850E-028
  3.80200E+002   2.49299E-026   2.43593E-026   5.70633E-028
  3.84600E+002   2.39719E-026   2.34271E-026   5.44856E-028
  3.89000E+002   2.30822E-026   2.25618E-026   5.20452E-028
  3.93500E+002   2.22099E-026   2.17131E-026   4.96793E-028
  3.98100E+002   2.13542E-026   2.08803E-026   4.73941E-028
  4.02700E+002   2.05362E-026   2.00839E-026   4.52301E-028
  4.07400E+002   1.97350E-026   1.93036E-026   4.31376E-028
  4.12100E+002   1.89812E-026   1.85695E-026   4.11615E-028
  4.16900E+002   1.82331E-026   1.78406E-026   3.92528E-028
  4.21700E+002   1.75165E-026   1.71420E-026   3.74482E-028
  4.26600E+002   1.68392E-026   1.64821E-026   3.57042E-028
  4.31500E+002   1.61813E-026   1.58407E-026   3.40568E-028
  4.36500E+002   1.55291E-026   1.52044E-026   3.24684E-028
  4.41600E+002   1.49140E-026   1.46046E-026   3.09385E-028
  4.46700E+002   1.43163E-026   1.40214E-026   2.94909E-028
  4.51900E+002   1.37441E-026   1.34630E-026   2.81014E-028
  4.57100E+002   1.31978E-026   1.29299E-026   2.67851E-028
  4.62400E+002   1.26579E-026   1.24027E-026   2.55206E-028
  4.67700E+002   1.21506E-026   1.19074E-026   2.43261E-028
  4.73100E+002   1.16652E-026   1.14334E-026   2.31747E-028
  4.78600E+002   1.11785E-026   1.09578E-026   2.20706E-028
  4.84200E+002   1.07211E-026   1.05110E-026   2.10091E-028
  4.89800E+002   1.02782E-026   1.00781E-026   2.00071E-028
  4.95500E+002   9.85534E-027   9.66489E-027   1.90452E-028
  5.01200E+002   9.45219E-027   9.27080E-027   1.81390E-028
  5.07000E+002   9.05530E-027   8.88262E-027   1.72680E-028
  5.12900E+002   8.67683E-027   8.51250E-027   1.64335E-028
  5.18800E+002   8.32246E-027   8.16600E-027   1.56462E-028
  5.24800E+002   7.96789E-027   7.81898E-027   1.48912E-028
  5.30900E+002   7.63590E-027   7.49422E-027   1.41673E-028
  5.37000E+002   7.31976E-027   7.18491E-027   1.34848E-028
  5.43200E+002   7.00922E-027   6.88090E-027   1.28316E-028
  5.49500E+002   6.71360E-027   6.59155E-027   1.22057E-028
  5.55900E+002   6.42373E-027   6.30766E-027   1.16071E-028
  5.62300E+002   6.15224E-027   6.04181E-027   1.10426E-028
  5.68800E+002   5.89464E-027   5.78961E-027   1.05031E-028
  5.75400E+002   5.63764E-027   5.53776E-027   9.98789E-029
  5.82100E+002   5.39777E-027   5.30284E-027   9.49363E-029
  5.88800E+002   5.16564E-027   5.07534E-027   9.02960E-029
  5.95700E+002   4.93929E-027   4.85350E-027   8.57902E-029
  6.02600E+002   4.72757E-027   4.64601E-027   8.15552E-029
  6.09500E+002   4.52639E-027   4.44883E-027   7.75636E-029
  6.16600E+002   4.32681E-027   4.25312E-027   7.36888E-029
  6.23700E+002   4.14015E-027   4.07010E-027   7.00564E-029
  6.31000E+002   3.95808E-027   3.89154E-027   6.65396E-029
  6.38300E+002   3.78572E-027   3.72249E-027   6.32318E-029
  6.45700E+002   3.61952E-027   3.55944E-027   6.00752E-029
  6.53100E+002   3.46449E-027   3.40738E-027   5.71068E-029
  6.60700E+002   3.30840E-027   3.25417E-027   5.42346E-029
  6.68300E+002   3.16520E-027   3.11367E-027   5.15380E-029
  6.76100E+002   3.02372E-027   2.97479E-027   4.89297E-029
  6.83900E+002   2.89158E-027   2.84509E-027   4.64859E-029
  6.91800E+002   2.76459E-027   2.72043E-027   4.41564E-029
  6.99800E+002   2.64087E-027   2.59893E-027   4.19352E-029
  7.08000E+002   2.52250E-027   2.48270E-027   3.97951E-029
  7.16100E+002   2.41155E-027   2.37374E-027   3.78096E-029
  7.24400E+002   2.30438E-027   2.26849E-027   3.58935E-029
  7.32800E+002   2.20107E-027   2.16699E-027   3.40776E-029
  7.41300E+002   2.10397E-027   2.07162E-027   3.23507E-029
  7.49900E+002   2.00766E-027   1.97696E-027   3.07041E-029
  7.58600E+002   1.91848E-027   1.88934E-027   2.91413E-029
  7.67400E+002   1.83304E-027   1.80539E-027   2.76536E-029
  7.76200E+002   1.75094E-027   1.72469E-027   2.62567E-029
  7.85200E+002   1.67094E-027   1.64602E-027   2.49187E-029
  7.94300E+002   1.59591E-027   1.57227E-027   2.36430E-029
  8.03500E+002   1.52308E-027   1.50065E-027   2.24341E-029
  8.12800E+002   1.45524E-027   1.43396E-027   2.12864E-029
  8.22200E+002   1.38961E-027   1.36941E-027   2.02011E-029
  8.31800E+002   1.32556E-027   1.30640E-027   1.91560E-029
  8.41400E+002   1.26593E-027   1.24775E-027   1.81744E-029
  8.51100E+002   1.20889E-027   1.19165E-027   1.72445E-029
  8.61000E+002   1.15303E-027   1.13668E-027   1.63558E-029
  8.71000E+002   1.10064E-027   1.08513E-027   1.55077E-029
  8.81000E+002   1.05106E-027   1.03634E-027   1.47158E-029
  8.91200E+002   1.00264E-027   9.88683E-028   1.39530E-029
  9.01600E+002   9.56615E-028   9.43387E-028   1.32286E-029
  9.12000E+002   9.13267E-028   9.00719E-028   1.25485E-029
  9.22600E+002   8.70814E-028   8.58918E-028   1.18958E-029
  9.33300E+002   8.31038E-028   8.19761E-028   1.12769E-029
  9.44100E+002   7.93055E-028   7.82361E-028   1.06944E-029
  9.55000E+002   7.56410E-028   7.46271E-028   1.01395E-029
  9.66000E+002   7.21920E-028   7.12304E-028   9.61566E-030
  9.77200E+002   6.88793E-028   6.79676E-028   9.11726E-030
  9.88500E+002   6.56823E-028   6.48181E-028   8.64206E-030
  1.00000E+003   6.26508E-028   6.18319E-028   8.18842E-030
  1.01200E+003   5.96620E-028   5.88873E-028   7.74697E-030
  1.02300E+003   5.70490E-028   5.63123E-028   7.36687E-030
  1.03500E+003   5.43893E-028   5.36915E-028   6.97760E-030
  1.04700E+003   5.18765E-028   5.12153E-028   6.61149E-030
  1.05900E+003   4.94793E-028   4.88524E-028   6.26909E-030
  1.07200E+003   4.70597E-028   4.64675E-028   5.92172E-030
  1.08400E+003   4.49528E-028   4.43907E-028   5.62164E-030
  1.09600E+003   4.29381E-028   4.24041E-028   5.34019E-030
  1.10900E+003   4.09027E-028   4.03974E-028   5.05265E-030
  1.12200E+003   3.89867E-028   3.85083E-028   4.78415E-030
  1.13500E+003   3.71575E-028   3.67043E-028   4.53242E-030
  1.14800E+003   3.54533E-028   3.50236E-028   4.29691E-030
  1.16100E+003   3.38420E-028   3.34345E-028   4.07512E-030
  1.17500E+003   3.21866E-028   3.18014E-028   3.85193E-030
  1.18800E+003   3.07546E-028   3.03889E-028   3.65757E-030
  1.20200E+003   2.93005E-028   2.89544E-028   3.46152E-030
  1.21600E+003   2.79132E-028   2.75854E-028   3.27764E-030
  1.23000E+003   2.66215E-028   2.63110E-028   3.10549E-030
  1.24400E+003   2.54009E-028   2.51065E-028   2.94391E-030
  1.25900E+003   2.41543E-028   2.38762E-028   2.78161E-030
  1.27400E+003   2.29956E-028   2.27326E-028   2.63038E-030
  1.28800E+003   2.19765E-028   2.17267E-028   2.49768E-030
  1.30300E+003   2.09305E-028   2.06940E-028   2.36490E-030
  1.31800E+003   1.99593E-028   1.97353E-028   2.24015E-030
  1.33400E+003   1.89849E-028   1.87733E-028   2.11564E-030
  1.34900E+003   1.81091E-028   1.79084E-028   2.00649E-030
  1.36500E+003   1.72422E-028   1.70525E-028   1.89712E-030
  1.38000E+003   1.64763E-028   1.62961E-028   1.80132E-030
  1.39600E+003   1.56938E-028   1.55233E-028   1.70541E-030
  1.41200E+003   1.49657E-028   1.48042E-028   1.61533E-030
  1.42900E+003   1.42378E-028   1.40852E-028   1.52608E-030
  1.44500E+003   1.35827E-028   1.34380E-028   1.44728E-030
  1.46200E+003   1.29365E-028   1.27996E-028   1.36886E-030
  1.47900E+003   1.23272E-028   1.21976E-028   1.29554E-030
  1.49600E+003   1.17460E-028   1.16233E-028   1.22689E-030
  1.51400E+003   1.11740E-028   1.10581E-028   1.15887E-030
  1.53100E+003   1.06645E-028   1.05546E-028   1.09879E-030
  1.54900E+003   1.01499E-028   1.00459E-028   1.03909E-030
  1.56700E+003   9.67128E-029   9.57295E-029   9.83293E-031
  1.58500E+003   9.22105E-029   9.12794E-029   9.31016E-031
  1.60300E+003   8.78889E-029   8.70068E-029   8.82088E-031
  1.62200E+003   8.36702E-029   8.28365E-029   8.33762E-031
  1.64100E+003   7.96848E-029   7.88962E-029   7.88573E-031
  1.66000E+003   7.58862E-029   7.51400E-029   7.46246E-031
  1.67900E+003   7.23621E-029   7.16554E-029   7.06632E-031
  1.69800E+003   6.90343E-029   6.83648E-029   6.69498E-031
  1.71800E+003   6.56859E-029   6.50530E-029   6.32963E-031
  1.73800E+003   6.25729E-029   6.19742E-029   5.98752E-031
  1.75800E+003   5.96457E-029   5.90789E-029   5.66766E-031
  1.77800E+003   5.68451E-029   5.63083E-029   5.36787E-031
  1.79900E+003   5.41189E-029   5.36116E-029   5.07323E-031
  1.82000E+003   5.15498E-029   5.10701E-029   4.79775E-031
  1.84100E+003   4.90953E-029   4.86413E-029   4.53999E-031
  1.86200E+003   4.68179E-029   4.63880E-029   4.29906E-031
  1.88400E+003   4.45678E-029   4.41616E-029   4.06247E-031
  1.90600E+003   4.24206E-029   4.20364E-029   3.84168E-031
  1.92800E+003   4.04294E-029   4.00659E-029   3.63507E-031
  1.95000E+003   3.85505E-029   3.82064E-029   3.44095E-031
  1.97200E+003   3.67523E-029   3.64263E-029   3.26018E-031
  1.99500E+003   3.50095E-029   3.47012E-029   3.08277E-031
  2.01800E+003   3.33180E-029   3.30264E-029   2.91663E-031
  2.04200E+003   3.16735E-029   3.13980E-029   2.75479E-031
  2.06500E+003   3.01884E-029   2.99274E-029   2.60969E-031
  2.08900E+003   2.87130E-029   2.84662E-029   2.46797E-031
  2.11400E+003   2.72819E-029   2.70489E-029   2.33014E-031
  2.13800E+003   2.59923E-029   2.57716E-029   2.20628E-031
  2.16300E+003   2.47099E-029   2.45014E-029   2.08557E-031
  2.18800E+003   2.35185E-029   2.33212E-029   1.97278E-031
  2.21300E+003   2.23958E-029   2.22090E-029   1.86713E-031
  2.23900E+003   2.12818E-029   2.11054E-029   1.76427E-031
  2.26500E+003   2.02507E-029   2.00838E-029   1.66832E-031
  2.29100E+003   1.92788E-029   1.91209E-029   1.57880E-031
  2.31700E+003   1.83515E-029   1.82020E-029   1.49448E-031
  2.34400E+003   1.74561E-029   1.73148E-029   1.41280E-031
  2.37100E+003   1.66130E-029   1.64794E-029   1.33654E-031
  2.39900E+003   1.57822E-029   1.56560E-029   1.26237E-031
  2.42700E+003   1.50109E-029   1.48916E-029   1.19313E-031
  2.45500E+003   1.42848E-029   1.41719E-029   1.12856E-031
  2.48300E+003   1.35916E-029   1.34848E-029   1.06797E-031
  2.51200E+003   1.29247E-029   1.28237E-029   1.00945E-031
  2.54100E+003   1.22969E-029   1.22015E-029   9.54609E-032
  2.57000E+003   1.16998E-029   1.16095E-029   9.03234E-032
  2.60000E+003   1.11261E-029   1.10407E-029   8.53670E-032
  2.63000E+003   1.05860E-029   1.05053E-029   8.07381E-032
  2.66100E+003   1.00543E-029   9.97799E-030   7.62619E-032
  2.69200E+003   9.56057E-030   9.48849E-030   7.20800E-032
  2.72300E+003   9.09748E-030   9.02931E-030   6.81654E-032
  2.75400E+003   8.65559E-030   8.59108E-030   6.45103E-032
  2.78600E+003   8.23166E-030   8.17069E-030   6.09733E-032
  2.81800E+003   7.83267E-030   7.77500E-030   5.76735E-032
  2.85100E+003   7.44538E-030   7.39089E-030   5.44921E-032
  2.88400E+003   7.07637E-030   7.02486E-030   5.15101E-032
  2.91700E+003   6.73481E-030   6.68608E-030   4.87319E-032
  2.95100E+003   6.40352E-030   6.35747E-030   4.60515E-032
  2.98500E+003   6.08767E-030   6.04413E-030   4.35374E-032
  3.02000E+003   5.78585E-030   5.74472E-030   4.11262E-032
  3.05500E+003   5.50192E-030   5.46304E-030   3.88806E-032
  3.09000E+003   5.23466E-030   5.19788E-030   3.67782E-032
  3.12600E+003   4.97360E-030   4.93885E-030   3.47533E-032
  3.16200E+003   4.73118E-030   4.69833E-030   3.28567E-032
  3.19900E+003   4.49678E-030   4.46574E-030   3.10387E-032
  3.23600E+003   4.27342E-030   4.24407E-030   2.93435E-032
  3.27300E+003   4.06597E-030   4.03822E-030   2.77566E-032
  3.31100E+003   3.86543E-030   3.83920E-030   2.62309E-032
  3.35000E+003   3.67249E-030   3.64772E-030   2.47717E-032
  3.38800E+003   3.49356E-030   3.47012E-030   2.34353E-032
  3.42800E+003   3.31796E-030   3.29583E-030   2.21279E-032
  3.46700E+003   3.15749E-030   3.13655E-030   2.09366E-032
  3.50800E+003   2.99740E-030   2.97763E-030   1.97628E-032
  3.54800E+003   2.85185E-030   2.83316E-030   1.86948E-032
  3.58900E+003   2.71199E-030   2.69431E-030   1.76705E-032
  3.63100E+003   2.57668E-030   2.55999E-030   1.66908E-032
  3.67300E+003   2.44832E-030   2.43255E-030   1.57752E-032
  3.71500E+003   2.32911E-030   2.31419E-030   1.49205E-032
  3.75800E+003   2.21427E-030   2.20017E-030   1.41005E-032
  3.80200E+003   2.10376E-030   2.09045E-030   1.33158E-032
  3.84600E+003   1.99894E-030   1.98636E-030   1.25853E-032
  3.89000E+003   1.90122E-030   1.88932E-030   1.19015E-032
  3.93600E+003   1.80554E-030   1.79431E-030   1.12345E-032
  3.98100E+003   1.71752E-030   1.70689E-030   1.06241E-032
  4.02700E+003   1.63176E-030   1.62172E-030   1.00407E-032
  4.07400E+003   1.55046E-030   1.54098E-030   9.48407E-033
  4.12100E+003   1.47400E-030   1.46503E-030   8.96476E-033
  4.16900E+003   1.40088E-030   1.39241E-030   8.46770E-033
  4.21700E+003   1.33121E-030   1.32321E-030   8.00473E-033
  4.26600E+003   1.26493E-030   1.25737E-030   7.56255E-033
  4.31500E+003   1.20286E-030   1.19571E-030   7.14923E-033
  4.36500E+003   1.14328E-030   1.13652E-030   6.75542E-033
  4.41600E+003   1.08541E-030   1.07903E-030   6.37992E-033
  4.46700E+003   1.03196E-030   1.02593E-030   6.02918E-033
  4.51900E+003   9.80479E-031   9.74783E-031   5.69552E-033
  4.57100E+003   9.32282E-031   9.26898E-031   5.38359E-033
  4.62400E+003   8.85282E-031   8.80195E-031   5.08654E-033
  4.67700E+003   8.41849E-031   8.37040E-031   4.80889E-033
  4.73200E+003   7.99482E-031   7.94943E-031   4.53939E-033
  4.78600E+003   7.60352E-031   7.56059E-031   4.29264E-033
  4.84200E+003   7.21893E-031   7.17839E-031   4.05358E-033
  4.89800E+003   6.86042E-031   6.82212E-031   3.83010E-033
  4.95400E+003   6.52480E-031   6.48858E-031   3.62143E-033
  5.01200E+003   6.19639E-031   6.16220E-031   3.41947E-033
  5.07000E+003   5.88905E-031   5.85675E-031   3.23091E-033
  5.12900E+003   5.59160E-031   5.56109E-031   3.05156E-033
  5.18800E+003   5.31546E-031   5.28661E-031   2.88429E-033
  5.24800E+003   5.05136E-031   5.02410E-031   2.72526E-033
  5.30900E+003   4.80016E-031   4.77442E-031   2.57402E-033
  5.37000E+003   4.55975E-031   4.53542E-031   2.43296E-033
  5.43200E+003   4.33410E-031   4.31111E-031   2.29891E-033
  5.49500E+003   4.11851E-031   4.09679E-031   2.17177E-033
  5.55900E+003   3.91161E-031   3.89110E-031   2.05108E-033
  5.62300E+003   3.71809E-031   3.69871E-031   1.93829E-033
  5.68800E+003   3.53092E-031   3.51261E-031   1.83138E-033
  5.75400E+003   3.35549E-031   3.33819E-031   1.72987E-033
  5.82100E+003   3.18723E-031   3.17089E-031   1.63373E-033
  5.88800E+003   3.02905E-031   3.01361E-031   1.54398E-033
  5.95700E+003   2.87482E-031   2.86025E-031   1.45759E-033
  6.02600E+003   2.73177E-031   2.71800E-031   1.37702E-033
  6.09500E+003   2.59723E-031   2.58422E-031   1.30168E-033
  6.16600E+003   2.46706E-031   2.45477E-031   1.22910E-033
  6.23700E+003   2.34471E-031   2.33309E-031   1.16148E-033
  6.31000E+003   2.22500E-031   2.21403E-031   1.09658E-033
  6.38300E+003   2.11395E-031   2.10359E-031   1.03581E-033
  6.45600E+003   2.01010E-031   2.00031E-031   9.79252E-034
  6.53100E+003   1.90921E-031   1.89996E-031   9.24910E-034
  6.60700E+003   1.81367E-031   1.80493E-031   8.73371E-034
  6.68300E+003   1.72270E-031   1.71445E-031   8.25256E-034
  6.76100E+003   1.63611E-031   1.62832E-031   7.79319E-034
  6.83900E+003   1.55472E-031   1.54736E-031   7.36304E-034
  6.91800E+003   1.47723E-031   1.47027E-031   6.95561E-034
  6.99800E+003   1.40345E-031   1.39688E-031   6.57135E-034
  7.08000E+003   1.33152E-031   1.32532E-031   6.20342E-034
  7.16100E+003   1.26598E-031   1.26012E-031   5.86339E-034
  7.24400E+003   1.20246E-031   1.19693E-031   5.53800E-034
  7.32800E+003   1.14240E-031   1.13717E-031   5.23029E-034
  7.41300E+003   1.08528E-031   1.08034E-031   4.93971E-034
  7.49900E+003   1.03027E-031   1.02561E-031   4.66599E-034
  7.58600E+003   9.78664E-032   9.74258E-032   4.40661E-034
  7.67400E+003   9.29607E-032   9.25445E-032   4.16190E-034
  7.76200E+003   8.83491E-032   8.79558E-032   3.93336E-034
  7.85200E+003   8.39152E-032   8.35437E-032   3.71478E-034
  7.94300E+003   7.97278E-032   7.93769E-032   3.50899E-034
  8.03500E+003   7.56741E-032   7.53427E-032   3.31432E-034
  8.12800E+003   7.18968E-032   7.15838E-032   3.13001E-034
  8.22200E+003   6.83082E-032   6.80125E-032   2.95669E-034
  8.31800E+003   6.48639E-032   6.45847E-032   2.79161E-034
  8.41400E+003   6.16276E-032   6.13639E-032   2.63706E-034
  8.51100E+003   5.85152E-032   5.82661E-032   2.49126E-034
  8.61000E+003   5.55689E-032   5.53337E-032   2.35236E-034
  8.71000E+003   5.27730E-032   5.25509E-032   2.22132E-034
  8.81000E+003   5.01613E-032   4.99514E-032   2.09898E-034
  8.91200E+003   4.76412E-032   4.74429E-032   1.98293E-034
  9.01600E+003   4.52424E-032   4.50552E-032   1.87179E-034
  9.12000E+003   4.29599E-032   4.27831E-032   1.76811E-034
  9.22600E+003   4.07885E-032   4.06215E-032   1.66959E-034
  9.33200E+003   3.87609E-032   3.86032E-032   1.57726E-034
  9.44100E+003   3.68019E-032   3.66530E-032   1.48926E-034
  9.55000E+003   3.49610E-032   3.48203E-032   1.40692E-034
  9.66000E+003   3.32264E-032   3.30935E-032   1.32918E-034
  9.77200E+003   3.15344E-032   3.14088E-032   1.25520E-034
  9.88600E+003   2.99376E-032   2.98191E-032   1.18483E-034
  1.00000E+004   2.84470E-032   2.83351E-032   1.11933E-034
  1.01200E+004   2.69676E-032   2.68597E-032   1.07909E-034
  1.02300E+004   2.56997E-032   2.55953E-032   1.04390E-034
  1.03500E+004   2.43985E-032   2.42977E-032   1.00724E-034
  1.04700E+004   2.31606E-032   2.30634E-032   9.72291E-035
  1.05900E+004   2.20048E-032   2.19109E-032   9.38949E-035
  1.07200E+004   2.08437E-032   2.07533E-032   9.04537E-035
  1.08400E+004   1.98330E-032   1.97456E-032   8.74258E-035
  1.09600E+004   1.88802E-032   1.87956E-032   8.45324E-035
  1.10900E+004   1.79097E-032   1.78281E-032   8.15409E-035
  1.12200E+004   1.69939E-032   1.69152E-032   7.86898E-035
  1.13500E+004   1.61387E-032   1.60627E-032   7.59708E-035
  1.14800E+004   1.53406E-032   1.52672E-032   7.33764E-035
  1.16100E+004   1.45842E-032   1.45133E-032   7.08994E-035
  1.17500E+004   1.38250E-032   1.37567E-032   6.83556E-035
  1.18800E+004   1.31626E-032   1.30965E-032   6.61019E-035
  1.20200E+004   1.24833E-032   1.24195E-032   6.37849E-035
  1.21600E+004   1.18537E-032   1.17921E-032   6.15754E-035
  1.23000E+004   1.12620E-032   1.12026E-032   5.94674E-035
  1.24400E+004   1.07057E-032   1.06482E-032   5.74549E-035
  1.25900E+004   1.01501E-032   1.00947E-032   5.53987E-035
  1.27400E+004   9.62529E-033   9.57185E-033   5.34399E-035
  1.28800E+004   9.15911E-033   9.10741E-033   5.16945E-035
  1.30300E+004   8.69831E-033   8.64840E-033   4.99081E-035
  1.31800E+004   8.26568E-033   8.21748E-033   4.82035E-035
  1.33400E+004   7.82976E-033   7.78329E-033   4.64701E-035
  1.34900E+004   7.44812E-033   7.40320E-033   4.49200E-035
  1.36500E+004   7.06592E-033   7.02258E-033   4.33420E-035
  1.38000E+004   6.72918E-033   6.68725E-033   4.19293E-035
  1.39600E+004   6.38676E-033   6.34627E-033   4.04896E-035
  1.41200E+004   6.06916E-033   6.03004E-033   3.91152E-035
  1.42900E+004   5.75238E-033   5.71465E-033   3.77226E-035
  1.44500E+004   5.47433E-033   5.43786E-033   3.64719E-035
  1.46200E+004   5.19474E-033   5.15954E-033   3.52030E-035
  1.47900E+004   4.93200E-033   4.89801E-033   3.39926E-035
  1.49600E+004   4.68428E-033   4.65144E-033   3.28372E-035
  1.51400E+004   4.44076E-033   4.40909E-033   3.16704E-035
  1.53100E+004   4.22324E-033   4.19262E-033   3.06188E-035
  1.54900E+004   4.00848E-033   3.97893E-033   2.95557E-035
  1.56700E+004   3.80684E-033   3.77830E-033   2.85414E-035
  1.58500E+004   3.61739E-033   3.58981E-033   2.75731E-035
  1.60300E+004   3.43918E-033   3.41253E-033   2.66483E-035
  1.62200E+004   3.26033E-033   3.23462E-033   2.57165E-035
  1.64100E+004   3.09458E-033   3.06975E-033   2.48278E-035
  1.66000E+004   2.93911E-033   2.91513E-033   2.39797E-035
  1.67900E+004   2.79398E-033   2.77081E-033   2.31700E-035
  1.69800E+004   2.65636E-033   2.63396E-033   2.23963E-035
  1.71800E+004   2.52030E-033   2.49869E-033   2.16189E-035
  1.73800E+004   2.39349E-033   2.37261E-033   2.08771E-035
  1.75800E+004   2.27310E-033   2.25293E-033   2.01689E-035
  1.77800E+004   2.16028E-033   2.14079E-033   1.94925E-035
  1.79900E+004   2.04992E-033   2.03111E-033   1.88145E-035
  1.82000E+004   1.94635E-033   1.92819E-033   1.81677E-035
  1.84100E+004   1.84908E-033   1.83153E-033   1.75502E-035
  1.86200E+004   1.75766E-033   1.74070E-033   1.69605E-035
  1.88400E+004   1.66651E-033   1.65014E-033   1.63708E-035
  1.90600E+004   1.58206E-033   1.56625E-033   1.58082E-035
  1.92800E+004   1.50285E-033   1.48758E-033   1.52711E-035
  1.95000E+004   1.42828E-033   1.41352E-033   1.47581E-035
  1.97200E+004   1.35817E-033   1.34390E-033   1.42679E-035
  1.99500E+004   1.28987E-033   1.27609E-033   1.37784E-035
  2.01800E+004   1.22434E-033   1.21103E-033   1.33111E-035
  2.04200E+004   1.16153E-033   1.14869E-033   1.28457E-035
  2.06500E+004   1.10445E-033   1.09203E-033   1.24200E-035
  2.08900E+004   1.04897E-033   1.03697E-033   1.19956E-035
  2.11400E+004   9.94766E-034   9.83193E-034   1.15738E-035
  2.13800E+004   9.45860E-034   9.34673E-034   1.11874E-035
  2.16300E+004   8.97392E-034   8.86589E-034   1.08029E-035
  2.18800E+004   8.52048E-034   8.41612E-034   1.04360E-035
  2.21300E+004   8.09832E-034   7.99746E-034   1.00854E-035
  2.23900E+004   7.68972E-034   7.59234E-034   9.73737E-036
  2.26500E+004   7.30254E-034   7.20849E-034   9.40517E-036
  2.29100E+004   6.93387E-034   6.84299E-034   9.08793E-036
  2.31700E+004   6.59168E-034   6.50384E-034   8.78483E-036
  2.34400E+004   6.26122E-034   6.17638E-034   8.48419E-036
  2.37100E+004   5.94740E-034   5.86543E-034   8.19713E-036
  2.39900E+004   5.64191E-034   5.56278E-034   7.91298E-036
  2.42700E+004   5.35461E-034   5.27819E-034   7.64183E-036
  2.45500E+004   5.08813E-034   5.01430E-034   7.38295E-036
  2.48300E+004   4.83487E-034   4.76352E-034   7.13564E-036
  2.51200E+004   4.59110E-034   4.52219E-034   6.89103E-036
  2.54100E+004   4.36201E-034   4.29544E-034   6.65748E-036
  2.57000E+004   4.14404E-034   4.07970E-034   6.43439E-036
  2.60000E+004   3.93485E-034   3.87271E-034   6.21398E-036
  2.63000E+004   3.73832E-034   3.67828E-034   6.00354E-036
  2.66100E+004   3.54528E-034   3.48732E-034   5.79595E-036
  2.69200E+004   3.36634E-034   3.31037E-034   5.59785E-036
  2.72300E+004   3.19823E-034   3.14415E-034   5.40867E-036
  2.75400E+004   3.04003E-034   2.98775E-034   5.22794E-036
  2.78600E+004   2.88667E-034   2.83618E-034   5.04974E-036
  2.81800E+004   2.74419E-034   2.69539E-034   4.87955E-036
  2.85100E+004   2.60295E-034   2.55583E-034   4.71196E-036
  2.88400E+004   2.47342E-034   2.42790E-034   4.55198E-036
  2.91700E+004   2.35012E-034   2.30613E-034   4.39916E-036
  2.95100E+004   2.23082E-034   2.18833E-034   4.24879E-036
  2.98500E+004   2.12136E-034   2.08031E-034   4.10520E-036
  3.02000E+004   1.99411E-034   1.95447E-034   3.96407E-036
  3.05500E+004   1.78072E-034   1.74243E-034   3.82935E-036
  3.09000E+004   1.49552E-034   1.45851E-034   3.70067E-036
  3.12600E+004   1.21163E-034   1.17589E-034   3.57426E-036
  3.16200E+004   9.76980E-035   9.42445E-035   3.45355E-036
  3.19900E+004   7.93407E-035   7.60056E-035   3.33508E-036
  3.23600E+004   6.56156E-035   6.23936E-035   3.22198E-036
  3.27300E+004   5.52390E-035   5.21250E-035   3.11394E-036
  3.31100E+004   4.71258E-035   4.41178E-035   3.00796E-036
  3.35000E+004   4.06758E-035   3.77717E-035   2.90413E-036
  3.38800E+004   3.56724E-035   3.28649E-035   2.80751E-036
  3.42800E+004   3.14442E-035   2.87339E-035   2.71039E-036
  3.46700E+004   2.80520E-035   2.54321E-035   2.61997E-036
  3.50800E+004   2.51133E-035   2.25841E-035   2.52919E-036
  3.54800E+004   2.26877E-035   2.02431E-035   2.44463E-036
  3.58900E+004   2.05893E-035   1.82275E-035   2.36182E-036
  3.63100E+004   1.87299E-035   1.64490E-035   2.28083E-036
  3.67300E+004   1.71242E-035   1.49207E-035   2.20351E-036
  3.71500E+004   1.57348E-035   1.36052E-035   2.12964E-036
  3.75800E+004   1.44729E-035   1.24155E-035   2.05740E-036
  3.80200E+004   1.33351E-035   1.13483E-035   1.98682E-036
  3.84600E+004   1.23368E-035   1.04174E-035   1.91943E-036
  3.89000E+004   1.14404E-035   9.58531E-036   1.85506E-036
  3.93600E+004   1.06030E-035   8.81218E-036   1.79081E-036
  3.98100E+004   9.86423E-036   8.13343E-036   1.73080E-036
