Mon Dec  9 17:19:57 EST 2002
 
References:
Draine, B.T., & Lee, H.-M. 1984, "Optical Properties of Interstellar
    Graphite and Silicate Grains", Astrophys. J., 285, 89-108
Laor, A., & Draine, B.T. 1993, "Spectroscopic Constraints on the Properties
    of Dust in Active Galactic Nuclei", Astrophys. J., 402, 441-468
Li, A., & Draine, B.T. 2001, "Infrared Emission from Interstellar Dust. II.
    The Diffuse Interstellar Medium", Astrophys. J., 554, 778-802
Weingartner, J.C., & Draine, B.T. 2001, "Dust Grain-Size Distributions and 
    Extinction in the Milky Way, LMC, and SMC", Astrophys. J., 548, 296-309

Tabulated quantities:
lambda  = wavelength in vacuo (micron)
albedo  = (scattering cross section)/(extinction cross section)
g       = <cos(theta)> for scattered light
C_ext/H = extinction cross section per H nucleon (cm^2/H)
K_abs   = absorption cross section per mass of dust (cm^2/gram)

 1.478E-26 = M_dust per H nucleon (gram/H) for this dust model
 1.581E+02 = M_gas/M_dust for this dust model

 lambda   albedo    g     C_ext/H    K_abs
(micron)                  (cm^2/H)  (cm^2/g)
--------- ------  ------ --------- ---------
1.100E+03 0.0000 -0.0003 4.858E-27 3.286E-01
1.000E+03 0.0000 -0.0003 5.870E-27 3.970E-01
8.500E+02 0.0000 -0.0004 8.103E-27 5.481E-01
3.500E+02 0.0000 -0.0007 4.723E-26 3.194E+00
2.000E+02 0.0000 -0.0005 1.457E-25 9.852E+00
1.400E+02 0.0000  0.0000 3.094E-25 2.093E+01
1.000E+02 0.0000  0.0011 5.975E-25 4.041E+01
6.000E+01 0.0000  0.0011 1.741E-24 1.178E+02
4.000E+01 0.0000 -0.0019 3.755E-24 2.540E+02
2.500E+01 0.0001 -0.0025 7.353E-24 4.973E+02
1.800E+01 0.0002 -0.0016 1.190E-23 8.045E+02
1.400E+01 0.0007 -0.0003 7.696E-24 5.202E+02
1.200E+01 0.0009  0.0011 1.397E-23 9.439E+02
9.700E+00 0.0009  0.0023 3.138E-23 2.121E+03
8.000E+00 0.0037  0.0044 1.053E-23 7.095E+02
7.000E+00 0.0117  0.0061 6.054E-24 4.047E+02
6.000E+00 0.0191  0.0081 7.194E-24 4.773E+02
4.750E+00 0.0366  0.0113 9.996E-24 6.514E+02
3.800E+00 0.0634  0.0134 1.466E-23 9.287E+02
3.450E+00 0.0797  0.0135 1.751E-23 1.090E+03
2.190E+00 0.2115  0.0200 4.423E-23 2.359E+03
1.630E+00 0.3310  0.0612 8.409E-23 3.805E+03
1.220E+00 0.4317  0.1738 1.478E-22 5.680E+03
1.000E+00 0.4861  0.2615 2.108E-22 7.326E+03
9.000E-01 0.5063  0.3047 2.503E-22 8.360E+03
8.930E-01 0.5076  0.3079 2.535E-22 8.443E+03
8.655E-01 0.5128  0.3204 2.666E-22 8.787E+03
8.020E-01 0.5236  0.3489 3.004E-22 9.679E+03
7.480E-01 0.5310  0.3696 3.319E-22 1.053E+04
7.000E-01 0.5362  0.3873 3.628E-22 1.138E+04
6.492E-01 0.5406  0.4088 4.004E-22 1.244E+04
6.415E-01 0.5414  0.4125 4.067E-22 1.261E+04
6.165E-01 0.5438  0.4246 4.280E-22 1.321E+04
5.470E-01 0.5489  0.4547 4.953E-22 1.511E+04
4.685E-01 0.5539  0.4838 5.931E-22 1.790E+04
4.405E-01 0.5547  0.4930 6.349E-22 1.912E+04
3.635E-01 0.5583  0.5070 7.695E-22 2.299E+04
3.550E-01 0.5590  0.5071 7.863E-22 2.345E+04
3.000E-01 0.5603  0.4945 9.245E-22 2.750E+04
2.500E-01 0.5538  0.4701 1.169E-21 3.527E+04
2.300E-01 0.5070  0.4784 1.382E-21 4.608E+04
2.200E-01 0.4804  0.4931 1.475E-21 5.183E+04
2.175E-01 0.4750  0.4989 1.483E-21 5.267E+04
2.150E-01 0.4716  0.5051 1.478E-21 5.282E+04
2.100E-01 0.4708  0.5174 1.449E-21 5.186E+04
2.000E-01 0.4836  0.5420 1.342E-21 4.687E+04
1.900E-01 0.4943  0.5650 1.240E-21 4.240E+04
1.800E-01 0.4876  0.5859 1.182E-21 4.097E+04
1.600E-01 0.4404  0.6144 1.200E-21 4.544E+04
1.400E-01 0.4202  0.6280 1.403E-21 5.501E+04
1.200E-01 0.4090  0.6022 1.725E-21 6.896E+04
1.000E-01 0.3761  0.5453 2.246E-21 9.477E+04
9.120E-02 0.3551  0.5568 2.405E-21 1.049E+05
4.881E-02 0.4252  0.7662 1.403E-21 5.456E+04
2.280E-02 0.4602  0.9472 9.970E-22 3.640E+04
1.907E-02 0.4724  0.9660 9.128E-22 3.258E+04
1.879E-02 0.4710  0.9664 9.256E-22 3.311E+04
1.851E-02 0.4737  0.9675 9.202E-22 3.276E+04
1.240E-02 0.5139  0.9880 7.623E-22 2.507E+04
1.192E-02 0.5199  0.9891 7.463E-22 2.423E+04
1.181E-02 0.5210  0.9894 7.417E-22 2.403E+04
1.170E-02 0.5220  0.9896 7.370E-22 2.383E+04
6.199E-03 0.5598  0.9976 4.851E-22 1.444E+04
4.444E-03 0.5461  0.9988 3.031E-22 9.305E+03
4.428E-03 0.4233  0.9988 4.120E-22 1.607E+04
4.412E-03 0.3974  0.9987 4.923E-22 2.007E+04
2.480E-03 0.5144  0.9997 2.404E-22 7.897E+03
2.309E-03 0.3812  0.9997 2.450E-22 1.025E+04
2.305E-03 0.3858  0.9997 2.460E-22 1.022E+04
2.300E-03 0.3900  0.9997 2.469E-22 1.019E+04
2.296E-03 0.3940  0.9997 2.477E-22 1.015E+04
1.712E-03 0.4666  0.9999 1.574E-22 5.680E+03
1.710E-03 0.4660  0.9999 1.568E-22 5.663E+03
1.708E-03 0.4655  0.9999 1.562E-22 5.645E+03
1.550E-03 0.4219  0.9999 1.674E-22 6.545E+03
1.240E-03 0.4784  0.9999 1.234E-22 4.355E+03
6.199E-04 0.5068  1.0000 3.714E-23 1.239E+03
