# columns: T_lo[K]  T_hi[K]  T_mid[K]  dP/dT[1/K]  dP/dlnT
  9.17707E+000   9.22070E+000   9.19886E+000   0.00000E+000   0.00000E+000
  9.22070E+000   9.26454E+000   9.24259E+000   0.00000E+000   0.00000E+000
  9.26454E+000   9.30859E+000   9.28654E+000   0.00000E+000   0.00000E+000
  9.30859E+000   9.35284E+000   9.33069E+000   0.00000E+000   0.00000E+000
  9.35284E+000   9.39731E+000   9.37505E+000   0.00000E+000   0.00000E+000
  9.39731E+000   9.44199E+000   9.41962E+000   0.00000E+000   0.00000E+000
  9.44199E+000   9.48688E+000   9.46441E+000   0.00000E+000   0.00000E+000
  9.48688E+000   9.53198E+000   9.50940E+000   0.00000E+000   0.00000E+000
  9.53198E+000   9.57730E+000   9.55461E+000   0.00000E+000   0.00000E+000
  9.57730E+000   9.62283E+000   9.60004E+000   0.00000E+000   0.00000E+000
  9.62283E+000   9.66859E+000   9.64568E+000   5.59656E-006   5.39827E-005
  9.66859E+000   9.71455E+000   9.69154E+000   5.57008E-006   5.39827E-005
  9.71455E+000   9.76074E+000   9.73762E+000   1.10874E-005   1.07965E-004
  9.76074E+000   9.80715E+000   9.78392E+000   5.51749E-006   5.39827E-005
  9.80715E+000   9.85377E+000   9.83043E+000   1.34207E-005   1.31932E-004
  9.85377E+000   9.90062E+000   9.87717E+000   1.88226E-005   1.85914E-004
  9.90062E+000   9.94769E+000   9.92413E+000   8.36845E-006   8.30496E-005
  9.94769E+000   9.99499E+000   9.97131E+000   2.69255E-005   2.68483E-004
  9.99499E+000   1.00425E+001   1.00187E+001   2.26214E-005   2.26637E-004
  1.00425E+001   1.00903E+001   1.00664E+001   3.56869E-005   3.59237E-004
  1.00903E+001   1.01382E+001   1.01142E+001   3.83670E-005   3.88052E-004
  1.01382E+001   1.01864E+001   1.01623E+001   5.43800E-005   5.52627E-004
  1.01864E+001   1.02349E+001   1.02106E+001   6.11440E-005   6.24318E-004
  1.02349E+001   1.02835E+001   1.02592E+001   6.11206E-005   6.27047E-004
  1.02835E+001   1.03324E+001   1.03079E+001   7.27645E-005   7.50053E-004
  1.03324E+001   1.03815E+001   1.03569E+001   7.94153E-005   8.22501E-004
  1.03815E+001   1.04309E+001   1.04062E+001   1.04429E-004   1.08671E-003
  1.04309E+001   1.04805E+001   1.04557E+001   1.34207E-004   1.40322E-003
  1.04805E+001   1.05303E+001   1.05054E+001   1.73822E-004   1.82607E-003
  1.05303E+001   1.05804E+001   1.05553E+001   1.70693E-004   1.80172E-003
  1.05804E+001   1.06307E+001   1.06055E+001   1.79660E-004   1.90538E-003
  1.06307E+001   1.06812E+001   1.06559E+001   2.45383E-004   2.61479E-003
  1.06812E+001   1.07320E+001   1.07066E+001   2.82612E-004   3.02581E-003
  1.07320E+001   1.07830E+001   1.07575E+001   3.61945E-004   3.89363E-003
  1.07830E+001   1.08343E+001   1.08086E+001   3.40594E-004   3.68135E-003
  1.08343E+001   1.08858E+001   1.08600E+001   3.77833E-004   4.10327E-003
  1.08858E+001   1.09376E+001   1.09117E+001   4.65050E-004   5.07447E-003
  1.09376E+001   1.09896E+001   1.09635E+001   4.82249E-004   5.28715E-003
  1.09896E+001   1.10418E+001   1.10157E+001   5.21418E-004   5.74377E-003
  1.10418E+001   1.10943E+001   1.10680E+001   6.22853E-004   6.89376E-003
  1.10943E+001   1.11471E+001   1.11206E+001   6.53441E-004   7.26670E-003
  1.11471E+001   1.12001E+001   1.11735E+001   7.49199E-004   8.37120E-003
  1.12001E+001   1.12533E+001   1.12266E+001   8.83568E-004   9.91951E-003
  1.12533E+001   1.13068E+001   1.12800E+001   1.00558E-003   1.13430E-002
  1.13068E+001   1.13606E+001   1.13336E+001   1.08894E-003   1.23417E-002
  1.13606E+001   1.14146E+001   1.13875E+001   1.18939E-003   1.35442E-002
  1.14146E+001   1.14688E+001   1.14417E+001   1.36031E-003   1.55643E-002
  1.14688E+001   1.15234E+001   1.14961E+001   1.41648E-003   1.62839E-002
  1.15234E+001   1.15782E+001   1.15507E+001   1.59133E-003   1.83811E-002
  1.15782E+001   1.16332E+001   1.16056E+001   1.74696E-003   2.02746E-002
  1.16332E+001   1.16885E+001   1.16608E+001   1.91289E-003   2.23059E-002
  1.16885E+001   1.17441E+001   1.17163E+001   2.12346E-003   2.48791E-002
  1.17441E+001   1.17999E+001   1.17720E+001   2.35841E-003   2.77631E-002
  1.17999E+001   1.18560E+001   1.18279E+001   2.62340E-003   3.10294E-002
  1.18560E+001   1.19124E+001   1.18842E+001   2.66470E-003   3.16677E-002
  1.19124E+001   1.19690E+001   1.19407E+001   3.09554E-003   3.69629E-002
  1.19690E+001   1.20259E+001   1.19974E+001   3.38256E-003   4.05822E-002
  1.20259E+001   1.20831E+001   1.20545E+001   3.62722E-003   4.37243E-002
  1.20831E+001   1.21406E+001   1.21118E+001   3.87615E-003   4.69472E-002
  1.21406E+001   1.21983E+001   1.21694E+001   4.32867E-003   5.26772E-002
  1.21983E+001   1.22563E+001   1.22272E+001   4.47959E-003   5.47731E-002
  1.22563E+001   1.23145E+001   1.22854E+001   4.91110E-003   6.03347E-002
  1.23145E+001   1.23731E+001   1.23438E+001   5.22265E-003   6.44673E-002
  1.23731E+001   1.24319E+001   1.24025E+001   5.80605E-003   7.20094E-002
  1.24319E+001   1.24910E+001   1.24614E+001   6.13800E-003   7.64884E-002
  1.24910E+001   1.25504E+001   1.25207E+001   6.40662E-003   8.02153E-002
  1.25504E+001   1.26101E+001   1.25802E+001   7.11460E-003   8.95033E-002
  1.26101E+001   1.26700E+001   1.26400E+001   7.30998E-003   9.23984E-002
  1.26700E+001   1.27303E+001   1.27001E+001   7.95086E-003   1.00977E-001
  1.27303E+001   1.27908E+001   1.27605E+001   8.37845E-003   1.06913E-001
  1.27908E+001   1.28516E+001   1.28212E+001   9.05078E-003   1.16042E-001
  1.28516E+001   1.29127E+001   1.28821E+001   9.69657E-003   1.24912E-001
  1.29127E+001   1.29741E+001   1.29434E+001   1.01960E-002   1.31970E-001
  1.29741E+001   1.30358E+001   1.30049E+001   1.08970E-002   1.41715E-001
  1.30358E+001   1.30978E+001   1.30667E+001   1.16238E-002   1.51885E-001
  1.30978E+001   1.31600E+001   1.31289E+001   1.23809E-002   1.62547E-001
  1.31600E+001   1.32226E+001   1.31913E+001   1.32528E-002   1.74822E-001
  1.32226E+001   1.32855E+001   1.32540E+001   1.39950E-002   1.85489E-001
  1.32855E+001   1.33486E+001   1.33170E+001   1.47966E-002   1.97046E-001
  1.33486E+001   1.34121E+001   1.33803E+001   1.56503E-002   2.09406E-001
  1.34121E+001   1.34759E+001   1.34439E+001   1.64387E-002   2.21001E-001
  1.34759E+001   1.35399E+001   1.35079E+001   1.74396E-002   2.35572E-001
  1.35399E+001   1.36043E+001   1.35721E+001   1.85101E-002   2.51220E-001
  1.36043E+001   1.36690E+001   1.36366E+001   1.92137E-002   2.62010E-001
  1.36690E+001   1.37340E+001   1.37014E+001   2.03407E-002   2.78697E-001
  1.37340E+001   1.37993E+001   1.37666E+001   2.16356E-002   2.97849E-001
  1.37993E+001   1.38649E+001   1.38320E+001   2.22594E-002   3.07894E-001
  1.38649E+001   1.39308E+001   1.38978E+001   2.36943E-002   3.29299E-001
  1.39308E+001   1.39970E+001   1.39639E+001   2.47600E-002   3.45746E-001
  1.39970E+001   1.40636E+001   1.40303E+001   2.57697E-002   3.61556E-001
  1.40636E+001   1.41304E+001   1.40970E+001   2.71452E-002   3.82665E-001
  1.41304E+001   1.41976E+001   1.41640E+001   2.83340E-002   4.01323E-001
  1.41976E+001   1.42651E+001   1.42313E+001   2.94388E-002   4.18954E-001
  1.42651E+001   1.43329E+001   1.42990E+001   3.10302E-002   4.43700E-001
  1.43329E+001   1.44011E+001   1.43670E+001   3.22438E-002   4.63246E-001
  1.44011E+001   1.44695E+001   1.44353E+001   3.36276E-002   4.85425E-001
  1.44695E+001   1.45383E+001   1.45039E+001   3.52002E-002   5.10541E-001
  1.45383E+001   1.46075E+001   1.45729E+001   3.65001E-002   5.31911E-001
  1.46075E+001   1.46769E+001   1.46421E+001   3.81628E-002   5.58786E-001
  1.46769E+001   1.47467E+001   1.47118E+001   3.95379E-002   5.81672E-001
  1.47467E+001   1.48168E+001   1.47817E+001   4.07089E-002   6.01747E-001
  1.48168E+001   1.48872E+001   1.48520E+001   4.25204E-002   6.31513E-001
  1.48872E+001   1.49580E+001   1.49226E+001   4.39306E-002   6.55558E-001
  1.49580E+001   1.50291E+001   1.49935E+001   4.56171E-002   6.83963E-001
  1.50291E+001   1.51006E+001   1.50648E+001   4.71665E-002   7.10556E-001
  1.51006E+001   1.51724E+001   1.51365E+001   4.86147E-002   7.35855E-001
  1.51724E+001   1.52445E+001   1.52084E+001   5.03795E-002   7.66194E-001
  1.52445E+001   1.53170E+001   1.52807E+001   5.19397E-002   7.93677E-001
  1.53170E+001   1.53898E+001   1.53534E+001   5.36283E-002   8.23376E-001
  1.53898E+001   1.54630E+001   1.54264E+001   5.54654E-002   8.55631E-001
  1.54630E+001   1.55365E+001   1.54997E+001   5.68247E-002   8.80767E-001
  1.55365E+001   1.56104E+001   1.55734E+001   5.84831E-002   9.10781E-001
  1.56104E+001   1.56846E+001   1.56474E+001   6.03086E-002   9.43677E-001
  1.56846E+001   1.57592E+001   1.57218E+001   6.18449E-002   9.72317E-001
  1.57592E+001   1.58341E+001   1.57966E+001   6.37551E-002   1.00711E+000
  1.58341E+001   1.59094E+001   1.58717E+001   6.53931E-002   1.03790E+000
  1.59094E+001   1.59850E+001   1.59471E+001   6.69192E-002   1.06717E+000
  1.59850E+001   1.60610E+001   1.60230E+001   6.88004E-002   1.10239E+000
  1.60610E+001   1.61374E+001   1.60991E+001   7.05301E-002   1.13548E+000
  1.61374E+001   1.62141E+001   1.61757E+001   7.21121E-002   1.16646E+000
  1.62141E+001   1.62912E+001   1.62526E+001   7.39625E-002   1.20208E+000
  1.62912E+001   1.63686E+001   1.63299E+001   7.53775E-002   1.23091E+000
  1.63686E+001   1.64465E+001   1.64075E+001   7.72955E-002   1.26823E+000
  1.64465E+001   1.65247E+001   1.64855E+001   7.92215E-002   1.30601E+000
  1.65247E+001   1.66032E+001   1.65639E+001   8.05133E-002   1.33361E+000
  1.66032E+001   1.66822E+001   1.66426E+001   8.22344E-002   1.36860E+000
  1.66822E+001   1.67615E+001   1.67218E+001   8.37678E-002   1.40075E+000
  1.67615E+001   1.68412E+001   1.68013E+001   8.54611E-002   1.43586E+000
  1.68412E+001   1.69212E+001   1.68811E+001   8.69544E-002   1.46789E+000
  1.69212E+001   1.70017E+001   1.69614E+001   8.84039E-002   1.49946E+000
  1.70017E+001   1.70825E+001   1.70420E+001   8.98603E-002   1.53140E+000
  1.70825E+001   1.71637E+001   1.71231E+001   9.14361E-002   1.56567E+000
  1.71637E+001   1.72453E+001   1.72045E+001   9.28390E-002   1.59725E+000
  1.72453E+001   1.73273E+001   1.72863E+001   9.45488E-002   1.63440E+000
  1.73273E+001   1.74097E+001   1.73685E+001   9.57010E-002   1.66218E+000
  1.74097E+001   1.74925E+001   1.74510E+001   9.67743E-002   1.68881E+000
  1.74925E+001   1.75756E+001   1.75340E+001   9.83322E-002   1.72416E+000
  1.75756E+001   1.76592E+001   1.76174E+001   9.97641E-002   1.75758E+000
  1.76592E+001   1.77432E+001   1.77011E+001   1.00825E-001   1.78473E+000
  1.77432E+001   1.78275E+001   1.77853E+001   1.01998E-001   1.81406E+000
  1.78275E+001   1.79123E+001   1.78698E+001   1.02801E-001   1.83704E+000
  1.79123E+001   1.79974E+001   1.79548E+001   1.03899E-001   1.86549E+000
  1.79974E+001   1.80830E+001   1.80402E+001   1.04728E-001   1.88931E+000
  1.80830E+001   1.81690E+001   1.81259E+001   1.05681E-001   1.91558E+000
  1.81690E+001   1.82554E+001   1.82121E+001   1.06595E-001   1.94132E+000
  1.82554E+001   1.83422E+001   1.82987E+001   1.07324E-001   1.96389E+000
  1.83422E+001   1.84294E+001   1.83857E+001   1.07726E-001   1.98062E+000
  1.84294E+001   1.85170E+001   1.84731E+001   1.08553E-001   2.00531E+000
  1.85170E+001   1.86050E+001   1.85609E+001   1.08994E-001   2.02303E+000
  1.86050E+001   1.86935E+001   1.86492E+001   1.09568E-001   2.04336E+000
  1.86935E+001   1.87823E+001   1.87379E+001   1.09968E-001   2.06056E+000
  1.87823E+001   1.88716E+001   1.88269E+001   1.09779E-001   2.06681E+000
  1.88716E+001   1.89614E+001   1.89165E+001   1.10172E-001   2.08406E+000
  1.89614E+001   1.90515E+001   1.90064E+001   1.10449E-001   2.09925E+000
  1.90515E+001   1.91421E+001   1.90968E+001   1.10445E-001   2.10914E+000
  1.91421E+001   1.92331E+001   1.91875E+001   1.10421E-001   2.11871E+000
  1.92331E+001   1.93245E+001   1.92788E+001   1.10194E-001   2.12440E+000
  1.93245E+001   1.94164E+001   1.93704E+001   1.10032E-001   2.13138E+000
  1.94164E+001   1.95087E+001   1.94625E+001   1.09745E-001   2.13591E+000
  1.95087E+001   1.96015E+001   1.95551E+001   1.09672E-001   2.14465E+000
  1.96015E+001   1.96947E+001   1.96480E+001   1.09182E-001   2.14522E+000
  1.96947E+001   1.97883E+001   1.97414E+001   1.08779E-001   2.14746E+000
  1.97883E+001   1.98824E+001   1.98353E+001   1.08143E-001   2.14505E+000
  1.98824E+001   1.99769E+001   1.99296E+001   1.07522E-001   2.14288E+000
  1.99769E+001   2.00719E+001   2.00244E+001   1.07062E-001   2.14385E+000
  2.00719E+001   2.01673E+001   2.01196E+001   1.06252E-001   2.13775E+000
  2.01673E+001   2.02632E+001   2.02152E+001   1.05281E-001   2.12828E+000
  2.02632E+001   2.03596E+001   2.03113E+001   1.04165E-001   2.11573E+000
  2.03596E+001   2.04563E+001   2.04079E+001   1.03434E-001   2.11088E+000
  2.04563E+001   2.05536E+001   2.05049E+001   1.02478E-001   2.10131E+000
  2.05536E+001   2.06513E+001   2.06024E+001   1.01308E-001   2.08718E+000
  2.06513E+001   2.07495E+001   2.07004E+001   1.00189E-001   2.07395E+000
  2.07495E+001   2.08482E+001   2.07988E+001   9.87993E-002   2.05491E+000
  2.08482E+001   2.09473E+001   2.08977E+001   9.76587E-002   2.04084E+000
  2.09473E+001   2.10469E+001   2.09970E+001   9.64241E-002   2.02462E+000
  2.10469E+001   2.11469E+001   2.10968E+001   9.50045E-002   2.00430E+000
  2.11469E+001   2.12475E+001   2.11971E+001   9.37360E-002   1.98694E+000
  2.12475E+001   2.13485E+001   2.12979E+001   9.21127E-002   1.96181E+000
  2.13485E+001   2.14500E+001   2.13992E+001   9.06508E-002   1.93986E+000
  2.14500E+001   2.15520E+001   2.15009E+001   8.94529E-002   1.92332E+000
  2.15520E+001   2.16544E+001   2.16031E+001   8.77378E-002   1.89541E+000
  2.16544E+001   2.17574E+001   2.17059E+001   8.62755E-002   1.87269E+000
  2.17574E+001   2.18608E+001   2.18091E+001   8.43606E-002   1.83983E+000
  2.18608E+001   2.19648E+001   2.19127E+001   8.28904E-002   1.81636E+000
  2.19648E+001   2.20692E+001   2.20169E+001   8.12627E-002   1.78916E+000
  2.20692E+001   2.21741E+001   2.21216E+001   7.96375E-002   1.76171E+000
  2.21741E+001   2.22796E+001   2.22268E+001   7.79210E-002   1.73193E+000
  2.22796E+001   2.23855E+001   2.23325E+001   7.63442E-002   1.70496E+000
  2.23855E+001   2.24919E+001   2.24386E+001   7.44114E-002   1.66969E+000
  2.24919E+001   2.25988E+001   2.25453E+001   7.29224E-002   1.64406E+000
  2.25988E+001   2.27063E+001   2.26525E+001   7.12028E-002   1.61292E+000
  2.27063E+001   2.28142E+001   2.27602E+001   6.94418E-002   1.58051E+000
  2.28142E+001   2.29227E+001   2.28684E+001   6.78467E-002   1.55155E+000
  2.29227E+001   2.30317E+001   2.29771E+001   6.58989E-002   1.51417E+000
  2.30317E+001   2.31412E+001   2.30864E+001   6.42988E-002   1.48443E+000
  2.31412E+001   2.32512E+001   2.31961E+001   6.24711E-002   1.44909E+000
  2.32512E+001   2.33618E+001   2.33064E+001   6.07722E-002   1.41638E+000
  2.33618E+001   2.34728E+001   2.34172E+001   5.92131E-002   1.38661E+000
  2.34728E+001   2.35844E+001   2.35286E+001   5.74991E-002   1.35287E+000
  2.35844E+001   2.36966E+001   2.36404E+001   5.58625E-002   1.32061E+000
  2.36966E+001   2.38092E+001   2.37528E+001   5.42803E-002   1.28931E+000
  2.38092E+001   2.39224E+001   2.38657E+001   5.26347E-002   1.25617E+000
  2.39224E+001   2.40362E+001   2.39792E+001   5.12104E-002   1.22799E+000
  2.40362E+001   2.41504E+001   2.40932E+001   4.94516E-002   1.19145E+000
  2.41504E+001   2.42652E+001   2.42078E+001   4.78825E-002   1.15913E+000
  2.42652E+001   2.43806E+001   2.43229E+001   4.66396E-002   1.13441E+000
  2.43806E+001   2.44965E+001   2.44385E+001   4.50234E-002   1.10031E+000
  2.44965E+001   2.46130E+001   2.45547E+001   4.36202E-002   1.07108E+000
  2.46130E+001   2.47300E+001   2.46714E+001   4.22458E-002   1.04227E+000
  2.47300E+001   2.48476E+001   2.47887E+001   4.08156E-002   1.01177E+000
  2.48476E+001   2.49657E+001   2.49066E+001   3.96138E-002   9.86645E-001
  2.49657E+001   2.50844E+001   2.50250E+001   3.82488E-002   9.57178E-001
  2.50844E+001   2.52037E+001   2.51440E+001   3.70272E-002   9.31013E-001
  2.52037E+001   2.53235E+001   2.52635E+001   3.57929E-002   9.04256E-001
  2.53235E+001   2.54439E+001   2.53836E+001   3.45178E-002   8.76188E-001
  2.54439E+001   2.55649E+001   2.55043E+001   3.33762E-002   8.51239E-001
  2.55649E+001   2.56864E+001   2.56256E+001   3.21850E-002   8.24760E-001
  2.56864E+001   2.58085E+001   2.57474E+001   3.11109E-002   8.01026E-001
  2.58085E+001   2.59312E+001   2.58698E+001   3.00359E-002   7.77024E-001
  2.59312E+001   2.60545E+001   2.59928E+001   2.90282E-002   7.54526E-001
  2.60545E+001   2.61784E+001   2.61164E+001   2.80327E-002   7.32114E-001
  2.61784E+001   2.63029E+001   2.62406E+001   2.70309E-002   7.09307E-001
  2.63029E+001   2.64279E+001   2.63653E+001   2.60039E-002   6.85602E-001
  2.64279E+001   2.65536E+001   2.64907E+001   2.52191E-002   6.68073E-001
  2.65536E+001   2.66798E+001   2.66166E+001   2.42135E-002   6.44483E-001
  2.66798E+001   2.68067E+001   2.67432E+001   2.33276E-002   6.23854E-001
  2.68067E+001   2.69341E+001   2.68703E+001   2.25303E-002   6.05398E-001
  2.69341E+001   2.70622E+001   2.69981E+001   2.16540E-002   5.84615E-001
  2.70622E+001   2.71908E+001   2.71264E+001   2.09350E-002   5.67892E-001
  2.71908E+001   2.73201E+001   2.72554E+001   2.00935E-002   5.47657E-001
  2.73201E+001   2.74500E+001   2.73850E+001   1.92987E-002   5.28495E-001
  2.74500E+001   2.75805E+001   2.75152E+001   1.85597E-002   5.10675E-001
  2.75805E+001   2.77116E+001   2.76460E+001   1.77936E-002   4.91922E-001
  2.77116E+001   2.78434E+001   2.77774E+001   1.71197E-002   4.75542E-001
  2.78434E+001   2.79758E+001   2.79095E+001   1.63323E-002   4.55827E-001
  2.79758E+001   2.81088E+001   2.80422E+001   1.56065E-002   4.37641E-001
  2.81088E+001   2.82424E+001   2.81755E+001   1.49745E-002   4.21915E-001
  2.82424E+001   2.83767E+001   2.83095E+001   1.43477E-002   4.06175E-001
  2.83767E+001   2.85116E+001   2.84441E+001   1.36757E-002   3.88992E-001
  2.85116E+001   2.86472E+001   2.85793E+001   1.30883E-002   3.74054E-001
  2.86472E+001   2.87834E+001   2.87152E+001   1.24532E-002   3.57596E-001
  2.87834E+001   2.89202E+001   2.88517E+001   1.18878E-002   3.42984E-001
  2.89202E+001   2.90577E+001   2.89889E+001   1.12971E-002   3.27492E-001
  2.90577E+001   2.91958E+001   2.91267E+001   1.07484E-002   3.13066E-001
  2.91958E+001   2.93347E+001   2.92652E+001   1.02586E-002   3.00221E-001
  2.93347E+001   2.94741E+001   2.94043E+001   9.70365E-003   2.85329E-001
  2.94741E+001   2.96143E+001   2.95441E+001   9.22863E-003   2.72652E-001
  2.96143E+001   2.97551E+001   2.96846E+001   8.77666E-003   2.60532E-001
  2.97551E+001   2.98965E+001   2.98257E+001   8.33256E-003   2.48525E-001
  2.98965E+001   3.00387E+001   2.99675E+001   7.90044E-003   2.36757E-001
  3.00387E+001   3.01815E+001   3.01100E+001   7.50117E-003   2.25860E-001
  3.01815E+001   3.03250E+001   3.02531E+001   7.10504E-003   2.14950E-001
  3.03250E+001   3.04691E+001   3.03970E+001   6.74551E-003   2.05043E-001
  3.04691E+001   3.06140E+001   3.05415E+001   6.37576E-003   1.94725E-001
  3.06140E+001   3.07596E+001   3.06867E+001   6.07647E-003   1.86467E-001
  3.07596E+001   3.09058E+001   3.08326E+001   5.74074E-003   1.77002E-001
  3.09058E+001   3.10527E+001   3.09792E+001   5.45571E-003   1.69014E-001
  3.10527E+001   3.12004E+001   3.11265E+001   5.17356E-003   1.61035E-001
  3.12004E+001   3.13487E+001   3.12745E+001   4.91020E-003   1.53564E-001
  3.13487E+001   3.14978E+001   3.14231E+001   4.65700E-003   1.46338E-001
  3.14978E+001   3.16475E+001   3.15725E+001   4.41048E-003   1.39250E-001
  3.16475E+001   3.17980E+001   3.17226E+001   4.18300E-003   1.32696E-001
  3.17980E+001   3.19491E+001   3.18735E+001   3.99017E-003   1.27181E-001
  3.19491E+001   3.21010E+001   3.20250E+001   3.76609E-003   1.20609E-001
  3.21010E+001   3.22537E+001   3.21773E+001   3.59867E-003   1.15795E-001
  3.22537E+001   3.24070E+001   3.23303E+001   3.38717E-003   1.09508E-001
  3.24070E+001   3.25611E+001   3.24840E+001   3.21566E-003   1.04457E-001
  3.25611E+001   3.27159E+001   3.26384E+001   3.06646E-003   1.00084E-001
  3.27159E+001   3.28714E+001   3.27936E+001   2.91537E-003   9.56056E-002
  3.28714E+001   3.30277E+001   3.29495E+001   2.75611E-003   9.08125E-002
  3.30277E+001   3.31848E+001   3.31061E+001   2.62748E-003   8.69857E-002
  3.31848E+001   3.33425E+001   3.32635E+001   2.48262E-003   8.25807E-002
  3.33425E+001   3.35010E+001   3.34217E+001   2.33145E-003   7.79211E-002
  3.35010E+001   3.36603E+001   3.35806E+001   2.23008E-003   7.48876E-002
  3.36603E+001   3.38204E+001   3.37402E+001   2.09544E-003   7.07006E-002
  3.38204E+001   3.39812E+001   3.39007E+001   1.97516E-003   6.69592E-002
  3.39812E+001   3.41427E+001   3.40618E+001   1.83781E-003   6.25994E-002
  3.41427E+001   3.43050E+001   3.42238E+001   1.73530E-003   5.93885E-002
  3.43050E+001   3.44681E+001   3.43865E+001   1.61846E-003   5.56531E-002
  3.44681E+001   3.46320E+001   3.45500E+001   1.50127E-003   5.18690E-002
  3.46320E+001   3.47967E+001   3.47142E+001   1.39873E-003   4.85558E-002
  3.47967E+001   3.49621E+001   3.48793E+001   1.27873E-003   4.46012E-002
  3.49621E+001   3.51283E+001   3.50451E+001   1.16381E-003   4.07857E-002
  3.51283E+001   3.52953E+001   3.52117E+001   1.08051E-003   3.80466E-002
  3.52953E+001   3.54631E+001   3.53791E+001   9.60534E-004   3.39829E-002
  3.54631E+001   3.56317E+001   3.55473E+001   8.81267E-004   3.13267E-002
  3.56317E+001   3.58012E+001   3.57164E+001   7.79447E-004   2.78390E-002
  3.58012E+001   3.59714E+001   3.58862E+001   6.98590E-004   2.50697E-002
  3.59714E+001   3.61424E+001   3.60568E+001   6.17426E-004   2.22624E-002
  3.61424E+001   3.63142E+001   3.62282E+001   5.40444E-004   1.95793E-002
  3.63142E+001   3.64869E+001   3.64004E+001   4.79809E-004   1.74653E-002
  3.64869E+001   3.66603E+001   3.65735E+001   4.25888E-004   1.55762E-002
  3.66603E+001   3.68346E+001   3.67474E+001   3.64813E-004   1.34059E-002
  3.68346E+001   3.70098E+001   3.69221E+001   3.31421E-004   1.22368E-002
  3.70098E+001   3.71857E+001   3.70976E+001   2.87108E-004   1.06510E-002
  3.71857E+001   3.73625E+001   3.72740E+001   2.52235E-004   9.40184E-003
  3.73625E+001   3.75402E+001   3.74512E+001   2.20250E-004   8.24863E-003
  3.75402E+001   3.77186E+001   3.76293E+001   1.92050E-004   7.22670E-003
  3.77186E+001   3.78980E+001   3.78082E+001   1.66632E-004   6.30005E-003
  3.78980E+001   3.80781E+001   3.79880E+001   1.48973E-004   5.65919E-003
  3.80781E+001   3.82592E+001   3.81686E+001   1.32284E-004   5.04909E-003
  3.82592E+001   3.84411E+001   3.83500E+001   1.13213E-004   4.34173E-003
  3.84411E+001   3.86238E+001   3.85324E+001   9.93688E-005   3.82892E-003
  3.86238E+001   3.88075E+001   3.87156E+001   8.95006E-005   3.46507E-003
  3.88075E+001   3.89920E+001   3.88996E+001   7.96974E-005   3.10020E-003
  3.89920E+001   3.91774E+001   3.90846E+001   7.26552E-005   2.83970E-003
  3.91774E+001   3.93636E+001   3.92704E+001   6.06705E-005   2.38256E-003
  3.93636E+001   3.95508E+001   3.94571E+001   5.53686E-005   2.18469E-003
  3.95508E+001   3.97388E+001   3.96447E+001   4.98225E-005   1.97520E-003
  3.97388E+001   3.99278E+001   3.98332E+001   4.63746E-005   1.84725E-003
  3.99278E+001   4.01176E+001   4.00226E+001   4.22420E-005   1.69063E-003
  4.01176E+001   4.03083E+001   4.02128E+001   3.73252E-005   1.50096E-003
  4.03083E+001   4.05000E+001   4.04040E+001   3.42940E-005   1.38562E-003
  4.05000E+001   4.06925E+001   4.05961E+001   3.14821E-005   1.27805E-003
  4.06925E+001   4.08860E+001   4.07891E+001   3.04419E-005   1.24170E-003
  4.08860E+001   4.10804E+001   4.09831E+001   2.68059E-005   1.09859E-003
  4.10804E+001   4.12757E+001   4.11779E+001   2.40069E-005   9.88556E-004
  4.12757E+001   4.14719E+001   4.13737E+001   2.25936E-005   9.34780E-004
  4.14719E+001   4.16691E+001   4.15704E+001   2.09247E-005   8.69848E-004
  4.16691E+001   4.18672E+001   4.17680E+001   2.03293E-005   8.49116E-004
  4.18672E+001   4.20663E+001   4.19666E+001   1.84955E-005   7.76193E-004
  4.20663E+001   4.22663E+001   4.21661E+001   1.75991E-005   7.42088E-004
  4.22663E+001   4.24672E+001   4.23666E+001   1.61502E-005   6.84231E-004
  4.24672E+001   4.26691E+001   4.25680E+001   1.44666E-005   6.15817E-004
  4.26691E+001   4.28720E+001   4.27704E+001   1.46774E-005   6.27757E-004
  4.28720E+001   4.30758E+001   4.29738E+001   1.29769E-005   5.57668E-004
  4.30758E+001   4.32806E+001   4.31781E+001   1.25729E-005   5.42873E-004
  4.32806E+001   4.34864E+001   4.33834E+001   1.19463E-005   5.18272E-004
  4.34864E+001   4.36931E+001   4.35896E+001   1.10969E-005   4.83711E-004
  4.36931E+001   4.39009E+001   4.37969E+001   1.10367E-005   4.83375E-004
  4.39009E+001   4.41096E+001   4.40051E+001   1.00883E-005   4.43937E-004
  4.41096E+001   4.43193E+001   4.42143E+001   9.97717E-006   4.41134E-004
  4.43193E+001   4.45300E+001   4.44245E+001   1.00869E-005   4.48106E-004
  4.45300E+001   4.47417E+001   4.46357E+001   8.39770E-006   3.74838E-004
  4.47417E+001   4.49544E+001   4.48480E+001   9.05536E-006   4.06115E-004
  4.49544E+001   4.51682E+001   4.50612E+001   7.91618E-006   3.56713E-004
  4.51682E+001   4.53829E+001   4.52754E+001   8.25070E-006   3.73554E-004
  4.53829E+001   4.55987E+001   4.54907E+001   7.62078E-006   3.46675E-004
  4.55987E+001   4.58155E+001   4.57069E+001   7.04654E-006   3.22076E-004
  4.58155E+001   4.60333E+001   4.59243E+001   7.03387E-006   3.23026E-004
  4.60333E+001   4.62522E+001   4.61426E+001   6.31203E-006   2.91254E-004
  4.62522E+001   4.64721E+001   4.63620E+001   6.69437E-006   3.10364E-004
  4.64721E+001   4.66930E+001   4.65824E+001   6.66762E-006   3.10594E-004
  4.66930E+001   4.69150E+001   4.68039E+001   5.73851E-006   2.68585E-004
  4.69150E+001   4.71381E+001   4.70264E+001   6.03379E-006   2.83747E-004
  4.71381E+001   4.73622E+001   4.72500E+001   5.56052E-006   2.62735E-004
  4.73622E+001   4.75873E+001   4.74746E+001   6.04394E-006   2.86934E-004
  4.75873E+001   4.78136E+001   4.77003E+001   5.13230E-006   2.44813E-004
  4.78136E+001   4.80409E+001   4.79271E+001   5.21900E-006   2.50132E-004
  4.80409E+001   4.82693E+001   4.81550E+001   5.28178E-006   2.54344E-004
  4.82693E+001   4.84988E+001   4.83839E+001   4.59367E-006   2.22260E-004
  4.84988E+001   4.87294E+001   4.86140E+001   4.93332E-006   2.39829E-004
  4.87294E+001   4.89611E+001   4.88451E+001   4.71987E-006   2.30543E-004
  4.89611E+001   4.91938E+001   4.90773E+001   4.29482E-006   2.10778E-004
  4.91938E+001   4.94277E+001   4.93106E+001   4.32351E-006   2.13195E-004
  4.94277E+001   4.96627E+001   4.95451E+001   4.03417E-006   1.99873E-004
  4.96627E+001   4.98988E+001   4.97806E+001   4.35706E-006   2.16897E-004
  4.98988E+001   5.01361E+001   5.00173E+001   3.77815E-006   1.88973E-004
  5.01361E+001   5.03744E+001   5.02551E+001   3.79250E-006   1.90593E-004
  5.03744E+001   5.06139E+001   5.04941E+001   3.99031E-006   2.01487E-004
  5.06139E+001   5.08546E+001   5.07341E+001   3.63825E-006   1.84583E-004
  5.08546E+001   5.10964E+001   5.09753E+001   3.90523E-006   1.99071E-004
  5.10964E+001   5.13393E+001   5.12177E+001   3.47051E-006   1.77752E-004
  5.13393E+001   5.15834E+001   5.14612E+001   3.35796E-006   1.72805E-004
  5.15834E+001   5.18286E+001   5.17059E+001   3.31745E-006   1.71532E-004
  5.18286E+001   5.20750E+001   5.19517E+001   3.15476E-006   1.63895E-004
  5.20750E+001   5.23226E+001   5.21987E+001   3.40411E-006   1.77690E-004
  5.23226E+001   5.25714E+001   5.24469E+001   2.99050E-006   1.56843E-004
  5.25714E+001   5.28213E+001   5.26962E+001   2.85992E-006   1.50707E-004
  5.28213E+001   5.30725E+001   5.29468E+001   3.03116E-006   1.60490E-004
  5.30725E+001   5.33248E+001   5.31985E+001   2.63967E-006   1.40427E-004
  5.33248E+001   5.35783E+001   5.34514E+001   2.83384E-006   1.51473E-004
  5.35783E+001   5.38331E+001   5.37055E+001   2.59307E-006   1.39262E-004
  5.38331E+001   5.40890E+001   5.39609E+001   2.36845E-006   1.27804E-004
  5.40890E+001   5.43462E+001   5.42174E+001   2.41544E-006   1.30959E-004
  5.43462E+001   5.46045E+001   5.44752E+001   2.36454E-006   1.28809E-004
  5.46045E+001   5.48641E+001   5.47342E+001   2.58958E-006   1.41739E-004
  5.48641E+001   5.51250E+001   5.49944E+001   2.18659E-006   1.20250E-004
  5.51250E+001   5.53871E+001   5.52559E+001   2.05141E-006   1.13353E-004
  5.53871E+001   5.56504E+001   5.55186E+001   2.23120E-006   1.23873E-004
  5.56504E+001   5.59150E+001   5.57825E+001   1.96102E-006   1.09391E-004
  5.59150E+001   5.61808E+001   5.60478E+001   2.07847E-006   1.16494E-004
  5.61808E+001   5.64479E+001   5.63142E+001   1.98944E-006   1.12034E-004
  5.64479E+001   5.67163E+001   5.65820E+001   1.78021E-006   1.00728E-004
  5.67163E+001   5.69860E+001   5.68510E+001   1.85481E-006   1.05448E-004
  5.69860E+001   5.72569E+001   5.71213E+001   1.71868E-006   9.81734E-005
  5.72569E+001   5.75291E+001   5.73928E+001   1.91678E-006   1.10010E-004
  5.75291E+001   5.78026E+001   5.76657E+001   1.58950E-006   9.16597E-005
  5.78026E+001   5.80774E+001   5.79399E+001   1.46577E-006   8.49268E-005
  5.80774E+001   5.83536E+001   5.82153E+001   1.67316E-006   9.74038E-005
  5.83536E+001   5.86310E+001   5.84921E+001   1.39796E-006   8.17697E-005
  5.86310E+001   5.89098E+001   5.87702E+001   1.39845E-006   8.21874E-005
  5.89098E+001   5.91898E+001   5.90496E+001   1.46832E-006   8.67037E-005
  5.91898E+001   5.94712E+001   5.93304E+001   1.27576E-006   7.56911E-005
  5.94712E+001   5.97540E+001   5.96125E+001   1.35099E-006   8.05359E-005
  5.97540E+001   6.00381E+001   5.98959E+001   1.24868E-006   7.47906E-005
  6.00381E+001   6.03235E+001   6.01806E+001   1.34886E-006   8.11752E-005
  6.03235E+001   6.06103E+001   6.04668E+001   1.16073E-006   7.01854E-005
  6.06103E+001   6.08985E+001   6.07542E+001   1.04815E-006   6.36798E-005
  6.08985E+001   6.11880E+001   6.10431E+001   1.24725E-006   7.61359E-005
  6.11880E+001   6.14789E+001   6.13333E+001   1.11366E-006   6.83047E-005
  6.14789E+001   6.17712E+001   6.16249E+001   1.07451E-006   6.62165E-005
  6.17712E+001   6.20649E+001   6.19179E+001   1.11518E-006   6.90494E-005
  6.20649E+001   6.23600E+001   6.22123E+001   9.71121E-007   6.04157E-005
  6.23600E+001   6.26565E+001   6.25081E+001   1.02039E-006   6.37827E-005
  6.26565E+001   6.29544E+001   6.28052E+001   9.76639E-007   6.13381E-005
  6.29544E+001   6.32537E+001   6.31038E+001   9.14451E-007   5.77054E-005
  6.32537E+001   6.35544E+001   6.34039E+001   8.65420E-007   5.48710E-005
  6.35544E+001   6.38566E+001   6.37053E+001   8.61696E-007   5.48946E-005
  6.38566E+001   6.41602E+001   6.40082E+001   8.40056E-007   5.37705E-005
  6.41602E+001   6.44652E+001   6.43125E+001   8.15423E-007   5.24420E-005
  6.44652E+001   6.47717E+001   6.46183E+001   7.65709E-007   4.94788E-005
  6.47717E+001   6.50797E+001   6.49255E+001   7.94724E-007   5.15979E-005
  6.50797E+001   6.53891E+001   6.52342E+001   7.53983E-007   4.91855E-005
  6.53891E+001   6.57000E+001   6.55443E+001   7.70134E-007   5.04780E-005
  6.57000E+001   6.60123E+001   6.58559E+001   7.52988E-007   4.95888E-005
  6.60123E+001   6.63262E+001   6.61691E+001   6.62664E-007   4.38479E-005
  6.63262E+001   6.66415E+001   6.64836E+001   6.67121E-007   4.43527E-005
  6.66415E+001   6.69583E+001   6.67997E+001   6.76268E-007   4.51746E-005
  6.69583E+001   6.72767E+001   6.71173E+001   6.82701E-007   4.58211E-005
  6.72767E+001   6.75965E+001   6.74364E+001   6.35865E-007   4.28805E-005
  6.75965E+001   6.79179E+001   6.77570E+001   5.54196E-007   3.75507E-005
  6.79179E+001   6.82408E+001   6.80792E+001   6.11531E-007   4.16326E-005
  6.82408E+001   6.85653E+001   6.84029E+001   5.84434E-007   3.99770E-005
  6.85653E+001   6.88913E+001   6.87281E+001   5.64305E-007   3.87836E-005
  6.88913E+001   6.92188E+001   6.90548E+001   5.81173E-007   4.01328E-005
  6.92188E+001   6.95479E+001   6.93831E+001   4.61996E-007   3.20548E-005
  6.95479E+001   6.98785E+001   6.97130E+001   4.72316E-007   3.29266E-005
  6.98785E+001   7.02108E+001   7.00445E+001   4.53616E-007   3.17733E-005
  7.02108E+001   7.05446E+001   7.03775E+001   4.81011E-007   3.38524E-005
  7.05446E+001   7.08800E+001   7.07121E+001   4.71882E-007   3.33678E-005
  7.08800E+001   7.12170E+001   7.10483E+001   4.34772E-007   3.08898E-005
  7.12170E+001   7.15556E+001   7.13861E+001   3.96440E-007   2.83003E-005
  7.15556E+001   7.18958E+001   7.17255E+001   3.91414E-007   2.80744E-005
  7.18958E+001   7.22376E+001   7.20665E+001   4.24998E-007   3.06281E-005
  7.22376E+001   7.25810E+001   7.24091E+001   4.33884E-007   3.14172E-005
  7.25810E+001   7.29261E+001   7.27534E+001   3.54845E-007   2.58162E-005
  7.29261E+001   7.32728E+001   7.30993E+001   3.33472E-007   2.43766E-005
  7.32728E+001   7.36212E+001   7.34468E+001   3.48665E-007   2.56084E-005
  7.36212E+001   7.39712E+001   7.37960E+001   3.36016E-007   2.47966E-005
  7.39712E+001   7.43229E+001   7.41468E+001   3.46590E-007   2.56985E-005
  7.43229E+001   7.46763E+001   7.44994E+001   3.15877E-007   2.35326E-005
  7.46763E+001   7.50313E+001   7.48536E+001   2.75201E-007   2.05998E-005
  7.50313E+001   7.53880E+001   7.52094E+001   2.70711E-007   2.03601E-005
  7.53880E+001   7.57464E+001   7.55670E+001   2.84438E-007   2.14941E-005
  7.57464E+001   7.61066E+001   7.59263E+001   3.14064E-007   2.38457E-005
  7.61066E+001   7.64684E+001   7.62873E+001   2.41952E-007   1.84579E-005
  7.64684E+001   7.68320E+001   7.66500E+001   1.91048E-007   1.46438E-005
  7.68320E+001   7.71973E+001   7.70144E+001   2.54994E-007   1.96383E-005
  7.71973E+001   7.75643E+001   7.73806E+001   2.44464E-007   1.89168E-005
  7.75643E+001   7.79331E+001   7.77484E+001   2.31020E-007   1.79614E-005
  7.79331E+001   7.83036E+001   7.81181E+001   2.11827E-007   1.65476E-005
  7.83036E+001   7.86759E+001   7.84895E+001   1.62308E-007   1.27395E-005
  7.86759E+001   7.90499E+001   7.88627E+001   2.04552E-007   1.61315E-005
  7.90499E+001   7.94257E+001   7.92376E+001   2.10143E-007   1.66513E-005
  7.94257E+001   7.98034E+001   7.96143E+001   1.98895E-007   1.58349E-005
  7.98034E+001   8.01828E+001   7.99928E+001   1.59191E-007   1.27341E-005
  8.01828E+001   8.05640E+001   8.03732E+001   1.37518E-007   1.10528E-005
  8.05640E+001   8.09470E+001   8.07553E+001   1.93610E-007   1.56351E-005
  8.09470E+001   8.13319E+001   8.11392E+001   1.77362E-007   1.43910E-005
  8.13319E+001   8.17186E+001   8.15250E+001   1.52679E-007   1.24472E-005
  8.17186E+001   8.21071E+001   8.19126E+001   1.43330E-007   1.17405E-005
  8.21071E+001   8.24975E+001   8.23020E+001   1.27890E-007   1.05256E-005
  8.24975E+001   8.28897E+001   8.26933E+001   1.64894E-007   1.36357E-005
  8.28897E+001   8.32838E+001   8.30865E+001   1.56403E-007   1.29950E-005
  8.32838E+001   8.36797E+001   8.34815E+001   1.66667E-007   1.39136E-005
  8.36797E+001   8.40776E+001   8.38784E+001   1.13284E-007   9.50206E-006
  8.40776E+001   8.44773E+001   8.42772E+001   1.25665E-007   1.05907E-005
  8.44773E+001   8.48789E+001   8.46779E+001   1.37759E-007   1.16652E-005
  8.48789E+001   8.52825E+001   8.50805E+001   1.54160E-007   1.31160E-005
  8.52825E+001   8.56880E+001   8.54850E+001   1.15483E-007   9.87206E-006
  8.56880E+001   8.60954E+001   8.58914E+001   1.13289E-007   9.73053E-006
  8.60954E+001   8.65047E+001   8.62998E+001   9.98613E-008   8.61802E-006
  8.65047E+001   8.69160E+001   8.67101E+001   1.15174E-007   9.98675E-006
  8.69160E+001   8.73292E+001   8.71223E+001   1.07913E-007   9.40167E-006
  8.73292E+001   8.77444E+001   8.75365E+001   1.05864E-007   9.26698E-006
  8.77444E+001   8.81616E+001   8.79527E+001   8.22443E-008   7.23362E-006
  8.81616E+001   8.85807E+001   8.83709E+001   1.08845E-007   9.61870E-006
  8.85807E+001   8.90019E+001   8.87910E+001   9.78805E-008   8.69092E-006
  8.90019E+001   8.94250E+001   8.92132E+001   1.06749E-007   9.52346E-006
  8.94250E+001   8.98502E+001   8.96373E+001   9.01579E-008   8.08152E-006
  8.98502E+001   9.02773E+001   9.00635E+001   7.25470E-008   6.53384E-006
  9.02773E+001   9.07066E+001   9.04917E+001   1.02533E-007   9.27841E-006
  9.07066E+001   9.11378E+001   9.09219E+001   9.04500E-008   8.22390E-006
  9.11378E+001   9.15711E+001   9.13542E+001   8.41731E-008   7.68958E-006
  9.15711E+001   9.20065E+001   9.17885E+001   7.76145E-008   7.12412E-006
  9.20065E+001   9.24439E+001   9.22249E+001   5.27171E-008   4.86184E-006
  9.24439E+001   9.28834E+001   9.26634E+001   8.07568E-008   7.48320E-006
  9.28834E+001   9.33250E+001   9.31040E+001   8.02943E-008   7.47573E-006
  9.33250E+001   9.37687E+001   9.35466E+001   6.96252E-008   6.51320E-006
  9.37687E+001   9.42145E+001   9.39914E+001   6.91382E-008   6.49840E-006
  9.42145E+001   9.46625E+001   9.44382E+001   4.07703E-008   3.85028E-006
  9.46625E+001   9.51125E+001   9.48872E+001   7.15548E-008   6.78964E-006
  9.51125E+001   9.55647E+001   9.53384E+001   6.15148E-008   5.86473E-006
  9.55647E+001   9.60191E+001   9.57916E+001   5.59995E-008   5.36428E-006
  9.60191E+001   9.64756E+001   9.62471E+001   4.64608E-008   4.47172E-006
  9.64756E+001   9.69343E+001   9.67047E+001   3.32783E-008   3.21817E-006
  9.69343E+001   9.73951E+001   9.71644E+001   4.96482E-008   4.82404E-006
  9.73951E+001   9.78582E+001   9.76264E+001   5.32301E-008   5.19667E-006
  9.78582E+001   9.83234E+001   9.80905E+001   4.42238E-008   4.33794E-006
  9.83234E+001   9.87909E+001   9.85569E+001   4.38910E-008   4.32577E-006
  9.87909E+001   9.92606E+001   9.90255E+001   3.14268E-008   3.11206E-006
  9.92606E+001   9.97325E+001   9.94963E+001   5.03210E-008   5.00676E-006
  9.97325E+001   1.00207E+002   9.99693E+001   4.94502E-008   4.94351E-006
  1.00207E+002   1.00683E+002   1.00445E+002   4.11648E-008   4.13479E-006
  1.00683E+002   1.01162E+002   1.00922E+002   3.67878E-008   3.71271E-006
  1.01162E+002   1.01643E+002   1.01402E+002   2.89069E-008   2.93122E-006
  1.01643E+002   1.02126E+002   1.01884E+002   3.95850E-008   4.03309E-006
  1.02126E+002   1.02612E+002   1.02368E+002   4.27101E-008   4.37217E-006
  1.02612E+002   1.03099E+002   1.02855E+002   3.48975E-008   3.58939E-006
  1.03099E+002   1.03590E+002   1.03344E+002   3.46238E-008   3.57817E-006
  1.03590E+002   1.04082E+002   1.03836E+002   2.72870E-008   2.83337E-006
  1.04082E+002   1.04577E+002   1.04329E+002   4.02285E-008   4.19701E-006
  1.04577E+002   1.05074E+002   1.04825E+002   3.62932E-008   3.80445E-006
  1.05074E+002   1.05574E+002   1.05324E+002   3.56817E-008   3.75813E-006
  1.05574E+002   1.06076E+002   1.05824E+002   3.20579E-008   3.39251E-006
  1.06076E+002   1.06580E+002   1.06327E+002   2.50782E-008   2.66650E-006
  1.06580E+002   1.07087E+002   1.06833E+002   3.13060E-008   3.34452E-006
  1.07087E+002   1.07596E+002   1.07341E+002   3.40281E-008   3.65261E-006
  1.07596E+002   1.08107E+002   1.07851E+002   2.72582E-008   2.93984E-006
  1.08107E+002   1.08621E+002   1.08364E+002   2.70336E-008   2.92947E-006
  1.08621E+002   1.09138E+002   1.08879E+002   2.36604E-008   2.57613E-006
  1.09138E+002   1.09657E+002   1.09397E+002   3.19098E-008   3.49083E-006
  1.09657E+002   1.10178E+002   1.09917E+002   2.57580E-008   2.83124E-006
  1.10178E+002   1.10702E+002   1.10440E+002   2.25261E-008   2.48777E-006
  1.10702E+002   1.11228E+002   1.10965E+002   2.77648E-008   3.08091E-006
  1.11228E+002   1.11757E+002   1.11492E+002   1.90135E-008   2.11986E-006
  1.11757E+002   1.12288E+002   1.12022E+002   2.71195E-008   3.03800E-006
  1.12288E+002   1.12822E+002   1.12555E+002   2.67898E-008   3.01532E-006
  1.12822E+002   1.13359E+002   1.13090E+002   2.09317E-008   2.36717E-006
  1.13359E+002   1.13897E+002   1.13628E+002   2.07484E-008   2.35760E-006
  1.13897E+002   1.14439E+002   1.14168E+002   2.04825E-008   2.33844E-006
  1.14439E+002   1.14983E+002   1.14711E+002   2.49826E-008   2.86578E-006
  1.14983E+002   1.15530E+002   1.15256E+002   2.22886E-008   2.56890E-006
  1.15530E+002   1.16079E+002   1.15804E+002   1.71569E-008   1.98684E-006
  1.16079E+002   1.16631E+002   1.16355E+002   2.16957E-008   2.52440E-006
  1.16631E+002   1.17185E+002   1.16908E+002   1.19074E-008   1.39207E-006
  1.17185E+002   1.17743E+002   1.17464E+002   1.88923E-008   2.21916E-006
  1.17743E+002   1.18302E+002   1.18022E+002   1.63851E-008   1.93381E-006
  1.18302E+002   1.18865E+002   1.18583E+002   1.14057E-008   1.35253E-006
  1.18865E+002   1.19430E+002   1.19147E+002   9.04865E-009   1.07812E-006
  1.19430E+002   1.19998E+002   1.19714E+002   9.00147E-009   1.07760E-006
  1.19998E+002   1.20568E+002   1.20283E+002   1.28762E-008   1.54879E-006
  1.20568E+002   1.21142E+002   1.20855E+002   1.05394E-008   1.27374E-006
  1.21142E+002   1.21717E+002   1.21429E+002   1.25406E-008   1.52280E-006
  1.21717E+002   1.22296E+002   1.22006E+002   8.17578E-009   9.97499E-007
  1.22296E+002   1.22878E+002   1.22587E+002   6.10844E-009   7.48813E-007
  1.22878E+002   1.23462E+002   1.23169E+002   1.21560E-008   1.49725E-006
  1.23462E+002   1.24049E+002   1.23755E+002   1.20985E-008   1.49725E-006
  1.24049E+002   1.24639E+002   1.24343E+002   9.83878E-009   1.22339E-006
  1.24639E+002   1.25231E+002   1.24934E+002   5.78205E-009   7.22379E-007
  1.25231E+002   1.25827E+002   1.25528E+002   7.76412E-009   9.74619E-007
  1.25827E+002   1.26425E+002   1.26125E+002   9.30346E-009   1.17340E-006
  1.26425E+002   1.27026E+002   1.26725E+002   7.31355E-009   9.26810E-007
  1.27026E+002   1.27630E+002   1.27327E+002   5.51298E-009   7.01954E-007
  1.27630E+002   1.28237E+002   1.27933E+002   5.27274E-009   6.74556E-007
  1.28237E+002   1.28846E+002   1.28541E+002   3.52802E-009   4.53495E-007
  1.28846E+002   1.29459E+002   1.29152E+002   6.99326E-009   9.03195E-007
  1.29459E+002   1.30074E+002   1.29766E+002   6.96017E-009   9.03195E-007
  1.30074E+002   1.30693E+002   1.30383E+002   5.02695E-009   6.55431E-007
  1.30693E+002   1.31314E+002   1.31003E+002   4.97429E-009   6.51648E-007
  1.31314E+002   1.31938E+002   1.31626E+002   3.27327E-009   4.30847E-007
  1.31938E+002   1.32566E+002   1.32252E+002   4.78468E-009   6.32782E-007
  1.32566E+002   1.33196E+002   1.32880E+002   4.76204E-009   6.32782E-007
  1.33196E+002   1.33829E+002   1.33512E+002   4.73950E-009   6.32782E-007
  1.33829E+002   1.34466E+002   1.34147E+002   3.01900E-009   4.04990E-007
  1.34466E+002   1.35105E+002   1.34785E+002   1.52829E-009   2.05991E-007
  1.35105E+002   1.35747E+002   1.35426E+002   4.51155E-009   6.10981E-007
  1.35747E+002   1.36393E+002   1.36069E+002   4.49021E-009   6.10981E-007
  1.36393E+002   1.37041E+002   1.36716E+002   2.93932E-009   4.01854E-007
  1.37041E+002   1.37693E+002   1.37366E+002   1.42584E-009   1.95863E-007
  1.37693E+002   1.38347E+002   1.38019E+002   2.76020E-009   3.80962E-007
  1.38347E+002   1.39005E+002   1.38676E+002   1.33476E-009   1.85099E-007
  1.39005E+002   1.39666E+002   1.39335E+002   2.73414E-009   3.80962E-007
  1.39666E+002   1.40330E+002   1.39997E+002   2.72121E-009   3.80962E-007
  1.40330E+002   1.40997E+002   1.40663E+002   1.31590E-009   1.85099E-007
  1.40997E+002   1.41667E+002   1.41332E+002   0.00000E+000   0.00000E+000
  1.41667E+002   1.42341E+002   1.42004E+002   1.30348E-009   1.85099E-007
  1.42341E+002   1.43018E+002   1.42679E+002   1.29731E-009   1.85099E-007
  1.43018E+002   1.43698E+002   1.43357E+002   1.29117E-009   1.85099E-007
  1.43698E+002   1.44381E+002   1.44039E+002   0.00000E+000   0.00000E+000
  1.44381E+002   1.45067E+002   1.44724E+002   1.14608E-009   1.65865E-007
  1.45067E+002   1.45757E+002   1.45412E+002   1.14066E-009   1.65865E-007
  1.45757E+002   1.46450E+002   1.46103E+002   1.13526E-009   1.65865E-007
  1.46450E+002   1.47146E+002   1.46798E+002   1.12989E-009   1.65865E-007
  1.47146E+002   1.47846E+002   1.47496E+002   1.12454E-009   1.65865E-007
  1.47846E+002   1.48549E+002   1.48197E+002   0.00000E+000   0.00000E+000
  1.48549E+002   1.49255E+002   1.48901E+002   1.11392E-009   1.65865E-007
  1.49255E+002   1.49965E+002   1.49609E+002   1.10865E-009   1.65865E-007
  1.49965E+002   1.50678E+002   1.50321E+002   1.10341E-009   1.65865E-007
  1.50678E+002   1.51394E+002   1.51035E+002   0.00000E+000   0.00000E+000
  1.51394E+002   1.52114E+002   1.51753E+002   0.00000E+000   0.00000E+000
  1.52114E+002   1.52837E+002   1.52475E+002   0.00000E+000   0.00000E+000
  1.52837E+002   1.53564E+002   1.53200E+002   0.00000E+000   0.00000E+000
  1.53564E+002   1.54294E+002   1.53928E+002   0.00000E+000   0.00000E+000
  1.54294E+002   1.55027E+002   1.54660E+002   0.00000E+000   0.00000E+000
  1.55027E+002   1.55764E+002   1.55395E+002   0.00000E+000   0.00000E+000
  1.55764E+002   1.56505E+002   1.56134E+002   0.00000E+000   0.00000E+000
  1.56505E+002   1.57249E+002   1.56876E+002   0.00000E+000   0.00000E+000
  1.57249E+002   1.57997E+002   1.57622E+002   0.00000E+000   0.00000E+000
