# columns: T_lo[K]  T_hi[K]  T_mid[K]  dP/dT[1/K]  dP/dlnT
  2.26979E+000   2.29449E+000   2.28211E+000   0.00000E+000   0.00000E+000
  2.29449E+000   2.31945E+000   2.30694E+000   0.00000E+000   0.00000E+000
  2.31945E+000   2.34469E+000   2.33203E+000   0.00000E+000   0.00000E+000
  2.34469E+000   2.37020E+000   2.35741E+000   0.00000E+000   0.00000E+000
  2.37020E+000   2.39598E+000   2.38305E+000   1.47296E-004   3.51017E-004
  2.39598E+000   2.42205E+000   2.40898E+000   1.59815E-003   3.84993E-003
  2.42205E+000   2.44840E+000   2.43519E+000   4.95879E-003   1.20757E-002
  2.44840E+000   2.47504E+000   2.46168E+000   9.30317E-003   2.29016E-002
  2.47504E+000   2.50197E+000   2.48847E+000   1.53161E-002   3.81139E-002
  2.50197E+000   2.52919E+000   2.51554E+000   2.11080E-002   5.30983E-002
  2.52919E+000   2.55670E+000   2.54291E+000   2.84456E-002   7.23350E-002
  2.55670E+000   2.58452E+000   2.57057E+000   3.63699E-002   9.34919E-002
  2.58452E+000   2.61264E+000   2.59854E+000   4.48316E-002   1.16497E-001
  2.61264E+000   2.64106E+000   2.62681E+000   5.45562E-002   1.43310E-001
  2.64106E+000   2.66980E+000   2.65539E+000   6.38478E-002   1.69542E-001
  2.66980E+000   2.69884E+000   2.68428E+000   7.43642E-002   1.99615E-001
  2.69884E+000   2.72820E+000   2.71348E+000   8.32153E-002   2.25804E-001
  2.72820E+000   2.75789E+000   2.74301E+000   9.36700E-002   2.56939E-001
  2.75789E+000   2.78789E+000   2.77285E+000   1.04601E-001   2.90044E-001
  2.78789E+000   2.81822E+000   2.80302E+000   1.14917E-001   3.22117E-001
  2.81822E+000   2.84888E+000   2.83351E+000   1.25361E-001   3.55215E-001
  2.84888E+000   2.87988E+000   2.86434E+000   1.35746E-001   3.88824E-001
  2.87988E+000   2.91121E+000   2.89550E+000   1.45650E-001   4.21731E-001
  2.91121E+000   2.94288E+000   2.92700E+000   1.55101E-001   4.53982E-001
  2.94288E+000   2.97490E+000   2.95885E+000   1.64931E-001   4.88007E-001
  2.97490E+000   3.00727E+000   2.99104E+000   1.74146E-001   5.20880E-001
  3.00727E+000   3.03998E+000   3.02358E+000   1.83629E-001   5.55219E-001
  3.03998E+000   3.07306E+000   3.05648E+000   1.91817E-001   5.86287E-001
  3.07306E+000   3.10649E+000   3.08973E+000   1.99928E-001   6.17727E-001
  3.10649E+000   3.14029E+000   3.12334E+000   2.07939E-001   6.49467E-001
  3.14029E+000   3.17445E+000   3.15733E+000   2.15471E-001   6.80315E-001
  3.17445E+000   3.20899E+000   3.19168E+000   2.22629E-001   7.10562E-001
  3.20899E+000   3.24390E+000   3.22640E+000   2.29694E-001   7.41090E-001
  3.24390E+000   3.27920E+000   3.26150E+000   2.35676E-001   7.68661E-001
  3.27920E+000   3.31487E+000   3.29699E+000   2.42508E-001   7.99548E-001
  3.31487E+000   3.35094E+000   3.33286E+000   2.48219E-001   8.27282E-001
  3.35094E+000   3.38739E+000   3.36912E+000   2.53447E-001   8.53897E-001
  3.38739E+000   3.42425E+000   3.40577E+000   2.57914E-001   8.78401E-001
  3.42425E+000   3.46150E+000   3.44282E+000   2.62123E-001   9.02449E-001
  3.46150E+000   3.49916E+000   3.48028E+000   2.65436E-001   9.23798E-001
  3.49916E+000   3.53723E+000   3.51814E+000   2.68200E-001   9.43570E-001
  3.53723E+000   3.57571E+000   3.55642E+000   2.70907E-001   9.63465E-001
  3.57571E+000   3.61462E+000   3.59511E+000   2.73036E-001   9.81599E-001
  3.61462E+000   3.65394E+000   3.63423E+000   2.75162E-001   1.00001E+000
  3.65394E+000   3.69370E+000   3.67377E+000   2.76364E-001   1.01530E+000
  3.69370E+000   3.73388E+000   3.71373E+000   2.76870E-001   1.02822E+000
  3.73388E+000   3.77451E+000   3.75414E+000   2.77139E-001   1.04042E+000
  3.77451E+000   3.81557E+000   3.79498E+000   2.77424E-001   1.05282E+000
  3.81557E+000   3.85708E+000   3.83627E+000   2.77352E-001   1.06400E+000
  3.85708E+000   3.89905E+000   3.87801E+000   2.76713E-001   1.07310E+000
  3.89905E+000   3.94147E+000   3.92020E+000   2.75729E-001   1.08092E+000
  3.94147E+000   3.98435E+000   3.96285E+000   2.74138E-001   1.08637E+000
  3.98435E+000   4.02770E+000   4.00596E+000   2.72448E-001   1.09142E+000
  4.02770E+000   4.07152E+000   4.04955E+000   2.70404E-001   1.09502E+000
  4.07152E+000   4.11581E+000   4.09360E+000   2.67681E-001   1.09579E+000
  4.11581E+000   4.16059E+000   4.13814E+000   2.65319E-001   1.09793E+000
  4.16059E+000   4.20586E+000   4.18316E+000   2.62364E-001   1.09752E+000
  4.20586E+000   4.25161E+000   4.22867E+000   2.58975E-001   1.09513E+000
  4.25161E+000   4.29787E+000   4.27468E+000   2.55888E-001   1.09384E+000
  4.29787E+000   4.34463E+000   4.32119E+000   2.52310E-001   1.09028E+000
  4.34463E+000   4.39190E+000   4.36820E+000   2.48841E-001   1.08699E+000
  4.39190E+000   4.43968E+000   4.41572E+000   2.45031E-001   1.08199E+000
  4.43968E+000   4.48798E+000   4.46377E+000   2.40799E-001   1.07487E+000
  4.48798E+000   4.53681E+000   4.51233E+000   2.36936E-001   1.06914E+000
  4.53681E+000   4.58617E+000   4.56142E+000   2.32826E-001   1.06202E+000
  4.58617E+000   4.63606E+000   4.61105E+000   2.28300E-001   1.05271E+000
  4.63606E+000   4.68650E+000   4.66121E+000   2.23945E-001   1.04386E+000
  4.68650E+000   4.73749E+000   4.71193E+000   2.19371E-001   1.03366E+000
  4.73749E+000   4.78903E+000   4.76319E+000   2.14876E-001   1.02350E+000
  4.78903E+000   4.84113E+000   4.81501E+000   2.10410E-001   1.01313E+000
  4.84113E+000   4.89380E+000   4.86740E+000   2.05604E-001   1.00076E+000
  4.89380E+000   4.94705E+000   4.92035E+000   2.01134E-001   9.89656E-001
  4.94705E+000   5.00087E+000   4.97389E+000   1.96546E-001   9.77602E-001
  5.00087E+000   5.05528E+000   5.02800E+000   1.91760E-001   9.64176E-001
  5.05528E+000   5.11028E+000   5.08270E+000   1.87202E-001   9.51494E-001
  5.11028E+000   5.16587E+000   5.13800E+000   1.82705E-001   9.38741E-001
  5.16587E+000   5.22208E+000   5.19390E+000   1.78083E-001   9.24950E-001
  5.22208E+000   5.27889E+000   5.25041E+000   1.73517E-001   9.11037E-001
  5.27889E+000   5.33632E+000   5.30753E+000   1.68875E-001   8.96311E-001
  5.33632E+000   5.39438E+000   5.36527E+000   1.64263E-001   8.81321E-001
  5.39438E+000   5.45307E+000   5.42364E+000   1.59922E-001   8.67367E-001
  5.45307E+000   5.51240E+000   5.48265E+000   1.55395E-001   8.51983E-001
  5.51240E+000   5.57237E+000   5.54230E+000   1.51128E-001   8.37602E-001
  5.57237E+000   5.63299E+000   5.60260E+000   1.46967E-001   8.23400E-001
  5.63299E+000   5.69428E+000   5.66355E+000   1.42620E-001   8.07740E-001
  5.69428E+000   5.75623E+000   5.72517E+000   1.38487E-001   7.92867E-001
  5.75623E+000   5.81886E+000   5.78746E+000   1.34271E-001   7.77094E-001
  5.81886E+000   5.88216E+000   5.85042E+000   1.30255E-001   7.62053E-001
  5.88216E+000   5.94616E+000   5.91407E+000   1.26325E-001   7.47102E-001
  5.94616E+000   6.01085E+000   5.97842E+000   1.22323E-001   7.31300E-001
  6.01085E+000   6.07625E+000   6.04346E+000   1.18591E-001   7.16701E-001
  6.07625E+000   6.14235E+000   6.10921E+000   1.14869E-001   7.01760E-001
  6.14235E+000   6.20918E+000   6.17568E+000   1.11180E-001   6.86614E-001
  6.20918E+000   6.27673E+000   6.24287E+000   1.07685E-001   6.72267E-001
  6.27673E+000   6.34502E+000   6.31079E+000   1.04195E-001   6.57556E-001
  6.34502E+000   6.41405E+000   6.37944E+000   1.00799E-001   6.43048E-001
  6.41405E+000   6.48384E+000   6.44885E+000   9.75284E-002   6.28949E-001
  6.48384E+000   6.55438E+000   6.51901E+000   9.43090E-002   6.14805E-001
  6.55438E+000   6.62569E+000   6.58994E+000   9.12308E-002   6.01208E-001
  6.62569E+000   6.69777E+000   6.66163E+000   8.81613E-002   5.87301E-001
  6.69777E+000   6.77064E+000   6.73411E+000   8.51411E-002   5.73352E-001
  6.77064E+000   6.84430E+000   6.80737E+000   8.23186E-002   5.60376E-001
  6.84430E+000   6.91877E+000   6.88143E+000   7.94848E-002   5.46972E-001
  6.91877E+000   6.99404E+000   6.95630E+000   7.66938E-002   5.33508E-001
  6.99404E+000   7.07013E+000   7.03198E+000   7.40392E-002   5.20645E-001
  7.07013E+000   7.14705E+000   7.10849E+000   7.15267E-002   5.08449E-001
  7.14705E+000   7.22481E+000   7.18583E+000   6.90148E-002   4.95931E-001
  7.22481E+000   7.30341E+000   7.26400E+000   6.66028E-002   4.83805E-001
  7.30341E+000   7.38287E+000   7.34303E+000   6.42405E-002   4.71723E-001
  7.38287E+000   7.46319E+000   7.42292E+000   6.19458E-002   4.59821E-001
  7.46319E+000   7.54439E+000   7.50368E+000   5.97691E-002   4.48490E-001
  7.54439E+000   7.62647E+000   7.58532E+000   5.75667E-002   4.36664E-001
  7.62647E+000   7.70944E+000   7.66784E+000   5.55389E-002   4.25866E-001
  7.70944E+000   7.79332E+000   7.75127E+000   5.35697E-002   4.15235E-001
  7.79332E+000   7.87811E+000   7.83560E+000   5.15954E-002   4.04283E-001
  7.87811E+000   7.96382E+000   7.92085E+000   4.97404E-002   3.93988E-001
  7.96382E+000   8.05046E+000   8.00702E+000   4.79272E-002   3.83756E-001
  8.05046E+000   8.13805E+000   8.09414E+000   4.61630E-002   3.73651E-001
  8.13805E+000   8.22659E+000   8.18220E+000   4.44636E-002   3.63812E-001
  8.22659E+000   8.31609E+000   8.27122E+000   4.27810E-002   3.53853E-001
  8.31609E+000   8.40656E+000   8.36120E+000   4.12351E-002   3.44777E-001
  8.40656E+000   8.49802E+000   8.45217E+000   3.96845E-002   3.35421E-001
  8.49802E+000   8.59048E+000   8.54413E+000   3.81942E-002   3.26338E-001
  8.59048E+000   8.68394E+000   8.63708E+000   3.67737E-002   3.17619E-001
  8.68394E+000   8.77842E+000   8.73105E+000   3.53970E-002   3.09054E-001
  8.77842E+000   8.87392E+000   8.82604E+000   3.40546E-002   3.00569E-001
  8.87392E+000   8.97047E+000   8.92207E+000   3.27626E-002   2.92312E-001
  8.97047E+000   9.06806E+000   9.01913E+000   3.15404E-002   2.84468E-001
  9.06806E+000   9.16672E+000   9.11726E+000   3.03459E-002   2.76673E-001
  9.16672E+000   9.26645E+000   9.21645E+000   2.91937E-002   2.69063E-001
  9.26645E+000   9.36727E+000   9.31672E+000   2.80893E-002   2.61702E-001
  9.36727E+000   9.46918E+000   9.41809E+000   2.70198E-002   2.54476E-001
  9.46918E+000   9.57220E+000   9.52055E+000   2.60028E-002   2.47562E-001
  9.57220E+000   9.67634E+000   9.62413E+000   2.49982E-002   2.40587E-001
  9.67634E+000   9.78162E+000   9.72884E+000   2.40567E-002   2.34045E-001
  9.78162E+000   9.88804E+000   9.83468E+000   2.31398E-002   2.27573E-001
  9.88804E+000   9.99562E+000   9.94168E+000   2.22527E-002   2.21230E-001
  9.99562E+000   1.01044E+001   1.00498E+001   2.14045E-002   2.15113E-001
  1.01044E+001   1.02143E+001   1.01592E+001   2.05905E-002   2.09183E-001
  1.02143E+001   1.03254E+001   1.02697E+001   1.97942E-002   2.03281E-001
  1.03254E+001   1.04378E+001   1.03814E+001   1.90336E-002   1.97597E-001
  1.04378E+001   1.05513E+001   1.04944E+001   1.83001E-002   1.92049E-001
  1.05513E+001   1.06661E+001   1.06086E+001   1.76128E-002   1.86848E-001
  1.06661E+001   1.07822E+001   1.07240E+001   1.69285E-002   1.81542E-001
  1.07822E+001   1.08995E+001   1.08406E+001   1.62727E-002   1.76407E-001
  1.08995E+001   1.10180E+001   1.09586E+001   1.56494E-002   1.71496E-001
  1.10180E+001   1.11379E+001   1.10778E+001   1.50468E-002   1.66686E-001
  1.11379E+001   1.12591E+001   1.11983E+001   1.44637E-002   1.61970E-001
  1.12591E+001   1.13816E+001   1.13202E+001   1.39031E-002   1.57386E-001
  1.13816E+001   1.15054E+001   1.14433E+001   1.33751E-002   1.53057E-001
  1.15054E+001   1.16306E+001   1.15678E+001   1.28521E-002   1.48671E-001
  1.16306E+001   1.17571E+001   1.16937E+001   1.23569E-002   1.44498E-001
  1.17571E+001   1.18850E+001   1.18209E+001   1.18850E-002   1.40492E-001
  1.18850E+001   1.20143E+001   1.19495E+001   1.14240E-002   1.36512E-001
  1.20143E+001   1.21451E+001   1.20795E+001   1.09794E-002   1.32626E-001
  1.21451E+001   1.22772E+001   1.22109E+001   1.05570E-002   1.28912E-001
  1.22772E+001   1.24108E+001   1.23438E+001   1.01519E-002   1.25314E-001
  1.24108E+001   1.25458E+001   1.24781E+001   9.75660E-003   1.21744E-001
  1.25458E+001   1.26823E+001   1.26138E+001   9.37998E-003   1.18318E-001
  1.26823E+001   1.28203E+001   1.27511E+001   9.01996E-003   1.15015E-001
  1.28203E+001   1.29597E+001   1.28898E+001   8.67003E-003   1.11756E-001
  1.29597E+001   1.31007E+001   1.30300E+001   8.33479E-003   1.08603E-001
  1.31007E+001   1.32433E+001   1.31718E+001   8.00869E-003   1.05489E-001
  1.32433E+001   1.33873E+001   1.33151E+001   7.70557E-003   1.02601E-001
  1.33873E+001   1.35330E+001   1.34600E+001   7.40677E-003   9.96953E-002
  1.35330E+001   1.36802E+001   1.36064E+001   7.11815E-003   9.68530E-002
  1.36802E+001   1.38291E+001   1.37544E+001   6.84583E-003   9.41610E-002
  1.38291E+001   1.39795E+001   1.39041E+001   6.58286E-003   9.15291E-002
  1.39795E+001   1.41316E+001   1.40554E+001   6.32548E-003   8.89073E-002
  1.41316E+001   1.42854E+001   1.42083E+001   6.08466E-003   8.64529E-002
  1.42854E+001   1.44408E+001   1.43629E+001   5.85120E-003   8.40403E-002
  1.44408E+001   1.45979E+001   1.45191E+001   5.62558E-003   8.16789E-002
  1.45979E+001   1.47567E+001   1.46771E+001   5.40840E-003   7.93799E-002
  1.47567E+001   1.49172E+001   1.48368E+001   5.20189E-003   7.71796E-002
  1.49172E+001   1.50795E+001   1.49982E+001   5.00155E-003   7.50145E-002
  1.50795E+001   1.52436E+001   1.51614E+001   4.80799E-003   7.28959E-002
  1.52436E+001   1.54094E+001   1.53263E+001   4.62425E-003   7.08731E-002
  1.54094E+001   1.55771E+001   1.54930E+001   4.44868E-003   6.89239E-002
  1.55771E+001   1.57466E+001   1.56616E+001   4.27674E-003   6.69809E-002
  1.57466E+001   1.59179E+001   1.58320E+001   4.11326E-003   6.51215E-002
  1.59179E+001   1.60911E+001   1.60042E+001   3.95586E-003   6.33109E-002
  1.60911E+001   1.62661E+001   1.61784E+001   3.80441E-003   6.15494E-002
  1.62661E+001   1.64431E+001   1.63544E+001   3.65875E-003   5.98368E-002
  1.64431E+001   1.66220E+001   1.65323E+001   3.52074E-003   5.82062E-002
  1.66220E+001   1.68028E+001   1.67122E+001   3.38699E-003   5.66042E-002
  1.68028E+001   1.69856E+001   1.68940E+001   3.25606E-003   5.50081E-002
  1.69856E+001   1.71704E+001   1.70778E+001   3.13400E-003   5.35220E-002
  1.71704E+001   1.73572E+001   1.72636E+001   3.01354E-003   5.20248E-002
  1.73572E+001   1.75461E+001   1.74514E+001   2.90019E-003   5.06127E-002
  1.75461E+001   1.77370E+001   1.76413E+001   2.78988E-003   4.92173E-002
  1.77370E+001   1.79300E+001   1.78332E+001   2.68462E-003   4.78757E-002
  1.79300E+001   1.81250E+001   1.80272E+001   2.58301E-003   4.65648E-002
  1.81250E+001   1.83222E+001   1.82234E+001   2.48586E-003   4.53010E-002
  1.83222E+001   1.85216E+001   1.84216E+001   2.39105E-003   4.40471E-002
  1.85216E+001   1.87231E+001   1.86220E+001   2.30097E-003   4.28489E-002
  1.87231E+001   1.89268E+001   1.88246E+001   2.21521E-003   4.17008E-002
  1.89268E+001   1.91327E+001   1.90294E+001   2.13061E-003   4.05445E-002
  1.91327E+001   1.93408E+001   1.92365E+001   2.05255E-003   3.94840E-002
  1.93408E+001   1.95513E+001   1.94458E+001   1.97402E-003   3.83865E-002
  1.95513E+001   1.97640E+001   1.96573E+001   1.90032E-003   3.73554E-002
  1.97640E+001   1.99790E+001   1.98712E+001   1.82966E-003   3.63577E-002
  1.99790E+001   2.01964E+001   2.00874E+001   1.76130E-003   3.53800E-002
  2.01964E+001   2.04161E+001   2.03059E+001   1.69492E-003   3.44171E-002
  2.04161E+001   2.06382E+001   2.05268E+001   1.63227E-003   3.35056E-002
  2.06382E+001   2.08627E+001   2.07502E+001   1.57185E-003   3.26163E-002
  2.08627E+001   2.10897E+001   2.09759E+001   1.51324E-003   3.17417E-002
  2.10897E+001   2.13192E+001   2.12041E+001   1.45692E-003   3.08929E-002
  2.13192E+001   2.15511E+001   2.14348E+001   1.40279E-003   3.00687E-002
  2.15511E+001   2.17856E+001   2.16680E+001   1.35136E-003   2.92814E-002
  2.17856E+001   2.20226E+001   2.19038E+001   1.30062E-003   2.84887E-002
  2.20226E+001   2.22622E+001   2.21421E+001   1.25405E-003   2.77674E-002
  2.22622E+001   2.25044E+001   2.23830E+001   1.20688E-003   2.70138E-002
  2.25044E+001   2.27492E+001   2.26265E+001   1.16260E-003   2.63056E-002
  2.27492E+001   2.29967E+001   2.28727E+001   1.12035E-003   2.56256E-002
  2.29967E+001   2.32469E+001   2.31215E+001   1.07909E-003   2.49504E-002
  2.32469E+001   2.34999E+001   2.33731E+001   1.03926E-003   2.42907E-002
  2.34999E+001   2.37555E+001   2.36273E+001   1.00168E-003   2.36672E-002
  2.37555E+001   2.40140E+001   2.38844E+001   9.65132E-004   2.30517E-002
  2.40140E+001   2.42752E+001   2.41443E+001   9.30110E-004   2.24569E-002
  2.42752E+001   2.45393E+001   2.44069E+001   8.96200E-004   2.18736E-002
  2.45393E+001   2.48063E+001   2.46725E+001   8.63199E-004   2.12974E-002
  2.48063E+001   2.50762E+001   2.49409E+001   8.32286E-004   2.07581E-002
  2.50762E+001   2.53490E+001   2.52122E+001   8.02375E-004   2.02298E-002
  2.53490E+001   2.56248E+001   2.54865E+001   7.73629E-004   1.97172E-002
  2.56248E+001   2.59036E+001   2.57638E+001   7.45255E-004   1.92007E-002
  2.59036E+001   2.61854E+001   2.60441E+001   7.18706E-004   1.87182E-002
  2.61854E+001   2.64703E+001   2.63275E+001   6.92859E-004   1.82413E-002
  2.64703E+001   2.67583E+001   2.66139E+001   6.67933E-004   1.77764E-002
  2.67583E+001   2.70494E+001   2.69035E+001   6.43887E-004   1.73229E-002
  2.70494E+001   2.73437E+001   2.71962E+001   6.21326E-004   1.68978E-002
  2.73437E+001   2.76412E+001   2.74920E+001   5.98795E-004   1.64622E-002
  2.76412E+001   2.79419E+001   2.77911E+001   5.77677E-004   1.60544E-002
  2.79419E+001   2.82459E+001   2.80935E+001   5.57020E-004   1.56487E-002
  2.82459E+001   2.85532E+001   2.83991E+001   5.37306E-004   1.52591E-002
  2.85532E+001   2.88639E+001   2.87081E+001   5.18218E-004   1.48771E-002
  2.88639E+001   2.91779E+001   2.90205E+001   5.00086E-004   1.45128E-002
  2.91779E+001   2.94953E+001   2.93362E+001   4.82418E-004   1.41524E-002
  2.94953E+001   2.98162E+001   2.96554E+001   4.65412E-004   1.38020E-002
  2.98162E+001   3.01406E+001   2.99780E+001   4.49066E-004   1.34622E-002
  3.01406E+001   3.04685E+001   3.03041E+001   4.33292E-004   1.31306E-002
  3.04685E+001   3.08000E+001   3.06338E+001   4.17908E-004   1.28022E-002
  3.08000E+001   3.11351E+001   3.09671E+001   4.03650E-004   1.24999E-002
  3.11351E+001   3.14739E+001   3.13040E+001   3.89508E-004   1.21932E-002
  3.14739E+001   3.18163E+001   3.16446E+001   3.75733E-004   1.18900E-002
  3.18163E+001   3.21624E+001   3.19889E+001   3.62870E-004   1.16079E-002
  3.21624E+001   3.25123E+001   3.23369E+001   3.50274E-004   1.13268E-002
  3.25123E+001   3.28661E+001   3.26887E+001   3.37977E-004   1.10481E-002
  3.28661E+001   3.32236E+001   3.30444E+001   3.26567E-004   1.07912E-002
  3.32236E+001   3.35851E+001   3.34039E+001   3.15090E-004   1.05253E-002
  3.35851E+001   3.39505E+001   3.37673E+001   3.04389E-004   1.02784E-002
  3.39505E+001   3.43199E+001   3.41347E+001   2.93878E-004   1.00315E-002
  3.43199E+001   3.46932E+001   3.45060E+001   2.83759E-004   9.79146E-003
  3.46932E+001   3.50707E+001   3.48815E+001   2.74046E-004   9.55918E-003
  3.50707E+001   3.54523E+001   3.52610E+001   2.64786E-004   9.33664E-003
  3.54523E+001   3.58380E+001   3.56446E+001   2.55701E-004   9.11438E-003
  3.58380E+001   3.62279E+001   3.60324E+001   2.47012E-004   8.90046E-003
  3.62279E+001   3.66220E+001   3.64244E+001   2.38596E-004   8.69076E-003
  3.66220E+001   3.70204E+001   3.68207E+001   2.30525E-004   8.48812E-003
  3.70204E+001   3.74232E+001   3.72213E+001   2.22670E-004   8.28810E-003
  3.74232E+001   3.78304E+001   3.76262E+001   2.15332E-004   8.10219E-003
  3.78304E+001   3.82419E+001   3.80356E+001   2.07947E-004   7.90942E-003
  3.82419E+001   3.86580E+001   3.84494E+001   2.01035E-004   7.72970E-003
  3.86580E+001   3.90786E+001   3.88677E+001   1.94243E-004   7.54984E-003
  3.90786E+001   3.95037E+001   3.92906E+001   1.87696E-004   7.37472E-003
  3.95037E+001   3.99335E+001   3.97181E+001   1.81515E-004   7.20946E-003
  3.99335E+001   4.03680E+001   4.01502E+001   1.75485E-004   7.04577E-003
  4.03680E+001   4.08072E+001   4.05870E+001   1.69572E-004   6.88246E-003
  4.08072E+001   4.12511E+001   4.10286E+001   1.63964E-004   6.72725E-003
  4.12511E+001   4.16999E+001   4.14749E+001   1.58440E-004   6.57132E-003
  4.16999E+001   4.21536E+001   4.19262E+001   1.53219E-004   6.42394E-003
  4.21536E+001   4.26122E+001   4.23823E+001   1.48162E-004   6.27947E-003
  4.26122E+001   4.30758E+001   4.28434E+001   1.43308E-004   6.13984E-003
  4.30758E+001   4.35445E+001   4.33095E+001   1.38519E-004   5.99924E-003
  4.35445E+001   4.40182E+001   4.37807E+001   1.33974E-004   5.86552E-003
  4.40182E+001   4.44971E+001   4.42570E+001   1.29563E-004   5.73411E-003
  4.44971E+001   4.49812E+001   4.47385E+001   1.25237E-004   5.60296E-003
  4.49812E+001   4.54706E+001   4.52253E+001   1.21171E-004   5.48003E-003
  4.54706E+001   4.59653E+001   4.57173E+001   1.17192E-004   5.35774E-003
  4.59653E+001   4.64654E+001   4.62147E+001   1.13285E-004   5.23546E-003
  4.64654E+001   4.69709E+001   4.67175E+001   1.09622E-004   5.12129E-003
  4.69709E+001   4.74820E+001   4.72258E+001   1.06014E-004   5.00660E-003
  4.74820E+001   4.79985E+001   4.77396E+001   1.02519E-004   4.89422E-003
  4.79985E+001   4.85208E+001   4.82589E+001   9.91781E-005   4.78625E-003
  4.85208E+001   4.90486E+001   4.87840E+001   9.58887E-005   4.67785E-003
  4.90486E+001   4.95823E+001   4.93147E+001   9.27625E-005   4.57458E-003
  4.95823E+001   5.01217E+001   4.98513E+001   8.96910E-005   4.47123E-003
  5.01217E+001   5.06670E+001   5.03936E+001   8.67370E-005   4.37101E-003
  5.06670E+001   5.12182E+001   5.09419E+001   8.38819E-005   4.27312E-003
  5.12182E+001   5.17755E+001   5.14961E+001   8.11322E-005   4.17802E-003
  5.17755E+001   5.23388E+001   5.20564E+001   7.84279E-005   4.08269E-003
  5.23388E+001   5.29082E+001   5.26227E+001   7.58515E-005   3.99153E-003
  5.29082E+001   5.34838E+001   5.31952E+001   7.32926E-005   3.89884E-003
  5.34838E+001   5.40657E+001   5.37740E+001   7.08189E-005   3.80823E-003
  5.40657E+001   5.46539E+001   5.43590E+001   6.84825E-005   3.72266E-003
  5.46539E+001   5.52485E+001   5.49504E+001   6.61420E-005   3.63455E-003
  5.52485E+001   5.58496E+001   5.55483E+001   6.39176E-005   3.55053E-003
  5.58496E+001   5.64572E+001   5.61526E+001   6.17156E-005   3.46551E-003
  5.64572E+001   5.70715E+001   5.67635E+001   5.95818E-005   3.38209E-003
  5.70715E+001   5.76924E+001   5.73811E+001   5.75356E-005   3.30147E-003
  5.76924E+001   5.83201E+001   5.80054E+001   5.55346E-005   3.22132E-003
  5.83201E+001   5.89546E+001   5.86365E+001   5.35625E-005   3.14073E-003
  5.89546E+001   5.95960E+001   5.92744E+001   5.16854E-005   3.06363E-003
  5.95960E+001   6.02443E+001   5.99193E+001   4.98093E-005   2.98455E-003
  6.02443E+001   6.08998E+001   6.05712E+001   4.79778E-005   2.90609E-003
  6.08998E+001   6.15623E+001   6.12302E+001   4.62559E-005   2.83227E-003
  6.15623E+001   6.22321E+001   6.18963E+001   4.45002E-005   2.75441E-003
  6.22321E+001   6.29092E+001   6.25697E+001   4.28396E-005   2.68047E-003
  6.29092E+001   6.35936E+001   6.32505E+001   4.11942E-005   2.60556E-003
  6.35936E+001   6.42855E+001   6.39386E+001   3.95743E-005   2.53034E-003
  6.42855E+001   6.49849E+001   6.46342E+001   3.80000E-005   2.45611E-003
  6.49849E+001   6.56919E+001   6.53374E+001   3.64800E-005   2.38352E-003
  6.56919E+001   6.64066E+001   6.60483E+001   3.49757E-005   2.31009E-003
  6.64066E+001   6.71291E+001   6.67669E+001   3.35290E-005   2.23864E-003
  6.71291E+001   6.78594E+001   6.74933E+001   3.20798E-005   2.16518E-003
  6.78594E+001   6.85977E+001   6.82276E+001   3.06723E-005   2.09270E-003
  6.85977E+001   6.93440E+001   6.89699E+001   2.93215E-005   2.02231E-003
  6.93440E+001   7.00985E+001   6.97202E+001   2.79714E-005   1.95018E-003
  7.00985E+001   7.08611E+001   7.04787E+001   2.66759E-005   1.88010E-003
  7.08611E+001   7.16320E+001   7.12455E+001   2.54045E-005   1.80997E-003
  7.16320E+001   7.24114E+001   7.20207E+001   2.41668E-005   1.74052E-003
  7.24114E+001   7.31992E+001   7.28042E+001   2.29827E-005   1.67325E-003
  7.31992E+001   7.39956E+001   7.35963E+001   2.18041E-005   1.60471E-003
  7.39956E+001   7.48006E+001   7.43970E+001   2.06686E-005   1.53769E-003
  7.48006E+001   7.56144E+001   7.52064E+001   1.95786E-005   1.47244E-003
  7.56144E+001   7.64371E+001   7.60246E+001   1.85191E-005   1.40792E-003
  7.64371E+001   7.72687E+001   7.68517E+001   1.74986E-005   1.34481E-003
  7.72687E+001   7.81093E+001   7.76879E+001   1.65295E-005   1.28415E-003
  7.81093E+001   7.89591E+001   7.85331E+001   1.55765E-005   1.22328E-003
  7.89591E+001   7.98182E+001   7.93875E+001   1.46753E-005   1.16504E-003
  7.98182E+001   8.06866E+001   8.02512E+001   1.38025E-005   1.10767E-003
  8.06866E+001   8.15644E+001   8.11243E+001   1.29624E-005   1.05157E-003
  8.15644E+001   8.24518E+001   8.20069E+001   1.21805E-005   9.98891E-004
  8.24518E+001   8.33488E+001   8.28991E+001   1.14202E-005   9.46726E-004
  8.33488E+001   8.42556E+001   8.38010E+001   1.07082E-005   8.97363E-004
  8.42556E+001   8.51723E+001   8.47127E+001   1.00317E-005   8.49816E-004
  8.51723E+001   8.60989E+001   8.56344E+001   9.37426E-006   8.02762E-004
  8.60989E+001   8.70357E+001   8.65660E+001   8.76065E-006   7.58379E-004
  8.70357E+001   8.79826E+001   8.75078E+001   8.19870E-006   7.17454E-004
  8.79826E+001   8.89398E+001   8.84599E+001   7.65611E-006   6.77262E-004
  8.89398E+001   8.99074E+001   8.94223E+001   7.15531E-006   6.39847E-004
  8.99074E+001   9.08856E+001   9.03952E+001   6.67344E-006   6.03249E-004
  9.08856E+001   9.18744E+001   9.13786E+001   6.22375E-006   5.68721E-004
  9.18744E+001   9.28739E+001   9.23728E+001   5.80623E-006   5.36340E-004
  9.28739E+001   9.38844E+001   9.33778E+001   5.41680E-006   5.05811E-004
  9.38844E+001   9.49058E+001   9.43937E+001   5.05721E-006   4.77371E-004
  9.49058E+001   9.59383E+001   9.54207E+001   4.71909E-006   4.50301E-004
  9.59383E+001   9.69821E+001   9.64588E+001   4.39571E-006   4.24007E-004
  9.69821E+001   9.80372E+001   9.75082E+001   4.09723E-006   3.99516E-004
  9.80372E+001   9.91038E+001   9.85691E+001   3.82258E-006   3.76790E-004
  9.91038E+001   1.00182E+002   9.96415E+001   3.56237E-006   3.54962E-004
  1.00182E+002   1.01272E+002   1.00726E+002   3.32949E-006   3.35366E-004
  1.01272E+002   1.02374E+002   1.01821E+002   3.09923E-006   3.15569E-004
  1.02374E+002   1.03488E+002   1.02929E+002   2.88511E-006   2.96963E-004
  1.03488E+002   1.04613E+002   1.04049E+002   2.69545E-006   2.80461E-004
  1.04613E+002   1.05752E+002   1.05181E+002   2.51228E-006   2.64246E-004
  1.05752E+002   1.06902E+002   1.06325E+002   2.35310E-006   2.50195E-004
  1.06902E+002   1.08065E+002   1.07482E+002   2.20077E-006   2.36544E-004
  1.08065E+002   1.09241E+002   1.08651E+002   2.05972E-006   2.23793E-004
  1.09241E+002   1.10429E+002   1.09834E+002   1.92946E-006   2.11920E-004
  1.10429E+002   1.11631E+002   1.11029E+002   1.81362E-006   2.01364E-004
  1.11631E+002   1.12845E+002   1.12236E+002   1.70439E-006   1.91296E-004
  1.12845E+002   1.14073E+002   1.13458E+002   1.60660E-006   1.82282E-004
  1.14073E+002   1.15314E+002   1.14692E+002   1.51301E-006   1.73531E-004
  1.15314E+002   1.16569E+002   1.15940E+002   1.42337E-006   1.65025E-004
  1.16569E+002   1.17837E+002   1.17201E+002   1.34353E-006   1.57463E-004
  1.17837E+002   1.19119E+002   1.18476E+002   1.26667E-006   1.50071E-004
  1.19119E+002   1.20415E+002   1.19765E+002   1.19286E-006   1.42864E-004
  1.20415E+002   1.21725E+002   1.21068E+002   1.12128E-006   1.35752E-004
  1.21725E+002   1.23049E+002   1.22385E+002   1.04756E-006   1.28207E-004
  1.23049E+002   1.24388E+002   1.23717E+002   9.77623E-007   1.20949E-004
  1.24388E+002   1.25741E+002   1.25063E+002   9.08827E-007   1.13661E-004
  1.25741E+002   1.27109E+002   1.26424E+002   8.39937E-007   1.06188E-004
  1.27109E+002   1.28492E+002   1.27799E+002   7.64528E-007   9.77063E-005
  1.28492E+002   1.29890E+002   1.29189E+002   6.88732E-007   8.89773E-005
  1.29890E+002   1.31303E+002   1.30595E+002   6.07838E-007   7.93810E-005
  1.31303E+002   1.32732E+002   1.32016E+002   5.30206E-007   6.99958E-005
  1.32732E+002   1.34176E+002   1.33452E+002   4.61732E-007   6.16194E-005
  1.34176E+002   1.35636E+002   1.34904E+002   4.01106E-007   5.41111E-005
  1.35636E+002   1.37111E+002   1.36372E+002   3.52215E-007   4.80324E-005
  1.37111E+002   1.38603E+002   1.37855E+002   3.12938E-007   4.31404E-005
  1.38603E+002   1.40111E+002   1.39355E+002   2.77580E-007   3.86824E-005
  1.40111E+002   1.41635E+002   1.40871E+002   2.49046E-007   3.50835E-005
  1.41635E+002   1.43176E+002   1.42404E+002   2.25255E-007   3.20773E-005
  1.43176E+002   1.44734E+002   1.43953E+002   2.03920E-007   2.93551E-005
  1.44734E+002   1.46309E+002   1.45519E+002   1.85584E-007   2.70061E-005
  1.46309E+002   1.47901E+002   1.47102E+002   1.70043E-007   2.50138E-005
  1.47901E+002   1.49510E+002   1.48703E+002   1.55203E-007   2.30793E-005
  1.49510E+002   1.51136E+002   1.50321E+002   1.42636E-007   2.14412E-005
  1.51136E+002   1.52781E+002   1.51956E+002   1.30971E-007   1.99019E-005
  1.52781E+002   1.54443E+002   1.53609E+002   1.20515E-007   1.85123E-005
  1.54443E+002   1.56123E+002   1.55281E+002   1.10607E-007   1.71753E-005
  1.56123E+002   1.57822E+002   1.56970E+002   1.01859E-007   1.59889E-005
  1.57822E+002   1.59539E+002   1.58678E+002   9.29130E-008   1.47433E-005
  1.59539E+002   1.61274E+002   1.60404E+002   8.42610E-008   1.35159E-005
  1.61274E+002   1.63029E+002   1.62149E+002   7.62227E-008   1.23595E-005
  1.63029E+002   1.64803E+002   1.63913E+002   6.77966E-008   1.11128E-005
  1.64803E+002   1.66596E+002   1.65697E+002   5.87826E-008   9.74013E-006
  1.66596E+002   1.68408E+002   1.67499E+002   4.89881E-008   8.20551E-006
  1.68408E+002   1.70240E+002   1.69322E+002   3.91762E-008   6.63342E-006
  1.70240E+002   1.72092E+002   1.71164E+002   3.03072E-008   5.18752E-006
  1.72092E+002   1.73965E+002   1.73026E+002   2.28476E-008   3.95325E-006
  1.73965E+002   1.75857E+002   1.74909E+002   1.56358E-008   2.73485E-006
  1.75857E+002   1.77771E+002   1.76811E+002   8.97746E-009   1.58733E-006
  1.77771E+002   1.79705E+002   1.78735E+002   3.21368E-009   5.74401E-007
  1.79705E+002   1.81660E+002   1.80680E+002   1.80729E-009   3.26541E-007
  1.81660E+002   1.83636E+002   1.82645E+002   1.64198E-009   2.99901E-007
  1.83636E+002   1.85634E+002   1.84633E+002   1.51777E-009   2.80231E-007
  1.85634E+002   1.87654E+002   1.86641E+002   1.43117E-009   2.67116E-007
  1.87654E+002   1.89695E+002   1.88672E+002   1.31719E-009   2.48517E-007
  1.89695E+002   1.91759E+002   1.90725E+002   1.26731E-009   2.41708E-007
  1.91759E+002   1.93845E+002   1.92800E+002   1.19860E-009   2.31091E-007
  1.93845E+002   1.95954E+002   1.94897E+002   1.09496E-009   2.13405E-007
  1.95954E+002   1.98086E+002   1.97018E+002   9.94157E-010   1.95867E-007
  1.98086E+002   2.00241E+002   1.99161E+002   9.32967E-010   1.85811E-007
  2.00241E+002   2.02420E+002   2.01328E+002   8.66267E-010   1.74405E-007
  2.02420E+002   2.04622E+002   2.03518E+002   8.01240E-010   1.63068E-007
  2.04622E+002   2.06848E+002   2.05732E+002   7.52555E-010   1.54826E-007
  2.06848E+002   2.09099E+002   2.07971E+002   7.07316E-010   1.47102E-007
  2.09099E+002   2.11374E+002   2.10233E+002   6.57859E-010   1.38305E-007
  2.11374E+002   2.13673E+002   2.12521E+002   6.12312E-010   1.30129E-007
  2.13673E+002   2.15998E+002   2.14833E+002   5.63405E-010   1.21038E-007
  2.15998E+002   2.18348E+002   2.17170E+002   5.35072E-010   1.16202E-007
  2.18348E+002   2.20724E+002   2.19533E+002   5.00790E-010   1.09940E-007
  2.20724E+002   2.23125E+002   2.21921E+002   4.63294E-010   1.02815E-007
  2.23125E+002   2.25553E+002   2.24336E+002   4.35192E-010   9.76294E-008
  2.25553E+002   2.28007E+002   2.26776E+002   4.08468E-010   9.26312E-008
  2.28007E+002   2.30487E+002   2.29243E+002   3.74533E-010   8.58597E-008
  2.30487E+002   2.32995E+002   2.31738E+002   3.44369E-010   7.98035E-008
  2.32995E+002   2.35530E+002   2.34259E+002   3.21997E-010   7.54309E-008
  2.35530E+002   2.38092E+002   2.36807E+002   3.00941E-010   7.12653E-008
  2.38092E+002   2.40682E+002   2.39384E+002   2.73628E-010   6.55023E-008
  2.40682E+002   2.43301E+002   2.41988E+002   2.60456E-010   6.30276E-008
  2.43301E+002   2.45948E+002   2.44621E+002   2.49651E-010   6.10702E-008
  2.45948E+002   2.48624E+002   2.47282E+002   2.30524E-010   5.70049E-008
  2.48624E+002   2.51329E+002   2.49973E+002   2.15449E-010   5.38566E-008
  2.51329E+002   2.54063E+002   2.52692E+002   2.05602E-010   5.19542E-008
  2.54063E+002   2.56827E+002   2.55441E+002   1.86777E-010   4.77109E-008
  2.56827E+002   2.59621E+002   2.58221E+002   1.73308E-010   4.47520E-008
  2.59621E+002   2.62446E+002   2.61030E+002   1.61209E-010   4.20805E-008
  2.62446E+002   2.65301E+002   2.63870E+002   1.54258E-010   4.07043E-008
  2.65301E+002   2.68188E+002   2.66741E+002   1.44369E-010   3.85092E-008
  2.68188E+002   2.71105E+002   2.69643E+002   1.34237E-010   3.61962E-008
  2.71105E+002   2.74055E+002   2.72576E+002   1.20738E-010   3.29104E-008
  2.74055E+002   2.77037E+002   2.75542E+002   1.18013E-010   3.25177E-008
  2.77037E+002   2.80051E+002   2.78540E+002   1.07333E-010   2.98968E-008
  2.80051E+002   2.83097E+002   2.81570E+002   9.81798E-011   2.76446E-008
  2.83097E+002   2.86177E+002   2.84633E+002   9.10338E-011   2.59114E-008
  2.86177E+002   2.89291E+002   2.87730E+002   8.56750E-011   2.46514E-008
  2.89291E+002   2.92438E+002   2.90860E+002   8.06365E-011   2.34541E-008
  2.92438E+002   2.95620E+002   2.94025E+002   7.28554E-011   2.14214E-008
  2.95620E+002   2.98836E+002   2.97224E+002   6.58432E-011   1.95703E-008
  2.98836E+002   3.02087E+002   3.00457E+002   6.23794E-011   1.87424E-008
  3.02087E+002   3.05374E+002   3.03726E+002   5.84207E-011   1.77440E-008
  3.05374E+002   3.08696E+002   3.07031E+002   5.31311E-011   1.63130E-008
  3.08696E+002   3.12055E+002   3.10371E+002   4.85664E-011   1.50737E-008
  3.12055E+002   3.15450E+002   3.13748E+002   4.59725E-011   1.44238E-008
  3.15450E+002   3.18882E+002   3.17161E+002   4.39343E-011   1.39343E-008
  3.18882E+002   3.22351E+002   3.20612E+002   3.91031E-011   1.25370E-008
  3.22351E+002   3.25858E+002   3.24100E+002   3.68750E-011   1.19512E-008
  3.25858E+002   3.29403E+002   3.27626E+002   3.35531E-011   1.09929E-008
  3.29403E+002   3.32987E+002   3.31190E+002   3.13219E-011   1.03736E-008
  3.32987E+002   3.36610E+002   3.34794E+002   2.86859E-011   9.60392E-009
  3.36610E+002   3.40272E+002   3.38436E+002   2.62659E-011   8.88939E-009
  3.40272E+002   3.43974E+002   3.42118E+002   2.45338E-011   8.39351E-009
  3.43974E+002   3.47717E+002   3.45840E+002   2.23504E-011   7.72971E-009
  3.47717E+002   3.51500E+002   3.49603E+002   2.18842E-011   7.65080E-009
  3.51500E+002   3.55324E+002   3.53406E+002   2.08332E-011   7.36263E-009
  3.55324E+002   3.59190E+002   3.57251E+002   1.95004E-011   6.96658E-009
  3.59190E+002   3.63097E+002   3.61138E+002   1.79433E-011   6.48003E-009
  3.63097E+002   3.67048E+002   3.65067E+002   1.66925E-011   6.09392E-009
  3.67048E+002   3.71041E+002   3.69039E+002   1.63273E-011   6.02543E-009
  3.71041E+002   3.75078E+002   3.73054E+002   1.51193E-011   5.64034E-009
  3.75078E+002   3.79159E+002   3.77113E+002   1.36808E-011   5.15922E-009
  3.79159E+002   3.83284E+002   3.81216E+002   1.24582E-011   4.74929E-009
  3.83284E+002   3.87454E+002   3.85363E+002   1.22004E-011   4.70161E-009
  3.87454E+002   3.91669E+002   3.89556E+002   1.08502E-011   4.22678E-009
  3.91669E+002   3.95930E+002   3.93794E+002   1.05153E-011   4.14090E-009
  3.95930E+002   4.00238E+002   3.98078E+002   9.68911E-012   3.85704E-009
  4.00238E+002   4.04592E+002   4.02409E+002   8.62826E-012   3.47211E-009
  4.04592E+002   4.08994E+002   4.06787E+002   8.44270E-012   3.43440E-009
  4.08994E+002   4.13444E+002   4.11213E+002   7.52234E-012   3.09330E-009
  4.13444E+002   4.17942E+002   4.15687E+002   6.86659E-012   2.85436E-009
  4.17942E+002   4.22489E+002   4.20209E+002   6.19687E-012   2.60399E-009
  4.22489E+002   4.27085E+002   4.24781E+002   5.67580E-012   2.41098E-009
  4.27085E+002   4.31732E+002   4.29402E+002   5.19291E-012   2.22986E-009
  4.31732E+002   4.36429E+002   4.34074E+002   4.94394E-012   2.14605E-009
  4.36429E+002   4.41177E+002   4.38797E+002   4.71820E-012   2.07034E-009
  4.41177E+002   4.45977E+002   4.43571E+002   4.31878E-012   1.91569E-009
  4.45977E+002   4.50829E+002   4.48396E+002   3.76671E-012   1.68899E-009
  4.50829E+002   4.55734E+002   4.53275E+002   3.80668E-012   1.72548E-009
  4.55734E+002   4.60692E+002   4.58206E+002   3.49745E-012   1.60256E-009
  4.60692E+002   4.65704E+002   4.63191E+002   3.40531E-012   1.57732E-009
  4.65704E+002   4.70771E+002   4.68231E+002   3.04698E-012   1.42670E-009
  4.70771E+002   4.75893E+002   4.73325E+002   2.83845E-012   1.34351E-009
  4.75893E+002   4.81070E+002   4.78474E+002   2.61003E-012   1.24884E-009
  4.81070E+002   4.86304E+002   4.83680E+002   2.60147E-012   1.25829E-009
  4.86304E+002   4.91595E+002   4.88942E+002   2.38330E-012   1.16530E-009
  4.91595E+002   4.96943E+002   4.94262E+002   2.34619E-012   1.15964E-009
  4.96943E+002   5.02350E+002   4.99639E+002   2.14492E-012   1.07169E-009
  5.02350E+002   5.07815E+002   5.05075E+002   1.94133E-012   9.80523E-010
  5.07815E+002   5.13340E+002   5.10570E+002   1.64902E-012   8.41944E-010
  5.13340E+002   5.18925E+002   5.16125E+002   1.62158E-012   8.36941E-010
  5.18925E+002   5.24571E+002   5.21740E+002   1.55470E-012   8.11155E-010
  5.24571E+002   5.30278E+002   5.27417E+002   1.48268E-012   7.81995E-010
  5.30278E+002   5.36047E+002   5.33155E+002   1.32767E-012   7.07858E-010
  5.36047E+002   5.41879E+002   5.38955E+002   1.28680E-012   6.93532E-010
  5.41879E+002   5.47774E+002   5.44819E+002   1.09415E-012   5.96117E-010
  5.47774E+002   5.53734E+002   5.50746E+002   1.07347E-012   5.91212E-010
  5.53734E+002   5.59758E+002   5.56738E+002   9.21479E-013   5.13025E-010
  5.59758E+002   5.65848E+002   5.62795E+002   8.10543E-013   4.56172E-010
  5.65848E+002   5.72005E+002   5.68918E+002   7.84970E-013   4.46586E-010
  5.72005E+002   5.78228E+002   5.75108E+002   7.26378E-013   4.17748E-010
  5.78228E+002   5.84519E+002   5.81365E+002   6.09177E-013   3.54156E-010
  5.84519E+002   5.90878E+002   5.87690E+002   5.34847E-013   3.14326E-010
  5.90878E+002   5.97307E+002   5.94084E+002   5.24477E-013   3.11584E-010
  5.97307E+002   6.03805E+002   6.00547E+002   4.87769E-013   2.92930E-010
  6.03805E+002   6.10374E+002   6.07081E+002   4.26139E-013   2.58702E-010
  6.10374E+002   6.17015E+002   6.13686E+002   4.19419E-013   2.57392E-010
  6.17015E+002   6.23728E+002   6.20362E+002   4.00303E-013   2.48334E-010
  6.23728E+002   6.30514E+002   6.27111E+002   3.38677E-013   2.12389E-010
  6.30514E+002   6.37373E+002   6.33934E+002   3.44044E-013   2.18102E-010
  6.37373E+002   6.44308E+002   6.40831E+002   2.99490E-013   1.91923E-010
  6.44308E+002   6.51318E+002   6.47803E+002   2.49181E-013   1.61421E-010
  6.51318E+002   6.58404E+002   6.54851E+002   2.57811E-013   1.68828E-010
  6.58404E+002   6.65567E+002   6.61976E+002   2.29029E-013   1.51613E-010
  6.65567E+002   6.72808E+002   6.69178E+002   2.12455E-013   1.42171E-010
  6.72808E+002   6.80128E+002   6.76458E+002   1.87956E-013   1.27145E-010
  6.80128E+002   6.87527E+002   6.83818E+002   1.79872E-013   1.23000E-010
  6.87527E+002   6.95007E+002   6.91257E+002   1.62368E-013   1.12238E-010
  6.95007E+002   7.02569E+002   6.98778E+002   1.65600E-013   1.15718E-010
  7.02569E+002   7.10212E+002   7.06380E+002   1.53066E-013   1.08123E-010
  7.10212E+002   7.17939E+002   7.14065E+002   1.29719E-013   9.26280E-011
  7.17939E+002   7.25750E+002   7.21834E+002   1.06973E-013   7.72174E-011
  7.25750E+002   7.33646E+002   7.29687E+002   9.56633E-014   6.98047E-011
  7.33646E+002   7.41628E+002   7.37626E+002   8.58629E-014   6.33350E-011
  7.41628E+002   7.49696E+002   7.45651E+002   7.17141E-014   5.34740E-011
  7.49696E+002   7.57853E+002   7.53764E+002   7.12706E-014   5.37215E-011
  7.57853E+002   7.66098E+002   7.61964E+002   5.75472E-014   4.38491E-011
  7.66098E+002   7.74433E+002   7.70254E+002   5.40657E-014   4.16445E-011
  7.74433E+002   7.82858E+002   7.78634E+002   4.35219E-014   3.38878E-011
  7.82858E+002   7.91376E+002   7.87106E+002   4.39958E-014   3.46295E-011
  7.91376E+002   7.99985E+002   7.95669E+002   3.62211E-014   2.88201E-011
  7.99985E+002   8.08689E+002   8.04325E+002   3.57045E-014   2.87182E-011
  8.08689E+002   8.17487E+002   8.13076E+002   3.44646E-014   2.80225E-011
  8.17487E+002   8.26381E+002   8.21922E+002   3.24957E-014   2.67091E-011
  8.26381E+002   8.35372E+002   8.30864E+002   2.50643E-014   2.08251E-011
  8.35372E+002   8.44460E+002   8.39904E+002   2.33044E-014   1.95736E-011
  8.44460E+002   8.53648E+002   8.49042E+002   1.86338E-014   1.58209E-011
  8.53648E+002   8.62935E+002   8.58279E+002   1.30201E-014   1.11750E-011
  8.62935E+002   8.72324E+002   8.67617E+002   1.51529E-014   1.31469E-011
  8.72324E+002   8.81814E+002   8.77056E+002   1.44264E-014   1.26528E-011
  8.81814E+002   8.91408E+002   8.86598E+002   1.07111E-014   9.49648E-012
  8.91408E+002   9.01106E+002   8.96244E+002   1.03481E-014   9.27445E-012
  9.01106E+002   9.10910E+002   9.05995E+002   7.28322E-015   6.59859E-012
  9.10910E+002   9.20820E+002   9.15852E+002   6.75992E-015   6.19111E-012
  9.20820E+002   9.30838E+002   9.25816E+002   6.24703E-015   5.78363E-012
  9.30838E+002   9.40965E+002   9.35888E+002   5.08877E-015   4.76254E-012
  9.40965E+002   9.51203E+002   9.46070E+002   5.72652E-015   5.41771E-012
  9.51203E+002   9.61552E+002   9.56363E+002   5.31394E-015   5.08208E-012
  9.61552E+002   9.72013E+002   9.66768E+002   4.90958E-015   4.74645E-012
  9.72013E+002   9.82588E+002   9.77286E+002   4.85674E-015   4.74645E-012
  9.82588E+002   9.93278E+002   9.87919E+002   3.10772E-015   3.07019E-012
  9.93278E+002   1.00408E+003   9.98667E+002   1.53714E-015   1.53509E-012
  1.00408E+003   1.01501E+003   1.00953E+003   3.74130E-015   3.77698E-012
  1.01501E+003   1.02605E+003   1.02052E+003   1.85071E-015   1.88869E-012
  1.02605E+003   1.03721E+003   1.03162E+003   1.83041E-015   1.88829E-012
  1.03721E+003   1.04850E+003   1.04284E+003   2.41453E-015   2.51799E-012
  1.04850E+003   1.05991E+003   1.05419E+003   1.95809E-015   2.06420E-012
  1.05991E+003   1.07144E+003   1.06566E+003   1.93702E-015   2.06420E-012
  1.07144E+003   1.08309E+003   1.07725E+003   1.91617E-015   2.06420E-012
  1.08309E+003   1.09488E+003   1.08897E+003   1.89555E-015   2.06420E-012
  1.09488E+003   1.10679E+003   1.10082E+003   1.53666E-015   1.69160E-012
  1.10679E+003   1.11883E+003   1.11279E+003   1.52013E-015   1.69160E-012
  1.11883E+003   1.13100E+003   1.12490E+003   1.50376E-015   1.69160E-012
  1.13100E+003   1.14331E+003   1.13714E+003   1.48758E-015   1.69160E-012
  1.14331E+003   1.15575E+003   1.14951E+003   1.20566E-015   1.38592E-012
  1.15575E+003   1.16832E+003   1.16202E+003   1.19268E-015   1.38592E-012
  1.16832E+003   1.18103E+003   1.17466E+003   1.17984E-015   1.38592E-012
  1.18103E+003   1.19388E+003   1.18744E+003   8.75452E-016   1.03955E-012
  1.19388E+003   1.20687E+003   1.20036E+003   7.61316E-016   9.13857E-013
  1.20687E+003   1.22000E+003   1.21342E+003   4.67674E-016   5.67487E-013
  1.22000E+003   1.23327E+003   1.22662E+003   2.31320E-016   2.83743E-013
  1.23327E+003   1.24669E+003   1.23996E+003   4.57661E-016   5.67487E-013
  1.24669E+003   1.26026E+003   1.25346E+003   4.11796E-016   5.16170E-013
  1.26026E+003   1.27397E+003   1.26709E+003   3.66865E-016   4.64854E-013
  1.27397E+003   1.28783E+003   1.28088E+003   3.62917E-016   4.64854E-013
  1.28783E+003   1.30184E+003   1.29481E+003   3.59011E-016   4.64854E-013
  1.30184E+003   1.31600E+003   1.30890E+003   3.23040E-016   4.22829E-013
  1.31600E+003   1.33032E+003   1.32314E+003   2.87802E-016   3.80804E-013
  1.33032E+003   1.34479E+003   1.33754E+003   2.84704E-016   3.80804E-013
  1.34479E+003   1.35942E+003   1.35209E+003   2.81640E-016   3.80804E-013
  1.35942E+003   1.37421E+003   1.36680E+003   2.53439E-016   3.46401E-013
  1.37421E+003   1.38916E+003   1.38167E+003   2.25812E-016   3.11998E-013
  1.38916E+003   1.40428E+003   1.39670E+003   2.23381E-016   3.11998E-013
  1.40428E+003   1.41956E+003   1.41190E+003   2.20977E-016   3.11998E-013
  1.41956E+003   1.43500E+003   1.42726E+003   1.09299E-016   1.55999E-013
  1.43500E+003   1.45061E+003   1.44278E+003   0.00000E+000   0.00000E+000
  1.45061E+003   1.46639E+003   1.45848E+003   0.00000E+000   0.00000E+000
  1.46639E+003   1.48235E+003   1.47435E+003   0.00000E+000   0.00000E+000
  1.48235E+003   1.49848E+003   1.49039E+003   0.00000E+000   0.00000E+000
