# DH21 astrodust SED for Mathis ISRF, U = 1.585
# Enthalpy stage: S1
# columns: lambda[um]    lambda*I_lambda / N_H [erg s^-1 cm^-2 sr^-1 H^-1]
  9.120000E-02  5.98952759E-057
  9.226000E-02  1.06629753E-056
  9.332000E-02  1.87169988E-056
  9.441000E-02  3.29297681E-056
  9.550000E-02  5.71606273E-056
  9.661000E-02  9.88302343E-056
  9.772000E-02  1.68690573E-055
  9.886000E-02  2.88370121E-055
  1.000000E-01  4.86541268E-055
  1.012000E-01  8.32341198E-055
  1.023000E-01  1.34521282E-054
  1.035000E-01  2.24311698E-054
  1.047000E-01  3.69221263E-054
  1.059000E-01  6.00231781E-054
  1.072000E-01  1.00228799E-053
  1.084000E-01  1.58962463E-053
  1.097000E-01  2.58639976E-053
  1.109000E-01  4.00859181E-053
  1.122000E-01  6.37073125E-053
  1.135000E-01  1.00173967E-052
  1.148000E-01  1.55945498E-052
  1.161000E-01  2.39973608E-052
  1.175000E-01  3.76925183E-052
  1.189000E-01  5.85518446E-052
  1.202000E-01  8.73634133E-052
  1.216000E-01  1.33233196E-051
  1.230000E-01  2.01618852E-051
  1.244000E-01  3.03311060E-051
  1.259000E-01  4.67521294E-051
  1.274000E-01  7.17387787E-051
  1.288000E-01  1.06726046E-050
  1.303000E-01  1.63254305E-050
  1.318000E-01  2.50360167E-050
  1.333000E-01  3.84922693E-050
  1.349000E-01  6.11141645E-050
  1.365000E-01  9.75261652E-050
  1.380000E-01  1.51672111E-049
  1.396000E-01  2.42500943E-049
  1.412000E-01  3.89162657E-049
  1.429000E-01  6.44517179E-049
  1.445000E-01  1.03532868E-048
  1.462000E-01  1.70677161E-048
  1.479000E-01  2.79927585E-048
  1.496000E-01  4.56847348E-048
  1.514000E-01  7.61135109E-048
  1.531000E-01  1.22023827E-047
  1.549000E-01  1.98610295E-047
  1.567000E-01  3.21056468E-047
  1.585000E-01  5.13848520E-047
  1.603000E-01  8.13398856E-047
  1.622000E-01  1.30550116E-046
  1.641000E-01  2.06840042E-046
  1.660000E-01  3.26163945E-046
  1.679000E-01  5.15251782E-046
  1.698000E-01  8.07144591E-046
  1.718000E-01  1.28376276E-045
  1.738000E-01  2.02685754E-045
  1.758000E-01  3.18149280E-045
  1.778000E-01  4.92653355E-045
  1.799000E-01  7.61109675E-045
  1.820000E-01  1.16415092E-044
  1.841000E-01  1.76491621E-044
  1.862000E-01  2.65441117E-044
  1.884000E-01  4.04259186E-044
  1.905000E-01  6.00677125E-044
  1.928000E-01  9.46747627E-044
  1.950000E-01  1.45993281E-043
  1.972000E-01  2.24135256E-043
  1.995000E-01  3.49383454E-043
  2.018000E-01  5.42382632E-043
  2.042000E-01  8.54457211E-043
  2.065000E-01  1.31538957E-042
  2.089000E-01  2.01019435E-042
  2.113000E-01  3.03959809E-042
  2.138000E-01  4.63068611E-042
  2.163000E-01  6.98672024E-042
  2.188000E-01  1.04438055E-041
  2.213000E-01  1.54715919E-041
  2.239000E-01  2.30720682E-041
  2.265000E-01  3.40950714E-041
  2.291000E-01  4.99562790E-041
  2.317000E-01  7.25904795E-041
  2.344000E-01  1.06059633E-040
  2.371000E-01  1.53620642E-040
  2.399000E-01  2.23452543E-040
  2.427000E-01  3.22125324E-040
  2.455000E-01  4.60532025E-040
  2.483000E-01  6.52990077E-040
  2.512000E-01  9.30151516E-040
  2.541000E-01  1.31389299E-039
  2.570000E-01  1.84085269E-039
  2.600000E-01  2.58793035E-039
  2.630000E-01  3.60839609E-039
  2.661000E-01  5.04580714E-039
  2.691000E-01  6.92509944E-039
  2.723000E-01  9.63053158E-039
  2.754000E-01  1.31530073E-038
  2.786000E-01  1.80056959E-038
  2.818000E-01  2.44678795E-038
  2.851000E-01  3.33078597E-038
  2.884000E-01  4.50086442E-038
  2.917000E-01  6.03892843E-038
  2.951000E-01  8.11459613E-038
  2.985000E-01  1.08292407E-037
  3.020000E-01  1.44686713E-037
  3.055000E-01  1.91975509E-037
  3.090000E-01  2.53001173E-037
  3.126000E-01  3.33750333E-037
  3.162000E-01  4.37344284E-037
  3.199000E-01  5.73689076E-037
  3.236000E-01  7.47542128E-037
  3.273000E-01  9.67761553E-037
  3.311000E-01  1.25392543E-036
  3.350000E-01  1.62524979E-036
  3.388000E-01  2.07981380E-036
  3.428000E-01  2.67968561E-036
  3.467000E-01  3.41022681E-036
  3.507000E-01  4.34140067E-036
  3.548000E-01  5.52696829E-036
  3.589000E-01  6.99511026E-036
  3.631000E-01  8.85338524E-036
  3.673000E-01  1.11393641E-035
  3.715000E-01  1.39414732E-035
  3.758000E-01  1.74432377E-035
  3.802000E-01  2.18213903E-035
  3.846000E-01  2.71449143E-035
  3.891000E-01  3.37556158E-035
  3.936000E-01  4.17595619E-035
  3.981000E-01  5.13882080E-035
  4.027000E-01  6.32128813E-035
  4.074000E-01  7.77061289E-035
  4.121000E-01  9.50388642E-035
  4.169000E-01  1.16171576E-034
  4.217000E-01  1.41317088E-034
  4.266000E-01  1.71780713E-034
  4.315000E-01  2.07834186E-034
  4.365000E-01  2.51195295E-034
  4.416000E-01  3.03405115E-034
  4.467000E-01  3.64770157E-034
  4.519000E-01  4.38092228E-034
  4.571000E-01  5.23883610E-034
  4.624000E-01  6.25766573E-034
  4.677000E-01  7.44396357E-034
  4.732000E-01  8.87292960E-034
  4.786000E-01  1.04985092E-033
  4.842000E-01  1.24481401E-033
  4.898000E-01  1.46971855E-033
  4.954000E-01  1.72832586E-033
  5.012000E-01  2.03577853E-033
  5.070000E-01  2.38875846E-033
  5.129000E-01  2.79928110E-033
  5.188000E-01  3.26749016E-033
  5.248000E-01  3.80917492E-033
  5.309000E-01  4.43543854E-033
  5.370000E-01  5.14518546E-033
  5.433000E-01  5.97559555E-033
  5.495000E-01  6.89872678E-033
  5.559000E-01  7.97203941E-033
  5.623000E-01  9.18046400E-033
  5.688000E-01  1.05584174E-032
  5.754000E-01  1.21270726E-032
  5.821000E-01  1.39098101E-032
  5.888000E-01  1.59010088E-032
  5.957000E-01  1.81881345E-032
  6.026000E-01  2.07336562E-032
  6.095000E-01  2.35614675E-032
  6.166000E-01  2.67856606E-032
  6.237000E-01  3.03496478E-032
  6.310000E-01  3.44075893E-032
  6.383000E-01  3.88779867E-032
  6.457000E-01  4.38678926E-032
  6.531000E-01  4.93507365E-032
  6.607000E-01  5.55392663E-032
  6.683000E-01  6.23256120E-032
  6.761000E-01  6.99426050E-032
  6.839000E-01  7.82710475E-032
  6.918000E-01  8.74635917E-032
  6.998000E-01  9.76070681E-032
  7.079000E-01  1.08766883E-031
  7.161000E-01  1.21033007E-031
  7.244000E-01  1.34526814E-031
  7.328000E-01  1.49278309E-031
  7.413000E-01  1.65414882E-031
  7.499000E-01  1.83038677E-031
  7.586000E-01  2.02271493E-031
  7.674000E-01  2.23196403E-031
  7.763000E-01  2.45962191E-031
  7.852000E-01  2.70414096E-031
  7.943000E-01  2.97177661E-031
  8.035000E-01  3.26173007E-031
  8.128000E-01  3.57471946E-031
  8.222000E-01  3.91212309E-031
  8.318000E-01  4.27953681E-031
  8.414000E-01  4.67109063E-031
  8.511000E-01  5.09130204E-031
  8.610000E-01  5.54712348E-031
  8.710000E-01  6.03517704E-031
  8.810000E-01  6.55357469E-031
  8.913000E-01  7.11745617E-031
  9.016000E-01  7.71469609E-031
  9.120000E-01  8.35259722E-031
  9.226000E-01  9.03670131E-031
  9.333000E-01  9.76643984E-031
  9.441000E-01  1.05389136E-030
  9.550000E-01  1.13606259E-030
  9.661000E-01  1.22369759E-030
  9.772000E-01  1.31510813E-030
  9.886000E-01  1.41124712E-030
  1.000000E+00  1.51356436E-030
  1.012000E+00  1.63497101E-030
  1.023000E+00  1.75209758E-030
  1.035000E+00  1.88611666E-030
  1.047000E+00  2.02735080E-030
  1.059000E+00  2.17552189E-030
  1.071000E+00  2.33061486E-030
  1.084000E+00  2.50751526E-030
  1.097000E+00  2.69282039E-030
  1.109000E+00  2.87178472E-030
  1.122000E+00  3.07459484E-030
  1.135000E+00  3.28697907E-030
  1.148000E+00  3.50831040E-030
  1.161000E+00  3.73951538E-030
  1.175000E+00  3.99896025E-030
  1.189000E+00  4.26983723E-030
  1.202000E+00  4.53028651E-030
  1.216000E+00  4.82179581E-030
  1.230000E+00  5.12341065E-030
  1.245000E+00  5.45808724E-030
  1.259000E+00  5.78013428E-030
  1.273000E+00  6.11106927E-030
  1.288000E+00  6.47692527E-030
  1.303000E+00  6.85219331E-030
  1.318000E+00  7.23839084E-030
  1.334000E+00  7.66253783E-030
  1.349000E+00  8.06853112E-030
  1.365000E+00  8.51363208E-030
  1.380000E+00  8.93989841E-030
  1.396000E+00  9.40562486E-030
  1.413000E+00  9.91237801E-030
  1.429000E+00  1.03994919E-029
  1.445000E+00  1.08954403E-029
  1.462000E+00  1.14331269E-029
  1.479000E+00  1.19816298E-029
  1.496000E+00  1.25414013E-029
  1.514000E+00  1.31451142E-029
  1.531000E+00  1.37280879E-029
  1.549000E+00  1.43545906E-029
  1.567000E+00  1.49904365E-029
  1.585000E+00  1.56388050E-029
  1.603000E+00  1.63008627E-029
  1.622000E+00  1.70096153E-029
  1.641000E+00  1.77306974E-029
  1.660000E+00  1.84658349E-029
  1.679000E+00  1.92135176E-029
  1.698000E+00  1.99737916E-029
  1.718000E+00  2.07884477E-029
  1.738000E+00  2.16191012E-029
  1.758000E+00  2.24627765E-029
  1.778000E+00  2.33248994E-029
  1.799000E+00  2.42451551E-029
  1.820000E+00  2.51835292E-029
  1.841000E+00  2.61400797E-029
  1.862000E+00  2.71142984E-029
  1.884000E+00  2.81558786E-029
  1.906000E+00  2.92151212E-029
  1.928000E+00  3.02984305E-029
  1.950000E+00  3.14018668E-029
  1.972000E+00  3.25240605E-029
  1.995000E+00  3.37190135E-029
  2.018000E+00  3.49350468E-029
  2.042000E+00  3.62284774E-029
  2.065000E+00  3.74873279E-029
  2.089000E+00  3.88192458E-029
  2.114000E+00  4.02263122E-029
  2.138000E+00  4.15898902E-029
  2.163000E+00  4.30297335E-029
  2.188000E+00  4.44720985E-029
  2.213000E+00  4.59355811E-029
  2.239000E+00  4.74578753E-029
  2.265000E+00  4.89935842E-029
  2.291000E+00  5.05401473E-029
  2.317000E+00  5.20934776E-029
  2.344000E+00  5.37062102E-029
  2.371000E+00  5.53740446E-029
  2.399000E+00  5.71011973E-029
  2.427000E+00  5.88301168E-029
  2.455000E+00  6.05542059E-029
  2.483000E+00  6.22768566E-029
  2.512000E+00  6.41167239E-029
  2.541000E+00  6.59471978E-029
  2.570000E+00  6.77713715E-029
  2.600000E+00  6.97183378E-029
  2.630000E+00  7.16533896E-029
  2.661000E+00  7.37120665E-029
  2.691000E+00  7.56305925E-029
  2.723000E+00  7.77996986E-029
  2.754000E+00  7.98263327E-029
  2.786000E+00  8.19702529E-029
  2.818000E+00  8.41697434E-029
  2.851000E+00  8.64148920E-029
  2.884000E+00  8.87212012E-029
  2.917000E+00  9.10050913E-029
  2.951000E+00  9.34052014E-029
  2.985000E+00  9.57874509E-029
  3.020000E+00  9.82768370E-029
  3.055000E+00  1.00673885E-028
  3.090000E+00  1.02968412E-028
  3.126000E+00  1.05304210E-028
  3.162000E+00  1.07467756E-028
  3.199000E+00  1.09668795E-028
  3.236000E+00  1.11784152E-028
  3.273000E+00  1.13828030E-028
  3.311000E+00  1.16149725E-028
  3.350000E+00  1.21132140E-028
  3.388000E+00  1.29364435E-028
  3.428000E+00  1.31212544E-028
  3.467000E+00  1.32729860E-028
  3.507000E+00  1.31374111E-028
  3.548000E+00  1.30930443E-028
  3.589000E+00  1.29207564E-028
  3.631000E+00  1.29409072E-028
  3.673000E+00  1.30859176E-028
  3.715000E+00  1.32381611E-028
  3.758000E+00  1.33873728E-028
  3.802000E+00  1.35444956E-028
  3.846000E+00  1.37046639E-028
  3.891000E+00  1.38580789E-028
  3.935000E+00  1.40115365E-028
  3.981000E+00  1.41764925E-028
  4.027000E+00  1.43377436E-028
  4.074000E+00  1.44996861E-028
  4.121000E+00  1.46657856E-028
  4.169000E+00  1.48314500E-028
  4.217000E+00  1.50013871E-028
  4.266000E+00  1.51791274E-028
  4.315000E+00  1.53528162E-028
  4.365000E+00  1.55353974E-028
  4.416000E+00  1.57163789E-028
  4.467000E+00  1.59024112E-028
  4.519000E+00  1.60950934E-028
  4.571000E+00  1.62845167E-028
  4.624000E+00  1.64816181E-028
  4.677000E+00  1.66730255E-028
  4.732000E+00  1.68755702E-028
  4.786000E+00  1.70699818E-028
  4.842000E+00  1.72670503E-028
  4.898000E+00  1.74673224E-028
  4.955000E+00  1.76653317E-028
  5.012000E+00  1.78587209E-028
  5.070000E+00  1.80505647E-028
  5.129000E+00  1.82421170E-028
  5.188000E+00  1.84278946E-028
  5.248000E+00  1.86118515E-028
  5.309000E+00  1.87954492E-028
  5.370000E+00  1.89728621E-028
  5.432000E+00  1.91500027E-028
  5.495000E+00  1.93336954E-028
  5.559000E+00  1.95084808E-028
  5.623000E+00  1.96771388E-028
  5.688000E+00  1.98467526E-028
  5.754000E+00  2.00130854E-028
  5.821000E+00  2.01704481E-028
  5.888000E+00  2.03332130E-028
  5.957000E+00  2.04961477E-028
  6.026000E+00  2.06563726E-028
  6.095000E+00  2.08041668E-028
  6.166000E+00  2.09633742E-028
  6.237000E+00  2.11102528E-028
  6.310000E+00  2.12585717E-028
  6.383000E+00  2.14061892E-028
  6.457000E+00  2.15534244E-028
  6.531000E+00  2.16901888E-028
  6.607000E+00  2.18318485E-028
  6.683000E+00  2.19665072E-028
  6.761000E+00  2.21305138E-028
  6.839000E+00  2.27201389E-028
  6.918000E+00  2.24620539E-028
  6.998000E+00  2.25015126E-028
  7.080000E+00  2.26247921E-028
  7.161000E+00  2.27530156E-028
  7.244000E+00  2.28784807E-028
  7.328000E+00  2.29930354E-028
  7.413000E+00  2.31149096E-028
  7.499000E+00  2.32376530E-028
  7.586000E+00  2.33465559E-028
  7.674000E+00  2.34634499E-028
  7.762000E+00  2.35070165E-028
  7.852000E+00  2.36542071E-028
  7.943000E+00  2.40215918E-028
  8.035000E+00  2.46499305E-028
  8.128000E+00  2.55375184E-028
  8.222000E+00  2.67537166E-028
  8.318000E+00  2.86523081E-028
  8.414000E+00  3.04291976E-028
  8.511000E+00  3.21226754E-028
  8.610000E+00  3.31547006E-028
  8.710000E+00  3.49864544E-028
  8.811000E+00  3.84732170E-028
  8.913000E+00  4.20448064E-028
  9.016000E+00  4.53824716E-028
  9.120000E+00  4.90028277E-028
  9.226000E+00  5.28081792E-028
  9.333000E+00  5.63223947E-028
  9.441000E+00  5.91745469E-028
  9.550000E+00  6.12981696E-028
  9.660000E+00  6.26979115E-028
  9.772000E+00  6.34027075E-028
  9.885000E+00  6.33958339E-028
  1.000000E+01  6.27033315E-028
  1.012000E+01  6.13332781E-028
  1.023000E+01  5.97340934E-028
  1.035000E+01  5.79125164E-028
  1.047000E+01  5.61765779E-028
  1.059000E+01  5.45204024E-028
  1.072000E+01  5.27977662E-028
  1.084000E+01  5.12416098E-028
  1.097000E+01  4.95266243E-028
  1.109000E+01  4.78758756E-028
  1.122000E+01  4.59407454E-028
  1.135000E+01  4.38419040E-028
  1.148000E+01  4.20078707E-028
  1.161000E+01  4.04004647E-028
  1.175000E+01  3.88102778E-028
  1.189000E+01  3.72422741E-028
  1.202000E+01  3.57439304E-028
  1.216000E+01  3.41683463E-028
  1.230000E+01  3.27704965E-028
  1.244000E+01  3.16848790E-028
  1.259000E+01  3.10190332E-028
  1.273000E+01  3.08489118E-028
  1.288000E+01  3.09265683E-028
  1.303000E+01  3.09195669E-028
  1.318000E+01  3.09831675E-028
  1.334000E+01  3.10619350E-028
  1.349000E+01  3.11330022E-028
  1.365000E+01  3.12471497E-028
  1.380000E+01  3.13969822E-028
  1.396000E+01  3.16183833E-028
  1.412000E+01  3.19104152E-028
  1.429000E+01  3.23024106E-028
  1.445000E+01  3.27637502E-028
  1.462000E+01  3.33631747E-028
  1.479000E+01  3.40909165E-028
  1.496000E+01  3.49495819E-028
  1.514000E+01  3.59808906E-028
  1.531000E+01  3.70604696E-028
  1.549000E+01  3.83016139E-028
  1.567000E+01  3.96159717E-028
  1.585000E+01  4.09798551E-028
  1.603000E+01  4.23835759E-028
  1.622000E+01  4.38720848E-028
  1.641000E+01  4.53464841E-028
  1.660000E+01  4.67730159E-028
  1.679000E+01  4.81278793E-028
  1.698000E+01  4.93770980E-028
  1.718000E+01  5.05647719E-028
  1.738000E+01  5.16190630E-028
  1.758000E+01  5.25444306E-028
  1.778000E+01  5.33327584E-028
  1.799000E+01  5.40216951E-028
  1.820000E+01  5.45693177E-028
  1.841000E+01  5.49649597E-028
  1.862000E+01  5.52215169E-028
  1.884000E+01  5.53338554E-028
  1.906000E+01  5.52937214E-028
  1.927000E+01  5.51733253E-028
  1.950000E+01  5.49232183E-028
  1.972000E+01  5.46341273E-028
  1.995000E+01  5.43000794E-028
  2.018000E+01  5.41370813E-028
  2.042000E+01  5.40278779E-028
  2.065000E+01  5.40024633E-028
  2.089000E+01  5.40607015E-028
  2.114000E+01  5.41884822E-028
  2.138000E+01  5.43228093E-028
  2.163000E+01  5.44900218E-028
  2.188000E+01  5.46630761E-028
  2.213000E+01  5.47977532E-028
  2.239000E+01  5.48840455E-028
  2.265000E+01  5.49846579E-028
  2.291000E+01  5.50606053E-028
  2.317000E+01  5.51171623E-028
  2.344000E+01  5.52956252E-028
  2.371000E+01  5.55076258E-028
  2.399000E+01  5.58348034E-028
  2.427000E+01  5.62500921E-028
  2.455000E+01  5.67788948E-028
  2.483000E+01  5.73765303E-028
  2.512000E+01  5.80962230E-028
  2.541000E+01  5.89647664E-028
  2.570000E+01  5.99405133E-028
  2.600000E+01  6.10392627E-028
  2.630000E+01  6.22580226E-028
  2.661000E+01  6.36492885E-028
  2.692000E+01  6.52203182E-028
  2.723000E+01  6.68594997E-028
  2.754000E+01  6.86864798E-028
  2.786000E+01  7.06996075E-028
  2.818000E+01  7.28735441E-028
  2.851000E+01  7.52882267E-028
  2.884000E+01  7.78849536E-028
  2.917000E+01  8.06913776E-028
  2.951000E+01  8.37248217E-028
  2.985000E+01  8.70284104E-028
  3.020000E+01  9.06555728E-028
  3.055000E+01  9.44790427E-028
  3.090000E+01  9.85461109E-028
  3.126000E+01  1.02988213E-027
  3.162000E+01  1.07730077E-027
  3.199000E+01  1.12897487E-027
  3.236000E+01  1.18285925E-027
  3.273000E+01  1.24071641E-027
  3.311000E+01  1.30444011E-027
  3.350000E+01  1.37196543E-027
  3.388000E+01  1.44135532E-027
  3.428000E+01  1.51948043E-027
  3.467000E+01  1.59981497E-027
  3.508000E+01  1.68800066E-027
  3.548000E+01  1.77944864E-027
  3.589000E+01  1.87847575E-027
  3.631000E+01  1.98527603E-027
  3.673000E+01  2.09610964E-027
  3.715000E+01  2.21459153E-027
  3.758000E+01  2.34161850E-027
  3.802000E+01  2.47692918E-027
  3.846000E+01  2.62087515E-027
  3.890000E+01  2.77207926E-027
  3.935000E+01  2.93441031E-027
  3.981000E+01  3.10864173E-027
  4.027000E+01  3.29394824E-027
  4.074000E+01  3.48835215E-027
  4.121000E+01  3.69693210E-027
  4.169000E+01  3.92087928E-027
  4.217000E+01  4.15324333E-027
  4.266000E+01  4.40218096E-027
  4.315000E+01  4.66619649E-027
  4.365000E+01  4.94894205E-027
  4.416000E+01  5.25160929E-027
  4.467000E+01  5.57305912E-027
  4.519000E+01  5.90903075E-027
  4.571000E+01  6.26922036E-027
  4.624000E+01  6.65457557E-027
  4.677000E+01  7.05850889E-027
  4.731000E+01  7.48986500E-027
  4.786000E+01  7.95031905E-027
  4.842000E+01  8.43570551E-027
  4.898000E+01  8.96249924E-027
  4.954000E+01  9.50116762E-027
  5.012000E+01  1.00870150E-026
  5.070000E+01  1.07073798E-026
  5.129000E+01  1.13666256E-026
  5.188000E+01  1.20567931E-026
  5.248000E+01  1.27887886E-026
  5.309000E+01  1.35671177E-026
  5.370000E+01  1.43872642E-026
  5.433000E+01  1.52720529E-026
  5.495000E+01  1.61786205E-026
  5.559000E+01  1.71543439E-026
  5.623000E+01  1.81695763E-026
  5.688000E+01  1.92522149E-026
  5.754000E+01  2.03846584E-026
  5.821000E+01  2.15898865E-026
  5.888000E+01  2.28418577E-026
  5.957000E+01  2.41775388E-026
  6.026000E+01  2.55766133E-026
  6.095000E+01  2.70085963E-026
  6.166000E+01  2.85485350E-026
  6.237000E+01  3.01171291E-026
  6.310000E+01  3.18028468E-026
  6.383000E+01  3.35376233E-026
  6.457000E+01  3.53729472E-026
  6.531000E+01  3.72325630E-026
  6.607000E+01  3.92206787E-026
  6.683000E+01  4.12302596E-026
  6.761000E+01  4.33722322E-026
  6.839000E+01  4.55608761E-026
  6.918000E+01  4.78266988E-026
  6.998000E+01  5.01633738E-026
  7.079000E+01  5.25754148E-026
  7.161000E+01  5.50990140E-026
  7.244000E+01  5.76519470E-026
  7.328000E+01  6.03154694E-026
  7.413000E+01  6.30422135E-026
  7.499000E+01  6.57922900E-026
  7.586000E+01  6.86501266E-026
  7.674000E+01  7.15696024E-026
  7.762000E+01  7.45522727E-026
  7.852000E+01  7.75651191E-026
  7.943000E+01  8.06376795E-026
  8.035000E+01  8.38003272E-026
  8.128000E+01  8.69367386E-026
  8.222000E+01  9.01804608E-026
  8.318000E+01  9.34179397E-026
  8.414000E+01  9.67083102E-026
  8.511000E+01  1.00007240E-025
  8.610000E+01  1.03355775E-025
  8.710000E+01  1.06717956E-025
  8.811000E+01  1.10065110E-025
  8.912000E+01  1.13393091E-025
  9.016000E+01  1.16841121E-025
  9.120000E+01  1.20146898E-025
  9.226000E+01  1.23463742E-025
  9.332000E+01  1.26803109E-025
  9.441000E+01  1.30089641E-025
  9.550000E+01  1.33371321E-025
  9.661000E+01  1.36636369E-025
  9.772000E+01  1.39734571E-025
  9.886000E+01  1.42899367E-025
  1.000000E+02  1.45972799E-025
  1.012000E+02  1.49093192E-025
  1.023000E+02  1.51856544E-025
  1.035000E+02  1.54763205E-025
  1.047000E+02  1.57528183E-025
  1.059000E+02  1.60205788E-025
  1.072000E+02  1.62939414E-025
  1.084000E+02  1.65340579E-025
  1.097000E+02  1.67898120E-025
  1.109000E+02  1.70054905E-025
  1.122000E+02  1.72223153E-025
  1.135000E+02  1.74255870E-025
  1.148000E+02  1.76273396E-025
  1.161000E+02  1.78023721E-025
  1.175000E+02  1.79859659E-025
  1.188000E+02  1.81354686E-025
  1.202000E+02  1.82872508E-025
  1.216000E+02  1.84119963E-025
  1.230000E+02  1.85375738E-025
  1.244000E+02  1.86431423E-025
  1.259000E+02  1.87335194E-025
  1.273000E+02  1.88121633E-025
  1.288000E+02  1.88798701E-025
  1.303000E+02  1.89341702E-025
  1.318000E+02  1.89638001E-025
  1.334000E+02  1.89896558E-025
  1.349000E+02  1.90023733E-025
  1.365000E+02  1.90001137E-025
  1.380000E+02  1.89855537E-025
  1.396000E+02  1.89558792E-025
  1.412000E+02  1.89156022E-025
  1.429000E+02  1.88578765E-025
  1.445000E+02  1.87930701E-025
  1.462000E+02  1.87106318E-025
  1.479000E+02  1.86191115E-025
  1.496000E+02  1.85144367E-025
  1.514000E+02  1.83955846E-025
  1.531000E+02  1.82712812E-025
  1.549000E+02  1.81334532E-025
  1.567000E+02  1.79841310E-025
  1.585000E+02  1.78289562E-025
  1.603000E+02  1.76762848E-025
  1.622000E+02  1.74932234E-025
  1.641000E+02  1.73059036E-025
  1.660000E+02  1.71151648E-025
  1.679000E+02  1.69119523E-025
  1.698000E+02  1.67223254E-025
  1.718000E+02  1.64999154E-025
  1.738000E+02  1.62760867E-025
  1.758000E+02  1.60513525E-025
  1.778000E+02  1.58325877E-025
  1.799000E+02  1.55875872E-025
  1.820000E+02  1.53433901E-025
  1.841000E+02  1.51051488E-025
  1.862000E+02  1.48550432E-025
  1.884000E+02  1.45953875E-025
  1.906000E+02  1.43420831E-025
  1.928000E+02  1.40849829E-025
  1.950000E+02  1.38255944E-025
  1.972000E+02  1.35749437E-025
  1.995000E+02  1.33080159E-025
  2.018000E+02  1.30417322E-025
  2.042000E+02  1.27731479E-025
  2.065000E+02  1.25124483E-025
  2.089000E+02  1.22508285E-025
  2.114000E+02  1.19720627E-025
  2.138000E+02  1.17180269E-025
  2.163000E+02  1.14483250E-025
  2.188000E+02  1.11812689E-025
  2.213000E+02  1.09288902E-025
  2.239000E+02  1.06622698E-025
  2.265000E+02  1.04063924E-025
  2.291000E+02  1.01512758E-025
  2.317000E+02  9.90683922E-026
  2.344000E+02  9.65036076E-026
  2.371000E+02  9.40486200E-026
  2.399000E+02  9.15253031E-026
  2.427000E+02  8.91123547E-026
  2.455000E+02  8.67208774E-026
  2.483000E+02  8.44042224E-026
  2.512000E+02  8.20354428E-026
  2.541000E+02  7.97737608E-026
  2.570000E+02  7.75438133E-026
  2.600000E+02  7.53123293E-026
  2.630000E+02  7.31177877E-026
  2.661000E+02  7.09587956E-026
  2.691000E+02  6.89094059E-026
  2.723000E+02  6.67926087E-026
  2.754000E+02  6.48297639E-026
  2.786000E+02  6.28162612E-026
  2.818000E+02  6.09308332E-026
  2.851000E+02  5.90015507E-026
  2.884000E+02  5.71418197E-026
  2.917000E+02  5.53268664E-026
  2.951000E+02  5.35784531E-026
  2.985000E+02  5.18250377E-026
  3.020000E+02  5.01359999E-026
  3.055000E+02  4.85018356E-026
  3.090000E+02  4.68905460E-026
  3.126000E+02  4.53428976E-026
  3.162000E+02  4.37952350E-026
  3.199000E+02  4.23117071E-026
  3.236000E+02  4.08518340E-026
  3.273000E+02  3.94706121E-026
  3.311000E+02  3.81217347E-026
  3.350000E+02  3.67621438E-026
  3.388000E+02  3.54923077E-026
  3.428000E+02  3.41996232E-026
  3.467000E+02  3.30271068E-026
  3.508000E+02  3.18223979E-026
  3.548000E+02  3.06879947E-026
  3.589000E+02  2.95734047E-026
  3.631000E+02  2.84737492E-026
  3.673000E+02  2.74363634E-026
  3.715000E+02  2.64551592E-026
  3.758000E+02  2.54574698E-026
  3.802000E+02  2.45101539E-026
  3.846000E+02  2.35714873E-026
  3.890000E+02  2.27001628E-026
  3.935000E+02  2.18456097E-026
  3.981000E+02  2.10071291E-026
  4.027000E+02  2.02052956E-026
  4.074000E+02  1.94197373E-026
  4.121000E+02  1.86807122E-026
  4.169000E+02  1.79468942E-026
  4.217000E+02  1.72436647E-026
  4.266000E+02  1.65793618E-026
  4.315000E+02  1.59337142E-026
  4.365000E+02  1.52932299E-026
  4.416000E+02  1.46895569E-026
  4.467000E+02  1.41025697E-026
  4.519000E+02  1.35406057E-026
  4.571000E+02  1.30040360E-026
  4.624000E+02  1.24734683E-026
  4.677000E+02  1.19749901E-026
  4.731000E+02  1.14980684E-026
  4.786000E+02  1.10194947E-026
  4.842000E+02  1.05699079E-026
  4.898000E+02  1.01343083E-026
  4.955000E+02  9.71850648E-027
  5.012000E+02  9.32199884E-027
  5.070000E+02  8.93144627E-027
  5.129000E+02  8.55907152E-027
  5.188000E+02  8.21047463E-027
  5.248000E+02  7.86137451E-027
  5.309000E+02  7.53467051E-027
  5.370000E+02  7.22351521E-027
  5.432000E+02  6.91770885E-027
  5.495000E+02  6.62664373E-027
  5.559000E+02  6.34109368E-027
  5.623000E+02  6.07369883E-027
  5.688000E+02  5.82002543E-027
  5.754000E+02  5.56673079E-027
  5.821000E+02  5.33045239E-027
  5.888000E+02  5.10165879E-027
  5.957000E+02  4.87855748E-027
  6.026000E+02  4.66989636E-027
  6.095000E+02  4.47159774E-027
  6.166000E+02  4.27479512E-027
  6.237000E+02  4.09075402E-027
  6.310000E+02  3.91120462E-027
  6.383000E+02  3.74122229E-027
  6.457000E+02  3.57727838E-027
  6.531000E+02  3.42438858E-027
  6.607000E+02  3.27034237E-027
  6.683000E+02  3.12907822E-027
  6.761000E+02  2.98945100E-027
  6.839000E+02  2.85905744E-027
  6.918000E+02  2.73373634E-027
  6.998000E+02  2.61159060E-027
  7.080000E+02  2.49474621E-027
  7.161000E+02  2.38520546E-027
  7.244000E+02  2.27940606E-027
  7.328000E+02  2.17737837E-027
  7.413000E+02  2.08151302E-027
  7.499000E+02  1.98636148E-027
  7.586000E+02  1.89829400E-027
  7.674000E+02  1.81390916E-027
  7.762000E+02  1.73279915E-027
  7.852000E+02  1.65373078E-027
  7.943000E+02  1.57961180E-027
  8.035000E+02  1.50762498E-027
  8.128000E+02  1.44060193E-027
  8.222000E+02  1.37573422E-027
  8.318000E+02  1.31241384E-027
  8.414000E+02  1.25347285E-027
  8.511000E+02  1.19709011E-027
  8.610000E+02  1.14185034E-027
  8.710000E+02  1.09005683E-027
  8.810000E+02  1.04102972E-027
  8.912000E+02  9.93136832E-028
  9.016000E+02  9.47622433E-028
  9.120000E+02  9.04748998E-028
  9.226000E+02  8.62748452E-028
  9.333000E+02  8.23404623E-028
  9.441000E+02  7.85827118E-028
  9.550000E+02  7.49566328E-028
  9.660000E+02  7.15439490E-028
  9.772000E+02  6.82657700E-028
  9.885000E+02  6.51015557E-028
  1.000000E+03  6.21014938E-028
  1.012000E+03  5.91432440E-028
  1.023000E+03  5.65562801E-028
  1.035000E+03  5.39234710E-028
  1.047000E+03  5.14358723E-028
  1.059000E+03  4.90621466E-028
  1.072000E+03  4.66664004E-028
  1.084000E+03  4.45801475E-028
  1.096000E+03  4.25845613E-028
  1.109000E+03  4.05688610E-028
  1.122000E+03  3.86712102E-028
  1.135000E+03  3.68591754E-028
  1.148000E+03  3.51709902E-028
  1.161000E+03  3.35747828E-028
  1.175000E+03  3.19344455E-028
  1.188000E+03  3.05157059E-028
  1.202000E+03  2.90749027E-028
  1.216000E+03  2.76999237E-028
  1.230000E+03  2.64198811E-028
  1.244000E+03  2.52101698E-028
  1.259000E+03  2.39744912E-028
  1.274000E+03  2.28259347E-028
  1.288000E+03  2.18157548E-028
  1.303000E+03  2.07785586E-028
  1.318000E+03  1.98157524E-028
  1.334000E+03  1.88496862E-028
  1.349000E+03  1.79810812E-028
  1.365000E+03  1.71214904E-028
  1.380000E+03  1.63619294E-028
  1.396000E+03  1.55858102E-028
  1.412000E+03  1.48636889E-028
  1.429000E+03  1.41416783E-028
  1.445000E+03  1.34917537E-028
  1.462000E+03  1.28506809E-028
  1.479000E+03  1.22462148E-028
  1.496000E+03  1.16695332E-028
  1.514000E+03  1.11019565E-028
  1.531000E+03  1.05963562E-028
  1.549000E+03  1.00856070E-028
  1.567000E+03  9.61066427E-029
  1.585000E+03  9.16383558E-029
  1.603000E+03  8.73482046E-029
  1.622000E+03  8.31608419E-029
  1.641000E+03  7.92045106E-029
  1.660000E+03  7.54330124E-029
  1.679000E+03  7.19343537E-029
  1.698000E+03  6.86304055E-029
  1.718000E+03  6.53052112E-029
  1.738000E+03  6.22140388E-029
  1.758000E+03  5.93071581E-029
  1.778000E+03  5.65254640E-029
  1.799000E+03  5.38179250E-029
  1.820000E+03  5.12662755E-029
  1.841000E+03  4.88278775E-029
  1.862000E+03  4.65655607E-029
  1.884000E+03  4.43303247E-029
  1.906000E+03  4.21967860E-029
  1.928000E+03  4.02185130E-029
  1.950000E+03  3.83517075E-029
  1.972000E+03  3.65645430E-029
  1.995000E+03  3.48326743E-029
  2.018000E+03  3.31513011E-029
  2.042000E+03  3.15166038E-029
  2.065000E+03  3.00402586E-029
  2.089000E+03  2.85734146E-029
  2.114000E+03  2.71505886E-029
  2.138000E+03  2.58683666E-029
  2.163000E+03  2.45931818E-029
  2.188000E+03  2.34084829E-029
  2.213000E+03  2.22920231E-029
  2.239000E+03  2.11841551E-029
  2.265000E+03  2.01586481E-029
  2.291000E+03  1.91920342E-029
  2.317000E+03  1.82696303E-029
  2.344000E+03  1.73790706E-029
  2.371000E+03  1.65404442E-029
  2.399000E+03  1.57139155E-029
  2.427000E+03  1.49466186E-029
  2.455000E+03  1.42241918E-029
  2.483000E+03  1.35344784E-029
  2.512000E+03  1.28709224E-029
  2.541000E+03  1.22463169E-029
  2.570000E+03  1.16520733E-029
  2.600000E+03  1.10812164E-029
  2.630000E+03  1.05437512E-029
  2.661000E+03  1.00144720E-029
  2.692000E+03  9.52313743E-030
  2.723000E+03  9.06224568E-030
  2.754000E+03  8.62237671E-030
  2.786000E+03  8.20042112E-030
  2.818000E+03  7.80325681E-030
  2.851000E+03  7.41771881E-030
  2.884000E+03  7.05033520E-030
  2.917000E+03  6.71029749E-030
  2.951000E+03  6.38046851E-030
  2.985000E+03  6.06597025E-030
  3.020000E+03  5.76545801E-030
  3.055000E+03  5.48274018E-030
  3.090000E+03  5.21659945E-030
  3.126000E+03  4.95662013E-030
  3.162000E+03  4.71521320E-030
  3.199000E+03  4.48177413E-030
  3.236000E+03  4.25929423E-030
  3.273000E+03  4.05268489E-030
  3.311000E+03  3.85294569E-030
  3.350000E+03  3.66076581E-030
  3.388000E+03  3.48252019E-030
  3.428000E+03  3.30759206E-030
  3.467000E+03  3.14773132E-030
  3.508000E+03  2.98823781E-030
  3.548000E+03  2.84323908E-030
  3.589000E+03  2.70389309E-030
  3.631000E+03  2.56908393E-030
  3.673000E+03  2.44117916E-030
  3.715000E+03  2.32239775E-030
  3.758000E+03  2.20795840E-030
  3.802000E+03  2.09784656E-030
  3.846000E+03  1.99338129E-030
  3.890000E+03  1.89599262E-030
  3.936000E+03  1.80063945E-030
  3.981000E+03  1.71291235E-030
  4.027000E+03  1.62743485E-030
  4.074000E+03  1.54640038E-030
  4.121000E+03  1.47018708E-030
  4.169000E+03  1.39730645E-030
  4.217000E+03  1.32785542E-030
  4.266000E+03  1.26177987E-030
  4.315000E+03  1.19990172E-030
  4.365000E+03  1.14050107E-030
  4.416000E+03  1.08280961E-030
  4.467000E+03  1.02952326E-030
  4.519000E+03  9.78189905E-031
  4.571000E+03  9.30135244E-031
  4.624000E+03  8.83267056E-031
  4.677000E+03  8.39959036E-031
  4.732000E+03  7.97712647E-031
  4.786000E+03  7.58691824E-031
  4.842000E+03  7.20336801E-031
  4.898000E+03  6.84584204E-031
  4.954000E+03  6.51112895E-031
  5.012000E+03  6.18359123E-031
  5.070000E+03  5.87706552E-031
  5.129000E+03  5.58036843E-031
  5.188000E+03  5.30493019E-031
  5.248000E+03  5.04149923E-031
  5.309000E+03  4.79093778E-031
  5.370000E+03  4.55110571E-031
  5.432000E+03  4.32600694E-031
  5.495000E+03  4.11093576E-031
  5.559000E+03  3.90452964E-031
  5.623000E+03  3.71146554E-031
  5.688000E+03  3.52471759E-031
  5.754000E+03  3.34968501E-031
  5.821000E+03  3.18180388E-031
  5.888000E+03  3.02397488E-031
  5.957000E+03  2.87008040E-031
  6.026000E+03  2.72734388E-031
  6.095000E+03  2.59308965E-031
  6.166000E+03  2.46319704E-031
  6.237000E+03  2.34109559E-031
  6.310000E+03  2.22162007E-031
  6.383000E+03  2.11079850E-031
  6.456000E+03  2.00715431E-031
  6.531000E+03  1.90646322E-031
  6.607000E+03  1.81110814E-031
  6.683000E+03  1.72031220E-031
  6.761000E+03  1.63387840E-031
  6.839000E+03  1.55264452E-031
  6.918000E+03  1.47528753E-031
  6.998000E+03  1.40164516E-031
  7.080000E+03  1.32983446E-031
  7.161000E+03  1.26441232E-031
  7.244000E+03  1.20100196E-031
  7.328000E+03  1.14104047E-031
  7.413000E+03  1.08401209E-031
  7.499000E+03  1.02909333E-031
  7.586000E+03  9.77568864E-032
  7.674000E+03  9.28588686E-032
  7.762000E+03  8.82544216E-032
  7.852000E+03  8.38272523E-032
  7.943000E+03  7.96461957E-032
  8.035000E+03  7.55981523E-032
  8.128000E+03  7.18264377E-032
  8.222000E+03  6.82428705E-032
  8.318000E+03  6.48033636E-032
  8.414000E+03  6.15716075E-032
  8.511000E+03  5.84631897E-032
  8.610000E+03  5.55207568E-032
  8.710000E+03  5.27285056E-032
  8.810000E+03  5.01201067E-032
  8.912000E+03  4.76031549E-032
  9.016000E+03  4.52072664E-032
  9.120000E+03  4.29274553E-032
  9.226000E+03  4.07585456E-032
  9.332000E+03  3.87332981E-032
  9.441000E+03  3.67764667E-032
  9.550000E+03  3.49376151E-032
  9.660000E+03  3.32049258E-032
  9.772000E+03  3.15145445E-032
  9.886000E+03  2.99193891E-032
  1.000000E+04  2.84303953E-032
  1.012000E+04  2.69499825E-032
  1.023000E+04  2.56812728E-032
  1.035000E+04  2.43793486E-032
  1.047000E+04  2.31408556E-032
  1.059000E+04  2.19844732E-032
  1.072000E+04  2.08229004E-032
  1.084000E+04  1.98118177E-032
  1.096000E+04  1.88586542E-032
  1.109000E+04  1.78879009E-032
  1.122000E+04  1.69718966E-032
  1.135000E+04  1.61164936E-032
  1.148000E+04  1.53183028E-032
  1.161000E+04  1.45618574E-032
  1.175000E+04  1.38027165E-032
  1.188000E+04  1.31402644E-032
  1.202000E+04  1.24610148E-032
  1.216000E+04  1.18315020E-032
  1.230000E+04  1.12399860E-032
  1.244000E+04  1.06838096E-032
  1.259000E+04  1.01284355E-032
  1.274000E+04  9.60380644E-033
  1.288000E+04  9.13780847E-033
  1.303000E+04  8.67725133E-033
  1.318000E+04  8.24488810E-033
  1.334000E+04  7.80924002E-033
  1.349000E+04  7.42787641E-033
  1.365000E+04  7.04598346E-033
  1.380000E+04  6.70952444E-033
  1.396000E+04  6.36740622E-033
  1.412000E+04  6.05011760E-033
  1.429000E+04  5.73367310E-033
  1.445000E+04  5.45595664E-033
  1.462000E+04  5.17670011E-033
  1.479000E+04  4.91429777E-033
  1.496000E+04  4.66690662E-033
  1.514000E+04  4.42374800E-033
  1.531000E+04  4.20655611E-033
  1.549000E+04  3.99214527E-033
  1.567000E+04  3.79084709E-033
  1.585000E+04  3.60173213E-033
  1.603000E+04  3.42385759E-033
  1.622000E+04  3.24535258E-033
  1.641000E+04  3.07993637E-033
  1.660000E+04  2.92479546E-033
  1.679000E+04  2.77999924E-033
  1.698000E+04  2.64269428E-033
  1.718000E+04  2.50696754E-033
  1.738000E+04  2.38047644E-033
  1.758000E+04  2.26039521E-033
  1.778000E+04  2.14788090E-033
  1.799000E+04  2.03783532E-033
  1.820000E+04  1.93456886E-033
  1.841000E+04  1.83759313E-033
  1.862000E+04  1.74645919E-033
  1.884000E+04  1.65559810E-033
  1.906000E+04  1.57143215E-033
  1.928000E+04  1.49249825E-033
  1.950000E+04  1.41819229E-033
  1.972000E+04  1.34834491E-033
  1.995000E+04  1.28030488E-033
  2.018000E+04  1.21502975E-033
  2.042000E+04  1.15248333E-033
  2.065000E+04  1.09563913E-033
  2.089000E+04  1.04039409E-033
  2.114000E+04  9.86438520E-034
  2.138000E+04  9.37758179E-034
  2.163000E+04  8.89514622E-034
  2.188000E+04  8.44389171E-034
  2.213000E+04  8.02384579E-034
  2.239000E+04  7.61738687E-034
  2.265000E+04  7.23226038E-034
  2.291000E+04  6.86555466E-034
  2.317000E+04  6.52527526E-034
  2.344000E+04  6.19673293E-034
  2.371000E+04  5.88475729E-034
  2.399000E+04  5.58110516E-034
  2.427000E+04  5.29557407E-034
  2.455000E+04  5.03081771E-034
  2.483000E+04  4.77920300E-034
  2.512000E+04  4.53707749E-034
  2.541000E+04  4.30957919E-034
  2.570000E+04  4.09312459E-034
  2.600000E+04  3.88545358E-034
  2.630000E+04  3.69038773E-034
  2.661000E+04  3.49879507E-034
  2.692000E+04  3.32125478E-034
  2.723000E+04  3.15448828E-034
  2.754000E+04  2.99757123E-034
  2.786000E+04  2.84550223E-034
  2.818000E+04  2.70425235E-034
  2.851000E+04  2.56423120E-034
  2.884000E+04  2.43587770E-034
  2.917000E+04  2.31370663E-034
  2.951000E+04  2.19552122E-034
  2.985000E+04  2.08714238E-034
  3.020000E+04  1.96088712E-034
  3.055000E+04  1.74815195E-034
  3.090000E+04  1.46330094E-034
  3.126000E+04  1.17974716E-034
  3.162000E+04  9.45538320E-035
  3.199000E+04  7.62550366E-035
  3.236000E+04  6.25983509E-035
  3.273000E+04  5.22960401E-035
  3.311000E+04  4.42625874E-035
  3.350000E+04  3.78955889E-035
  3.388000E+04  3.29726596E-035
  3.428000E+04  2.88280917E-035
  3.467000E+04  2.55154534E-035
  3.508000E+04  2.26581936E-035
  3.548000E+04  2.03094350E-035
  3.589000E+04  1.82872183E-035
  3.631000E+04  1.65029332E-035
  3.673000E+04  1.49696141E-035
  3.715000E+04  1.36497549E-035
  3.758000E+04  1.24561738E-035
  3.802000E+04  1.13854940E-035
  3.846000E+04  1.04514849E-035
  3.890000E+04  9.61670249E-036
  3.936000E+04  8.84104113E-036
  3.981000E+04  8.16006519E-036
