# DH21 astrodust SED for Mathis ISRF, U = 1.585
# Enthalpy stage: S2
# columns: lambda[um]    lambda*I_lambda / N_H [erg s^-1 cm^-2 sr^-1 H^-1]
  1.000000E-04  0.00000000E+000
  1.007967E-04  0.00000000E+000
  1.016230E-04  0.00000000E+000
  1.033167E-04  0.00000000E+000
  1.078087E-04  0.00000000E+000
  1.127091E-04  0.00000000E+000
  1.180762E-04  0.00000000E+000
  1.239800E-04  0.00000000E+000
  1.271590E-04  0.00000000E+000
  1.305053E-04  0.00000000E+000
  1.340324E-04  0.00000000E+000
  1.377556E-04  0.00000000E+000
  1.416914E-04  0.00000000E+000
  1.458588E-04  0.00000000E+000
  1.475952E-04  0.00000000E+000
  1.484790E-04  0.00000000E+000
  1.484968E-04  0.00000000E+000
  1.485057E-04  0.00000000E+000
  1.485111E-04  0.00000000E+000
  1.485128E-04  0.00000000E+000
  1.485137E-04  0.00000000E+000
  1.485143E-04  0.00000000E+000
  1.485144E-04  0.00000000E+000
  1.485148E-04  0.00000000E+000
  1.485150E-04  0.00000000E+000
  1.485155E-04  0.00000000E+000
  1.485164E-04  0.00000000E+000
  1.485182E-04  0.00000000E+000
  1.485235E-04  0.00000000E+000
  1.485680E-04  0.00000000E+000
  1.486571E-04  0.00000000E+000
  1.493735E-04  0.00000000E+000
  1.549750E-04  0.00000000E+000
  1.599742E-04  0.00000000E+000
  1.653067E-04  0.00000000E+000
  1.710069E-04  0.00000000E+000
  1.733986E-04  0.00000000E+000
  1.738850E-04  0.00000000E+000
  1.740070E-04  0.00000000E+000
  1.740192E-04  0.00000000E+000
  1.740266E-04  0.00000000E+000
  1.740290E-04  0.00000000E+000
  1.740302E-04  0.00000000E+000
  1.740310E-04  0.00000000E+000
  1.740312E-04  0.00000000E+000
  1.740317E-04  0.00000000E+000
  1.740319E-04  0.00000000E+000
  1.740327E-04  0.00000000E+000
  1.740339E-04  0.00000000E+000
  1.740363E-04  0.00000000E+000
  1.740437E-04  0.00000000E+000
  1.740559E-04  0.00000000E+000
  1.741292E-04  0.00000000E+000
  1.743741E-04  0.00000000E+000
  1.746197E-04  0.00000000E+000
  1.771143E-04  0.00000000E+000
  1.836741E-04  0.00000000E+000
  1.907385E-04  0.00000000E+000
  1.983680E-04  0.00000000E+000
  2.066333E-04  0.00000000E+000
  2.137586E-04  0.00000000E+000
  2.213929E-04  0.00000000E+000
  2.295926E-04  0.00000000E+000
  2.384231E-04  0.00000000E+000
  2.479600E-04  0.00000000E+000
  2.582917E-04  0.00000000E+000
  2.695217E-04  0.00000000E+000
  2.817727E-04  0.00000000E+000
  2.951905E-04  0.00000000E+000
  3.023902E-04  0.00000000E+000
  3.061235E-04  0.00000000E+000
  3.065776E-04  0.00000000E+000
  3.066156E-04  0.00000000E+000
  3.066383E-04  0.00000000E+000
  3.066459E-04  0.00000000E+000
  3.066497E-04  0.00000000E+000
  3.066520E-04  0.00000000E+000
  3.066527E-04  0.00000000E+000
  3.066542E-04  0.00000000E+000
  3.066550E-04  0.00000000E+000
  3.066573E-04  0.00000000E+000
  3.066611E-04  0.00000000E+000
  3.066686E-04  0.00000000E+000
  3.066914E-04  0.00000000E+000
  3.067293E-04  0.00000000E+000
  3.099500E-04  0.00000000E+000
  3.178974E-04  0.00000000E+000
  3.262632E-04  0.00000000E+000
  3.350811E-04  0.00000000E+000
  3.443889E-04  0.00000000E+000
  3.542286E-04  0.00000000E+000
  3.646471E-04  0.00000000E+000
  3.756970E-04  0.00000000E+000
  3.874375E-04  0.00000000E+000
  3.999355E-04  0.00000000E+000
  4.132667E-04  0.00000000E+000
  4.275172E-04  0.00000000E+000
  4.427857E-04  0.00000000E+000
  4.508364E-04  0.00000000E+000
  4.591852E-04  0.00000000E+000
  4.678491E-04  0.00000000E+000
  4.768462E-04  0.00000000E+000
  4.861961E-04  0.00000000E+000
  4.959200E-04  0.00000000E+000
  4.999194E-04  0.00000000E+000
  5.003228E-04  0.00000000E+000
  5.004238E-04  0.00000000E+000
  5.004844E-04  0.00000000E+000
  5.005046E-04  0.00000000E+000
  5.005147E-04  0.00000000E+000
  5.005208E-04  0.00000000E+000
  5.005228E-04  0.00000000E+000
  5.005268E-04  0.00000000E+000
  5.005289E-04  0.00000000E+000
  5.005349E-04  0.00000000E+000
  5.005450E-04  0.00000000E+000
  5.005652E-04  0.00000000E+000
  5.006259E-04  0.00000000E+000
  5.007270E-04  0.00000000E+000
  5.019433E-04  0.00000000E+000
  5.060408E-04  0.00000000E+000
  5.165833E-04  0.00000000E+000
  5.275745E-04  0.00000000E+000
  5.390435E-04  0.00000000E+000
  5.510222E-04  0.00000000E+000
  5.635455E-04  0.00000000E+000
  6.047805E-04  0.00000000E+000
  6.199000E-04  0.00000000E+000
  6.525263E-04  0.00000000E+000
  6.594681E-04  0.00000000E+000
  6.665591E-04  0.00000000E+000
  6.701622E-04  0.00000000E+000
  6.708874E-04  0.00000000E+000
  6.712507E-04  0.00000000E+000
  6.714324E-04  0.00000000E+000
  6.715415E-04  0.00000000E+000
  6.715779E-04  0.00000000E+000
  6.715961E-04  0.00000000E+000
  6.716070E-04  0.00000000E+000
  6.716107E-04  0.00000000E+000
  6.716179E-04  0.00000000E+000
  6.716216E-04  0.00000000E+000
  6.716325E-04  0.00000000E+000
  6.716507E-04  0.00000000E+000
  6.716871E-04  0.00000000E+000
  6.717963E-04  0.00000000E+000
  6.719783E-04  0.00000000E+000
  6.723427E-04  0.00000000E+000
  6.738043E-04  0.00000000E+000
  6.887778E-04  0.00000000E+000
  7.084571E-04  0.00000000E+000
  7.292941E-04  0.00000000E+000
  7.513939E-04  0.00000000E+000
  7.748750E-04  0.00000000E+000
  7.896815E-04  0.00000000E+000
  7.906888E-04  0.00000000E+000
  7.909410E-04  0.00000000E+000
  7.910419E-04  0.00000000E+000
  7.910924E-04  0.00000000E+000
  7.911176E-04  0.00000000E+000
  7.911328E-04  0.00000000E+000
  7.911378E-04  0.00000000E+000
  7.911984E-04  0.00000000E+000
  7.912035E-04  0.00000000E+000
  7.912186E-04  0.00000000E+000
  7.912439E-04  0.00000000E+000
  7.912944E-04  0.00000000E+000
  7.914459E-04  0.00000000E+000
  7.916986E-04  0.00000000E+000
  7.922045E-04  0.00000000E+000
  7.998710E-04  0.00000000E+000
  8.265333E-04  0.00000000E+000
  8.550345E-04  0.00000000E+000
  8.855714E-04  0.00000000E+000
  9.183704E-04  0.00000000E+000
  9.321805E-04  0.00000000E+000
  9.356981E-04  0.00000000E+000
  9.385314E-04  0.00000000E+000
  9.428137E-04  0.00000000E+000
  9.449695E-04  0.00000000E+000
  9.453298E-04  0.00000000E+000
  9.455461E-04  0.00000000E+000
  9.456182E-04  0.00000000E+000
  9.456542E-04  0.00000000E+000
  9.456759E-04  0.00000000E+000
  9.456831E-04  0.00000000E+000
  9.456975E-04  0.00000000E+000
  9.457047E-04  0.00000000E+000
  9.457264E-04  0.00000000E+000
  9.457625E-04  0.00000000E+000
  9.458346E-04  0.00000000E+000
  9.460511E-04  0.00000000E+000
  9.464122E-04  0.00000000E+000
  9.500383E-04  0.00000000E+000
  9.536923E-04  0.00000000E+000
  9.918400E-04  0.00000000E+000
  1.033167E-03  0.00000000E+000
  1.078087E-03  0.00000000E+000
  1.127091E-03  0.00000000E+000
  1.147963E-03  0.00000000E+000
  1.169623E-03  0.00000000E+000
  1.192115E-03  0.00000000E+000
  1.203689E-03  0.00000000E+000
  1.209561E-03  0.00000000E+000
  1.210151E-03  0.00000000E+000
  1.210506E-03  0.00000000E+000
  1.210624E-03  0.00000000E+000
  1.210683E-03  0.00000000E+000
  1.210719E-03  0.00000000E+000
  1.210730E-03  0.00000000E+000
  1.210754E-03  0.00000000E+000
  1.210766E-03  0.00000000E+000
  1.210801E-03  0.00000000E+000
  1.210860E-03  0.00000000E+000
  1.210979E-03  0.00000000E+000
  1.211334E-03  0.00000000E+000
  1.211926E-03  0.00000000E+000
  1.215490E-03  0.00000000E+000
  1.239800E-03  0.00000000E+000
  1.265102E-03  0.00000000E+000
  1.291458E-03  0.00000000E+000
  1.318936E-03  0.00000000E+000
  1.347609E-03  0.00000000E+000
  1.377556E-03  0.00000000E+000
  1.408864E-03  0.00000000E+000
  1.413683E-03  0.00000000E+000
  1.414489E-03  0.00000000E+000
  1.414974E-03  0.00000000E+000
  1.415135E-03  0.00000000E+000
  1.415216E-03  0.00000000E+000
  1.415264E-03  0.00000000E+000
  1.415281E-03  0.00000000E+000
  1.415313E-03  0.00000000E+000
  1.415329E-03  0.00000000E+000
  1.415378E-03  0.00000000E+000
  1.415458E-03  0.00000000E+000
  1.415620E-03  0.00000000E+000
  1.416105E-03  0.00000000E+000
  1.416914E-03  0.00000000E+000
  1.425057E-03  0.00000000E+000
  1.441628E-03  0.00000000E+000
  1.444988E-03  0.00000000E+000
  1.445831E-03  0.00000000E+000
  1.446337E-03  0.00000000E+000
  1.446506E-03  0.00000000E+000
  1.446590E-03  0.00000000E+000
  1.446641E-03  0.00000000E+000
  1.446658E-03  0.00000000E+000
  1.446691E-03  0.00000000E+000
  1.446708E-03  0.00000000E+000
  1.446759E-03  0.00000000E+000
  1.446843E-03  0.00000000E+000
  1.447012E-03  0.00000000E+000
  1.447519E-03  0.00000000E+000
  1.448364E-03  0.00000000E+000
  1.458588E-03  0.00000000E+000
  1.475952E-03  0.00000000E+000
  1.511951E-03  0.00000000E+000
  1.549750E-03  0.00000000E+000
  1.589487E-03  0.00000000E+000
  1.631316E-03  0.00000000E+000
  1.653067E-03  0.00000000E+000
  1.675405E-03  0.00000000E+000
  1.686803E-03  0.00000000E+000
  1.698356E-03  0.00000000E+000
  1.703022E-03  0.00000000E+000
  1.707713E-03  0.00000000E+000
  1.710069E-03  0.00000000E+000
  1.711249E-03  0.00000000E+000
  1.711958E-03  0.00000000E+000
  1.712194E-03  0.00000000E+000
  1.712313E-03  0.00000000E+000
  1.712384E-03  0.00000000E+000
  1.712407E-03  0.00000000E+000
  1.712455E-03  0.00000000E+000
  1.712478E-03  0.00000000E+000
  1.712549E-03  0.00000000E+000
  1.712667E-03  0.00000000E+000
  1.712904E-03  0.00000000E+000
  1.713614E-03  0.00000000E+000
  1.714799E-03  0.00000000E+000
  1.717175E-03  0.00000000E+000
  1.721944E-03  0.00000000E+000
  1.746197E-03  0.00000000E+000
  1.771143E-03  0.00000000E+000
  1.823235E-03  0.00000000E+000
  1.878485E-03  0.00000000E+000
  1.937188E-03  0.00000000E+000
  1.999677E-03  0.00000000E+000
  2.066333E-03  0.00000000E+000
  2.137586E-03  0.00000000E+000
  2.213929E-03  0.00000000E+000
  2.254182E-03  0.00000000E+000
  2.274862E-03  0.00000000E+000
  2.287454E-03  0.00000000E+000
  2.295926E-03  0.00000000E+000
  2.300186E-03  0.00000000E+000
  2.302321E-03  0.00000000E+000
  2.303605E-03  0.00000000E+000
  2.304033E-03  0.00000000E+000
  2.304247E-03  0.00000000E+000
  2.304375E-03  0.00000000E+000
  2.304418E-03  0.00000000E+000
  2.304504E-03  0.00000000E+000
  2.304547E-03  0.00000000E+000
  2.304675E-03  0.00000000E+000
  2.304889E-03  0.00000000E+000
  2.305318E-03  0.00000000E+000
  2.306605E-03  0.00000000E+000
  2.308752E-03  0.00000000E+000
  2.313060E-03  0.00000000E+000
  2.317383E-03  0.00000000E+000
  2.339245E-03  0.00000000E+000
  2.361524E-03  0.00000000E+000
  2.384231E-03  0.00000000E+000
  2.479600E-03  0.00000000E+000
  2.582917E-03  0.00000000E+000
  2.695217E-03  0.00000000E+000
  2.755111E-03  0.00000000E+000
  2.786067E-03  0.00000000E+000
  2.798646E-03  0.00000000E+000
  2.800542E-03  0.00000000E+000
  2.801175E-03  0.00000000E+000
  2.801491E-03  0.00000000E+000
  2.801681E-03  0.00000000E+000
  2.801745E-03  0.00000000E+000
  2.801871E-03  0.00000000E+000
  2.801935E-03  0.00000000E+000
  2.802125E-03  0.00000000E+000
  2.802441E-03  0.00000000E+000
  2.803075E-03  0.00000000E+000
  2.804977E-03  0.00000000E+000
  2.817727E-03  0.00000000E+000
  2.951905E-03  0.00000000E+000
  3.099500E-03  0.00000000E+000
  3.178974E-03  0.00000000E+000
  3.262632E-03  0.00000000E+000
  3.350811E-03  0.00000000E+000
  3.443889E-03  0.00000000E+000
  3.492394E-03  0.00000000E+000
  3.502260E-03  0.00000000E+000
  3.512181E-03  0.00000000E+000
  3.517163E-03  0.00000000E+000
  3.518161E-03  0.00000000E+000
  3.518660E-03  0.00000000E+000
  3.518960E-03  0.00000000E+000
  3.519060E-03  0.00000000E+000
  3.519260E-03  0.00000000E+000
  3.519360E-03  0.00000000E+000
  3.519659E-03  0.00000000E+000
  3.520159E-03  0.00000000E+000
  3.521159E-03  0.00000000E+000
  3.522159E-03  0.00000000E+000
  3.532194E-03  0.00000000E+000
  3.542286E-03  0.00000000E+000
  3.593623E-03  0.00000000E+000
  3.646471E-03  0.00000000E+000
  3.874375E-03  0.00000000E+000
  4.132667E-03  0.00000000E+000
  4.202712E-03  0.00000000E+000
  4.231399E-03  0.00000000E+000
  4.245890E-03  0.00000000E+000
  4.253173E-03  0.00000000E+000
  4.257555E-03  0.00000000E+000
  4.259018E-03  0.00000000E+000
  4.259749E-03  0.00000000E+000
  4.260188E-03  0.00000000E+000
  4.260335E-03  0.00000000E+000
  4.260628E-03  0.00000000E+000
  4.260774E-03  0.00000000E+000
  4.261213E-03  0.00000000E+000
  4.261946E-03  0.00000000E+000
  4.263411E-03  0.00000000E+000
  4.267814E-03  0.00000000E+000
  4.275172E-03  0.00000000E+000
  4.289965E-03  0.00000000E+000
  4.427857E-03  0.00000000E+000
  4.591852E-03  0.00000000E+000
  4.768462E-03  0.00000000E+000
  4.959200E-03  0.00000000E+000
  5.165833E-03  0.00000000E+000
  5.209244E-03  0.00000000E+000
  5.253390E-03  0.00000000E+000
  5.264544E-03  0.00000000E+000
  5.271259E-03  0.00000000E+000
  5.273501E-03  0.00000000E+000
  5.274622E-03  0.00000000E+000
  5.275296E-03  0.00000000E+000
  5.275520E-03  0.00000000E+000
  5.276194E-03  0.00000000E+000
  5.278440E-03  0.00000000E+000
  5.279114E-03  0.00000000E+000
  5.280239E-03  0.00000000E+000
  5.286994E-03  0.00000000E+000
  5.298291E-03  0.00000000E+000
  5.390435E-03  0.00000000E+000
  5.635455E-03  0.00000000E+000
  5.903810E-03  0.00000000E+000
  6.199000E-03  0.00000000E+000
  6.525263E-03  3.40226462E-313
  6.887778E-03  2.33947519E-298
  7.084571E-03  6.11038711E-291
  7.208140E-03  1.72053879E-286
  7.250292E-03  5.23139102E-285
  7.271554E-03  2.88388774E-284
  7.284371E-03  8.03694956E-284
  7.288654E-03  1.13057372E-283
  7.290797E-03  1.34098996E-283
  7.292083E-03  1.48488488E-283
  7.292512E-03  1.53738111E-283
  7.293370E-03  1.54475804E-283
  7.293799E-03  1.59942913E-283
  7.295087E-03  1.77118487E-283
  7.297234E-03  2.10096294E-283
  7.301531E-03  2.95648927E-283
  7.314454E-03  8.23634216E-283
  7.336095E-03  4.54646303E-282
  7.379762E-03  1.38208452E-280
  7.513939E-03  3.88758240E-276
  7.748750E-03  1.00725526E-268
  7.846835E-03  9.29496635E-266
  7.896815E-03  2.82144430E-264
  7.922045E-03  1.55473858E-263
  7.937260E-03  4.32915103E-263
  7.942345E-03  6.09073521E-263
  7.944889E-03  7.22218672E-263
  7.946417E-03  8.00204491E-263
  7.946926E-03  8.27829404E-263
  7.947945E-03  8.61612757E-263
  7.948455E-03  8.91403871E-263
  7.949984E-03  9.87778977E-263
  7.952534E-03  1.17137865E-262
  7.957638E-03  1.64849860E-262
  7.972990E-03  4.59045874E-262
  7.998710E-03  2.52958744E-261
  8.265333E-03  6.51567125E-254
  8.855714E-03  4.26480816E-239
  9.536923E-03  2.72984174E-224
  9.762205E-03  7.50888319E-220
  9.839683E-03  2.26614816E-218
  9.855326E-03  4.47975053E-218
  9.863166E-03  6.29600391E-218
  9.867091E-03  7.46971603E-218
  9.869448E-03  8.26918171E-218
  9.870233E-03  8.56037056E-218
  9.871805E-03  9.13994473E-218
  9.872591E-03  9.46206235E-218
  9.874950E-03  1.04744709E-217
  9.878884E-03  1.24175120E-217
  9.886762E-03  1.74653504E-217
  9.902556E-03  3.45246069E-217
  9.910472E-03  4.85219073E-217
  9.914434E-03  5.75642950E-217
  9.916813E-03  6.37231337E-217
  9.917607E-03  6.59706127E-217
  9.919194E-03  7.05433485E-217
  9.919987E-03  7.29724146E-217
  9.922369E-03  8.08413868E-217
  9.926341E-03  9.58365138E-217
  9.934295E-03  1.34789569E-216
  9.958233E-03  3.74415457E-216
  9.998387E-03  2.05541888E-215
  1.033167E-02  1.69538824E-209
  1.078087E-02  4.17424364E-202
  1.127091E-02  1.01803880E-194
  1.147963E-02  9.14499414E-192
  1.158692E-02  2.73653948E-190
  1.164131E-02  1.49636055E-189
  1.167420E-02  4.14400402E-189
  1.168520E-02  5.80890428E-189
  1.169071E-02  6.88237883E-189
  1.169402E-02  7.62163939E-189
  1.169512E-02  7.88720289E-189
  1.169733E-02  7.19386623E-189
  1.169843E-02  7.44505147E-189
  1.170175E-02  8.24692229E-189
  1.170727E-02  9.77702935E-189
  1.171834E-02  1.37760568E-188
  1.175166E-02  3.82973360E-188
  1.180762E-02  2.10346839E-187
  1.186411E-02  1.15404518E-186
  1.189827E-02  3.20484137E-186
  1.190970E-02  4.50179157E-186
  1.191543E-02  5.34134140E-186
  1.191886E-02  5.91380287E-186
  1.192001E-02  6.11786596E-186
  1.192230E-02  6.44807111E-186
  1.192345E-02  6.67044058E-186
  1.192689E-02  7.38657228E-186
  1.193263E-02  8.75743048E-186
  1.194412E-02  1.23146183E-185
  1.197874E-02  3.42128750E-185
  1.203689E-02  1.87627061E-184
  1.215490E-02  5.64486722E-183
  1.239800E-02  5.10409817E-180
  1.265102E-02  4.60681507E-177
  1.291458E-02  4.14954983E-174
  1.305053E-02  1.24470408E-172
  1.311958E-02  6.81495676E-172
  1.317535E-02  2.65411619E-171
  1.318235E-02  3.14455198E-171
  1.318656E-02  3.48323738E-171
  1.318796E-02  3.60257191E-171
  1.319076E-02  3.75728630E-171
  1.319217E-02  3.88687393E-171
  1.319638E-02  4.30494227E-171
  1.320341E-02  5.10429033E-171
  1.333118E-02  1.08938779E-169
  1.377556E-02  2.92987941E-165
  1.458588E-02  6.99226421E-158
  1.493735E-02  6.22335897E-155
  1.502788E-02  3.39862504E-154
  1.510110E-02  1.32117558E-153
  1.511030E-02  1.56503177E-153
  1.511583E-02  1.73333294E-153
  1.511767E-02  1.79322090E-153
  1.512136E-02  1.91620366E-153
  1.512320E-02  1.98236515E-153
  1.512874E-02  2.19478429E-153
  1.513797E-02  2.59970819E-153
  1.515648E-02  3.65104413E-153
  1.530617E-02  5.51487459E-152
  1.538213E-02  2.14332387E-151
  1.540124E-02  3.00831291E-151
  1.541081E-02  3.56436918E-151
  1.541656E-02  3.94587802E-151
  1.541848E-02  4.08253635E-151
  1.542232E-02  4.32877975E-151
  1.542423E-02  4.47781118E-151
  1.542999E-02  4.95710383E-151
  1.543960E-02  5.87613309E-151
  1.545885E-02  8.25003208E-151
  1.549750E-02  1.62684282E-150
  1.569367E-02  4.84450165E-149
  1.653067E-02  3.77848092E-143
  1.771143E-02  8.61215258E-136
  1.864361E-02  1.20112743E-130
  1.872810E-02  3.31103976E-130
  1.875643E-02  4.63973151E-130
  1.877063E-02  5.48654010E-130
  1.877916E-02  6.07261463E-130
  1.878200E-02  6.28071247E-130
  1.878770E-02  6.39655182E-130
  1.879054E-02  6.61561934E-130
  1.879909E-02  7.31928044E-130
  1.881335E-02  8.67937946E-130
  1.884195E-02  1.21733295E-129
  1.892824E-02  3.35321833E-129
  2.066333E-02  3.81093004E-121
  2.213929E-02  2.70182159E-115
  2.233874E-02  1.45384680E-114
  2.250091E-02  5.58006789E-114
  2.254182E-02  7.81036854E-114
  2.256233E-02  9.22679422E-114
  2.257465E-02  1.02071176E-113
  2.257877E-02  1.05542988E-113
  2.258699E-02  1.07837611E-113
  2.259111E-02  1.11543634E-113
  2.260346E-02  1.23456815E-113
  2.262409E-02  1.46562042E-113
  2.266545E-02  2.05665785E-113
  2.274862E-02  4.04571219E-113
  2.295926E-02  2.19464055E-112
  2.479600E-02  1.62166377E-106
  2.530204E-02  4.73868189E-105
  2.556289E-02  2.56103135E-104
  2.561570E-02  3.58880867E-104
  2.564219E-02  4.24838133E-104
  2.565811E-02  4.70143202E-104
  2.566342E-02  4.86448067E-104
  2.567405E-02  5.19912713E-104
  2.567937E-02  5.37582805E-104
  2.569534E-02  5.94920204E-104
  2.572199E-02  7.04093119E-104
  2.577547E-02  9.86774912E-104
  2.582917E-02  1.38281600E-103
  2.755111E-02  3.42022233E-099
  3.099500E-02  6.98712643E-092
  3.542286E-02  1.36091271E-084
  3.593623E-02  7.26018406E-084
  3.598839E-02  8.57443414E-084
  3.599884E-02  8.87302169E-084
  3.601976E-02  9.42584600E-084
  3.603022E-02  9.74070613E-084
  3.625146E-02  1.97104127E-083
  3.646471E-02  3.85252863E-083
  3.756970E-02  1.09537346E-081
  3.874375E-02  3.10455330E-080
  3.999355E-02  8.77242350E-079
  4.132667E-02  2.46997798E-077
  4.275172E-02  6.93324252E-076
  4.334965E-02  2.62815269E-075
  4.350175E-02  3.66725430E-075
  4.351702E-02  3.79253429E-075
  4.354759E-02  4.05221221E-075
  4.356290E-02  4.19069997E-075
  4.427857E-02  1.93918902E-074
  4.591852E-02  5.40842799E-073
  4.768462E-02  1.50374470E-071
  4.959200E-02  4.17654392E-070
  5.165833E-02  1.16057389E-068
  5.390435E-02  3.24909635E-067
  5.635455E-02  9.55158201E-066
  5.766512E-02  5.77271924E-065
  5.815197E-02  1.07452092E-064
  5.817926E-02  1.11215221E-064
  5.823391E-02  1.19166123E-064
  5.826128E-02  1.23307226E-064
  5.903810E-02  3.21391716E-064
  6.199000E-02  9.17654374E-063
  6.387429E-02  6.39480369E-062
  6.390722E-02  6.60899243E-062
  6.397317E-02  7.05406366E-062
  6.400620E-02  7.29168609E-062
  6.525263E-02  2.43630126E-061
  6.887778E-02  6.16474077E-060
  7.084571E-02  3.05685795E-059
  7.284371E-02  1.41073381E-058
  7.288654E-02  1.45605651E-058
  7.297234E-02  1.55125317E-058
  7.301531E-02  1.60120966E-058
  7.513939E-02  7.34932836E-058
  7.748750E-02  3.56877604E-057
  7.998710E-02  1.72322094E-056
  8.161949E-02  4.56489219E-056
  8.167325E-02  4.71211233E-056
  8.178100E-02  5.01688229E-056
  8.183498E-02  5.17599104E-056
  8.264782E-02  8.26576755E-056
  8.265884E-02  8.31654162E-056
  8.550345E-02  3.97837869E-055
  8.855714E-02  1.89991380E-054
  9.119088E-02  6.72422423E-054
  9.120000E-02  6.75291533E-054
  9.226000E-02  1.10160359E-053
  9.332000E-02  1.77895563E-053
  9.441000E-02  2.88606557E-053
  9.550000E-02  4.64469746E-053
  9.661000E-02  7.48330307E-053
  9.772000E-02  1.19932601E-052
  9.886000E-02  1.93961985E-052
  1.000000E-01  3.12996822E-052
  1.012000E-01  5.17902892E-052
  1.023000E-01  8.23102800E-052
  1.035000E-01  1.37009520E-051
  1.047000E-01  2.29302226E-051
  1.059000E-01  3.86261371E-051
  1.072000E-01  6.84592898E-051
  1.084000E-01  1.16840428E-050
  1.097000E-01  2.09542503E-050
  1.109000E-01  3.60385181E-050
  1.122000E-01  6.49232293E-050
  1.135000E-01  1.16902422E-049
  1.148000E-01  2.09944019E-049
  1.161000E-01  3.74519049E-049
  1.175000E-01  6.91790083E-049
  1.189000E-01  1.26484097E-048
  1.202000E-01  2.19346771E-048
  1.216000E-01  3.92284543E-048
  1.230000E-01  6.93219049E-048
  1.244000E-01  1.21091573E-047
  1.259000E-01  2.17328469E-047
  1.274000E-01  3.84475537E-047
  1.288000E-01  6.46428205E-047
  1.303000E-01  1.11291326E-046
  1.318000E-01  1.89249243E-046
  1.333000E-01  3.17408620E-046
  1.349000E-01  5.42423011E-046
  1.365000E-01  9.12779662E-046
  1.380000E-01  1.46449992E-045
  1.396000E-01  2.37496553E-045
  1.412000E-01  3.79581129E-045
  1.429000E-01  6.14869215E-045
  1.445000E-01  9.53450370E-045
  1.462000E-01  1.49481324E-044
  1.479000E-01  2.30717090E-044
  1.496000E-01  3.51468810E-044
  1.514000E-01  5.40777956E-044
  1.531000E-01  8.00586788E-044
  1.549000E-01  1.19379683E-043
  1.567000E-01  1.76425958E-043
  1.585000E-01  2.57855161E-043
  1.603000E-01  3.72588235E-043
  1.622000E-01  5.43199371E-043
  1.641000E-01  7.82255446E-043
  1.660000E-01  1.12229059E-042
  1.679000E-01  1.61499878E-042
  1.698000E-01  2.30774361E-042
  1.718000E-01  3.33737442E-042
  1.738000E-01  4.79933567E-042
  1.758000E-01  6.87384850E-042
  1.778000E-01  9.72978129E-042
  1.799000E-01  1.37054107E-041
  1.820000E-01  1.91510112E-041
  1.841000E-01  2.65758124E-041
  1.862000E-01  3.66553752E-041
  1.884000E-01  5.10874151E-041
  1.905000E-01  6.98777145E-041
  1.928000E-01  1.00793558E-040
  1.950000E-01  1.43068777E-040
  1.972000E-01  2.02549732E-040
  1.995000E-01  2.90642783E-040
  2.018000E-01  4.16118404E-040
  2.042000E-01  6.03631524E-040
  2.065000E-01  8.60167127E-040
  2.089000E-01  1.21491406E-039
  2.113000E-01  1.70092211E-039
  2.138000E-01  2.39598828E-039
  2.163000E-01  3.34870097E-039
  2.188000E-01  4.64506002E-039
  2.213000E-01  6.39642541E-039
  2.239000E-01  8.85621772E-039
  2.265000E-01  1.21719561E-038
  2.291000E-01  1.66145327E-038
  2.317000E-01  2.25270848E-038
  2.344000E-01  3.06803290E-038
  2.371000E-01  4.14903297E-038
  2.399000E-01  5.62966873E-038
  2.427000E-01  7.58276582E-038
  2.455000E-01  1.01449211E-037
  2.483000E-01  1.34815307E-037
  2.512000E-01  1.79843343E-037
  2.541000E-01  2.38268780E-037
  2.570000E-01  3.13565813E-037
  2.600000E-01  4.13783826E-037
  2.630000E-01  5.42352405E-037
  2.661000E-01  7.12514486E-037
  2.691000E-01  9.21852581E-037
  2.723000E-01  1.20553631E-036
  2.754000E-01  1.55340235E-036
  2.786000E-01  2.00530460E-036
  2.818000E-01  2.57314996E-036
  2.851000E-01  3.30620060E-036
  2.884000E-01  4.22254437E-036
  2.917000E-01  5.36162257E-036
  2.951000E-01  6.81559620E-036
  2.985000E-01  8.61573718E-036
  3.020000E-01  1.09005879E-035
  3.055000E-01  1.37133750E-035
  3.090000E-01  1.71565486E-035
  3.126000E-01  2.14797002E-035
  3.162000E-01  2.67456934E-035
  3.199000E-01  3.33305901E-035
  3.236000E-01  4.13099982E-035
  3.273000E-01  5.09260966E-035
  3.311000E-01  6.28237994E-035
  3.350000E-01  7.75180936E-035
  3.388000E-01  9.46600661E-035
  3.428000E-01  1.16227869E-034
  3.467000E-01  1.41282758E-034
  3.507000E-01  1.71779971E-034
  3.548000E-01  2.08853857E-034
  3.589000E-01  2.52713004E-034
  3.631000E-01  3.05779916E-034
  3.673000E-01  3.68197883E-034
  3.715000E-01  4.41458695E-034
  3.758000E-01  5.29132944E-034
  3.802000E-01  6.34143465E-034
  3.846000E-01  7.56476369E-034
  3.891000E-01  9.02142172E-034
  3.936000E-01  1.07134826E-033
  3.981000E-01  1.26675686E-033
  4.027000E-01  1.49731661E-033
  4.074000E-01  1.76879382E-033
  4.121000E-01  2.08084355E-033
  4.169000E-01  2.44678705E-033
  4.217000E-01  2.86576477E-033
  4.266000E-01  3.35441733E-033
  4.315000E-01  3.91144381E-033
  4.365000E-01  4.55681047E-033
  4.416000E-01  5.30594984E-033
  4.467000E-01  6.15491059E-033
  4.519000E-01  7.13337157E-033
  4.571000E-01  8.23855636E-033
  4.624000E-01  9.50567538E-033
  4.677000E-01  1.09314614E-032
  4.732000E-01  1.25905937E-032
  4.786000E-01  1.44153082E-032
  4.842000E-01  1.65323136E-032
  4.898000E-01  1.88944926E-032
  4.954000E-01  2.15241497E-032
  5.012000E-01  2.45510863E-032
  5.070000E-01  2.79177131E-032
  5.129000E-01  3.17110813E-032
  5.188000E-01  3.59047492E-032
  5.248000E-01  4.06097696E-032
  5.309000E-01  4.58872270E-032
  5.370000E-01  5.16911656E-032
  5.433000E-01  5.82837349E-032
  5.495000E-01  6.54011820E-032
  5.559000E-01  7.34404338E-032
  5.623000E-01  8.22377131E-032
  5.688000E-01  9.19906967E-032
  5.754000E-01  1.02787680E-031
  5.821000E-01  1.14723021E-031
  5.888000E-01  1.27695646E-031
  5.957000E-01  1.42198920E-031
  6.026000E-01  1.57912095E-031
  6.095000E-01  1.74919564E-031
  6.166000E-01  1.93811901E-031
  6.237000E-01  2.14158648E-031
  6.310000E-01  2.36753685E-031
  6.383000E-01  2.61014629E-031
  6.457000E-01  2.87431517E-031
  6.531000E-01  3.15758463E-031
  6.607000E-01  3.46980155E-031
  6.683000E-01  3.80414738E-031
  6.761000E-01  4.17058352E-031
  6.839000E-01  4.56204073E-031
  6.918000E-01  4.98421076E-031
  6.998000E-01  5.43964067E-031
  7.079000E-01  5.92945555E-031
  7.161000E-01  6.45596152E-031
  7.244000E-01  7.02287674E-031
  7.328000E-01  7.62890669E-031
  7.413000E-01  8.27770650E-031
  7.499000E-01  8.97136694E-031
  7.586000E-01  9.71272584E-031
  7.674000E-01  1.05025454E-030
  7.763000E-01  1.13445335E-030
  7.852000E-01  1.22310124E-030
  7.943000E-01  1.31818657E-030
  8.035000E-01  1.41920543E-030
  8.128000E-01  1.52610386E-030
  8.222000E-01  1.63910698E-030
  8.318000E-01  1.75981794E-030
  8.414000E-01  1.88606869E-030
  8.511000E-01  2.01902638E-030
  8.610000E-01  2.16063769E-030
  8.710000E-01  2.30947292E-030
  8.810000E-01  2.46485199E-030
  8.913000E-01  2.63077961E-030
  9.016000E-01  2.80352536E-030
  9.120000E-01  2.98494860E-030
  9.226000E-01  3.17606956E-030
  9.333000E-01  3.37664768E-030
  9.441000E-01  3.58523879E-030
  9.550000E-01  3.80364002E-030
  9.661000E-01  4.03260537E-030
  9.772000E-01  4.26726766E-030
  9.886000E-01  4.50868287E-030
  1.000000E+00  4.76283203E-030
  1.012000E+00  5.06538047E-030
  1.023000E+00  5.35311016E-030
  1.035000E+00  5.67759418E-030
  1.047000E+00  6.01486943E-030
  1.059000E+00  6.36371230E-030
  1.071000E+00  6.72373435E-030
  1.084000E+00  7.12905431E-030
  1.097000E+00  7.54745388E-030
  1.109000E+00  7.94621392E-030
  1.122000E+00  8.39240236E-030
  1.135000E+00  8.85372703E-030
  1.148000E+00  9.32811433E-030
  1.161000E+00  9.81768389E-030
  1.175000E+00  1.03599361E-029
  1.189000E+00  1.09189101E-029
  1.202000E+00  1.14492515E-029
  1.216000E+00  1.20358694E-029
  1.230000E+00  1.26349236E-029
  1.245000E+00  1.32910699E-029
  1.259000E+00  1.39140226E-029
  1.273000E+00  1.45459466E-029
  1.288000E+00  1.52362234E-029
  1.303000E+00  1.59347225E-029
  1.318000E+00  1.66449276E-029
  1.334000E+00  1.74156036E-029
  1.349000E+00  1.81433543E-029
  1.365000E+00  1.89322860E-029
  1.380000E+00  1.96786055E-029
  1.396000E+00  2.04850661E-029
  1.413000E+00  2.13524080E-029
  1.429000E+00  2.21763586E-029
  1.445000E+00  2.30056064E-029
  1.462000E+00  2.38948454E-029
  1.479000E+00  2.47920501E-029
  1.496000E+00  2.56982331E-029
  1.514000E+00  2.66649962E-029
  1.531000E+00  2.75898664E-029
  1.549000E+00  2.85730428E-029
  1.567000E+00  2.95601517E-029
  1.585000E+00  3.05576327E-029
  1.603000E+00  3.15677947E-029
  1.622000E+00  3.26383464E-029
  1.641000E+00  3.37176114E-029
  1.660000E+00  3.48089718E-029
  1.679000E+00  3.59096416E-029
  1.698000E+00  3.70198133E-029
  1.718000E+00  3.82001947E-029
  1.738000E+00  3.93950280E-029
  1.758000E+00  4.05989494E-029
  1.778000E+00  4.18218299E-029
  1.799000E+00  4.31175733E-029
  1.820000E+00  4.44302389E-029
  1.841000E+00  4.57599232E-029
  1.862000E+00  4.71057352E-029
  1.884000E+00  4.85364298E-029
  1.906000E+00  4.99818471E-029
  1.928000E+00  5.14529492E-029
  1.950000E+00  5.29429388E-029
  1.972000E+00  5.44495190E-029
  1.995000E+00  5.60451864E-029
  2.018000E+00  5.76600012E-029
  2.042000E+00  5.93688349E-029
  2.065000E+00  6.10224273E-029
  2.089000E+00  6.27617379E-029
  2.114000E+00  6.45882923E-029
  2.138000E+00  6.63464529E-029
  2.163000E+00  6.81928024E-029
  2.188000E+00  7.00272712E-029
  2.213000E+00  7.18796322E-029
  2.239000E+00  7.37907626E-029
  2.265000E+00  7.57073131E-029
  2.291000E+00  7.76256966E-029
  2.317000E+00  7.95400663E-029
  2.344000E+00  8.15129429E-029
  2.371000E+00  8.35547770E-029
  2.399000E+00  8.56532755E-029
  2.427000E+00  8.77396240E-029
  2.455000E+00  8.98046856E-029
  2.483000E+00  9.18542339E-029
  2.512000E+00  9.40452272E-029
  2.541000E+00  9.62085890E-029
  2.570000E+00  9.83496649E-029
  2.600000E+00  1.00637926E-028
  2.630000E+00  1.02895475E-028
  2.661000E+00  1.05299287E-028
  2.691000E+00  1.07507494E-028
  2.723000E+00  1.10023824E-028
  2.754000E+00  1.12342931E-028
  2.786000E+00  1.14797312E-028
  2.818000E+00  1.17316590E-028
  2.851000E+00  1.19869277E-028
  2.884000E+00  1.22493803E-028
  2.917000E+00  1.25074713E-028
  2.951000E+00  1.27785645E-028
  2.985000E+00  1.30459552E-028
  3.020000E+00  1.33249919E-028
  3.055000E+00  1.35903137E-028
  3.090000E+00  1.38407669E-028
  3.126000E+00  1.40941599E-028
  3.162000E+00  1.43236867E-028
  3.199000E+00  1.45558797E-028
  3.236000E+00  1.47760845E-028
  3.273000E+00  1.49863363E-028
  3.311000E+00  1.52309936E-028
  3.350000E+00  1.58209207E-028
  3.388000E+00  1.68319959E-028
  3.428000E+00  1.70059203E-028
  3.467000E+00  1.71388019E-028
  3.507000E+00  1.69008052E-028
  3.548000E+00  1.67812487E-028
  3.589000E+00  1.65005039E-028
  3.631000E+00  1.64664802E-028
  3.673000E+00  1.65922609E-028
  3.715000E+00  1.67275184E-028
  3.758000E+00  1.68578846E-028
  3.802000E+00  1.69971850E-028
  3.846000E+00  1.71405758E-028
  3.891000E+00  1.72745213E-028
  3.935000E+00  1.74100960E-028
  3.981000E+00  1.75577260E-028
  4.027000E+00  1.77010303E-028
  4.074000E+00  1.78442596E-028
  4.121000E+00  1.79928733E-028
  4.169000E+00  1.81400413E-028
  4.217000E+00  1.82926860E-028
  4.266000E+00  1.84539222E-028
  4.315000E+00  1.86104361E-028
  4.365000E+00  1.87768201E-028
  4.416000E+00  1.89403737E-028
  4.467000E+00  1.91101948E-028
  4.519000E+00  1.92870997E-028
  4.571000E+00  1.94602374E-028
  4.624000E+00  1.96416566E-028
  4.677000E+00  1.98164166E-028
  4.732000E+00  2.00025527E-028
  4.786000E+00  2.01801488E-028
  4.842000E+00  2.03590941E-028
  4.898000E+00  2.05419549E-028
  4.955000E+00  2.07213512E-028
  5.012000E+00  2.08954862E-028
  5.070000E+00  2.10670755E-028
  5.129000E+00  2.12376166E-028
  5.188000E+00  2.14016426E-028
  5.248000E+00  2.15629055E-028
  5.309000E+00  2.17231305E-028
  5.370000E+00  2.18764611E-028
  5.432000E+00  2.20289061E-028
  5.495000E+00  2.21883169E-028
  5.559000E+00  2.23369575E-028
  5.623000E+00  2.24788804E-028
  5.688000E+00  2.26214077E-028
  5.754000E+00  2.27597275E-028
  5.821000E+00  2.28874226E-028
  5.888000E+00  2.30215897E-028
  5.957000E+00  2.31547859E-028
  6.026000E+00  2.32852549E-028
  6.095000E+00  2.34020599E-028
  6.166000E+00  2.35306251E-028
  6.237000E+00  2.36457010E-028
  6.310000E+00  2.37613750E-028
  6.383000E+00  2.38766325E-028
  6.457000E+00  2.39911457E-028
  6.531000E+00  2.40943715E-028
  6.607000E+00  2.42021002E-028
  6.683000E+00  2.43024440E-028
  6.761000E+00  2.44343019E-028
  6.839000E+00  2.50354021E-028
  6.918000E+00  2.47020185E-028
  6.998000E+00  2.46966635E-028
  7.080000E+00  2.47826932E-028
  7.161000E+00  2.48751204E-028
  7.244000E+00  2.49637244E-028
  7.328000E+00  2.50402415E-028
  7.413000E+00  2.51245561E-028
  7.499000E+00  2.52096249E-028
  7.586000E+00  2.52795158E-028
  7.674000E+00  2.53579086E-028
  7.762000E+00  2.53575699E-028
  7.852000E+00  2.54683909E-028
  7.943000E+00  2.58155608E-028
  8.035000E+00  2.64414813E-028
  8.128000E+00  2.73427792E-028
  8.222000E+00  2.85920640E-028
  8.318000E+00  3.05642379E-028
  8.414000E+00  3.24002953E-028
  8.511000E+00  3.41411472E-028
  8.610000E+00  3.51734410E-028
  8.710000E+00  3.70490123E-028
  8.811000E+00  4.06673381E-028
  8.913000E+00  4.43622645E-028
  9.016000E+00  4.77977175E-028
  9.120000E+00  5.15182823E-028
  9.226000E+00  5.54190238E-028
  9.333000E+00  5.90010870E-028
  9.441000E+00  6.18783696E-028
  9.550000E+00  6.39853088E-028
  9.660000E+00  6.53308848E-028
  9.772000E+00  6.59482163E-028
  9.885000E+00  6.58248559E-028
  1.000000E+01  6.49907212E-028
  1.012000E+01  6.34551430E-028
  1.023000E+01  6.16991334E-028
  1.035000E+01  5.97119995E-028
  1.047000E+01  5.78213634E-028
  1.059000E+01  5.60205426E-028
  1.072000E+01  5.41513901E-028
  1.084000E+01  5.24680967E-028
  1.097000E+01  5.06223263E-028
  1.109000E+01  4.88564103E-028
  1.122000E+01  4.68013613E-028
  1.135000E+01  4.45880371E-028
  1.148000E+01  4.26521584E-028
  1.161000E+01  4.09535028E-028
  1.175000E+01  3.92740863E-028
  1.189000E+01  3.76240398E-028
  1.202000E+01  3.60551573E-028
  1.216000E+01  3.44103339E-028
  1.230000E+01  3.29506249E-028
  1.244000E+01  3.18100649E-028
  1.259000E+01  3.10916097E-028
  1.273000E+01  3.08760133E-028
  1.288000E+01  3.09067591E-028
  1.303000E+01  3.08543142E-028
  1.318000E+01  3.08737993E-028
  1.334000E+01  3.09070263E-028
  1.349000E+01  3.09369186E-028
  1.365000E+01  3.10085335E-028
  1.380000E+01  3.11196676E-028
  1.396000E+01  3.13008104E-028
  1.412000E+01  3.15534496E-028
  1.429000E+01  3.19043750E-028
  1.445000E+01  3.23275193E-028
  1.462000E+01  3.28866136E-028
  1.479000E+01  3.35740046E-028
  1.496000E+01  3.43922539E-028
  1.514000E+01  3.53811376E-028
  1.531000E+01  3.64213982E-028
  1.549000E+01  3.76223262E-028
  1.567000E+01  3.88989451E-028
  1.585000E+01  4.02286651E-028
  1.603000E+01  4.16027496E-028
  1.622000E+01  4.30665041E-028
  1.641000E+01  4.45242988E-028
  1.660000E+01  4.59440964E-028
  1.679000E+01  4.73036080E-028
  1.698000E+01  4.85704642E-028
  1.718000E+01  4.97919493E-028
  1.738000E+01  5.08966354E-028
  1.758000E+01  5.18897068E-028
  1.778000E+01  5.27637856E-028
  1.799000E+01  5.35625876E-028
  1.820000E+01  5.42407177E-028
  1.841000E+01  5.47876529E-028
  1.862000E+01  5.52160347E-028
  1.884000E+01  5.55299052E-028
  1.906000E+01  5.57124558E-028
  1.927000E+01  5.58239152E-028
  1.950000E+01  5.58481550E-028
  1.972000E+01  5.58414547E-028
  1.995000E+01  5.58233240E-028
  2.018000E+01  5.60037834E-028
  2.042000E+01  5.62809186E-028
  2.065000E+01  5.66548184E-028
  2.089000E+01  5.71620936E-028
  2.114000E+01  5.77933716E-028
  2.138000E+01  5.84429904E-028
  2.163000E+01  5.91815801E-028
  2.188000E+01  5.99595376E-028
  2.213000E+01  6.07272927E-028
  2.239000E+01  6.14977438E-028
  2.265000E+01  6.23144196E-028
  2.291000E+01  6.31313008E-028
  2.317000E+01  6.39513325E-028
  2.344000E+01  6.49675006E-028
  2.371000E+01  6.60485013E-028
  2.399000E+01  6.73229127E-028
  2.427000E+01  6.87290246E-028
  2.455000E+01  7.02985396E-028
  2.483000E+01  7.19767152E-028
  2.512000E+01  7.38640150E-028
  2.541000E+01  7.59628819E-028
  2.570000E+01  7.82210629E-028
  2.600000E+01  8.06934511E-028
  2.630000E+01  8.33416951E-028
  2.661000E+01  8.62701121E-028
  2.692000E+01  8.94554883E-028
  2.723000E+01  9.27439447E-028
  2.754000E+01  9.62986393E-028
  2.786000E+01  1.00148863E-027
  2.818000E+01  1.04224916E-027
  2.851000E+01  1.08668924E-027
  2.884000E+01  1.13364179E-027
  2.917000E+01  1.18348410E-027
  2.951000E+01  1.23669118E-027
  2.985000E+01  1.29360029E-027
  3.020000E+01  1.35519161E-027
  3.055000E+01  1.41928713E-027
  3.090000E+01  1.48654315E-027
  3.126000E+01  1.55903511E-027
  3.162000E+01  1.63539564E-027
  3.199000E+01  1.71756421E-027
  3.236000E+01  1.80222944E-027
  3.273000E+01  1.89200170E-027
  3.311000E+01  1.98969428E-027
  3.350000E+01  2.09198195E-027
  3.388000E+01  2.19585582E-027
  3.428000E+01  2.31148409E-027
  3.467000E+01  2.42901749E-027
  3.508000E+01  2.55650540E-027
  3.548000E+01  2.68726242E-027
  3.589000E+01  2.82730282E-027
  3.631000E+01  2.97662990E-027
  3.673000E+01  3.12967767E-027
  3.715000E+01  3.29169962E-027
  3.758000E+01  3.46342319E-027
  3.802000E+01  3.64411820E-027
  3.846000E+01  3.83444818E-027
  3.890000E+01  4.03218527E-027
  3.935000E+01  4.24214763E-027
  3.981000E+01  4.46501719E-027
  4.027000E+01  4.69984514E-027
  4.074000E+01  4.94280949E-027
  4.121000E+01  5.20147397E-027
  4.169000E+01  5.47630022E-027
  4.217000E+01  5.75799896E-027
  4.266000E+01  6.05668251E-027
  4.315000E+01  6.37074739E-027
  4.365000E+01  6.70374502E-027
  4.416000E+01  7.05667329E-027
  4.467000E+01  7.42856328E-027
  4.519000E+01  7.81216051E-027
  4.571000E+01  8.22106992E-027
  4.624000E+01  8.65467368E-027
  4.677000E+01  9.10519883E-027
  4.731000E+01  9.58224920E-027
  4.786000E+01  1.00872806E-026
  4.842000E+01  1.06143792E-026
  4.898000E+01  1.11852325E-026
  4.954000E+01  1.17624981E-026
  5.012000E+01  1.23862364E-026
  5.070000E+01  1.30434230E-026
  5.129000E+01  1.37371034E-026
  5.188000E+01  1.44589890E-026
  5.248000E+01  1.52199532E-026
  5.309000E+01  1.60247564E-026
  5.370000E+01  1.68694881E-026
  5.433000E+01  1.77763549E-026
  5.495000E+01  1.87009897E-026
  5.559000E+01  1.96918999E-026
  5.623000E+01  2.07185844E-026
  5.688000E+01  2.18104909E-026
  5.754000E+01  2.29471688E-026
  5.821000E+01  2.41541481E-026
  5.888000E+01  2.54040838E-026
  5.957000E+01  2.67334898E-026
  6.026000E+01  2.81237953E-026
  6.095000E+01  2.95415045E-026
  6.166000E+01  3.10642512E-026
  6.237000E+01  3.26097932E-026
  6.310000E+01  3.42695761E-026
  6.383000E+01  3.59742204E-026
  6.457000E+01  3.77767940E-026
  6.531000E+01  3.95979729E-026
  6.607000E+01  4.15444569E-026
  6.683000E+01  4.35069708E-026
  6.761000E+01  4.55985753E-026
  6.839000E+01  4.77331233E-026
  6.918000E+01  4.99407758E-026
  6.998000E+01  5.22150596E-026
  7.079000E+01  5.45608485E-026
  7.161000E+01  5.70157516E-026
  7.244000E+01  5.94947775E-026
  7.328000E+01  6.20821217E-026
  7.413000E+01  6.47290562E-026
  7.499000E+01  6.73949990E-026
  7.586000E+01  7.01667830E-026
  7.674000E+01  7.29973246E-026
  7.762000E+01  7.58901065E-026
  7.852000E+01  7.88084904E-026
  7.943000E+01  8.17845237E-026
  8.035000E+01  8.48491801E-026
  8.128000E+01  8.78849270E-026
  8.222000E+01  9.10271575E-026
  8.318000E+01  9.41600169E-026
  8.414000E+01  9.73462260E-026
  8.511000E+01  1.00539974E-025
  8.610000E+01  1.03781569E-025
  8.710000E+01  1.07036391E-025
  8.811000E+01  1.10275950E-025
  8.912000E+01  1.13497475E-025
  9.016000E+01  1.16837227E-025
  9.120000E+01  1.20036250E-025
  9.226000E+01  1.23246117E-025
  9.332000E+01  1.26480308E-025
  9.441000E+01  1.29661077E-025
  9.550000E+01  1.32839142E-025
  9.661000E+01  1.36001191E-025
  9.772000E+01  1.38999502E-025
  9.886000E+01  1.42064266E-025
  1.000000E+02  1.45040677E-025
  1.012000E+02  1.48062361E-025
  1.023000E+02  1.50738317E-025
  1.035000E+02  1.53553052E-025
  1.047000E+02  1.56229924E-025
  1.059000E+02  1.58822812E-025
  1.072000E+02  1.61469059E-025
  1.084000E+02  1.63793344E-025
  1.097000E+02  1.66270800E-025
  1.109000E+02  1.68358138E-025
  1.122000E+02  1.70455498E-025
  1.135000E+02  1.72421403E-025
  1.148000E+02  1.74374831E-025
  1.161000E+02  1.76066395E-025
  1.175000E+02  1.77842237E-025
  1.188000E+02  1.79286159E-025
  1.202000E+02  1.80752415E-025
  1.216000E+02  1.81953838E-025
  1.230000E+02  1.83165758E-025
  1.244000E+02  1.84182117E-025
  1.259000E+02  1.85048767E-025
  1.273000E+02  1.85803255E-025
  1.288000E+02  1.86450140E-025
  1.303000E+02  1.86966582E-025
  1.318000E+02  1.87241263E-025
  1.334000E+02  1.87479390E-025
  1.349000E+02  1.87590537E-025
  1.365000E+02  1.87554518E-025
  1.380000E+02  1.87399376E-025
  1.396000E+02  1.87095708E-025
  1.412000E+02  1.86688760E-025
  1.429000E+02  1.86110393E-025
  1.445000E+02  1.85463852E-025
  1.462000E+02  1.84644038E-025
  1.479000E+02  1.83735703E-025
  1.496000E+02  1.82698564E-025
  1.514000E+02  1.81522274E-025
  1.531000E+02  1.80293241E-025
  1.549000E+02  1.78931423E-025
  1.567000E+02  1.77456943E-025
  1.585000E+02  1.75925389E-025
  1.603000E+02  1.74419140E-025
  1.622000E+02  1.72613613E-025
  1.641000E+02  1.70766591E-025
  1.660000E+02  1.68886287E-025
  1.679000E+02  1.66883293E-025
  1.698000E+02  1.65014700E-025
  1.718000E+02  1.62823056E-025
  1.738000E+02  1.60617678E-025
  1.758000E+02  1.58403580E-025
  1.778000E+02  1.56248567E-025
  1.799000E+02  1.53834980E-025
  1.820000E+02  1.51429426E-025
  1.841000E+02  1.49082721E-025
  1.862000E+02  1.46618955E-025
  1.884000E+02  1.44061163E-025
  1.906000E+02  1.41566036E-025
  1.928000E+02  1.39033396E-025
  1.950000E+02  1.36478094E-025
  1.972000E+02  1.34008956E-025
  1.995000E+02  1.31379256E-025
  2.018000E+02  1.28755775E-025
  2.042000E+02  1.26109659E-025
  2.065000E+02  1.23540987E-025
  2.089000E+02  1.20963278E-025
  2.114000E+02  1.18216291E-025
  2.138000E+02  1.15713062E-025
  2.163000E+02  1.13055133E-025
  2.188000E+02  1.10423094E-025
  2.213000E+02  1.07935771E-025
  2.239000E+02  1.05307750E-025
  2.265000E+02  1.02785579E-025
  2.291000E+02  1.00270664E-025
  2.317000E+02  9.78609900E-026
  2.344000E+02  9.53322852E-026
  2.371000E+02  9.29117742E-026
  2.399000E+02  9.04236577E-026
  2.427000E+02  8.80443021E-026
  2.455000E+02  8.56858876E-026
  2.483000E+02  8.34011350E-026
  2.512000E+02  8.10647576E-026
  2.541000E+02  7.88339384E-026
  2.570000E+02  7.66342159E-026
  2.600000E+02  7.44328454E-026
  2.630000E+02  7.22677191E-026
  2.661000E+02  7.01375894E-026
  2.691000E+02  6.81154175E-026
  2.723000E+02  6.60265917E-026
  2.754000E+02  6.40895891E-026
  2.786000E+02  6.21023702E-026
  2.818000E+02  6.02415296E-026
  2.851000E+02  5.83371913E-026
  2.884000E+02  5.65013848E-026
  2.917000E+02  5.47096269E-026
  2.951000E+02  5.29835311E-026
  2.985000E+02  5.12522701E-026
  3.020000E+02  4.95845383E-026
  3.055000E+02  4.79708674E-026
  3.090000E+02  4.63796194E-026
  3.126000E+02  4.48511910E-026
  3.162000E+02  4.33225559E-026
  3.199000E+02  4.18572367E-026
  3.236000E+02  4.04151347E-026
  3.273000E+02  3.90506686E-026
  3.311000E+02  3.77180882E-026
  3.350000E+02  3.63747898E-026
  3.388000E+02  3.51200912E-026
  3.428000E+02  3.38427188E-026
  3.467000E+02  3.26840661E-026
  3.508000E+02  3.14934927E-026
  3.548000E+02  3.03723170E-026
  3.589000E+02  2.92706533E-026
  3.631000E+02  2.81836730E-026
  3.673000E+02  2.71581996E-026
  3.715000E+02  2.61882183E-026
  3.758000E+02  2.52018314E-026
  3.802000E+02  2.42652253E-026
  3.846000E+02  2.33370706E-026
  3.890000E+02  2.24754831E-026
  3.935000E+02  2.16304254E-026
  3.981000E+02  2.08012061E-026
  4.027000E+02  2.00081799E-026
  4.074000E+02  1.92311995E-026
  4.121000E+02  1.85002132E-026
  4.169000E+02  1.77743186E-026
  4.217000E+02  1.70786376E-026
  4.266000E+02  1.64214502E-026
  4.315000E+02  1.57826678E-026
  4.365000E+02  1.51489435E-026
  4.416000E+02  1.45516282E-026
  4.467000E+02  1.39707768E-026
  4.519000E+02  1.34146646E-026
  4.571000E+02  1.28836512E-026
  4.624000E+02  1.23585383E-026
  4.677000E+02  1.18651647E-026
  4.731000E+02  1.13931084E-026
  4.786000E+02  1.09193740E-026
  4.842000E+02  1.04743231E-026
  4.898000E+02  1.00430870E-026
  4.955000E+02  9.63143430E-027
  5.012000E+02  9.23886155E-027
  5.070000E+02  8.85215784E-027
  5.129000E+02  8.48343856E-027
  5.188000E+02  8.13825113E-027
  5.248000E+02  7.79253615E-027
  5.309000E+02  7.46899326E-027
  5.370000E+02  7.16083254E-027
  5.432000E+02  6.85794935E-027
  5.495000E+02  6.56965585E-027
  5.559000E+02  6.28680661E-027
  5.623000E+02  6.02193114E-027
  5.688000E+02  5.77063948E-027
  5.754000E+02  5.51970324E-027
  5.821000E+02  5.28562010E-027
  5.888000E+02  5.05893763E-027
  5.957000E+02  4.83788488E-027
  6.026000E+02  4.63113249E-027
  6.095000E+02  4.43463862E-027
  6.166000E+02  4.23961562E-027
  6.237000E+02  4.05723254E-027
  6.310000E+02  3.87929259E-027
  6.383000E+02  3.71082662E-027
  6.457000E+02  3.54833759E-027
  6.531000E+02  3.39679997E-027
  6.607000E+02  3.24410558E-027
  6.683000E+02  3.10407854E-027
  6.761000E+02  2.96566655E-027
  6.839000E+02  2.83640378E-027
  6.918000E+02  2.71216421E-027
  6.998000E+02  2.59106622E-027
  7.080000E+02  2.47522054E-027
  7.161000E+02  2.36661152E-027
  7.244000E+02  2.26170821E-027
  7.328000E+02  2.16054019E-027
  7.413000E+02  2.06548013E-027
  7.499000E+02  1.97112194E-027
  7.586000E+02  1.88378731E-027
  7.674000E+02  1.80010146E-027
  7.762000E+02  1.71965947E-027
  7.852000E+02  1.64123903E-027
  7.943000E+02  1.56772563E-027
  8.035000E+02  1.49632367E-027
  8.128000E+02  1.42984384E-027
  8.222000E+02  1.36549911E-027
  8.318000E+02  1.30268657E-027
  8.414000E+02  1.24421680E-027
  8.511000E+02  1.18828285E-027
  8.610000E+02  1.13348040E-027
  8.710000E+02  1.08209571E-027
  8.810000E+02  1.03345392E-027
  8.912000E+02  9.85935516E-028
  9.016000E+02  9.40775849E-028
  9.120000E+02  8.98235249E-028
  9.226000E+02  8.56559028E-028
  9.333000E+02  8.17518134E-028
  9.441000E+02  7.80228757E-028
  9.550000E+02  7.44244649E-028
  9.660000E+02  7.10377398E-028
  9.772000E+02  6.77843995E-028
  9.885000E+02  6.46440446E-028
  1.000000E+03  6.16665353E-028
  1.012000E+03  5.87304326E-028
  1.023000E+03  5.61627496E-028
  1.035000E+03  5.35495064E-028
  1.047000E+03  5.10803220E-028
  1.059000E+03  4.87240893E-028
  1.072000E+03  4.63459433E-028
  1.084000E+03  4.42749585E-028
  1.096000E+03  4.22939144E-028
  1.109000E+03  4.02928608E-028
  1.122000E+03  3.84089486E-028
  1.135000E+03  3.66099749E-028
  1.148000E+03  3.49339239E-028
  1.161000E+03  3.33491485E-028
  1.175000E+03  3.17205087E-028
  1.188000E+03  3.03118583E-028
  1.202000E+03  2.88812667E-028
  1.216000E+03  2.75159914E-028
  1.230000E+03  2.62449583E-028
  1.244000E+03  2.50437321E-028
  1.259000E+03  2.38166852E-028
  1.274000E+03  2.26761295E-028
  1.288000E+03  2.16729639E-028
  1.303000E+03  2.06429403E-028
  1.318000E+03  1.96867760E-028
  1.334000E+03  1.87273526E-028
  1.349000E+03  1.78646950E-028
  1.365000E+03  1.70109761E-028
  1.380000E+03  1.62565877E-028
  1.396000E+03  1.54857336E-028
  1.412000E+03  1.47684992E-028
  1.429000E+03  1.40513596E-028
  1.445000E+03  1.34058027E-028
  1.462000E+03  1.27690286E-028
  1.479000E+03  1.21686032E-028
  1.496000E+03  1.15957625E-028
  1.514000E+03  1.10319572E-028
  1.531000E+03  1.05297062E-028
  1.549000E+03  1.00223288E-028
  1.567000E+03  9.55051406E-029
  1.585000E+03  9.10662008E-029
  1.603000E+03  8.68041232E-029
  1.622000E+03  8.26441078E-029
  1.641000E+03  7.87135369E-029
  1.660000E+03  7.49665131E-029
  1.679000E+03  7.14905125E-029
  1.698000E+03  6.82079028E-029
  1.718000E+03  6.49041120E-029
  1.738000E+03  6.18327938E-029
  1.758000E+03  5.89445357E-029
  1.778000E+03  5.61806039E-029
  1.799000E+03  5.34903203E-029
  1.820000E+03  5.09548893E-029
  1.841000E+03  4.85319403E-029
  1.862000E+03  4.62839302E-029
  1.884000E+03  4.40627932E-029
  1.906000E+03  4.19426699E-029
  1.928000E+03  3.99768130E-029
  1.950000E+03  3.81216949E-029
  1.972000E+03  3.63456857E-029
  1.995000E+03  3.46246084E-029
  2.018000E+03  3.29536741E-029
  2.042000E+03  3.13291052E-029
  2.065000E+03  2.98618854E-029
  2.089000E+03  2.84040834E-029
  2.114000E+03  2.69900104E-029
  2.138000E+03  2.57156590E-029
  2.163000E+03  2.44482798E-029
  2.188000E+03  2.32708196E-029
  2.213000E+03  2.21611661E-029
  2.239000E+03  2.10600338E-029
  2.265000E+03  2.00407515E-029
  2.291000E+03  1.90799918E-029
  2.317000E+03  1.81631600E-029
  2.344000E+03  1.72779708E-029
  2.371000E+03  1.64443910E-029
  2.399000E+03  1.56228239E-029
  2.427000E+03  1.48601252E-029
  2.455000E+03  1.41420187E-029
  2.483000E+03  1.34564199E-029
  2.512000E+03  1.27968160E-029
  2.541000E+03  1.21759232E-029
  2.570000E+03  1.15852036E-029
  2.600000E+03  1.10177268E-029
  2.630000E+03  1.04834377E-029
  2.661000E+03  9.95727899E-030
  2.692000E+03  9.46883662E-030
  2.723000E+03  9.01065304E-030
  2.754000E+03  8.57336285E-030
  2.786000E+03  8.15387741E-030
  2.818000E+03  7.75903384E-030
  2.851000E+03  7.37574451E-030
  2.884000E+03  7.01049898E-030
  2.917000E+03  6.67243763E-030
  2.951000E+03  6.34452227E-030
  2.985000E+03  6.03184480E-030
  3.020000E+03  5.73306999E-030
  3.055000E+03  5.45198385E-030
  3.090000E+03  5.18737654E-030
  3.126000E+03  4.92889223E-030
  3.162000E+03  4.68887167E-030
  3.199000E+03  4.45677100E-030
  3.236000E+03  4.23556412E-030
  3.273000E+03  4.03013548E-030
  3.311000E+03  3.83153589E-030
  3.350000E+03  3.64045082E-030
  3.388000E+03  3.46321874E-030
  3.428000E+03  3.28928395E-030
  3.467000E+03  3.13032966E-030
  3.508000E+03  2.97173895E-030
  3.548000E+03  2.82755989E-030
  3.589000E+03  2.68900054E-030
  3.631000E+03  2.55495119E-030
  3.673000E+03  2.42776611E-030
  3.715000E+03  2.30965229E-030
  3.758000E+03  2.19585520E-030
  3.802000E+03  2.08636046E-030
  3.846000E+03  1.98247969E-030
  3.890000E+03  1.88563528E-030
  3.936000E+03  1.79081430E-030
  3.981000E+03  1.70357616E-030
  4.027000E+03  1.61857431E-030
  4.074000E+03  1.53799030E-030
  4.121000E+03  1.46220008E-030
  4.169000E+03  1.38972354E-030
  4.217000E+03  1.32065698E-030
  4.266000E+03  1.25494681E-030
  4.315000E+03  1.19341043E-030
  4.365000E+03  1.13433746E-030
  4.416000E+03  1.07696376E-030
  4.467000E+03  1.02397065E-030
  4.519000E+03  9.72919417E-031
  4.571000E+03  9.25128564E-031
  4.624000E+03  8.78517279E-031
  4.677000E+03  8.35446447E-031
  4.732000E+03  7.93431161E-031
  4.786000E+03  7.54623548E-031
  4.842000E+03  7.16477827E-031
  4.898000E+03  6.80920137E-031
  4.954000E+03  6.47631111E-031
  5.012000E+03  6.15055504E-031
  5.070000E+03  5.84569495E-031
  5.129000E+03  5.55060799E-031
  5.188000E+03  5.27666323E-031
  5.248000E+03  5.01465913E-031
  5.309000E+03  4.76545350E-031
  5.370000E+03  4.52691748E-031
  5.432000E+03  4.30303424E-031
  5.495000E+03  4.08912328E-031
  5.559000E+03  3.88382940E-031
  5.623000E+03  3.69180470E-031
  5.688000E+03  3.50606095E-031
  5.754000E+03  3.33196892E-031
  5.821000E+03  3.16498897E-031
  5.888000E+03  3.00800638E-031
  5.957000E+03  2.85493632E-031
  6.026000E+03  2.71296390E-031
  6.095000E+03  2.57942768E-031
  6.166000E+03  2.45022912E-031
  6.237000E+03  2.32877950E-031
  6.310000E+03  2.20994111E-031
  6.383000E+03  2.09971010E-031
  6.456000E+03  1.99661778E-031
  6.531000E+03  1.89646233E-031
  6.607000E+03  1.80161411E-031
  6.683000E+03  1.71130030E-031
  6.761000E+03  1.62532517E-031
  6.839000E+03  1.54452199E-031
  6.918000E+03  1.46757482E-031
  6.998000E+03  1.39432228E-031
  7.080000E+03  1.32289134E-031
  7.161000E+03  1.25781497E-031
  7.244000E+03  1.19473948E-031
  7.328000E+03  1.13509441E-031
  7.413000E+03  1.07836673E-031
  7.499000E+03  1.02373730E-031
  7.586000E+03  9.72484113E-032
  7.674000E+03  9.23761624E-032
  7.762000E+03  8.77959221E-032
  7.852000E+03  8.33920105E-032
  7.943000E+03  7.92329044E-032
  8.035000E+03  7.52060934E-032
  8.128000E+03  7.14541522E-032
  8.222000E+03  6.78893588E-032
  8.318000E+03  6.44678585E-032
  8.414000E+03  6.12530099E-032
  8.511000E+03  5.81608411E-032
  8.610000E+03  5.52337814E-032
  8.710000E+03  5.24561090E-032
  8.810000E+03  4.98613210E-032
  8.912000E+03  4.73574937E-032
  9.016000E+03  4.49740912E-032
  9.120000E+03  4.27061520E-032
  9.226000E+03  4.05485305E-032
  9.332000E+03  3.85338176E-032
  9.441000E+03  3.65871587E-032
  9.550000E+03  3.47578605E-032
  9.660000E+03  3.30341682E-032
  9.772000E+03  3.13525575E-032
  9.886000E+03  2.97656747E-032
  1.000000E+04  2.82843990E-032
  1.012000E+04  2.68116548E-032
  1.023000E+04  2.55495138E-032
  1.035000E+04  2.42543267E-032
  1.047000E+04  2.30222382E-032
  1.059000E+04  2.18718327E-032
  1.072000E+04  2.07162609E-032
  1.084000E+04  1.97103987E-032
  1.096000E+04  1.87621542E-032
  1.109000E+04  1.77964080E-032
  1.122000E+04  1.68851257E-032
  1.135000E+04  1.60341302E-032
  1.148000E+04  1.52400504E-032
  1.161000E+04  1.44874987E-032
  1.175000E+04  1.37322637E-032
  1.188000E+04  1.30732184E-032
  1.202000E+04  1.23974599E-032
  1.216000E+04  1.17711813E-032
  1.230000E+04  1.11827029E-032
  1.244000E+04  1.06293813E-032
  1.259000E+04  1.00768567E-032
  1.274000E+04  9.55491792E-033
  1.288000E+04  9.09130833E-033
  1.303000E+04  8.63311095E-033
  1.318000E+04  8.20296207E-033
  1.334000E+04  7.76954404E-033
  1.349000E+04  7.39013184E-033
  1.365000E+04  7.01019218E-033
  1.380000E+04  6.67545335E-033
  1.396000E+04  6.33508340E-033
  1.412000E+04  6.01941561E-033
  1.429000E+04  5.70458698E-033
  1.445000E+04  5.42828811E-033
  1.462000E+04  5.15045640E-033
  1.479000E+04  4.88939235E-033
  1.496000E+04  4.64326241E-033
  1.514000E+04  4.40134301E-033
  1.531000E+04  4.18525754E-033
  1.549000E+04  3.97193859E-033
  1.567000E+04  3.77166513E-033
  1.585000E+04  3.58351252E-033
  1.603000E+04  3.40654280E-033
  1.622000E+04  3.22894543E-033
  1.641000E+04  3.06437005E-033
  1.660000E+04  2.91001747E-033
  1.679000E+04  2.76595679E-033
  1.698000E+04  2.62934905E-033
  1.718000E+04  2.49431127E-033
  1.738000E+04  2.36846206E-033
  1.758000E+04  2.24898996E-033
  1.778000E+04  2.13704621E-033
  1.799000E+04  2.02755851E-033
  1.820000E+04  1.92481540E-033
  1.841000E+04  1.82833097E-033
  1.862000E+04  1.73765861E-033
  1.884000E+04  1.64725752E-033
  1.906000E+04  1.56351758E-033
  1.928000E+04  1.48498309E-033
  1.950000E+04  1.41105300E-033
  1.972000E+04  1.34155884E-033
  1.995000E+04  1.27386280E-033
  2.018000E+04  1.20891755E-033
  2.042000E+04  1.14668716E-033
  2.065000E+04  1.09013008E-033
  2.089000E+04  1.03516402E-033
  2.114000E+04  9.81480847E-034
  2.138000E+04  9.33046197E-034
  2.163000E+04  8.85046048E-034
  2.188000E+04  8.40148214E-034
  2.213000E+04  7.98355449E-034
  2.239000E+04  7.57914487E-034
  2.265000E+04  7.19595953E-034
  2.291000E+04  6.83110155E-034
  2.317000E+04  6.49253638E-034
  2.344000E+04  6.16564881E-034
  2.371000E+04  5.85524403E-034
  2.399000E+04  5.55312046E-034
  2.427000E+04  5.26902636E-034
  2.455000E+04  5.00560217E-034
  2.483000E+04  4.75525316E-034
  2.512000E+04  4.51434536E-034
  2.541000E+04  4.28799096E-034
  2.570000E+04  4.07262442E-034
  2.600000E+04  3.86599714E-034
  2.630000E+04  3.67191143E-034
  2.661000E+04  3.48128121E-034
  2.692000E+04  3.30463261E-034
  2.723000E+04  3.13870350E-034
  2.754000E+04  2.98257421E-034
  2.786000E+04  2.83126849E-034
  2.818000E+04  2.69072745E-034
  2.851000E+04  2.55140877E-034
  2.884000E+04  2.42369913E-034
  2.917000E+04  2.30214075E-034
  2.951000E+04  2.18454793E-034
  2.985000E+04  2.07671244E-034
  3.020000E+04  1.95108968E-034
  3.055000E+04  1.73941880E-034
  3.090000E+04  1.45599193E-034
  3.126000E+04  1.17385538E-034
  3.162000E+04  9.40816914E-035
  3.199000E+04  7.58743261E-035
  3.236000E+04  6.22858690E-035
  3.273000E+04  5.20350237E-035
  3.311000E+04  4.40416991E-035
  3.350000E+04  3.77065022E-035
  3.388000E+04  3.28081595E-035
  3.428000E+04  2.86842893E-035
  3.467000E+04  2.53881927E-035
  3.508000E+04  2.25451996E-035
  3.548000E+04  2.02081675E-035
  3.589000E+04  1.81960462E-035
  3.631000E+04  1.64206678E-035
  3.673000E+04  1.48950019E-035
  3.715000E+04  1.35817299E-035
  3.758000E+04  1.23941051E-035
  3.802000E+04  1.13287677E-035
  3.846000E+04  1.03994186E-035
  3.890000E+04  9.56880073E-036
  3.936000E+04  8.79700851E-036
  3.981000E+04  8.11942901E-036
