# DL07 model SED (this work), mw31_60, Mathis ISRF U =  1.00
# silicate (D03) + carbonaceous (DL07 PAH Nc=470 + D03 graphite blend)
# PAH ionization computed via WD01b grain charging (pah_ionfrac)
# columns: lambda[um]  lamI_total/NH  lamI_sil/NH  lamI_carb/NH
#          [erg s^-1 cm^-2 sr^-1 H^-1]
  9.120000E-02   1.50559175E-40   1.50559169E-40   6.41345353E-48
  9.226000E-02   2.22378171E-40   2.22378159E-40   1.25212122E-47
  9.332000E-02   3.25131008E-40   3.25130984E-40   2.40893967E-47
  9.441000E-02   4.74376156E-40   4.74376109E-40   4.65109139E-47
  9.550000E-02   6.85463733E-40   6.85463644E-40   8.84882529E-47
  9.661000E-02   9.86548188E-40   9.86548020E-40   1.67839165E-46
  9.772000E-02   1.40685811E-39   1.40685779E-39   3.13807699E-46
  9.886000E-02   2.00538701E-39   2.00538642E-39   5.88139602E-46
  1.000000E-01   2.83294565E-39   2.83294456E-39   1.08668249E-45
  1.012000E-01   4.01912578E-39   4.01912376E-39   2.01660604E-45
  1.023000E-01   5.49319286E-39   5.49318934E-39   3.52110122E-45
  1.035000E-01   7.59883768E-39   7.59883131E-39   6.37089752E-45
  1.047000E-01   1.04038381E-38   1.04038268E-38   1.13546304E-44
  1.059000E-01   1.42509770E-38   1.42509571E-38   1.99454956E-44
  1.072000E-01   1.99127209E-38   1.99126848E-38   3.61471637E-44
  1.084000E-01   2.69559586E-38   2.69558969E-38   6.17125520E-44
  1.097000E-01   3.72030039E-38   3.72028954E-38   1.08567808E-43
  1.109000E-01   4.96903487E-38   4.96901682E-38   1.80519235E-43
  1.122000E-01   6.76780933E-38   6.76777843E-38   3.09020744E-43
  1.135000E-01   9.14398503E-38   9.14393284E-38   5.21869094E-43
  1.148000E-01   1.22551520E-37   1.22550650E-37   8.69877469E-43
  1.161000E-01   1.63413265E-37   1.63411833E-37   1.43202163E-42
  1.175000E-01   2.20917035E-37   2.20914618E-37   2.41679398E-42
  1.189000E-01   2.96572197E-37   2.96568173E-37   4.02452841E-42
  1.202000E-01   3.87316597E-37   3.87310209E-37   6.38808626E-42
  1.216000E-01   5.12466951E-37   5.12456568E-37   1.03821652E-41
  1.230000E-01   6.73906665E-37   6.73889989E-37   1.66758056E-41
  1.244000E-01   8.79771882E-37   8.79745400E-37   2.64823030E-41
  1.259000E-01   1.16241020E-36   1.16236725E-36   4.29490010E-41
  1.274000E-01   1.52472736E-36   1.52465853E-36   6.88318746E-41
  1.288000E-01   1.95113001E-36   1.95102420E-36   1.05810817E-40
  1.303000E-01   2.52352449E-36   2.52336068E-36   1.63807286E-40
  1.318000E-01   3.24257838E-36   3.24232271E-36   2.55669070E-40
  1.333000E-01   4.13866375E-36   4.13826830E-36   3.95447352E-40
  1.349000E-01   5.32749238E-36   5.32686865E-36   6.23724827E-40
  1.365000E-01   6.80739394E-36   6.80641938E-36   9.74559257E-40
  1.380000E-01   8.50549492E-36   8.50402611E-36   1.46881184E-39
  1.396000E-01   1.07070878E-35   1.07048315E-35   2.25621331E-39
  1.412000E-01   1.33565529E-35   1.33531156E-35   3.43731656E-39
  1.429000E-01   1.66390711E-35   1.66337409E-35   5.33022365E-39
  1.445000E-01   2.01047503E-35   2.00967576E-35   7.99273228E-39
  1.462000E-01   2.41819280E-35   2.41697319E-35   1.21960924E-38
  1.479000E-01   2.87519194E-35   2.87334534E-35   1.84660460E-38
  1.496000E-01   3.39079436E-35   3.38801917E-35   2.77518394E-38
  1.514000E-01   4.00534777E-35   4.00110895E-35   4.23882177E-38
  1.531000E-01   4.63063770E-35   4.62435829E-35   6.27940953E-38
  1.549000E-01   5.32437619E-35   5.31492410E-35   9.45209034E-38
  1.567000E-01   6.19072780E-35   6.17659956E-35   1.41282371E-37
  1.585000E-01   7.11037001E-35   7.08939433E-35   2.09756766E-37
  1.603000E-01   8.08385547E-35   8.05291429E-35   3.09411799E-37
  1.622000E-01   9.34463638E-35   9.29830924E-35   4.63271445E-37
  1.641000E-01   1.06473645E-34   1.05784572E-34   6.89072931E-37
  1.660000E-01   1.20739396E-34   1.19720891E-34   1.01850459E-36
  1.679000E-01   1.37765917E-34   1.36269473E-34   1.49644414E-36
  1.698000E-01   1.55160285E-34   1.52974246E-34   2.18603906E-36
  1.718000E-01   1.79234115E-34   1.75997194E-34   3.23692151E-36
  1.738000E-01   2.05697745E-34   2.00935944E-34   4.76180116E-36
  1.758000E-01   2.33579600E-34   2.26617098E-34   6.96250244E-36
  1.778000E-01   2.62279226E-34   2.52156408E-34   1.01228180E-35
  1.799000E-01   2.92398997E-34   2.77487741E-34   1.49112564E-35
  1.820000E-01   3.37454526E-34   3.15604719E-34   2.18498069E-35
  1.841000E-01   3.87988949E-34   3.56129383E-34   3.18595662E-35
  1.862000E-01   4.43687644E-34   3.97445159E-34   4.62424849E-35
  1.884000E-01   5.08142415E-34   4.40137182E-34   6.80052331E-35
  1.905000E-01   5.80841668E-34   4.82983682E-34   9.78579859E-35
  1.928000E-01   6.90141820E-34   5.45042592E-34   1.45099228E-34
  1.950000E-01   8.16221008E-34   6.05730524E-34   2.10490484E-34
  1.972000E-01   9.69890637E-34   6.66075198E-34   3.03815440E-34
  1.995000E-01   1.16966528E-33   7.26499317E-34   4.43165960E-34
  2.018000E-01   1.45134024E-33   8.09729805E-34   6.41610437E-34
  2.042000E-01   1.84296081E-33   9.08052237E-34   9.34908570E-34
  2.065000E-01   2.33112184E-33   1.00506533E-33   1.32605650E-33
  2.089000E-01   2.98989327E-33   1.10714499E-33   1.88274828E-33
  2.113000E-01   3.85557070E-33   1.22764531E-33   2.62792539E-33
  2.138000E-01   5.02026214E-33   1.37672016E-33   3.64354198E-33
  2.163000E-01   6.49331301E-33   1.55546587E-33   4.93784714E-33
  2.188000E-01   8.29323888E-33   1.75578396E-33   6.53745492E-33
  2.213000E-01   1.04547278E-32   1.99267205E-33   8.46205573E-33
  2.239000E-01   1.31176948E-32   2.28893072E-33   1.08287641E-32
  2.265000E-01   1.62289994E-32   2.63280069E-33   1.35961987E-32
  2.291000E-01   1.98472202E-32   3.03875687E-33   1.68084633E-32
  2.317000E-01   2.40349784E-32   3.50504678E-33   2.05299316E-32
  2.344000E-01   2.90884916E-32   4.05985366E-33   2.50286380E-32
  2.371000E-01   3.50011623E-32   4.70264288E-33   3.02985194E-32
  2.399000E-01   4.22086398E-32   5.46230257E-33   3.67463373E-32
  2.427000E-01   5.07480343E-32   6.34576273E-33   4.44022715E-32
  2.455000E-01   6.08593254E-32   7.34713439E-33   5.35121910E-32
  2.483000E-01   7.28422850E-32   8.47783180E-33   6.43644532E-32
  2.512000E-01   8.75720551E-32   9.77129437E-33   7.78007608E-32
  2.541000E-01   1.05080241E-31   1.11786835E-32   9.39015574E-32
  2.570000E-01   1.25916122E-31   1.27480665E-32   1.13168055E-31
  2.600000E-01   1.51602798E-31   1.45481406E-32   1.37054658E-31
  2.630000E-01   1.82244331E-31   1.65424564E-32   1.65701875E-31
  2.661000E-01   2.20049396E-31   1.88302981E-32   2.01219098E-31
  2.691000E-01   2.63619445E-31   2.12812758E-32   2.42338169E-31
  2.723000E-01   3.18992538E-31   2.41724169E-32   2.94820121E-31
  2.754000E-01   3.82892207E-31   2.72540657E-32   3.55638142E-31
  2.786000E-01   4.61248524E-31   3.07397626E-32   4.30508761E-31
  2.818000E-01   5.54296809E-31   3.45709435E-32   5.19725866E-31
  2.851000E-01   6.68201770E-31   3.89083805E-32   6.29293389E-31
  2.884000E-01   8.03347382E-31   4.36557652E-32   7.59691617E-31
  2.917000E-01   9.63152847E-31   4.88473506E-32   9.14305496E-31
  2.951000E-01   1.15771097E-30   5.46691094E-32   1.10304186E-30
  2.985000E-01   1.38739968E-30   6.10181024E-32   1.32638158E-30
  3.020000E-01   1.66628013E-30   6.81377652E-32   1.59814237E-30
  3.055000E-01   1.90098205E-30   7.58844019E-32   1.82509764E-30
  3.090000E-01   2.23581979E-30   8.42935989E-32   2.15152619E-30
  3.126000E-01   2.62850913E-30   9.36167378E-32   2.53489239E-30
  3.162000E-01   3.07423519E-30   1.03684834E-31   2.97055036E-30
  3.199000E-01   3.59143869E-30   1.14868598E-31   3.47657010E-30
  3.236000E-01   4.17150740E-30   1.26941874E-31   4.04456553E-30
  3.273000E-01   4.81578626E-30   1.39943834E-31   4.67584243E-30
  3.311000E-01   5.54287161E-30   1.54301438E-31   5.38857017E-30
  3.350000E-01   6.35130125E-30   1.70152802E-31   6.18114844E-30
  3.388000E-01   7.18576406E-30   1.86732837E-31   6.99903122E-30
  3.428000E-01   8.08782285E-30   2.05447815E-31   7.88237503E-30
  3.467000E-01   8.95261039E-30   2.24921190E-31   8.72768920E-30
  3.507000E-01   9.77802058E-30   2.46228216E-31   9.53179236E-30
  3.548000E-01   1.05271280E-29   2.69556498E-31   1.02575715E-29
  3.589000E-01   1.12003249E-29   2.94447191E-31   1.09058777E-29
  3.631000E-01   1.19056808E-29   3.21622909E-31   1.15840579E-29
  3.673000E-01   1.27492185E-29   3.50522689E-31   1.23986958E-29
  3.715000E-01   1.38234691E-29   3.81202815E-31   1.34422663E-29
  3.758000E-01   1.52098230E-29   4.14541747E-31   1.47952813E-29
  3.802000E-01   1.69371939E-29   4.50737086E-31   1.64864568E-29
  3.846000E-01   1.89528960E-29   4.89027226E-31   1.84638688E-29
  3.891000E-01   2.12571726E-29   5.30447094E-31   2.07267255E-29
  3.936000E-01   2.37241958E-29   5.74242118E-31   2.31499537E-29
  3.981000E-01   2.62508416E-29   6.20472824E-31   2.56303687E-29
  4.027000E-01   2.87638138E-29   6.70141037E-31   2.80936728E-29
  4.074000E-01   3.10759747E-29   7.23492454E-31   3.03524823E-29
  4.121000E-01   3.28912673E-29   7.79642115E-31   3.21116251E-29
  4.169000E-01   3.39726607E-29   8.39933385E-31   3.31327274E-29
  4.217000E-01   3.41188806E-29   9.03259741E-31   3.32156208E-29
  4.266000E-01   3.34068622E-29   9.71092879E-31   3.24357693E-29
  4.315000E-01   3.22077871E-29   1.04220126E-30   3.11655858E-29
  4.365000E-01   3.09504737E-29   1.11821117E-30   2.98322625E-29
  4.416000E-01   2.99479937E-29   1.19926750E-30   2.87487262E-29
  4.467000E-01   2.93109510E-29   1.28374688E-30   2.80272041E-29
  4.519000E-01   2.89515622E-29   1.37370204E-30   2.75778601E-29
  4.571000E-01   2.87153036E-29   1.46755712E-30   2.72477464E-29
  4.624000E-01   2.84128403E-29   1.56727155E-30   2.68455687E-29
  4.677000E-01   2.79208899E-29   1.67111681E-30   2.62497731E-29
  4.732000E-01   2.72109601E-29   1.78328458E-30   2.54276755E-29
  4.786000E-01   2.64445084E-29   1.89780835E-30   2.45467001E-29
  4.842000E-01   2.57440771E-29   2.02120275E-30   2.37228744E-29
  4.898000E-01   2.52519109E-29   2.14919872E-30   2.31027121E-29
  4.954000E-01   2.49933537E-29   2.28186634E-30   2.27114873E-29
  5.012000E-01   2.49474289E-29   2.42427725E-30   2.25231516E-29
  5.070000E-01   2.50936838E-29   2.57179146E-30   2.25218924E-29
  5.129000E-01   2.54190845E-29   2.72709045E-30   2.26919941E-29
  5.188000E-01   2.59168817E-29   2.88767582E-30   2.30292059E-29
  5.248000E-01   2.65868447E-29   3.05639922E-30   2.35304455E-29
  5.309000E-01   2.73970058E-29   3.23352268E-30   2.41634831E-29
  5.370000E-01   2.82712479E-29   3.41626352E-30   2.48549844E-29
  5.433000E-01   2.91637162E-29   3.61086889E-30   2.55528473E-29
  5.495000E-01   2.99787820E-29   3.80818257E-30   2.61705994E-29
  5.559000E-01   3.07730426E-29   4.01714438E-30   2.67558982E-29
  5.623000E-01   3.15707824E-29   4.23200576E-30   2.73387767E-29
  5.688000E-01   3.24587406E-29   4.45627579E-30   2.80024649E-29
  5.754000E-01   3.34792927E-29   4.69017446E-30   2.87891183E-29
  5.821000E-01   3.46275992E-29   4.93391486E-30   2.96936843E-29
  5.888000E-01   3.58482706E-29   5.18392388E-30   3.06643467E-29
  5.957000E-01   3.71347516E-29   5.44786131E-30   3.16868903E-29
  6.026000E-01   3.84276859E-29   5.71826521E-30   3.27094207E-29
  6.095000E-01   3.97419070E-29   5.99503562E-30   3.37468714E-29
  6.166000E-01   4.11567185E-29   6.28636401E-30   3.48703545E-29
  6.237000E-01   4.26620954E-29   6.58420373E-30   3.60778916E-29
  6.310000E-01   4.42960108E-29   6.89709264E-30   3.73989182E-29
  6.383000E-01   4.59844067E-29   7.21659624E-30   3.87678104E-29
  6.457000E-01   4.77166914E-29   7.54708178E-30   4.01696097E-29
  6.531000E-01   4.94520803E-29   7.88406586E-30   4.15680144E-29
  6.607000E-01   5.12722627E-29   8.23686750E-30   4.30353953E-29
  6.683000E-01   5.32005556E-29   8.59628120E-30   4.46042744E-29
  6.761000E-01   5.53770812E-29   8.97176423E-30   4.64053169E-29
  6.839000E-01   5.78223696E-29   9.35375431E-30   4.84686153E-29
  6.918000E-01   6.05950652E-29   9.74707601E-30   5.08479892E-29
  6.998000E-01   6.36919241E-29   1.01517680E-29   5.35401561E-29
  7.079000E-01   6.70991825E-29   1.05680833E-29   5.65310992E-29
  7.161000E-01   7.07787680E-29   1.09958328E-29   5.97829353E-29
  7.244000E-01   7.46961968E-29   1.14350047E-29   6.32611921E-29
  7.328000E-01   7.88176316E-29   1.18855805E-29   6.69320511E-29
  7.413000E-01   8.31162834E-29   1.23475267E-29   7.07687567E-29
  7.499000E-01   8.75859525E-29   1.28207947E-29   7.47651578E-29
  7.586000E-01   9.22543930E-29   1.33053211E-29   7.89490719E-29
  7.674000E-01   9.71774564E-29   1.38010272E-29   8.33764292E-29
  7.763000E-01   1.02411418E-28   1.43078198E-29   8.81035982E-29
  7.852000E-01   1.07928202E-28   1.48198094E-29   9.31083926E-29
  7.943000E-01   1.13869459E-28   1.53483806E-29   9.85210787E-29
  8.035000E-01   1.20201302E-28   1.58865044E-29   1.04314797E-28
  8.128000E-01   1.26957278E-28   1.64332080E-29   1.10524070E-28
  8.222000E-01   1.34153464E-28   1.69900706E-29   1.17163393E-28
  8.318000E-01   1.41908828E-28   1.75628912E-29   1.24345937E-28
  8.414000E-01   1.50101684E-28   1.81395320E-29   1.31962152E-28
  8.511000E-01   1.58859084E-28   1.87257245E-29   1.40133360E-28
  8.610000E-01   1.68343698E-28   1.93273343E-29   1.49016364E-28
  8.710000E-01   1.78556041E-28   1.99380874E-29   1.58617954E-28
  8.810000E-01   1.89501678E-28   2.05515760E-29   1.68950102E-28
  8.913000E-01   2.01684224E-28   2.11859710E-29   1.80498253E-28
  9.016000E-01   2.15000038E-28   2.18220773E-29   1.93177961E-28
  9.120000E-01   2.29926547E-28   2.24639731E-29   2.07462574E-28
  9.226000E-01   2.47063257E-28   2.31196136E-29   2.23943644E-28
  9.333000E-01   2.66993460E-28   2.37825088E-29   2.43210951E-28
  9.441000E-01   2.90821408E-28   2.44523252E-29   2.66369083E-28
  9.550000E-01   3.20297139E-28   2.51287212E-29   2.95168418E-28
  9.661000E-01   3.58690304E-28   2.58175532E-29   3.32872751E-28
  9.772000E-01   4.10266256E-28   2.65060525E-29   3.83760204E-28
  9.886000E-01   4.85693279E-28   2.72124495E-29   4.58480830E-28
  1.000000E+00   6.00031229E-28   2.79177939E-29   5.72113435E-28
  1.012000E+00   7.95234506E-28   2.86610684E-29   7.66573437E-28
  1.023000E+00   1.08776592E-27   2.93407929E-29   1.05842512E-27
  1.035000E+00   1.56305864E-27   3.00802084E-29   1.53297844E-27
  1.047000E+00   2.01578683E-27   3.08170867E-29   1.98496974E-27
  1.059000E+00   2.02406340E-27   3.15510906E-29   1.99251231E-27
  1.071000E+00   1.68085831E-27   3.22818991E-29   1.64857641E-27
  1.084000E+00   1.32690850E-27   3.30696491E-29   1.29383885E-27
  1.097000E+00   1.10293595E-27   3.38529243E-29   1.06908303E-27
  1.109000E+00   9.84097840E-28   3.45716758E-29   9.49526164E-28
  1.122000E+00   9.16127996E-28   3.53453892E-29   8.80782607E-28
  1.135000E+00   8.90299943E-28   3.61122400E-29   8.54187703E-28
  1.148000E+00   8.95380016E-28   3.68723619E-29   8.58507655E-28
  1.161000E+00   9.26638327E-28   3.76263987E-29   8.89011928E-28
  1.175000E+00   9.89101403E-28   3.84313449E-29   9.50670059E-28
  1.189000E+00   1.08409689E-27   3.92286500E-29   1.04486824E-27
  1.202000E+00   1.20470846E-27   3.99619265E-29   1.16474654E-27
  1.216000E+00   1.36991804E-27   4.07437510E-29   1.32917429E-27
  1.230000E+00   1.56133740E-27   4.15172023E-29   1.51982020E-27
  1.245000E+00   1.76087808E-27   4.23484513E-29   1.71852962E-27
  1.259000E+00   1.89288959E-27   4.31328185E-29   1.84975677E-27
  1.273000E+00   1.93700278E-27   4.39065746E-29   1.89309620E-27
  1.288000E+00   1.89139308E-27   4.47264100E-29   1.84666667E-27
  1.303000E+00   1.78968247E-27   4.55365496E-29   1.74414592E-27
  1.318000E+00   1.67331440E-27   4.63404660E-29   1.62697393E-27
  1.334000E+00   1.55955308E-27   4.71876859E-29   1.51236539E-27
  1.349000E+00   1.47144205E-27   4.79715749E-29   1.42347048E-27
  1.365000E+00   1.39774948E-27   4.87965094E-29   1.34895297E-27
  1.380000E+00   1.34517436E-27   4.95590146E-29   1.29561534E-27
  1.396000E+00   1.30351869E-27   5.03595228E-29   1.25315917E-27
  1.413000E+00   1.27180874E-27   5.11969868E-29   1.22061175E-27
  1.429000E+00   1.25106415E-27   5.19728046E-29   1.19909135E-27
  1.445000E+00   1.23711888E-27   5.27365566E-29   1.18438232E-27
  1.462000E+00   1.22817558E-27   5.35346081E-29   1.17464097E-27
  1.479000E+00   1.22427392E-27   5.43182558E-29   1.16995567E-27
  1.496000E+00   1.22397977E-27   5.50881576E-29   1.16889162E-27
  1.514000E+00   1.22672792E-27   5.58883681E-29   1.17083955E-27
  1.531000E+00   1.23157744E-27   5.66299937E-29   1.17494745E-27
  1.549000E+00   1.23856258E-27   5.74003208E-29   1.18116226E-27
  1.567000E+00   1.24747285E-27   5.81473090E-29   1.18932554E-27
  1.585000E+00   1.25752519E-27   5.88785279E-29   1.19864667E-27
  1.603000E+00   1.26839165E-27   5.95944377E-29   1.20879722E-27
  1.622000E+00   1.28044825E-27   6.03336254E-29   1.22011462E-27
  1.641000E+00   1.29282102E-27   6.10560047E-29   1.23176502E-27
  1.660000E+00   1.30520765E-27   6.17650747E-29   1.24344257E-27
  1.679000E+00   1.31730639E-27   6.24607773E-29   1.25484561E-27
  1.698000E+00   1.32878372E-27   6.31402640E-29   1.26564346E-27
  1.718000E+00   1.33972367E-27   6.38381854E-29   1.27588549E-27
  1.738000E+00   1.34885435E-27   6.45185437E-29   1.28433581E-27
  1.758000E+00   1.35529686E-27   6.51815608E-29   1.29011530E-27
  1.778000E+00   1.35800606E-27   6.58388416E-29   1.29216722E-27
  1.799000E+00   1.35523801E-27   6.65344007E-29   1.28870361E-27
  1.820000E+00   1.34421187E-27   6.72121961E-29   1.27699967E-27
  1.841000E+00   1.32325828E-27   6.78724851E-29   1.25538579E-27
  1.862000E+00   1.29400032E-27   6.85155311E-29   1.22548479E-27
  1.884000E+00   1.26491028E-27   6.91709970E-29   1.19573928E-27
  1.906000E+00   1.25724455E-27   6.98081479E-29   1.18743641E-27
  1.928000E+00   1.28453642E-27   7.04329031E-29   1.21410352E-27
  1.950000E+00   1.33734466E-27   7.10404418E-29   1.26630421E-27
  1.972000E+00   1.39773652E-27   7.16306916E-29   1.32610583E-27
  1.995000E+00   1.45682294E-27   7.22296345E-29   1.38459330E-27
  2.018000E+00   1.50805649E-27   7.28104010E-29   1.43524609E-27
  2.042000E+00   1.55365833E-27   7.33974387E-29   1.48026089E-27
  2.065000E+00   1.59142660E-27   7.39422105E-29   1.51748439E-27
  2.089000E+00   1.62636313E-27   7.44902905E-29   1.55187284E-27
  2.114000E+00   1.65910013E-27   7.50417693E-29   1.58405837E-27
  2.138000E+00   1.68806082E-27   7.55670565E-29   1.61249376E-27
  2.163000E+00   1.71627427E-27   7.61031656E-29   1.64017111E-27
  2.188000E+00   1.74291049E-27   7.66211439E-29   1.66628934E-27
  2.213000E+00   1.76838447E-27   7.71162291E-29   1.69126824E-27
  2.239000E+00   1.79390720E-27   7.76078568E-29   1.71629934E-27
  2.265000E+00   1.81886596E-27   7.80825019E-29   1.74078346E-27
  2.291000E+00   1.84354857E-27   7.85412287E-29   1.76500734E-27
  2.317000E+00   1.86767533E-27   7.89826917E-29   1.78869264E-27
  2.344000E+00   1.89224684E-27   7.94233652E-29   1.81282348E-27
  2.371000E+00   1.91641755E-27   7.98464452E-29   1.83657111E-27
  2.399000E+00   1.94114761E-27   8.02671551E-29   1.86088045E-27
  2.427000E+00   1.96575252E-27   8.06707099E-29   1.88508181E-27
  2.455000E+00   1.99127469E-27   8.10624264E-29   1.91021226E-27
  2.483000E+00   2.01665919E-27   8.14390950E-29   1.93522010E-27
  2.512000E+00   2.04246724E-27   8.18246415E-29   1.96064260E-27
  2.541000E+00   2.06838889E-27   8.21934225E-29   1.98619546E-27
  2.570000E+00   2.09454698E-27   8.25459776E-29   2.01200100E-27
  2.600000E+00   2.12200832E-27   8.28941755E-29   2.03911414E-27
  2.630000E+00   2.15006443E-27   8.32261414E-29   2.06683829E-27
  2.661000E+00   2.17992466E-27   8.35527086E-29   2.09637195E-27
  2.691000E+00   2.20995503E-27   8.38533626E-29   2.12610167E-27
  2.723000E+00   2.24362558E-27   8.41579844E-29   2.15946760E-27
  2.754000E+00   2.27837461E-27   8.44378337E-29   2.19393678E-27
  2.786000E+00   2.31787623E-27   8.47283086E-29   2.23314792E-27
  2.818000E+00   2.36135573E-27   8.50046598E-29   2.27635107E-27
  2.851000E+00   2.41175802E-27   8.52747606E-29   2.32648326E-27
  2.884000E+00   2.46987192E-27   8.55303319E-29   2.38434159E-27
  2.917000E+00   2.53871711E-27   8.57719471E-29   2.45294517E-27
  2.951000E+00   2.62566885E-27   8.60068733E-29   2.53966197E-27
  2.985000E+00   2.73657187E-27   8.62281613E-29   2.65034371E-27
  3.020000E+00   2.88925702E-27   8.64423108E-29   2.80281471E-27
  3.055000E+00   3.10529862E-27   8.66432079E-29   3.01865541E-27
  3.090000E+00   3.43109524E-27   8.68314300E-29   3.34426381E-27
  3.126000E+00   3.98436033E-27   8.70774422E-29   3.89728289E-27
  3.162000E+00   5.01215321E-27   8.73345775E-29   4.92481863E-27
  3.199000E+00   7.36727976E-27   8.75863128E-29   7.27969345E-27
  3.236000E+00   1.44883096E-26   8.78258862E-29   1.44004837E-26
  3.273000E+00   5.22331301E-26   8.80338693E-29   5.21450962E-26
  3.311000E+00   1.14015178E-25   8.81827775E-29   1.13926995E-25
  3.350000E+00   2.29215543E-26   8.83244678E-29   2.28332298E-26
  3.388000E+00   1.00068706E-26   8.84522281E-29   9.91841836E-27
  3.428000E+00   6.29051368E-27   8.85337908E-29   6.20197989E-27
  3.467000E+00   4.85661645E-27   8.85828754E-29   4.76803358E-27
  3.507000E+00   4.13331005E-27   8.86242514E-29   4.04468580E-27
  3.548000E+00   3.72504694E-27   8.86578073E-29   3.63638913E-27
  3.589000E+00   3.48209002E-27   8.86829597E-29   3.39340706E-27
  3.631000E+00   3.32639304E-27   8.87005763E-29   3.23769247E-27
  3.673000E+00   3.22700486E-27   8.86993440E-29   3.13830551E-27
  3.715000E+00   3.16298845E-27   8.86845163E-29   3.07430393E-27
  3.758000E+00   3.12146610E-27   8.86626333E-29   3.03280347E-27
  3.802000E+00   3.09637351E-27   8.86337567E-29   3.00773975E-27
  3.846000E+00   3.08392014E-27   8.85988438E-29   2.99532130E-27
  3.891000E+00   3.08124414E-27   8.85574433E-29   2.99268669E-27
  3.935000E+00   3.08654251E-27   8.85119511E-29   2.99803056E-27
  3.981000E+00   3.09833841E-27   8.84595629E-29   3.00987885E-27
  4.027000E+00   3.11546617E-27   8.84027216E-29   3.02706345E-27
  4.074000E+00   3.13772301E-27   8.83405283E-29   3.04938248E-27
  4.121000E+00   3.16429335E-27   8.82746404E-29   3.07601871E-27
  4.169000E+00   3.19566899E-27   8.81435599E-29   3.10752543E-27
  4.217000E+00   3.23110941E-27   8.79905255E-29   3.14311889E-27
  4.266000E+00   3.27142136E-27   8.78325176E-29   3.18358884E-27
  4.315000E+00   3.31600207E-27   8.76731260E-29   3.22832894E-27
  4.365000E+00   3.36610781E-27   8.75094680E-29   3.27859834E-27
  4.416000E+00   3.42237209E-27   8.73418916E-29   3.33503020E-27
  4.467000E+00   3.48509608E-27   8.72322513E-29   3.39786383E-27
  4.519000E+00   3.55586898E-27   8.71383138E-29   3.46873067E-27
  4.571000E+00   3.63424360E-27   8.70442695E-29   3.54719933E-27
  4.624000E+00   3.72327224E-27   8.69486716E-29   3.63632357E-27
  4.677000E+00   3.82335923E-27   8.68536793E-29   3.73650555E-27
  4.732000E+00   3.94166112E-27   8.67560954E-29   3.85490502E-27
  4.786000E+00   4.07660630E-27   8.67000316E-29   3.98990627E-27
  4.842000E+00   4.24325207E-27   8.67269275E-29   4.15652514E-27
  4.898000E+00   4.44670372E-27   8.67549549E-29   4.35994876E-27
  4.955000E+00   4.71135449E-27   8.67849736E-29   4.62456952E-27
  5.012000E+00   5.07257453E-27   8.68370194E-29   4.98573751E-27
  5.070000E+00   5.62485631E-27   8.69638719E-29   5.53789244E-27
  5.129000E+00   6.59244440E-27   8.70947923E-29   6.50534961E-27
  5.188000E+00   8.46703118E-27   8.72992409E-29   8.37973194E-27
  5.248000E+00   1.13540656E-26   8.76308472E-29   1.12664348E-26
  5.309000E+00   1.12445004E-26   8.79696856E-29   1.11565307E-26
  5.370000E+00   9.38685364E-27   8.83105799E-29   9.29854306E-27
  5.432000E+00   8.86734403E-27   8.86595038E-29   8.77868453E-27
  5.495000E+00   9.49885828E-27   8.90169114E-29   9.40984137E-27
  5.559000E+00   1.13984396E-26   8.95206490E-29   1.13089189E-26
  5.623000E+00   1.54019436E-26   9.00708049E-29   1.53118728E-26
  5.688000E+00   2.05982850E-26   9.07661122E-29   2.05075189E-26
  5.754000E+00   1.95293465E-26   9.15080077E-29   1.94378385E-26
  5.821000E+00   1.71364803E-26   9.22648329E-29   1.70442155E-26
  5.888000E+00   1.78573332E-26   9.30257963E-29   1.77643074E-26
  5.957000E+00   2.18745133E-26   9.39275882E-29   2.17805858E-26
  6.026000E+00   3.10985329E-26   9.48688299E-29   3.10036641E-26
  6.095000E+00   5.23580625E-26   9.58157592E-29   5.22622468E-26
  6.166000E+00   1.02009542E-25   9.67965523E-29   1.01912746E-25
  6.237000E+00   1.31959163E-25   9.76934670E-29   1.31861470E-25
  6.310000E+00   7.92085463E-26   9.85425239E-29   7.91100038E-26
  6.383000E+00   4.79494512E-26   9.93359892E-29   4.78501152E-26
  6.457000E+00   3.69055555E-26   1.00022791E-28   3.68055327E-26
  6.531000E+00   3.44706816E-26   1.00711537E-28   3.43699701E-26
  6.607000E+00   3.58121040E-26   1.01307755E-28   3.57107962E-26
  6.683000E+00   3.76058318E-26   1.01917205E-28   3.75039146E-26
  6.761000E+00   3.76298786E-26   1.02498012E-28   3.75273806E-26
  6.839000E+00   3.67807681E-26   1.03074113E-28   3.66776940E-26
  6.918000E+00   3.70525648E-26   1.03719929E-28   3.69488449E-26
  6.998000E+00   3.93539464E-26   1.04893340E-28   3.92490530E-26
  7.080000E+00   4.39879157E-26   1.06114392E-28   4.38818013E-26
  7.161000E+00   5.09215133E-26   1.09328960E-28   5.08121843E-26
  7.244000E+00   6.07900450E-26   1.12795745E-28   6.06772493E-26
  7.328000E+00   7.47108252E-26   1.19045848E-28   7.45917793E-26
  7.413000E+00   9.58136626E-26   1.29369437E-28   9.56842932E-26
  7.499000E+00   1.28699250E-25   1.40006803E-28   1.28559243E-25
  7.586000E+00   1.62103455E-25   1.63987193E-28   1.61939468E-25
  7.674000E+00   1.64922768E-25   1.91623358E-28   1.64731144E-25
  7.762000E+00   1.60418304E-25   2.23117255E-28   1.60195187E-25
  7.852000E+00   1.55326400E-25   2.75380552E-28   1.55051020E-25
  7.943000E+00   1.28638133E-25   3.29515032E-28   1.28308618E-25
  8.035000E+00   9.64841955E-26   3.94964991E-28   9.60892305E-26
  8.128000E+00   7.49137102E-26   4.77307142E-28   7.44364030E-26
  8.222000E+00   6.40044831E-26   5.62174038E-28   6.34423091E-26
  8.318000E+00   6.01042701E-26   6.47073077E-28   5.94571970E-26
  8.414000E+00   6.10868460E-26   7.25925034E-28   6.03609210E-26
  8.511000E+00   7.01075948E-26   7.99205898E-28   6.93083889E-26
  8.610000E+00   7.82775922E-26   8.73282135E-28   7.74043100E-26
  8.710000E+00   6.24532893E-26   9.60079271E-28   6.14932101E-26
  8.811000E+00   4.41292784E-26   1.06283023E-27   4.30664481E-26
  8.913000E+00   3.36937526E-26   1.17958892E-27   3.25141637E-26
  9.016000E+00   2.79800661E-26   1.30538284E-27   2.66746832E-26
  9.120000E+00   2.46163537E-26   1.43229954E-27   2.31840541E-26
  9.226000E+00   2.24695754E-26   1.54204022E-27   2.09275352E-26
  9.333000E+00   2.10392595E-26   1.62226249E-27   1.94169970E-26
  9.441000E+00   2.00543152E-26   1.67007966E-27   1.83842356E-26
  9.550000E+00   1.93703898E-26   1.68680584E-27   1.76835840E-26
  9.660000E+00   1.89063693E-26   1.67448786E-27   1.72318815E-26
  9.772000E+00   1.86288628E-26   1.64840166E-27   1.69804612E-26
  9.885000E+00   1.85298630E-26   1.62174297E-27   1.69081200E-26
  1.000000E+01   1.86052701E-26   1.59693646E-27   1.70083336E-26
  1.012000E+01   1.88816706E-26   1.57695209E-27   1.73047185E-26
  1.023000E+01   1.93267439E-26   1.55449215E-27   1.77722517E-26
  1.035000E+01   2.00789445E-26   1.52287138E-27   1.85560731E-26
  1.047000E+01   2.12311517E-26   1.47008013E-27   1.97610716E-26
  1.059000E+01   2.31389552E-26   1.40743586E-27   2.17315194E-26
  1.072000E+01   2.62364893E-26   1.33959861E-27   2.48968907E-26
  1.084000E+01   3.05078257E-26   1.28459814E-27   2.92232275E-26
  1.097000E+01   4.07016118E-26   1.23418481E-27   3.94674270E-26
  1.109000E+01   6.54582268E-26   1.19149228E-27   6.42667345E-26
  1.122000E+01   1.63598349E-25   1.14503365E-27   1.62453316E-25
  1.135000E+01   1.27891239E-25   1.10273783E-27   1.26788501E-25
  1.148000E+01   8.32899224E-26   1.06337790E-27   8.22265445E-26
  1.161000E+01   5.89609519E-26   1.02921455E-27   5.79317373E-26
  1.175000E+01   5.40015020E-26   9.91204925E-28   5.30102970E-26
  1.189000E+01   5.99268546E-26   9.50535085E-28   5.89763196E-26
  1.202000E+01   6.32259287E-26   9.13652978E-28   6.23122758E-26
  1.216000E+01   5.81434912E-26   8.74788373E-28   5.72687028E-26
  1.230000E+01   5.71499250E-26   8.43076771E-28   5.63068482E-26
  1.244000E+01   6.67044399E-26   8.13175884E-28   6.58912641E-26
  1.259000E+01   8.18592790E-26   7.80570678E-28   8.10787083E-26
  1.273000E+01   7.67233219E-26   7.51145803E-28   7.59721761E-26
  1.288000E+01   5.48389724E-26   7.19976615E-28   5.41189958E-26
  1.303000E+01   4.39426898E-26   6.94865122E-28   4.32478247E-26
  1.318000E+01   4.02945487E-26   6.70877513E-28   3.96236712E-26
  1.334000E+01   4.17280538E-26   6.48424909E-28   4.10796289E-26
  1.349000E+01   4.30658562E-26   6.27228443E-28   4.24386278E-26
  1.365000E+01   3.81594403E-26   6.11255685E-28   3.75481847E-26
  1.380000E+01   3.36537426E-26   5.97489316E-28   3.30562532E-26
  1.396000E+01   3.18013091E-26   5.96601195E-28   3.12047079E-26
  1.412000E+01   3.29048498E-26   5.98343076E-28   3.23065067E-26
  1.429000E+01   3.15658799E-26   6.15690207E-28   3.09501897E-26
  1.445000E+01   2.88572149E-26   6.34933060E-28   2.82222818E-26
  1.462000E+01   2.77456016E-26   6.66309599E-28   2.70792920E-26
  1.479000E+01   2.73397139E-26   6.99626061E-28   2.66400878E-26
  1.496000E+01   2.72217283E-26   7.36494801E-28   2.64852335E-26
  1.514000E+01   2.72660662E-26   7.77792104E-28   2.64882741E-26
  1.531000E+01   2.74304476E-26   8.20781287E-28   2.66096663E-26
  1.549000E+01   2.77437945E-26   8.68223464E-28   2.68755711E-26
  1.567000E+01   2.83027600E-26   9.19343521E-28   2.73834165E-26
  1.585000E+01   2.93895003E-26   9.72465700E-28   2.84170346E-26
  1.603000E+01   3.03247599E-26   1.02826122E-27   2.92964987E-26
  1.622000E+01   3.28975574E-26   1.08942210E-27   3.18081353E-26
  1.641000E+01   4.39834786E-26   1.15233792E-27   4.28311407E-26
  1.660000E+01   3.94155709E-26   1.21660047E-27   3.81989704E-26
  1.679000E+01   3.88534143E-26   1.28149903E-27   3.75719152E-26
  1.698000E+01   4.04437657E-26   1.34368274E-27   3.91000830E-26
  1.718000E+01   4.01597875E-26   1.41020711E-27   3.87495804E-26
  1.738000E+01   4.01794575E-26   1.47379403E-27   3.87056635E-26
  1.758000E+01   3.42497208E-26   1.53659187E-27   3.27131289E-26
  1.778000E+01   3.23951608E-26   1.59544545E-27   3.07997154E-26
  1.799000E+01   3.04141401E-26   1.64875674E-27   2.87653834E-26
  1.820000E+01   2.84683593E-26   1.70146317E-27   2.67668962E-26
  1.841000E+01   2.74976985E-26   1.74307430E-27   2.57546242E-26
  1.862000E+01   2.68481670E-26   1.78152455E-27   2.50666424E-26
  1.884000E+01   2.63049680E-26   1.81619725E-27   2.44887708E-26
  1.906000E+01   2.57952403E-26   1.83694888E-27   2.39582914E-26
  1.927000E+01   2.53203945E-26   1.85593511E-27   2.34644594E-26
  1.950000E+01   2.48144464E-26   1.86729575E-27   2.29471506E-26
  1.972000E+01   2.43615673E-26   1.87109300E-27   2.24904743E-26
  1.995000E+01   2.39325790E-26   1.87466887E-27   2.20579101E-26
  2.018000E+01   2.35403951E-26   1.87231601E-27   2.16680791E-26
  2.042000E+01   2.31726840E-26   1.87237591E-27   2.13003081E-26
  2.065000E+01   2.28576769E-26   1.87846156E-27   2.09792153E-26
  2.089000E+01   2.25552701E-26   1.88370918E-27   2.06715609E-26
  2.114000E+01   2.22651181E-26   1.88839425E-27   2.03767239E-26
  2.138000E+01   2.20076321E-26   1.89231324E-27   2.01153188E-26
  2.163000E+01   2.17650874E-26   1.90128974E-27   1.98637977E-26
  2.188000E+01   2.15416111E-26   1.91013660E-27   1.96314745E-26
  2.213000E+01   2.13359083E-26   1.91883827E-27   1.94170700E-26
  2.239000E+01   2.11324982E-26   1.92073285E-27   1.92117654E-26
  2.265000E+01   2.09479843E-26   1.92444624E-27   1.90235381E-26
  2.291000E+01   2.07829301E-26   1.93108661E-27   1.88518435E-26
  2.317000E+01   2.06388684E-26   1.94249305E-27   1.86963753E-26
  2.344000E+01   2.05060069E-26   1.95490516E-27   1.85511018E-26
  2.371000E+01   2.03864127E-26   1.96426256E-27   1.84221502E-26
  2.399000E+01   2.02804791E-26   1.97557270E-27   1.83049064E-26
  2.427000E+01   2.01923677E-26   1.98833587E-27   1.82040319E-26
  2.455000E+01   2.01207134E-26   2.00219803E-27   1.81185153E-26
  2.483000E+01   2.00640732E-26   2.01569548E-27   1.80483778E-26
  2.512000E+01   2.00177117E-26   2.02684417E-27   1.79908676E-26
  2.541000E+01   1.99880094E-26   2.04001596E-27   1.79479934E-26
  2.570000E+01   1.99737368E-26   2.05314755E-27   1.79205893E-26
  2.600000E+01   1.99749526E-26   2.06668423E-27   1.79082684E-26
  2.630000E+01   1.99921909E-26   2.08016729E-27   1.79120236E-26
  2.661000E+01   2.00266266E-26   2.09403846E-27   1.79325882E-26
  2.692000E+01   2.00777786E-26   2.10784270E-27   1.79699359E-26
  2.723000E+01   2.01455009E-26   2.12157582E-27   1.80239251E-26
  2.754000E+01   2.02296823E-26   2.13523416E-27   1.80944481E-26
  2.786000E+01   2.03237121E-26   2.15251869E-27   1.81711934E-26
  2.818000E+01   2.04325843E-26   2.16987323E-27   1.82627111E-26
  2.851000E+01   2.05604815E-26   2.18770745E-27   1.83727741E-26
  2.884000E+01   2.07039533E-26   2.20547529E-27   1.84984780E-26
  2.917000E+01   2.08627166E-26   2.22317456E-27   1.86395421E-26
  2.951000E+01   2.10419904E-26   2.24133677E-27   1.88006536E-26
  2.985000E+01   2.12368973E-26   2.25942344E-27   1.89774738E-26
  3.020000E+01   2.14346606E-26   2.27978645E-27   1.91548742E-26
  3.055000E+01   2.16313656E-26   2.30141506E-27   1.93299506E-26
  3.090000E+01   2.18396142E-26   2.32296464E-27   1.95166496E-26
  3.126000E+01   2.20652989E-26   2.34504802E-27   1.97202509E-26
  3.162000E+01   2.23020604E-26   2.36704993E-27   1.99350105E-26
  3.199000E+01   2.25563325E-26   2.38958087E-27   2.01667517E-26
  3.236000E+01   2.28210604E-26   2.41203264E-27   2.04090278E-26
  3.273000E+01   2.30956038E-26   2.43441063E-27   2.06611931E-26
  3.311000E+01   2.33871025E-26   2.45732378E-27   2.09297787E-26
  3.350000E+01   2.36955773E-26   2.48077581E-27   2.12148015E-26
  3.388000E+01   2.39596710E-26   2.51061314E-27   2.14490579E-26
  3.428000E+01   2.42434945E-26   2.54229946E-27   2.17011951E-26
  3.467000E+01   2.45268303E-26   2.57330437E-27   2.19535260E-26
  3.508000E+01   2.48314657E-26   2.60603657E-27   2.22254291E-26
  3.548000E+01   2.51351423E-26   2.63812800E-27   2.24970143E-26
  3.589000E+01   2.54528654E-26   2.67120914E-27   2.27816563E-26
  3.631000E+01   2.57849718E-26   2.70532484E-27   2.30796470E-26
  3.673000E+01   2.61236925E-26   2.73970656E-27   2.33839860E-26
  3.715000E+01   2.64689709E-26   2.77439423E-27   2.36945767E-26
  3.758000E+01   2.68286348E-26   2.81027597E-27   2.40183589E-26
  3.802000E+01   2.71766457E-26   2.84767403E-27   2.43289717E-26
  3.846000E+01   2.75359192E-26   2.88558404E-27   2.46503351E-26
  3.890000E+01   2.79069608E-26   2.92407323E-27   2.49828876E-26
  3.935000E+01   2.82991361E-26   2.96411240E-27   2.53350237E-26
  3.981000E+01   2.87138557E-26   3.00583453E-27   2.57080212E-26
  4.027000E+01   2.91431111E-26   3.04845530E-27   2.60946557E-26
  4.074000E+01   2.95972696E-26   3.09303969E-27   2.65042299E-26
  4.121000E+01   3.00677053E-26   3.13879098E-27   2.69289143E-26
  4.169000E+01   3.05702382E-26   3.18844770E-27   2.73817904E-26
  4.217000E+01   3.10963207E-26   3.24011969E-27   2.78562010E-26
  4.266000E+01   3.16572180E-26   3.29456905E-27   2.83626490E-26
  4.315000E+01   3.22427528E-26   3.35090681E-27   2.88918460E-26
  4.365000E+01   3.28661147E-26   3.41052768E-27   2.94555871E-26
  4.416000E+01   3.35292922E-26   3.47376721E-27   3.00555250E-26
  4.467000E+01   3.42204270E-26   3.53967717E-27   3.06807498E-26
  4.519000E+01   3.49611672E-26   3.61077138E-27   3.13503958E-26
  4.571000E+01   3.57621145E-26   3.68880070E-27   3.20733138E-26
  4.624000E+01   3.66140314E-26   3.77212665E-27   3.28419048E-26
  4.677000E+01   3.75018938E-26   3.85957739E-27   3.36423164E-26
  4.731000E+01   3.84434019E-26   3.95323219E-27   3.44901697E-26
  4.786000E+01   3.94404245E-26   4.05367998E-27   3.53867445E-26
  4.842000E+01   4.04947217E-26   4.16155621E-27   3.63331655E-26
  4.898000E+01   4.15880518E-26   4.27545250E-27   3.73125993E-26
  4.954000E+01   4.27198255E-26   4.39573936E-27   3.83240862E-26
  5.012000E+01   4.39419571E-26   4.52855431E-27   3.94134028E-26
  5.070000E+01   4.52423571E-26   4.67315851E-27   4.05691986E-26
  5.129000E+01   4.66084900E-26   4.82885007E-27   4.17796399E-26
  5.188000E+01   4.80279611E-26   4.99482762E-27   4.30331334E-26
  5.248000E+01   4.95337452E-26   5.17556889E-27   4.43581764E-26
  5.309000E+01   5.11088311E-26   5.37011468E-27   4.57387164E-26
  5.370000E+01   5.27267311E-26   5.57599394E-27   4.71507372E-26
  5.433000E+01   5.44672637E-26   5.80339447E-27   4.86638693E-26
  5.495000E+01   5.62355263E-26   6.04126970E-27   5.01942566E-26
  5.559000E+01   5.81032309E-26   6.30076060E-27   5.18024703E-26
  5.623000E+01   6.00114753E-26   6.57482851E-27   5.34366468E-26
  5.688000E+01   6.20275156E-26   6.87350506E-27   5.51540105E-26
  5.754000E+01   6.41238782E-26   7.19468487E-27   5.69291933E-26
  5.821000E+01   6.62899992E-26   7.53833554E-27   5.87516637E-26
  5.888000E+01   6.84910467E-26   7.90002498E-27   6.05910218E-26
  5.957000E+01   7.08370443E-26   8.29856153E-27   6.25384827E-26
  6.026000E+01   7.32297309E-26   8.71959139E-27   6.45101395E-26
  6.095000E+01   7.56516087E-26   9.16128969E-27   6.64903190E-26
  6.166000E+01   7.81699937E-26   9.63745408E-27   6.85325397E-26
  6.237000E+01   8.07371459E-26   1.01391127E-26   7.05980331E-26
  6.310000E+01   8.34212146E-26   1.06814888E-26   7.27397258E-26
  6.383000E+01   8.61361229E-26   1.12506396E-26   7.48854833E-26
  6.457000E+01   8.89295339E-26   1.18581877E-26   7.70713462E-26
  6.531000E+01   9.17359082E-26   1.24909682E-26   7.92449400E-26
  6.607000E+01   9.46624978E-26   1.31722669E-26   8.14902309E-26
  6.683000E+01   9.75913386E-26   1.38793863E-26   8.37119523E-26
  6.761000E+01   1.00629029E-25   1.46369859E-26   8.59920432E-26
  6.839000E+01   1.03671231E-25   1.54227839E-26   8.82484467E-26
  6.918000E+01   1.06758655E-25   1.62507317E-26   9.05079235E-26
  6.998000E+01   1.09899404E-25   1.71259684E-26   9.27734355E-26
  7.079000E+01   1.13071414E-25   1.80319584E-26   9.50394559E-26
  7.161000E+01   1.16304172E-25   1.89937350E-26   9.73104365E-26
  7.244000E+01   1.19549182E-25   1.99951599E-26   9.95540225E-26
  7.328000E+01   1.22820587E-25   2.10393100E-26   1.01781277E-25
  7.413000E+01   1.26124172E-25   2.21285551E-26   1.03995617E-25
  7.499000E+01   1.29418493E-25   2.32545955E-26   1.06163898E-25
  7.586000E+01   1.32750920E-25   2.44289177E-26   1.08322002E-25
  7.674000E+01   1.36074123E-25   2.56413802E-26   1.10432743E-25
  7.762000E+01   1.39343201E-25   2.68771725E-26   1.12466029E-25
  7.852000E+01   1.42679919E-25   2.81825112E-26   1.14497408E-25
  7.943000E+01   1.45977143E-25   2.95201508E-26   1.16456992E-25
  8.035000E+01   1.49259958E-25   3.08963542E-26   1.18363603E-25
  8.128000E+01   1.52542772E-25   3.23151627E-26   1.20227609E-25
  8.222000E+01   1.55767692E-25   3.37605905E-26   1.22007101E-25
  8.318000E+01   1.59015719E-25   3.52633308E-26   1.23752388E-25
  8.414000E+01   1.62207222E-25   3.67884305E-26   1.25418792E-25
  8.511000E+01   1.65323761E-25   3.83334290E-26   1.26990332E-25
  8.610000E+01   1.68457960E-25   3.99305529E-26   1.28527407E-25
  8.710000E+01   1.71552440E-25   4.15560643E-26   1.29996376E-25
  8.811000E+01   1.74554335E-25   4.31928961E-26   1.31361439E-25
  8.912000E+01   1.77503862E-25   4.48473701E-26   1.32656492E-25
  9.016000E+01   1.80471543E-25   4.65626884E-26   1.33908855E-25
  9.120000E+01   1.83303784E-25   4.82638920E-26   1.35039892E-25
  9.226000E+01   1.86095156E-25   4.99953529E-26   1.36099804E-25
  9.332000E+01   1.88815173E-25   5.17310267E-26   1.37084146E-25
  9.441000E+01   1.91462346E-25   5.34904056E-26   1.37971940E-25
  9.550000E+01   1.93972302E-25   5.52270797E-26   1.38745223E-25
  9.661000E+01   1.96499983E-25   5.70214865E-26   1.39478496E-25
  9.772000E+01   1.98871012E-25   5.87809407E-26   1.40090071E-25
  9.886000E+01   2.01141956E-25   6.05470771E-26   1.40594879E-25
  1.000000E+02   2.03247685E-25   6.22682018E-26   1.40979484E-25
  1.012000E+02   2.05461379E-25   6.41001567E-26   1.41361222E-25
  1.023000E+02   2.07335628E-25   6.57318391E-26   1.41603789E-25
  1.035000E+02   2.09257222E-25   6.74715604E-26   1.41785662E-25
  1.047000E+02   2.11272185E-25   6.92421457E-26   1.42030039E-25
  1.059000E+02   2.13129344E-25   7.09542004E-26   1.42175144E-25
  1.072000E+02   2.14965110E-25   7.27388093E-26   1.42226301E-25
  1.084000E+02   2.16499187E-25   7.43179718E-26   1.42181215E-25
  1.097000E+02   2.17989999E-25   7.59513996E-26   1.42038599E-25
  1.109000E+02   2.19210973E-25   7.73849811E-26   1.41825992E-25
  1.122000E+02   2.20369029E-25   7.88548607E-26   1.41514168E-25
  1.135000E+02   2.21620529E-25   8.03159747E-26   1.41304554E-25
  1.148000E+02   2.22897017E-25   8.17442574E-26   1.41152759E-25
  1.161000E+02   2.24039072E-25   8.30869172E-26   1.40952155E-25
  1.175000E+02   2.25126306E-25   8.44351325E-26   1.40691174E-25
  1.188000E+02   2.26183861E-25   8.56562286E-26   1.40527633E-25
  1.202000E+02   2.27358747E-25   8.69284252E-26   1.40430322E-25
  1.216000E+02   2.28429317E-25   8.81010998E-26   1.40328217E-25
  1.230000E+02   2.29407196E-25   8.91734206E-26   1.40233775E-25
  1.244000E+02   2.30436361E-25   9.01873994E-26   1.40248961E-25
  1.259000E+02   2.31780660E-25   9.12740439E-26   1.40506616E-25
  1.273000E+02   2.32943417E-25   9.21901085E-26   1.40753308E-25
  1.288000E+02   2.34085519E-25   9.30666752E-26   1.41018844E-25
  1.303000E+02   2.35108670E-25   9.38352425E-26   1.41273427E-25
  1.318000E+02   2.35992922E-25   9.44966834E-26   1.41496239E-25
  1.334000E+02   2.36749355E-25   9.50854597E-26   1.41663896E-25
  1.349000E+02   2.37239919E-25   9.55294945E-26   1.41710425E-25
  1.365000E+02   2.36669678E-25   9.61214255E-26   1.40548252E-25
  1.380000E+02   2.35591407E-25   9.65933046E-26   1.38998102E-25
  1.396000E+02   2.33945224E-25   9.69947364E-26   1.36950488E-25
  1.412000E+02   2.31843369E-25   9.72931258E-26   1.34550243E-25
  1.429000E+02   2.29186797E-25   9.74999385E-26   1.31686859E-25
  1.445000E+02   2.26362850E-25   9.75935504E-26   1.28769299E-25
  1.462000E+02   2.23096260E-25   9.75887736E-26   1.25507487E-25
  1.479000E+02   2.19627032E-25   9.74799608E-26   1.22147071E-25
  1.496000E+02   2.16016868E-25   9.72706742E-26   1.18746194E-25
  1.514000E+02   2.12682384E-25   9.71977429E-26   1.15484641E-25
  1.531000E+02   2.09678397E-25   9.71050272E-26   1.12573370E-25
  1.549000E+02   2.06497123E-25   9.69149887E-26   1.09582135E-25
  1.567000E+02   2.03315600E-25   9.66342105E-26   1.06681390E-25
  1.585000E+02   2.00134072E-25   9.62665668E-26   1.03867505E-25
  1.603000E+02   1.96952812E-25   9.58159606E-26   1.01136851E-25
  1.622000E+02   1.93595530E-25   9.52546404E-26   9.83408892E-26
  1.641000E+02   1.90239609E-25   9.46098370E-26   9.56297722E-26
  1.660000E+02   1.86885896E-25   9.38861149E-26   9.29997813E-26
  1.679000E+02   1.83535444E-25   9.30879924E-26   9.04474516E-26
  1.698000E+02   1.80189497E-25   9.22199254E-26   8.79695718E-26
  1.718000E+02   1.76673869E-25   9.12354213E-26   8.54384472E-26
  1.738000E+02   1.73166608E-25   9.01832727E-26   8.29833350E-26
  1.758000E+02   1.69883572E-25   8.91950335E-26   8.06885385E-26
  1.778000E+02   1.66916427E-25   8.83369880E-26   7.85794391E-26
  1.799000E+02   1.63796106E-25   8.73783612E-26   7.64177444E-26
  1.820000E+02   1.60674614E-25   8.63651067E-26   7.43095077E-26
  1.841000E+02   1.57555619E-25   8.53016100E-26   7.22540093E-26
  1.862000E+02   1.54442612E-25   8.41921041E-26   7.02505079E-26
  1.884000E+02   1.51191395E-25   8.29848564E-26   6.82065386E-26
  1.906000E+02   1.47953975E-25   8.17360844E-26   6.62178907E-26
  1.928000E+02   1.44733722E-25   8.04500921E-26   6.42836294E-26
  1.950000E+02   1.41533782E-25   7.91309879E-26   6.24027937E-26
  1.972000E+02   1.38357083E-25   7.77826850E-26   6.05743977E-26
  1.995000E+02   1.35063779E-25   7.63459110E-26   5.87178680E-26
  2.018000E+02   1.32066114E-25   7.50635835E-26   5.70025307E-26
  2.042000E+02   1.29040464E-25   7.37539923E-26   5.52864720E-26
  2.065000E+02   1.26165821E-25   7.24790548E-26   5.36867665E-26
  2.089000E+02   1.23195003E-25   7.11313170E-26   5.20636864E-26
  2.114000E+02   1.20134453E-25   6.97120888E-26   5.04223644E-26
  2.138000E+02   1.17231427E-25   6.83381257E-26   4.88933011E-26
  2.163000E+02   1.14246270E-25   6.68981031E-26   4.73481668E-26
  2.188000E+02   1.11302774E-25   6.54521041E-26   4.58506695E-26
  2.213000E+02   1.08402747E-25   6.40029665E-26   4.43997805E-26
  2.239000E+02   1.05434515E-25   6.24953572E-26   4.29391575E-26
  2.265000E+02   1.02600247E-25   6.10736701E-26   4.15265774E-26
  2.291000E+02   9.98778055E-26   5.97170066E-26   4.01607989E-26
  2.317000E+02   9.72044115E-26   5.83638436E-26   3.88405679E-26
  2.344000E+02   9.44809234E-26   5.69645073E-26   3.75164161E-26
  2.371000E+02   9.18118038E-26   5.55731930E-26   3.62386108E-26
  2.399000E+02   8.91017553E-26   5.41408277E-26   3.49609276E-26
  2.427000E+02   8.64539601E-26   5.27239439E-26   3.37300162E-26
  2.455000E+02   8.38661076E-26   5.13217716E-26   3.25443360E-26
  2.483000E+02   8.13355171E-26   4.99331492E-26   3.14023679E-26
  2.512000E+02   7.87594894E-26   4.84742061E-26   3.02852833E-26
  2.541000E+02   7.62478109E-26   4.70083784E-26   2.92394325E-26
  2.570000E+02   7.37967270E-26   4.55653795E-26   2.82313475E-26
  2.600000E+02   7.13251728E-26   4.40982491E-26   2.72269237E-26
  2.630000E+02   6.89936520E-26   4.27334145E-26   2.62602375E-26
  2.661000E+02   6.66481844E-26   4.13486199E-26   2.52995644E-26
  2.691000E+02   6.44394492E-26   4.00339018E-26   2.44055474E-26
  2.723000E+02   6.21488555E-26   3.86597041E-26   2.34891514E-26
  2.754000E+02   6.00100657E-26   3.73734194E-26   2.26366463E-26
  2.786000E+02   5.79714452E-26   3.61798358E-26   2.17916094E-26
  2.818000E+02   5.59924168E-26   3.50117230E-26   2.09806938E-26
  2.851000E+02   5.40127703E-26   3.38340483E-26   2.01787220E-26
  2.884000E+02   5.20940224E-26   3.26839002E-26   1.94101222E-26
  2.917000E+02   5.02348482E-26   3.15613582E-26   1.86734900E-26
  2.951000E+02   4.83802102E-26   3.04336690E-26   1.79465413E-26
  2.985000E+02   4.65858596E-26   2.93351936E-26   1.72506659E-26
  3.020000E+02   4.48928753E-26   2.83150148E-26   1.65778606E-26
  3.055000E+02   4.33226570E-26   2.73799156E-26   1.59427414E-26
  3.090000E+02   4.18036887E-26   2.64692805E-26   1.53344082E-26
  3.126000E+02   4.02933339E-26   2.55579229E-26   1.47354109E-26
  3.162000E+02   3.88342357E-26   2.46719353E-26   1.41623004E-26
  3.199000E+02   3.73864461E-26   2.37874278E-26   1.35990184E-26
  3.236000E+02   3.59896094E-26   2.29289731E-26   1.30606363E-26
  3.273000E+02   3.46421323E-26   2.20961369E-26   1.25459954E-26
  3.311000E+02   3.33079652E-26   2.12669694E-26   1.20409959E-26
  3.350000E+02   3.19893461E-26   2.04430127E-26   1.15463334E-26
  3.388000E+02   3.07522180E-26   1.96659554E-26   1.10862626E-26
  3.428000E+02   2.94990373E-26   1.88748478E-26   1.06241894E-26
  3.467000E+02   2.83239135E-26   1.81293895E-26   1.01945239E-26
  3.508000E+02   2.71834164E-26   1.74195075E-26   9.76390888E-27
  3.548000E+02   2.61651207E-26   1.68001095E-26   9.36501120E-27
  3.589000E+02   2.51699812E-26   1.61861440E-26   8.98383720E-27
  3.631000E+02   2.41900954E-26   1.55785687E-26   8.61152670E-27
  3.673000E+02   2.32486724E-26   1.49920051E-26   8.25666733E-27
  3.715000E+02   2.23442110E-26   1.44258388E-26   7.91837216E-27
  3.758000E+02   2.14549912E-26   1.38666857E-26   7.58830549E-27
  3.802000E+02   2.05820529E-26   1.33153196E-26   7.26673336E-27
  3.846000E+02   1.97449598E-26   1.27843003E-26   6.96065945E-27
  3.890000E+02   1.89422170E-26   1.22729504E-26   6.66926658E-27
  3.935000E+02   1.81552628E-26   1.17696306E-26   6.38563222E-27
  3.981000E+02   1.73848654E-26   1.12749447E-26   6.10992068E-27
  4.027000E+02   1.66897904E-26   1.08419782E-26   5.84781222E-27
  4.074000E+02   1.60155376E-26   1.04222512E-26   5.59328643E-27
  4.121000E+02   1.53699911E-26   1.00185442E-26   5.35144684E-27
  4.169000E+02   1.47434010E-26   9.62216968E-27   5.12123134E-27
  4.217000E+02   1.41450168E-26   9.24127826E-27   4.90373852E-27
  4.266000E+02   1.35604538E-26   8.86780662E-27   4.69264723E-27
  4.315000E+02   1.30012385E-26   8.50924197E-27   4.49199655E-27
  4.365000E+02   1.24555322E-26   8.15811339E-27   4.29741881E-27
  4.416000E+02   1.19236318E-26   7.81469110E-27   4.10894073E-27
  4.467000E+02   1.14155137E-26   7.48552783E-27   3.92998588E-27
  4.519000E+02   1.09369289E-26   7.18015692E-27   3.75677197E-27
  4.571000E+02   1.04885814E-26   6.89621335E-27   3.59236808E-27
  4.624000E+02   1.00520662E-26   6.61871580E-27   3.43335043E-27
  4.677000E+02   9.63519533E-27   6.35272676E-27   3.28246856E-27
  4.731000E+02   9.22966986E-27   6.09304431E-27   3.13662556E-27
  4.786000E+02   8.83557835E-27   5.83978893E-27   2.99578941E-27
  4.842000E+02   8.45297448E-27   5.59305893E-27   2.85991555E-27
  4.898000E+02   8.08823559E-27   5.35705120E-27   2.73118438E-27
  4.955000E+02   7.73439016E-27   5.12733593E-27   2.60705422E-27
  5.012000E+02   7.40107606E-27   4.91072724E-27   2.49034882E-27
  5.070000E+02   7.09116244E-27   4.71037306E-27   2.38078938E-27
  5.129000E+02   6.79055165E-27   4.51546586E-27   2.27508579E-27
  5.188000E+02   6.50395540E-27   4.32911641E-27   2.17483899E-27
  5.248000E+02   6.22613276E-27   4.14797059E-27   2.07816218E-27
  5.309000E+02   5.95703896E-27   3.97203788E-27   1.98500108E-27
  5.370000E+02   5.70071033E-27   3.80400601E-27   1.89670432E-27
  5.432000E+02   5.45257196E-27   3.64092263E-27   1.81164933E-27
  5.495000E+02   5.21431109E-27   3.48453431E-27   1.72977678E-27
  5.559000E+02   4.99013100E-27   3.33910786E-27   1.65102314E-27
  5.623000E+02   4.77671877E-27   3.20026426E-27   1.57645451E-27
  5.688000E+02   4.57040040E-27   3.06565495E-27   1.50474545E-27
  5.754000E+02   4.37107956E-27   2.93524801E-27   1.43583156E-27
  5.821000E+02   4.17864993E-27   2.80900404E-27   1.36964589E-27
  5.888000E+02   3.99565861E-27   2.68863055E-27   1.30702806E-27
  5.957000E+02   3.81652442E-27   2.57048433E-27   1.24604009E-27
  6.026000E+02   3.64856860E-27   2.46018561E-27   1.18838299E-27
  6.095000E+02   3.49004591E-27   2.35619569E-27   1.13385022E-27
  6.166000E+02   3.33501206E-27   2.25421634E-27   1.08079572E-27
  6.237000E+02   3.18854843E-27   2.15789767E-27   1.03065075E-27
  6.310000E+02   3.04623596E-27   2.06429988E-27   9.81936083E-28
  6.383000E+02   2.91119346E-27   1.97527129E-27   9.35922178E-28
  6.457000E+02   2.78241593E-27   1.89055609E-27   8.91859840E-28
  6.531000E+02   2.66010209E-27   1.80986926E-27   8.50232831E-28
  6.607000E+02   2.54119208E-27   1.73133726E-27   8.09854817E-28
  6.683000E+02   2.42886943E-27   1.65713974E-27   7.71729689E-28
  6.761000E+02   2.31946107E-27   1.58466738E-27   7.34793689E-28
  6.839000E+02   2.21640612E-27   1.51646997E-27   6.99936150E-28
  6.918000E+02   2.11757000E-27   1.45095617E-27   6.66613830E-28
  6.998000E+02   2.02260864E-27   1.38783713E-27   6.34771509E-28
  7.080000E+02   1.93259126E-27   1.32757328E-27   6.05017984E-28
  7.161000E+02   1.84825770E-27   1.27098461E-27   5.77273087E-28
  7.244000E+02   1.76621536E-27   1.21581888E-27   5.50396478E-28
  7.328000E+02   1.68743056E-27   1.16273440E-27   5.24696163E-28
  7.413000E+02   1.61180176E-27   1.11167310E-27   5.00128664E-28
  7.499000E+02   1.53922837E-27   1.06257699E-27   4.76651379E-28
  7.586000E+02   1.47056723E-27   1.01634460E-27   4.54222639E-28
  7.674000E+02   1.40472021E-27   9.71918462E-28   4.32801746E-28
  7.762000E+02   1.34226621E-27   9.29693865E-28   4.12572340E-28
  7.852000E+02   1.28169471E-27   8.88658133E-28   3.93036574E-28
  7.943000E+02   1.22364355E-27   8.49250150E-28   3.74393396E-28
  8.035000E+02   1.16854236E-27   8.11936103E-28   3.56606255E-28
  8.128000E+02   1.11599918E-27   7.76359500E-28   3.39639684E-28
  8.222000E+02   1.06566689E-27   7.42207576E-28   3.23459312E-28
  8.318000E+02   1.01697048E-27   7.09096281E-28   3.07874195E-28
  8.414000E+02   9.70844093E-28   6.77667673E-28   2.93176420E-28
  8.511000E+02   9.26689515E-28   6.47521725E-28   2.79167790E-28
  8.610000E+02   8.84012115E-28   6.18326048E-28   2.65686067E-28
  8.710000E+02   8.43202962E-28   5.90353290E-28   2.52849672E-28
  8.810000E+02   8.04563564E-28   5.63816632E-28   2.40746932E-28
  8.912000E+02   7.67249946E-28   5.38141869E-28   2.29108077E-28
  9.016000E+02   7.31359968E-28   5.13433540E-28   2.17926427E-28
  9.120000E+02   6.97875427E-28   4.90484591E-28   2.07390835E-28
  9.226000E+02   6.65575382E-28   4.68302292E-28   1.97273090E-28
  9.333000E+02   6.34726967E-28   4.47074212E-28   1.87652755E-28
  9.441000E+02   6.05268651E-28   4.26762561E-28   1.78506090E-28
  9.550000E+02   5.77141154E-28   4.07330770E-28   1.69810384E-28
  9.660000E+02   5.50287400E-28   3.88743476E-28   1.61543925E-28
  9.772000E+02   5.24427919E-28   3.70810642E-28   1.53617277E-28
  9.885000E+02   4.99758793E-28   3.53671496E-28   1.46087298E-28
  1.000000E+03   4.76034285E-28   3.37159328E-28   1.38874957E-28
  1.012000E+03   4.53334037E-28   3.21408469E-28   1.31925567E-28
  1.023000E+03   4.33634982E-28   3.07717016E-28   1.25917966E-28
  1.035000E+03   4.13280252E-28   2.93546646E-28   1.19733606E-28
  1.047000E+03   3.94037081E-28   2.80127721E-28   1.13909360E-28
  1.059000E+03   3.75835695E-28   2.67414586E-28   1.08421108E-28
  1.072000E+03   3.57218078E-28   2.54389236E-28   1.02828842E-28
  1.084000E+03   3.40984147E-28   2.43013257E-28   9.79708903E-29
  1.096000E+03   3.25606350E-28   2.32220976E-28   9.33853731E-29
  1.109000E+03   3.09853104E-28   2.21148308E-28   8.87047958E-29
  1.122000E+03   2.94982523E-28   2.10679866E-28   8.43026569E-29
  1.135000E+03   2.80937827E-28   2.00777934E-28   8.01598928E-29
  1.148000E+03   2.67666364E-28   1.91407454E-28   7.62589105E-29
  1.161000E+03   2.55119272E-28   1.82535811E-28   7.25834616E-29
  1.175000E+03   2.42365145E-28   1.73504835E-28   6.88603097E-29
  1.188000E+03   2.31181218E-28   1.65574635E-28   6.56065827E-29
  1.202000E+03   2.19824279E-28   1.57517080E-28   6.23071990E-29
  1.216000E+03   2.09264146E-28   1.50055934E-28   5.92082115E-29
  1.230000E+03   1.99292434E-28   1.43000302E-28   5.62921314E-29
  1.244000E+03   1.89930535E-28   1.36377287E-28   5.35532481E-29
  1.259000E+03   1.80608910E-28   1.29798855E-28   5.08100548E-29
  1.274000E+03   1.71821680E-28   1.23587977E-28   4.82337027E-29
  1.288000E+03   1.64071217E-28   1.18101908E-28   4.59693087E-29
  1.303000E+03   1.56219356E-28   1.12536171E-28   4.36831846E-29
  1.318000E+03   1.48805608E-28   1.07273449E-28   4.15321589E-29
  1.334000E+03   1.41348811E-28   1.01972527E-28   3.93762845E-29
  1.349000E+03   1.34753547E-28   9.72774513E-29   3.74760955E-29
  1.365000E+03   1.28112689E-28   9.25434435E-29   3.55692452E-29
  1.380000E+03   1.22232754E-28   8.83462690E-29   3.38864849E-29
  1.396000E+03   1.16305919E-28   8.41101226E-29   3.21957968E-29
  1.412000E+03   1.10712521E-28   8.01070771E-29   3.06054442E-29
  1.429000E+03   1.05110772E-28   7.60928118E-29   2.90179603E-29
  1.445000E+03   1.00138695E-28   7.25252424E-29   2.76134531E-29
  1.462000E+03   9.51537109E-29   6.89439979E-29   2.62097130E-29
  1.479000E+03   9.04555204E-29   6.55646209E-29   2.48908995E-29
  1.496000E+03   8.60251679E-29   6.23740827E-29   2.36510852E-29
  1.514000E+03   8.17372977E-29   5.93160364E-29   2.24212613E-29
  1.531000E+03   7.79504936E-29   5.66201701E-29   2.13303235E-29
  1.549000E+03   7.41652734E-29   5.39213876E-29   2.02438858E-29
  1.567000E+03   7.05957340E-29   5.13725397E-29   1.92231944E-29
  1.585000E+03   6.72276687E-29   4.89640089E-29   1.82636598E-29
  1.603000E+03   6.40479331E-29   4.66868785E-29   1.73610546E-29
  1.622000E+03   6.08824262E-29   4.44166619E-29   1.64657643E-29
  1.641000E+03   5.78999685E-29   4.22746231E-29   1.56253454E-29
  1.660000E+03   5.50883366E-29   4.02524183E-29   1.48359183E-29
  1.679000E+03   5.24362333E-29   3.83423200E-29   1.40939133E-29
  1.698000E+03   4.99332098E-29   3.65371664E-29   1.33960433E-29
  1.718000E+03   4.74488817E-29   3.47430850E-29   1.27057966E-29
  1.738000E+03   4.51085982E-29   3.30507530E-29   1.20578452E-29
  1.758000E+03   4.29027278E-29   3.14535294E-29   1.14491984E-29
  1.778000E+03   4.08223696E-29   2.99452647E-29   1.08771048E-29
  1.799000E+03   3.87640768E-29   2.84510997E-29   1.03129771E-29
  1.820000E+03   3.68262861E-29   2.70426269E-29   9.78365920E-30
  1.841000E+03   3.50008728E-29   2.57142005E-29   9.28667221E-30
  1.862000E+03   3.32803329E-29   2.44605962E-29   8.81973667E-30
  1.884000E+03   3.15827957E-29   2.32222811E-29   8.36051460E-30
  1.906000E+03   2.99853869E-29   2.20556312E-29   7.92975570E-30
  1.928000E+03   2.84813145E-29   2.09558910E-29   7.52542351E-30
  1.950000E+03   2.70643085E-29   1.99186623E-29   7.14564622E-30
  1.972000E+03   2.57285763E-29   1.89398744E-29   6.78870189E-30
  1.995000E+03   2.44132194E-29   1.79749926E-29   6.43822682E-30
  2.018000E+03   2.32132563E-29   1.71055226E-29   6.10773373E-30
  2.042000E+03   2.20453520E-29   1.62613559E-29   5.78399607E-30
  2.065000E+03   2.09909385E-29   1.54979645E-29   5.49297401E-30
  2.089000E+03   1.99537550E-29   1.47458463E-29   5.20790870E-30
  2.114000E+03   1.89372104E-29   1.40075009E-29   4.92970955E-30
  2.138000E+03   1.80184583E-29   1.33391354E-29   4.67932297E-30
  2.163000E+03   1.71168759E-29   1.26822602E-29   4.43461576E-30
  2.188000E+03   1.62680561E-29   1.20628926E-29   4.20516351E-30
  2.213000E+03   1.54684256E-29   1.14785626E-29   3.98986309E-30
  2.239000E+03   1.46854480E-29   1.09055726E-29   3.77987544E-30
  2.265000E+03   1.39486875E-29   1.03656323E-29   3.58305525E-30
  2.291000E+03   1.32549911E-29   9.85654593E-30   3.39844512E-30
  2.317000E+03   1.26014504E-29   9.37628367E-30   3.22516672E-30
  2.344000E+03   1.19623996E-29   8.90604594E-30   3.05635371E-30
  2.371000E+03   1.13609850E-29   8.46292231E-30   2.89806264E-30
  2.399000E+03   1.07743156E-29   8.03010510E-30   2.74421046E-30
  2.427000E+03   1.02227441E-29   7.62266415E-30   2.60007990E-30
  2.455000E+03   9.70385008E-30   7.23889085E-30   2.46495922E-30
  2.483000E+03   9.21721544E-30   6.87901961E-30   2.33819583E-30
  2.512000E+03   8.75629765E-30   6.54122056E-30   2.21507709E-30
  2.541000E+03   8.32243521E-30   6.22276448E-30   2.09967073E-30
  2.570000E+03   7.91378817E-30   5.92237098E-30   1.99141719E-30
  2.600000E+03   7.51577892E-30   5.62936726E-30   1.88641166E-30
  2.630000E+03   7.14120548E-30   5.35321536E-30   1.78799011E-30
  2.661000E+03   6.77707156E-30   5.08437423E-30   1.69269733E-30
  2.692000E+03   6.43463395E-30   4.83119257E-30   1.60344137E-30
  2.723000E+03   6.11239782E-30   4.59261822E-30   1.51977960E-30
  2.754000E+03   5.80898553E-30   4.36767933E-30   1.44130620E-30
  2.786000E+03   5.51418378E-30   4.14883482E-30   1.36534896E-30
  2.818000E+03   5.23679751E-30   3.94264972E-30   1.29414779E-30
  2.851000E+03   4.96772691E-30   3.74238839E-30   1.22533852E-30
  2.884000E+03   4.71471416E-30   3.55383962E-30   1.16087455E-30
  2.917000E+03   4.47665382E-30   3.37621534E-30   1.10043848E-30
  2.951000E+03   4.24594256E-30   3.20386606E-30   1.04207651E-30
  2.985000E+03   4.02899543E-30   3.04160599E-30   9.87389442E-31
  3.020000E+03   3.82350880E-30   2.88885830E-30   9.34650508E-31
  3.055000E+03   3.63341325E-30   2.74815830E-30   8.85254947E-31
  3.090000E+03   3.45444763E-30   2.61548988E-30   8.38957750E-31
  3.126000E+03   3.28118456E-30   2.48685084E-30   7.94333723E-31
  3.162000E+03   3.11813909E-30   2.36561315E-30   7.52525937E-31
  3.199000E+03   2.96047772E-30   2.24820212E-30   7.12275607E-31
  3.236000E+03   2.81217352E-30   2.13759459E-30   6.74578937E-31
  3.273000E+03   2.67258324E-30   2.03333449E-30   6.39248748E-31
  3.311000E+03   2.53766824E-30   1.93242143E-30   6.05246810E-31
  3.350000E+03   2.40748953E-30   1.83491081E-30   5.72578721E-31
  3.388000E+03   2.28816612E-30   1.74540587E-30   5.42760253E-31
  3.428000E+03   2.17002216E-30   1.65666290E-30   5.13359262E-31
  3.467000E+03   2.06169229E-30   1.57518039E-30   4.86511901E-31
  3.508000E+03   1.95460196E-30   1.49452163E-30   4.60080331E-31
  3.548000E+03   1.85637292E-30   1.42043861E-30   4.35934306E-31
  3.589000E+03   1.76164956E-30   1.34890704E-30   4.12742517E-31
  3.631000E+03   1.67044074E-30   1.27994058E-30   3.90500161E-31
  3.673000E+03   1.58471708E-30   1.21503922E-30   3.69677864E-31
  3.715000E+03   1.50409813E-30   1.15392712E-30   3.50171007E-31
  3.758000E+03   1.42648233E-30   1.09501993E-30   3.31462404E-31
  3.802000E+03   1.35185885E-30   1.03831521E-30   3.13543643E-31
  3.846000E+03   1.28174902E-30   9.84976925E-31   2.96772099E-31
  3.890000E+03   1.21583852E-30   9.34775471E-31   2.81063050E-31
  3.936000E+03   1.15110815E-30   8.85416359E-31   2.65691795E-31
  3.981000E+03   1.09162768E-30   8.40009431E-31   2.51618252E-31
  4.027000E+03   1.03589173E-30   7.97747834E-31   2.38143899E-31
  4.074000E+03   9.83293414E-31   7.58034876E-31   2.25258538E-31
  4.121000E+03   9.33832240E-31   7.20633730E-31   2.13198509E-31
  4.169000E+03   8.86331473E-31   6.84661051E-31   2.01670423E-31
  4.217000E+03   8.41664216E-31   6.50784049E-31   1.90880168E-31
  4.266000E+03   7.98785919E-31   6.18216268E-31   1.80569652E-31
  4.315000E+03   7.58464930E-31   5.87546643E-31   1.70918287E-31
  4.365000E+03   7.19774141E-31   5.58075103E-31   1.61699039E-31
  4.416000E+03   6.82684541E-31   5.29783157E-31   1.52901384E-31
  4.467000E+03   6.47826083E-31   5.03155961E-31   1.44670122E-31
  4.519000E+03   6.14420660E-31   4.77603560E-31   1.36817100E-31
  4.571000E+03   5.83022259E-31   4.53553795E-31   1.29468464E-31
  4.624000E+03   5.52941194E-31   4.30482293E-31   1.22458901E-31
  4.677000E+03   5.24664787E-31   4.08766424E-31   1.15898363E-31
  4.732000E+03   4.97095803E-31   3.87566232E-31   1.09529571E-31
  4.786000E+03   4.71663771E-31   3.67984234E-31   1.03679537E-31
  4.842000E+03   4.46881383E-31   3.48878396E-31   9.80029865E-32
  4.898000E+03   4.23606172E-31   3.30912084E-31   9.26940882E-32
  4.954000E+03   4.01732576E-31   3.14007155E-31   8.77254205E-32
  5.012000E+03   3.80614724E-31   2.97703516E-31   8.29112071E-32
  5.070000E+03   3.61341187E-31   2.82931686E-31   7.84095014E-32
  5.129000E+03   3.42911509E-31   2.68784787E-31   7.41267226E-32
  5.188000E+03   3.25585387E-31   2.55464725E-31   7.01206616E-32
  5.248000E+03   3.09018471E-31   2.42709201E-31   6.63092708E-32
  5.309000E+03   2.93187956E-31   2.30502468E-31   6.26854884E-32
  5.370000E+03   2.78307115E-31   2.19011143E-31   5.92959718E-32
  5.432000E+03   2.64087592E-31   2.08014602E-31   5.60729902E-32
  5.495000E+03   2.50508339E-31   1.97498113E-31   5.30102260E-32
  5.559000E+03   2.37548174E-31   1.87446768E-31   5.01014062E-32
  5.623000E+03   2.25370251E-31   1.77988846E-31   4.73814048E-32
  5.688000E+03   2.13746617E-31   1.68948957E-31   4.47976597E-32
  5.754000E+03   2.02658140E-31   1.60313483E-31   4.23446570E-32
  5.821000E+03   1.92085767E-31   1.52068799E-31   4.00169679E-32
  5.888000E+03   1.82154199E-31   1.44313541E-31   3.78406588E-32
  5.957000E+03   1.72548692E-31   1.36803034E-31   3.57456576E-32
  6.026000E+03   1.63530333E-31   1.29742452E-31   3.37878805E-32
  6.095000E+03   1.55057765E-31   1.23100781E-31   3.19569839E-32
  6.166000E+03   1.46869285E-31   1.16673786E-31   3.01954996E-32
  6.237000E+03   1.39294709E-31   1.10745799E-31   2.85489100E-32
  6.310000E+03   1.32078977E-31   1.05112316E-31   2.69666614E-32
  6.383000E+03   1.25300763E-31   9.98125748E-32   2.54881884E-32
  6.456000E+03   1.18929380E-31   9.48237218E-32   2.41056586E-32
  6.531000E+03   1.12777480E-31   8.99998332E-32   2.27776471E-32
  6.607000E+03   1.06922353E-31   8.54021105E-32   2.15202426E-32
  6.683000E+03   1.01421704E-31   8.10766949E-32   2.03450094E-32
  6.761000E+03   9.61189063E-32   7.69010926E-32   1.92178137E-32
  6.839000E+03   9.11387439E-32   7.29741867E-32   1.81645572E-32
  6.918000E+03   8.64004132E-32   6.92329606E-32   1.71674526E-32
  6.998000E+03   8.18935451E-32   6.56697836E-32   1.62237615E-32
  7.080000E+03   7.76794674E-32   6.23592676E-32   1.53201998E-32
  7.161000E+03   7.37714382E-32   5.92852495E-32   1.44861887E-32
  7.244000E+03   7.00067548E-32   5.63194060E-32   1.36873488E-32
  7.328000E+03   6.64265909E-32   5.34945871E-32   1.29320037E-32
  7.413000E+03   6.30226541E-32   5.08047287E-32   1.22179254E-32
  7.499000E+03   5.97869480E-32   4.82439655E-32   1.15429825E-32
  7.586000E+03   5.67117693E-32   4.58066310E-32   1.09051383E-32
  7.674000E+03   5.37897042E-32   4.34872559E-32   1.03024482E-32
  7.762000E+03   5.10438624E-32   4.13046205E-32   9.73924190E-33
  7.852000E+03   4.84050831E-32   3.92041096E-32   9.20097354E-33
  7.943000E+03   4.58989760E-32   3.72063982E-32   8.69257780E-33
  8.035000E+03   4.35192283E-32   3.53067789E-32   8.21244940E-33
  8.128000E+03   4.12597893E-32   3.35007279E-32   7.75906139E-33
  8.222000E+03   3.91148629E-32   3.17839007E-32   7.33096221E-33
  8.318000E+03   3.70581409E-32   3.01354784E-32   6.92266249E-33
  8.414000E+03   3.51270988E-32   2.85857552E-32   6.54134361E-33
  8.511000E+03   3.32945630E-32   2.71131985E-32   6.18136450E-33
  8.610000E+03   3.15385007E-32   2.57003032E-32   5.83819742E-33
  8.710000E+03   2.98735733E-32   2.43590557E-32   5.51451761E-33
  8.810000E+03   2.83103151E-32   2.30981706E-32   5.21214455E-33
  8.912000E+03   2.68131181E-32   2.18891186E-32   4.92399951E-33
  9.016000E+03   2.53872014E-32   2.07375259E-32   4.64967551E-33
  9.120000E+03   2.40778867E-32   1.96843808E-32   4.39350592E-33
  9.226000E+03   2.28245053E-32   1.86748468E-32   4.14965854E-33
  9.332000E+03   2.16472378E-32   1.77253432E-32   3.92189458E-33
  9.441000E+03   2.05104074E-32   1.68072363E-32   3.70317105E-33
  9.550000E+03   1.94430755E-32   1.59441271E-32   3.49894838E-33
  9.660000E+03   1.84314216E-32   1.51249950E-32   3.30642665E-33
  9.772000E+03   1.74641729E-32   1.43408290E-32   3.12334390E-33
  9.886000E+03   1.65401076E-32   1.35907370E-32   2.94937068E-33
  1.000000E+04   1.56724037E-32   1.28854769E-32   2.78692687E-33
  1.012000E+04   1.47896837E-32   1.21622621E-32   2.62742167E-33
  1.023000E+04   1.40302209E-32   1.15394483E-32   2.49077259E-33
  1.035000E+04   1.32520685E-32   1.09007319E-32   2.35133664E-33
  1.047000E+04   1.25227546E-32   1.03015592E-32   2.22119535E-33
  1.059000E+04   1.18387758E-32   9.73914171E-33   2.09963410E-33
  1.072000E+04   1.11452312E-32   9.16836163E-33   1.97686955E-33
  1.084000E+04   1.05456610E-32   8.67450883E-33   1.87115219E-33
  1.096000E+04   9.98230404E-33   8.21012759E-33   1.77217645E-33
  1.109000E+04   9.42064078E-33   7.74865496E-33   1.67198581E-33
  1.122000E+04   8.89941799E-33   7.32086921E-33   1.57854878E-33
  1.135000E+04   8.41089137E-33   6.91955144E-33   1.49133993E-33
  1.148000E+04   7.95271537E-33   6.54283536E-33   1.40988001E-33
  1.161000E+04   7.52273480E-33   6.18900341E-33   1.33373138E-33
  1.175000E+04   7.08894103E-33   5.83173404E-33   1.25720700E-33
  1.188000E+04   6.71136740E-33   5.52051699E-33   1.19085041E-33
  1.202000E+04   6.32996160E-33   5.20590013E-33   1.12406147E-33
  1.216000E+04   5.97283201E-33   4.91108473E-33   1.06174729E-33
  1.230000E+04   5.63821910E-33   4.63465762E-33   1.00356147E-33
  1.244000E+04   5.32885761E-33   4.37973590E-33   9.49121711E-34
  1.259000E+04   5.02901037E-33   4.13445827E-33   8.94552098E-34
  1.274000E+04   4.74842579E-33   3.90468970E-33   8.43736088E-34
  1.288000E+04   4.50267128E-33   3.70324194E-33   7.99429346E-34
  1.303000E+04   4.25540541E-33   3.50036166E-33   7.55043752E-34
  1.318000E+04   4.02356296E-33   3.30995634E-33   7.13606620E-34
  1.334000E+04   3.79202406E-33   3.11962328E-33   6.72400783E-34
  1.349000E+04   3.58866394E-33   2.95230565E-33   6.36358288E-34
  1.365000E+04   3.38530106E-33   2.78484460E-33   6.00456458E-34
  1.380000E+04   3.20645697E-33   2.63745545E-33   5.69001520E-34
  1.396000E+04   3.02738550E-33   2.48976653E-33   5.37618967E-34
  1.412000E+04   2.85953309E-33   2.35122730E-33   5.08305791E-34
  1.429000E+04   2.69258698E-33   2.21333611E-33   4.79250874E-34
  1.445000E+04   2.54541405E-33   2.09169355E-33   4.53720501E-34
  1.462000E+04   2.39884778E-33   1.97047454E-33   4.28373241E-34
  1.479000E+04   2.26165594E-33   1.85693823E-33   4.04717709E-34
  1.496000E+04   2.13315698E-33   1.75053420E-33   3.82622778E-34
  1.514000E+04   2.01316309E-33   1.65236666E-33   3.60796433E-34
  1.531000E+04   1.90874721E-33   1.56719766E-33   3.41549550E-34
  1.549000E+04   1.80496764E-33   1.48246227E-33   3.22505378E-34
  1.567000E+04   1.70766383E-33   1.40293498E-33   3.04728852E-34
  1.585000E+04   1.61637112E-33   1.32824910E-33   2.88122020E-34
  1.603000E+04   1.53066272E-33   1.25806719E-33   2.72595530E-34
  1.622000E+04   1.44581793E-33   1.18852949E-33   2.57288446E-34
  1.641000E+04   1.36633454E-33   1.12332782E-33   2.43006722E-34
  1.660000E+04   1.29182397E-33   1.06215331E-33   2.29670660E-34
  1.679000E+04   1.22192960E-33   1.00472200E-33   2.17207600E-34
  1.698000E+04   1.15632380E-33   9.50772572E-34   2.05551228E-34
  1.718000E+04   1.09156730E-33   8.97480975E-34   1.94086322E-34
  1.738000E+04   1.03090632E-33   8.47522650E-34   1.83383673E-34
  1.758000E+04   9.74044815E-34   8.00660315E-34   1.73384499E-34
  1.778000E+04   9.20710941E-34   7.56675770E-34   1.64035172E-34
  1.799000E+04   8.68233917E-34   7.13369683E-34   1.54864233E-34
  1.820000E+04   8.19105367E-34   6.72801324E-34   1.46304042E-34
  1.841000E+04   7.73081841E-34   6.34774395E-34   1.38307446E-34
  1.862000E+04   7.29939896E-34   5.99108470E-34   1.30831427E-34
  1.884000E+04   6.87610804E-34   5.64095810E-34   1.23514994E-34
  1.906000E+04   6.48002508E-34   5.31316917E-34   1.16685591E-34
  1.928000E+04   6.10916426E-34   5.00610775E-34   1.10305651E-34
  1.950000E+04   5.76170332E-34   4.71829434E-34   1.04340898E-34
  1.972000E+04   5.43596851E-34   4.44836828E-34   9.87600232E-35
  1.995000E+04   5.11698885E-34   4.18394008E-34   9.33048778E-35
  2.018000E+04   4.83728950E-34   3.95520802E-34   8.82081479E-35
  2.042000E+04   4.56915760E-34   3.73673282E-34   8.32424783E-35
  2.065000E+04   4.32814522E-34   3.54018627E-34   7.87958949E-35
  2.089000E+04   4.09210184E-34   3.34753353E-34   7.44568312E-35
  2.114000E+04   3.86179398E-34   3.15940724E-34   7.02386742E-35
  2.138000E+04   3.65456846E-34   2.99000206E-34   6.64566408E-35
  2.163000E+04   3.45211197E-34   2.82437057E-34   6.27741398E-35
  2.188000E+04   3.26235415E-34   2.66901357E-34   5.93340578E-35
  2.213000E+04   3.08438408E-34   2.52320480E-34   5.61179285E-35
  2.239000E+04   2.91090072E-34   2.38097468E-34   5.29926040E-35
  2.265000E+04   2.74839780E-34   2.24765836E-34   5.00739439E-35
  2.291000E+04   2.59608227E-34   2.12262085E-34   4.73461420E-35
  2.317000E+04   2.45322582E-34   2.00527820E-34   4.47947626E-35
  2.344000E+04   2.31416963E-34   1.89099114E-34   4.23178486E-35
  2.371000E+04   2.18390393E-34   1.78386932E-34   4.00034612E-35
  2.399000E+04   2.05742304E-34   1.67980454E-34   3.77618497E-35
  2.427000E+04   1.93906953E-34   1.58237728E-34   3.56692255E-35
  2.455000E+04   1.82825041E-34   1.49110897E-34   3.37141447E-35
  2.483000E+04   1.72519649E-34   1.40633490E-34   3.18861595E-35
  2.512000E+04   1.63092494E-34   1.32975797E-34   3.01166968E-35
  2.541000E+04   1.54253140E-34   1.25789497E-34   2.84636424E-35
  2.570000E+04   1.45959567E-34   1.19041417E-34   2.69181494E-35
  2.600000E+04   1.37913269E-34   1.12489316E-34   2.54239532E-35
  2.630000E+04   1.30370467E-34   1.06342427E-34   2.40280398E-35
  2.661000E+04   1.23066917E-34   1.00385993E-34   2.26809237E-35
  2.692000E+04   1.16226004E-34   9.48027369E-35   2.14232668E-35
  2.723000E+04   1.09814242E-34   8.95660310E-35   2.02482114E-35
  2.754000E+04   1.03800890E-34   8.46513954E-35   1.91494949E-35
  2.786000E+04   9.79815208E-35   7.98921778E-35   1.80893430E-35
  2.818000E+04   9.25280411E-35   7.54293585E-35   1.70986826E-35
  2.851000E+04   8.72596381E-35   7.11153500E-35   1.61442881E-35
  2.884000E+04   8.23260990E-35   6.70731545E-35   1.52529445E-35
  2.917000E+04   7.77032133E-35   6.32833666E-35   1.44198468E-35
  2.951000E+04   7.32416810E-35   5.96238928E-35   1.36177882E-35
  2.985000E+04   6.90639954E-35   5.61954820E-35   1.28685134E-35
  3.020000E+04   6.52578293E-35   5.31097156E-35   1.21481138E-35
  3.055000E+04   6.18450794E-35   5.03696639E-35   1.14754156E-35
  3.090000E+04   5.86402541E-35   4.77934767E-35   1.08467774E-35
  3.126000E+04   5.55453774E-35   4.53027349E-35   1.02426425E-35
  3.162000E+04   5.26403637E-35   4.29620679E-35   9.67829584E-36
  3.199000E+04   4.98383709E-35   4.07018112E-35   9.13655977E-36
  3.236000E+04   4.72093328E-35   3.85786628E-35   8.63067002E-36
  3.273000E+04   4.47409386E-35   3.65830450E-35   8.15789357E-36
  3.311000E+04   4.23611686E-35   3.46569829E-35   7.70418571E-36
  3.350000E+04   4.00707495E-35   3.28012227E-35   7.26952683E-36
  3.388000E+04   3.79765719E-35   3.11026699E-35   6.87390194E-36
  3.428000E+04   3.59082792E-35   2.94233694E-35   6.48490985E-36
  3.467000E+04   3.40165504E-35   2.78858546E-35   6.13069580E-36
  3.508000E+04   3.21511565E-35   2.63682209E-35   5.78293563E-36
  3.548000E+04   3.04444181E-35   2.49782936E-35   5.46612454E-36
  3.589000E+04   2.88026839E-35   2.36400243E-35   5.16265961E-36
  3.631000E+04   2.72258513E-35   2.23534378E-35   4.87241350E-36
  3.673000E+04   2.57475953E-35   2.11461584E-35   4.60143682E-36
  3.715000E+04   2.43608507E-35   2.00125935E-35   4.34825718E-36
  3.758000E+04   2.30291188E-35   1.89230357E-35   4.10608306E-36
  3.802000E+04   2.17519944E-35   1.78772416E-35   3.87475276E-36
  3.846000E+04   2.05551883E-35   1.68963802E-35   3.65880809E-36
  3.890000E+04   1.94329241E-35   1.59758524E-35   3.45707175E-36
  3.936000E+04   1.83335949E-35   1.50734039E-35   3.26019102E-36
  3.981000E+04   1.73260422E-35   1.42456402E-35   3.08040195E-36
