# DL07 model SED (this work), lmc2_10, Mathis ISRF U =  1.00
# silicate (D03) + carbonaceous (DL07 PAH Nc=470 + D03 graphite blend)
# PAH ionization computed via WD01b grain charging (pah_ionfrac)
# columns: lambda[um]  lamI_total/NH  lamI_sil/NH  lamI_carb/NH
#          [erg s^-1 cm^-2 sr^-1 H^-1]
  9.120000E-02  2.29818045E-040  2.29818044E-040  1.15866877E-048
  9.226000E-02  3.39218954E-040  3.39218952E-040  2.16763407E-048
  9.332000E-02  4.95632235E-040  4.95632231E-040  4.03301843E-048
  9.441000E-02  7.22655538E-040  7.22655531E-040  7.57992579E-048
  9.550000E-02  1.04352434E-039  1.04352433E-039  1.41206125E-047
  9.661000E-02  1.50086985E-039  1.50086983E-039  2.63368732E-047
  9.772000E-02  2.13886857E-039  2.13886852E-039  4.85949408E-047
  9.886000E-02  3.04674193E-039  3.04674184E-039  9.01033529E-047
  1.000000E-01  4.30112436E-039  4.30112420E-039  1.65061631E-046
  1.012000E-01  6.09773991E-039  6.09773960E-039  3.04109543E-046
  1.023000E-01  8.32882432E-039  8.32882379E-039  5.28138836E-046
  1.035000E-01  1.15134361E-038  1.15134351E-038  9.50959814E-046
  1.047000E-01  1.57526332E-038  1.57526315E-038  1.68803539E-045
  1.059000E-01  2.15629822E-038  2.15629792E-038  2.95509592E-045
  1.072000E-01  3.01077232E-038  3.01077179E-038  5.33862267E-045
  1.084000E-01  4.07298251E-038  4.07298160E-038  9.09133711E-045
  1.097000E-01  5.61726839E-038  5.61726679E-038  1.59551286E-044
  1.109000E-01  7.49782707E-038  7.49782443E-038  2.64757088E-044
  1.122000E-01  1.02048613E-037  1.02048568E-037  4.52321114E-044
  1.135000E-01  1.37782260E-037  1.37782183E-037  7.62471859E-044
  1.148000E-01  1.84534861E-037  1.84534734E-037  1.26875172E-043
  1.161000E-01  2.45896352E-037  2.45896144E-037  2.08529134E-043
  1.175000E-01  3.32184812E-037  3.32184461E-037  3.51349230E-043
  1.189000E-01  4.45625779E-037  4.45625194E-037  5.84154622E-043
  1.202000E-01  5.81594780E-037  5.81593854E-037  9.25909779E-043
  1.216000E-01  7.68981873E-037  7.68980370E-037  1.50260068E-042
  1.230000E-01  1.01052973E-036  1.01052732E-036  2.41000152E-042
  1.244000E-01  1.31832278E-036  1.31831896E-036  3.82186673E-042
  1.259000E-01  1.74058648E-036  1.74058029E-036  6.18916520E-042
  1.274000E-01  2.28147834E-036  2.28146844E-036  9.90466606E-042
  1.288000E-01  2.91757559E-036  2.91756038E-036  1.52055759E-041
  1.303000E-01  3.77083886E-036  3.77081536E-036  2.35070729E-041
  1.318000E-01  4.84192467E-036  4.84188803E-036  3.66388074E-041
  1.333000E-01  6.17571862E-036  6.17566203E-036  5.65922475E-041
  1.349000E-01  7.94387943E-036  7.94379030E-036  8.91321078E-041
  1.365000E-01  1.01432132E-035  1.01430742E-035  1.39068692E-040
  1.380000E-01  1.26648655E-035  1.26646562E-035  2.09320601E-040
  1.396000E-01  1.59316393E-035  1.59313182E-035  3.21083795E-040
  1.412000E-01  1.98596799E-035  1.98591914E-035  4.88490467E-040
  1.429000E-01  2.47215259E-035  2.47207695E-035  7.56395578E-040
  1.445000E-01  2.98489927E-035  2.98478600E-035  1.13268370E-039
  1.462000E-01  3.58741371E-035  3.58724112E-035  1.72588906E-039
  1.479000E-01  4.26195598E-035  4.26169504E-035  2.60946014E-039
  1.496000E-01  5.02208704E-035  5.02169543E-035  3.91614515E-039
  1.514000E-01  5.92687861E-035  5.92628134E-035  5.97272648E-039
  1.531000E-01  6.84585611E-035  6.84497252E-035  8.83584052E-039
  1.549000E-01  7.86315297E-035  7.86182488E-035  1.32809499E-038
  1.567000E-01  9.13230653E-035  9.13032424E-035  1.98229092E-038
  1.585000E-01  1.04756851E-034  1.04727462E-034  2.93886338E-038
  1.603000E-01  1.18927282E-034  1.18883992E-034  4.32902477E-038
  1.622000E-01  1.37241953E-034  1.37177231E-034  6.47218336E-038
  1.641000E-01  1.56055885E-034  1.55959757E-034  9.61277650E-038
  1.660000E-01  1.76533009E-034  1.76391129E-034  1.41880043E-037
  1.679000E-01  2.00852191E-034  2.00644030E-034  2.08161133E-037
  1.698000E-01  2.25401362E-034  2.25097704E-034  3.03657511E-037
  1.718000E-01  2.59254497E-034  2.58805525E-034  4.48972445E-037
  1.738000E-01  2.95946950E-034  2.95287432E-034  6.59518579E-037
  1.758000E-01  3.33778657E-034  3.32815723E-034  9.62933280E-037
  1.778000E-01  3.71489694E-034  3.70091672E-034  1.39802187E-036
  1.799000E-01  4.09063517E-034  4.07007226E-034  2.05629127E-036
  1.820000E-01  4.65629705E-034  4.62620977E-034  3.00872846E-036
  1.841000E-01  5.26076717E-034  5.21695978E-034  4.38073857E-036
  1.862000E-01  5.88210061E-034  5.81860734E-034  6.34932724E-036
  1.884000E-01  6.53275981E-034  6.43952334E-034  9.32364660E-036
  1.905000E-01  7.19615649E-034  7.06217866E-034  1.33977828E-035
  1.928000E-01  8.16282916E-034  7.96447331E-034  1.98355854E-035
  1.950000E-01  9.13325624E-034  8.84591908E-034  2.87337156E-035
  1.972000E-01  1.01355254E-033  9.72137700E-034  4.14148423E-035
  1.995000E-01  1.11999889E-033  1.05967637E-033  6.03225204E-035
  2.018000E-01  1.26757275E-033  1.18036412E-033  8.72086358E-035
  2.042000E-01  1.44975717E-033  1.32287120E-033  1.26885975E-034
  2.065000E-01  1.64306725E-033  1.46334663E-033  1.79720619E-034
  2.089000E-01  1.86580599E-033  1.61100473E-033  2.54801263E-034
  2.113000E-01  2.14043380E-033  1.78528991E-033  3.55143895E-034
  2.138000E-01  2.49254691E-033  2.00086935E-033  4.91677556E-034
  2.163000E-01  2.92468371E-033  2.25930562E-033  6.65378090E-034
  2.188000E-01  3.42844890E-033  2.54877319E-033  8.79675707E-034
  2.213000E-01  4.02803798E-033  2.89098332E-033  1.13705466E-033
  2.239000E-01  4.77182103E-033  3.31883896E-033  1.45298208E-033
  2.265000E-01  5.63694557E-033  3.81521859E-033  1.82172698E-033
  2.291000E-01  6.64996334E-033  4.40097922E-033  2.24898413E-033
  2.317000E-01  7.81657395E-033  5.07344502E-033  2.74312893E-033
  2.344000E-01  9.21263084E-033  5.87313374E-033  3.33949710E-033
  2.371000E-01  1.08361621E-032  6.79916890E-033  4.03699319E-033
  2.399000E-01  1.27820368E-032  7.89294062E-033  4.88909614E-033
  2.427000E-01  1.50636803E-032  9.16431825E-033  5.89936208E-033
  2.455000E-01  1.77043122E-032  1.06045300E-032  7.09978226E-033
  2.483000E-01  2.07576063E-032  1.22297929E-032  8.52781338E-033
  2.512000E-01  2.43812129E-032  1.40877806E-032  1.02934323E-032
  2.541000E-01  2.85142352E-032  1.61079792E-032  1.24062560E-032
  2.570000E-01  3.32904313E-032  1.83593945E-032  1.49310368E-032
  2.600000E-01  3.89971328E-032  2.09401961E-032  1.80569368E-032
  2.630000E-01  4.55983673E-032  2.37977642E-032  2.18006031E-032
  2.661000E-01  5.35094909E-032  2.70739834E-032  2.64355075E-032
  2.691000E-01  6.23757020E-032  3.05817769E-032  3.17939251E-032
  2.723000E-01  7.33405138E-032  3.47171176E-032  3.86233962E-032
  2.754000E-01  8.56486580E-032  3.91223121E-032  4.65263458E-032
  2.786000E-01  1.00343653E-031  4.41021218E-032  5.62415315E-032
  2.818000E-01  1.17374062E-031  4.95723506E-032  6.78017119E-032
  2.851000E-01  1.37740074E-031  5.57618420E-032  8.19782324E-032
  2.884000E-01  1.61357763E-031  6.25323545E-032  9.88254088E-032
  2.917000E-01  1.88704488E-031  6.99321513E-032  1.18772337E-031
  2.951000E-01  2.21311297E-031  7.82252875E-032  1.43086009E-031
  2.985000E-01  2.59079616E-031  8.72643025E-032  1.71815314E-031
  3.020000E-01  3.04116519E-031  9.73947271E-032  2.06721791E-031
  3.055000E-01  3.44132905E-031  1.08410967E-031  2.35721938E-031
  3.090000E-01  3.97849873E-031  1.20362674E-031  2.77487198E-031
  3.126000E-01  4.60061767E-031  1.33605501E-031  3.26456267E-031
  3.162000E-01  5.29908408E-031  1.47898287E-031  3.82010120E-031
  3.199000E-01  6.10188189E-031  1.63765947E-031  4.46422242E-031
  3.236000E-01  6.99474905E-031  1.80886035E-031  5.18588870E-031
  3.273000E-01  7.97950494E-031  1.99312797E-031  5.98637697E-031
  3.311000E-01  9.08467613E-031  2.19649491E-031  6.88818122E-031
  3.350000E-01  1.03093622E-030  2.42089488E-031  7.88846729E-031
  3.388000E-01  1.15730145E-030  2.65548140E-031  8.91753312E-031
  3.428000E-01  1.29446376E-030  2.92012961E-031  1.00245080E-030
  3.467000E-01  1.42731850E-030  3.19534733E-031  1.10778377E-030
  3.507000E-01  1.55677383E-030  3.49631580E-031  1.20714225E-030
  3.548000E-01  1.67827184E-030  3.82565695E-031  1.29570615E-030
  3.589000E-01  1.79137954E-030  4.17686708E-031  1.37369284E-030
  3.631000E-01  1.91076825E-030  4.56011436E-031  1.45475682E-030
  3.673000E-01  2.04945053E-030  4.96745644E-031  1.55270489E-030
  3.715000E-01  2.21937140E-030  5.39966580E-031  1.67940482E-030
  3.758000E-01  2.43194069E-030  5.86908827E-031  1.84503186E-030
  3.802000E-01  2.69120563E-030  6.37846620E-031  2.05335901E-030
  3.846000E-01  2.98986309E-030  6.91704171E-031  2.29815892E-030
  3.891000E-01  3.32939545E-030  7.49934095E-031  2.57946135E-030
  3.936000E-01  3.69311486E-030  8.11472119E-031  2.88164274E-030
  3.981000E-01  4.06767178E-030  8.76400708E-031  3.19127107E-030
  4.027000E-01  4.44409750E-030  9.46121898E-031  3.49797560E-030
  4.074000E-01  4.79792377E-030  1.02097595E-030  3.77694782E-030
  4.121000E-01  5.08986079E-030  1.09971840E-030  3.99014239E-030
  4.169000E-01  5.29096649E-030  1.18422899E-030  4.10673750E-030
  4.217000E-01  5.37456581E-030  1.27295266E-030  4.10161315E-030
  4.266000E-01  5.35227056E-030  1.36794718E-030  3.98432337E-030
  4.315000E-01  5.27047248E-030  1.46748376E-030  3.80298871E-030
  4.365000E-01  5.18588524E-030  1.57383477E-030  3.61205047E-030
  4.416000E-01  5.13929132E-030  1.68719617E-030  3.45209515E-030
  4.467000E-01  5.14444130E-030  1.80529215E-030  3.33914915E-030
  4.519000E-01  5.19434168E-030  1.93098995E-030  3.26335173E-030
  4.571000E-01  5.27022183E-030  2.06208371E-030  3.20813813E-030
  4.624000E-01  5.35288281E-030  2.20130578E-030  3.15157704E-030
  4.677000E-01  5.42609804E-030  2.34623851E-030  3.07985953E-030
  4.732000E-01  5.49101760E-030  2.50272637E-030  2.98829123E-030
  4.786000E-01  5.55646036E-030  2.66244135E-030  2.89401900E-030
  4.842000E-01  5.64306185E-030  2.83446452E-030  2.80859733E-030
  4.898000E-01  5.75995490E-030  3.01283770E-030  2.74711719E-030
  4.954000E-01  5.90935459E-030  3.19765692E-030  2.71169767E-030
  5.012000E-01  6.09536830E-030  3.39598249E-030  2.69938581E-030
  5.070000E-01  6.30942387E-030  3.60134755E-030  2.70807633E-030
  5.129000E-01  6.55389384E-030  3.81748113E-030  2.73641271E-030
  5.188000E-01  6.82506874E-030  4.04090331E-030  2.78416543E-030
  5.248000E-01  7.12699044E-030  4.27557766E-030  2.85141278E-030
  5.309000E-01  7.45630409E-030  4.52186393E-030  2.93444016E-030
  5.370000E-01  7.80024176E-030  4.77589017E-030  3.02435159E-030
  5.433000E-01  8.16141837E-030  5.04633554E-030  3.11508283E-030
  5.495000E-01  8.51640128E-030  5.32047288E-030  3.19592841E-030
  5.559000E-01  8.88372413E-030  5.61071532E-030  3.27300881E-030
  5.623000E-01  9.25876067E-030  5.90907869E-030  3.34968198E-030
  5.688000E-01  9.65628336E-030  6.22043404E-030  3.43584933E-030
  5.754000E-01  1.00813337E-029  6.54508331E-030  3.53625037E-030
  5.821000E-01  1.05332517E-029  6.88331855E-030  3.64993317E-030
  5.888000E-01  1.10005293E-029  7.23017989E-030  3.77034942E-030
  5.957000E-01  1.14921202E-029  7.59629083E-030  3.89582941E-030
  6.026000E-01  1.19916066E-029  7.97129791E-030  4.02030868E-030
  6.095000E-01  1.25012232E-029  8.35506299E-030  4.14616016E-030
  6.166000E-01  1.30415725E-029  8.75894049E-030  4.28263202E-030
  6.237000E-01  1.36018121E-029  9.17177294E-030  4.43003916E-030
  6.310000E-01  1.41978617E-029  9.60539166E-030  4.59247003E-030
  6.383000E-01  1.48104659E-029  1.00481050E-029  4.76236086E-030
  6.457000E-01  1.54442925E-029  1.05059630E-029  4.93832944E-030
  6.531000E-01  1.60887961E-029  1.09727530E-029  5.11604306E-030
  6.607000E-01  1.67655830E-029  1.14613815E-029  5.30420143E-030
  6.683000E-01  1.74647829E-029  1.19590969E-029  5.50568600E-030
  6.761000E-01  1.82146662E-029  1.24789911E-029  5.73567509E-030
  6.839000E-01  1.90047022E-029  1.30078214E-029  5.99688078E-030
  6.918000E-01  1.98480519E-029  1.35522661E-029  6.29578582E-030
  6.998000E-01  2.07444186E-029  1.41123746E-029  6.63204400E-030
  7.079000E-01  2.16925395E-029  1.46884945E-029  7.00404503E-030
  7.161000E-01  2.26876291E-029  1.52803598E-029  7.40726925E-030
  7.244000E-01  2.37254923E-029  1.58879491E-029  7.83754325E-030
  7.328000E-01  2.48019535E-029  1.65112343E-029  8.29071914E-030
  7.413000E-01  2.59136402E-029  1.71501619E-029  8.76347824E-030
  7.499000E-01  2.70596838E-029  1.78046601E-029  9.25502362E-030
  7.586000E-01  2.82433817E-029  1.84746366E-029  9.76874510E-030
  7.674000E-01  2.94714633E-029  1.91599747E-029  1.03114886E-029
  7.763000E-01  3.07506538E-029  1.98605419E-029  1.08901119E-029
  7.852000E-01  3.20700029E-029  2.05681878E-029  1.15018151E-029
  7.943000E-01  3.34610805E-029  2.12986425E-029  1.21624380E-029
  8.035000E-01  3.49108847E-029  2.20421755E-029  1.28687092E-029
  8.128000E-01  3.64224763E-029  2.27974284E-029  1.36250479E-029
  8.222000E-01  3.80001534E-029  2.35665863E-029  1.44335671E-029
  8.318000E-01  3.96659039E-029  2.43576455E-029  1.53082584E-029
  8.414000E-01  4.13896734E-029  2.51538342E-029  1.62358392E-029
  8.511000E-01  4.31940989E-029  2.59630559E-029  1.72310430E-029
  8.610000E-01  4.51062748E-029  2.67933949E-029  1.83128798E-029
  8.710000E-01  4.71182504E-029  2.76361740E-029  1.94820764E-029
  8.810000E-01  4.92225343E-029  2.84825422E-029  2.07399921E-029
  8.913000E-01  5.15031750E-029  2.93575526E-029  2.21456224E-029
  9.016000E-01  5.39232624E-029  3.02347051E-029  2.36885573E-029
  9.120000E-01  5.65458107E-029  3.11196034E-029  2.54262073E-029
  9.226000E-01  5.94537278E-029  3.20232096E-029  2.74305181E-029
  9.333000E-01  6.27096588E-029  3.29365550E-029  2.97731038E-029
  9.441000E-01  6.64473469E-029  3.38591696E-029  3.25881773E-029
  9.550000E-01  7.08790332E-029  3.47905583E-029  3.60884749E-029
  9.661000E-01  7.64095247E-029  3.57387662E-029  4.06707585E-029
  9.772000E-01  8.35414973E-029  3.66861981E-029  4.68552992E-029
  9.886000E-01  9.35952754E-029  3.76579156E-029  5.59373598E-029
  1.000000E+00  1.08379685E-028  3.86278271E-029  6.97518579E-029
  1.012000E+00  1.33049067E-028  3.96495151E-029  9.33995521E-029
  1.023000E+00  1.69488261E-028  4.05834768E-029  1.28904784E-028
  1.035000E+00  2.28267951E-028  4.15990432E-029  1.86668907E-028
  1.047000E+00  2.84360941E-028  4.26106764E-029  2.41750265E-028
  1.059000E+00  2.86399936E-028  4.36179076E-029  2.42782028E-028
  1.071000E+00  2.45618826E-028  4.46202844E-029  2.00998542E-028
  1.084000E+00  2.03555074E-028  4.57002186E-029  1.57854855E-028
  1.097000E+00  1.77282274E-028  4.67734430E-029  1.30508831E-028
  1.109000E+00  1.63719644E-028  4.77577336E-029  1.15961910E-028
  1.122000E+00  1.56419031E-028  4.88167132E-029  1.07602318E-028
  1.135000E+00  1.54243755E-028  4.98656711E-029  1.04378084E-028
  1.148000E+00  1.55829541E-028  5.09047857E-029  1.04924755E-028
  1.161000E+00  1.60604960E-028  5.19349484E-029  1.08670012E-028
  1.175000E+00  1.69261382E-028  5.30339420E-029  1.16227440E-028
  1.189000E+00  1.81892426E-028  5.41217411E-029  1.27770684E-028
  1.202000E+00  1.97584986E-028  5.51214957E-029  1.42463491E-028
  1.216000E+00  2.18810414E-028  5.61866870E-029  1.62623727E-028
  1.230000E+00  2.43250128E-028  5.72396817E-029  1.86010446E-028
  1.245000E+00  2.68775385E-028  5.83706822E-029  2.10404703E-028
  1.259000E+00  2.85974462E-028  5.94373629E-029  2.26537099E-028
  1.273000E+00  2.92385439E-028  6.04887562E-029  2.31896683E-028
  1.288000E+00  2.87844681E-028  6.16018594E-029  2.26242822E-028
  1.303000E+00  2.76395013E-028  6.27008523E-029  2.13694161E-028
  1.318000E+00  2.63123266E-028  6.37905251E-029  1.99332741E-028
  1.334000E+00  2.50211247E-028  6.49378568E-029  1.85273390E-028
  1.349000E+00  2.40358567E-028  6.59984335E-029  1.74360134E-028
  1.365000E+00  2.32318136E-028  6.71134841E-029  1.65204652E-028
  1.380000E+00  2.26788323E-028  6.81431440E-029  1.58645179E-028
  1.396000E+00  2.22640215E-028  6.92230247E-029  1.53417190E-028
  1.413000E+00  2.19753956E-028  7.03515501E-029  1.49402406E-028
  1.429000E+00  2.18137020E-028  7.13958671E-029  1.46741153E-028
  1.445000E+00  2.17338149E-028  7.24228398E-029  1.44915309E-028
  1.462000E+00  2.17192073E-028  7.34947216E-029  1.43697351E-028
  1.479000E+00  2.17644993E-028  7.45459920E-029  1.43099001E-028
  1.496000E+00  2.18522659E-028  7.55775832E-029  1.42945076E-028
  1.514000E+00  2.19807949E-028  7.66484364E-029  1.43159513E-028
  1.531000E+00  2.21280163E-028  7.76396212E-029  1.43640542E-028
  1.549000E+00  2.23046783E-028  7.86678269E-029  1.44378957E-028
  1.567000E+00  2.25019115E-028  7.96632243E-029  1.45355890E-028
  1.585000E+00  2.27111286E-028  8.06362238E-029  1.46475062E-028
  1.603000E+00  2.29283669E-028  8.15874900E-029  1.47696179E-028
  1.622000E+00  2.31627463E-028  8.25682133E-029  1.49059249E-028
  1.641000E+00  2.33988375E-028  8.35251341E-029  1.50463241E-028
  1.660000E+00  2.36333602E-028  8.44630759E-029  1.51870527E-028
  1.679000E+00  2.38625898E-028  8.53819843E-029  1.53243914E-028
  1.698000E+00  2.40820576E-028  8.62780102E-029  1.54542565E-028
  1.718000E+00  2.42967504E-028  8.71967662E-029  1.55770738E-028
  1.738000E+00  2.44868368E-028  8.80907951E-029  1.56777573E-028
  1.758000E+00  2.46414813E-028  8.89604430E-029  1.57454370E-028
  1.778000E+00  2.47491633E-028  8.98215812E-029  1.57670052E-028
  1.799000E+00  2.47933564E-028  9.07324414E-029  1.57201123E-028
  1.820000E+00  2.47331370E-028  9.16183636E-029  1.55713007E-028
  1.841000E+00  2.45478611E-028  9.24797391E-029  1.52998872E-028
  1.862000E+00  2.42576046E-028  9.33169683E-029  1.49259077E-028
  1.884000E+00  2.39704364E-028  9.41686136E-029  1.45535750E-028
  1.906000E+00  2.39459377E-028  9.49946823E-029  1.44464695E-028
  1.928000E+00  2.43522373E-028  9.58032668E-029  1.47719106E-028
  1.950000E+00  2.50722052E-028  9.65878494E-029  1.54134202E-028
  1.972000E+00  2.58840027E-028  9.73483782E-029  1.61491649E-028
  1.995000E+00  2.66804541E-028  9.81182663E-029  1.68686274E-028
  2.018000E+00  2.73775697E-028  9.88629299E-029  1.74912767E-028
  2.042000E+00  2.80054543E-028  9.96136586E-029  1.80440885E-028
  2.065000E+00  2.85315921E-028  1.00308462E-028  1.85007458E-028
  2.089000E+00  2.90227294E-028  1.01005363E-028  1.89221931E-028
  2.114000E+00  2.94867233E-028  1.01704466E-028  1.93162767E-028
  2.138000E+00  2.99011150E-028  1.02369582E-028  1.96641568E-028
  2.163000E+00  3.03072310E-028  1.03046984E-028  2.00025326E-028
  2.188000E+00  3.06916091E-028  1.03699424E-028  2.03216667E-028
  2.213000E+00  3.10587836E-028  1.04320503E-028  2.06267333E-028
  2.239000E+00  3.14257712E-028  1.04934589E-028  2.09323123E-028
  2.265000E+00  3.17836381E-028  1.05525370E-028  2.12311011E-028
  2.291000E+00  3.21360481E-028  1.06094329E-028  2.15266152E-028
  2.317000E+00  3.24794539E-028  1.06639674E-028  2.18154866E-028
  2.344000E+00  3.28278969E-028  1.07181724E-028  2.21097246E-028
  2.371000E+00  3.31692044E-028  1.07699772E-028  2.23992272E-028
  2.399000E+00  3.35167578E-028  1.08212427E-028  2.26955151E-028
  2.427000E+00  3.38605949E-028  1.08701730E-028  2.29904220E-028
  2.455000E+00  3.42140610E-028  1.09174872E-028  2.32965738E-028
  2.483000E+00  3.45639260E-028  1.09627556E-028  2.36011704E-028
  2.512000E+00  3.49197586E-028  1.10090063E-028  2.39107523E-028
  2.541000E+00  3.52748318E-028  1.10529835E-028  2.42218483E-028
  2.570000E+00  3.56307049E-028  1.10947631E-028  2.45359418E-028
  2.600000E+00  3.60016110E-028  1.11357484E-028  2.48658626E-028
  2.630000E+00  3.63776598E-028  1.11745399E-028  2.52031198E-028
  2.661000E+00  3.67746789E-028  1.12124023E-028  2.55622766E-028
  2.691000E+00  3.71706680E-028  1.12469691E-028  2.59236990E-028
  2.723000E+00  3.76108589E-028  1.12816752E-028  2.63291838E-028
  2.754000E+00  3.80611651E-028  1.13132438E-028  2.67479213E-028
  2.786000E+00  3.85701441E-028  1.13460375E-028  2.72241066E-028
  2.818000E+00  3.91255051E-028  1.13769318E-028  2.77485733E-028
  2.851000E+00  3.97637163E-028  1.14067926E-028  2.83569237E-028
  2.884000E+00  4.04934702E-028  1.14347031E-028  2.90587671E-028
  2.917000E+00  4.13514074E-028  1.14607435E-028  2.98906639E-028
  2.951000E+00  4.24275611E-028  1.14856967E-028  3.09418644E-028
  2.985000E+00  4.37920128E-028  1.15088256E-028  3.22831873E-028
  3.020000E+00  4.56613031E-028  1.15308106E-028  3.41304924E-028
  3.055000E+00  4.82960782E-028  1.15510261E-028  3.67450521E-028
  3.090000E+00  5.22582270E-028  1.15695504E-028  4.06886766E-028
  3.126000E+00  5.89815037E-028  1.15955821E-028  4.73859216E-028
  3.162000E+00  7.14518819E-028  1.16230832E-028  5.98287987E-028
  3.199000E+00  9.99933444E-028  1.16496657E-028  8.83436787E-028
  3.236000E+00  1.86241086E-027  1.16746179E-028  1.74566468E-027
  3.273000E+00  6.43293025E-027  1.16953595E-028  6.31597665E-027
  3.311000E+00  1.39139731E-026  1.17080619E-028  1.37968925E-026
  3.350000E+00  2.88399764E-027  1.17196194E-028  2.76680144E-027
  3.388000E+00  1.32030948E-027  1.17295145E-028  1.20301434E-027
  3.428000E+00  8.70345789E-028  1.17329158E-028  7.53016631E-028
  3.467000E+00  6.96717880E-028  1.17322077E-028  5.79395803E-028
  3.507000E+00  6.09121721E-028  1.17303045E-028  4.91818676E-028
  3.548000E+00  5.59662132E-028  1.17271934E-028  4.42390199E-028
  3.589000E+00  5.30209058E-028  1.17229823E-028  4.12979235E-028
  3.631000E+00  5.11311763E-028  1.17176036E-028  3.94135726E-028
  3.673000E+00  4.99211022E-028  1.17097483E-028  3.82113539E-028
  3.715000E+00  4.91377889E-028  1.17001128E-028  3.74376761E-028
  3.758000E+00  4.86259278E-028  1.16893796E-028  3.69365482E-028
  3.802000E+00  4.83121117E-028  1.16775578E-028  3.66345539E-028
  3.846000E+00  4.81507212E-028  1.16649572E-028  3.64857639E-028
  3.891000E+00  4.81069409E-028  1.16513371E-028  3.64556038E-028
  3.935000E+00  4.81595361E-028  1.16373764E-028  3.65221598E-028
  3.981000E+00  4.82898631E-028  1.16221631E-028  3.66677000E-028
  4.027000E+00  4.84843995E-028  1.16063816E-028  3.68780179E-028
  4.074000E+00  4.87404780E-028  1.15897338E-028  3.71507442E-028
  4.121000E+00  4.90485811E-028  1.15726182E-028  3.74759630E-028
  4.169000E+00  4.94072710E-028  1.15467986E-028  3.78604724E-028
  4.217000E+00  4.98128905E-028  1.15181341E-028  3.82947564E-028
  4.266000E+00  5.02771654E-028  1.14886719E-028  3.87884935E-028
  4.315000E+00  5.07933801E-028  1.14590616E-028  3.93343185E-028
  4.365000E+00  5.13763784E-028  1.14287482E-028  3.99476302E-028
  4.416000E+00  5.20339713E-028  1.13977784E-028  4.06361929E-028
  4.467000E+00  5.27773301E-028  1.13743971E-028  4.14029330E-028
  4.519000E+00  5.36207306E-028  1.13529052E-028  4.22678254E-028
  4.571000E+00  5.45570832E-028  1.13314176E-028  4.32256656E-028
  4.624000E+00  5.56233588E-028  1.13095674E-028  4.43137914E-028
  4.677000E+00  5.68249999E-028  1.12878133E-028  4.55371866E-028
  4.732000E+00  5.82487746E-028  1.12653852E-028  4.69833894E-028
  4.786000E+00  5.98812979E-028  1.12485386E-028  4.86327593E-028
  4.842000E+00  6.19109975E-028  1.12420995E-028  5.06688979E-028
  4.898000E+00  6.43913318E-028  1.12357956E-028  5.31555363E-028
  4.955000E+00  6.76208112E-028  1.12295598E-028  5.63912514E-028
  5.012000E+00  7.20350969E-028  1.12261587E-028  6.08089382E-028
  5.070000E+00  7.87970471E-028  1.12322236E-028  6.75648235E-028
  5.129000E+00  9.06437784E-028  1.12385985E-028  7.94051799E-028
  5.188000E+00  1.13603244E-027  1.12544145E-028  1.02348830E-027
  5.248000E+00  1.48970673E-027  1.12863716E-028  1.37684301E-027
  5.309000E+00  1.47647822E-027  1.13189904E-028  1.36328832E-027
  5.370000E+00  1.24924999E-027  1.13517812E-028  1.13573218E-027
  5.432000E+00  1.18586181E-027  1.13853289E-028  1.07200852E-027
  5.495000E+00  1.26338491E-027  1.14196858E-028  1.14918805E-027
  5.559000E+00  1.49628550E-027  1.14725117E-028  1.38156039E-027
  5.623000E+00  1.98674022E-027  1.15311410E-028  1.87142881E-027
  5.688000E+00  2.62331920E-027  1.16079949E-028  2.50723926E-027
  5.754000E+00  2.49309747E-027  1.16904191E-028  2.37619328E-027
  5.821000E+00  2.20087512E-027  1.17743497E-028  2.08313163E-027
  5.888000E+00  2.28974709E-027  1.18585929E-028  2.17116117E-027
  5.957000E+00  2.78218008E-027  1.19601649E-028  2.66257843E-027
  6.026000E+00  3.91184717E-027  1.20664920E-028  3.79118225E-027
  6.095000E+00  6.51435774E-027  1.21732692E-028  6.39262504E-027
  6.166000E+00  1.25913524E-026  1.22836695E-028  1.24685157E-026
  6.237000E+00  1.62573013E-026  1.23831463E-028  1.61334698E-026
  6.310000E+00  9.80285582E-027  1.24758904E-028  9.67809691E-027
  6.383000E+00  5.97829697E-027  1.25613466E-028  5.85268350E-027
  6.457000E+00  4.62749106E-027  1.26328840E-028  4.50116222E-027
  6.531000E+00  4.33027843E-027  1.27044564E-028  4.20323387E-027
  6.607000E+00  4.49518177E-027  1.27637426E-028  4.36754435E-027
  6.683000E+00  4.71554226E-027  1.28245088E-028  4.58729718E-027
  6.761000E+00  4.71934917E-027  1.28810638E-028  4.59053853E-027
  6.839000E+00  4.61634598E-027  1.29368463E-028  4.48697751E-027
  6.918000E+00  4.65075036E-027  1.30009747E-028  4.52074062E-027
  6.998000E+00  4.93441815E-027  1.31307306E-028  4.80311084E-027
  7.080000E+00  5.50406590E-027  1.32656274E-028  5.37140963E-027
  7.161000E+00  6.35801314E-027  1.36492264E-028  6.22152088E-027
  7.244000E+00  7.57242076E-027  1.40627478E-028  7.43179328E-027
  7.328000E+00  9.28744983E-027  1.48213892E-028  9.13923594E-027
  7.413000E+00  1.18888773E-026  1.60840761E-028  1.17280365E-026
  7.499000E+00  1.59377701E-026  1.73818494E-028  1.57639516E-026
  7.586000E+00  2.00679690E-026  2.03297431E-028  1.98646716E-026
  7.674000E+00  2.04509063E-026  2.37212885E-028  2.02136934E-026
  7.762000E+00  1.99394531E-026  2.75797840E-028  1.96636552E-026
  7.852000E+00  1.93790496E-026  3.39894817E-028  1.90391548E-026
  7.943000E+00  1.61662161E-026  4.06100033E-028  1.57601160E-026
  8.035000E+00  1.22908548E-026  4.86022032E-028  1.18048327E-026
  8.128000E+00  9.73192987E-027  5.86445897E-028  9.14548398E-027
  8.222000E+00  8.48455141E-027  6.89646684E-028  7.79490473E-027
  8.318000E+00  8.09827377E-027  7.92539932E-028  7.30573384E-027
  8.414000E+00  8.30582772E-027  8.87711998E-028  7.41811572E-027
  8.511000E+00  9.49623326E-027  9.75764288E-028  8.52046897E-027
  8.610000E+00  1.05850386E-026  1.06446931E-027  9.52056929E-027
  8.710000E+00  8.73605019E-027  1.16834645E-027  7.56770374E-027
  8.811000E+00  6.59356937E-027  1.29124358E-027  5.30232579E-027
  8.913000E+00  5.43516001E-027  1.43069992E-027  4.00446009E-027
  9.016000E+00  4.86679732E-027  1.58060481E-027  3.28619251E-027
  9.120000E+00  4.58827592E-027  1.73133401E-027  2.85694191E-027
  9.226000E+00  4.44038253E-027  1.86076444E-027  2.57961809E-027
  9.333000E+00  4.34833378E-027  1.95415870E-027  2.39417509E-027
  9.441000E+00  4.27584870E-027  2.00822931E-027  2.26761939E-027
  9.550000E+00  4.20679217E-027  2.02475816E-027  2.18203401E-027
  9.660000E+00  4.13359104E-027  2.00639604E-027  2.12719501E-027
  9.772000E+00  4.06870252E-027  1.97156935E-027  2.09713317E-027
  9.885000E+00  4.02540447E-027  1.93615587E-027  2.08924859E-027
  1.000000E+01  4.00578837E-027  1.90301965E-027  2.10276873E-027
  1.012000E+01  4.01626279E-027  1.87559412E-027  2.14066867E-027
  1.023000E+01  4.04534187E-027  1.84563305E-027  2.19970881E-027
  1.035000E+01  4.10270813E-027  1.80463540E-027  2.29807273E-027
  1.047000E+01  4.18738532E-027  1.73875831E-027  2.44862700E-027
  1.059000E+01  4.35541368E-027  1.66150407E-027  2.69390961E-027
  1.072000E+01  4.66569748E-027  1.57817910E-027  3.08751838E-027
  1.084000E+01  5.13578197E-027  1.51052911E-027  3.62525285E-027
  1.097000E+01  6.34440244E-027  1.44829507E-027  4.89610737E-027
  1.109000E+01  9.36630237E-027  1.39557818E-027  7.97072419E-027
  1.122000E+01  2.14870868E-026  1.33845173E-027  2.01486351E-026
  1.135000E+01  1.70467729E-026  1.28641688E-027  1.57603560E-026
  1.148000E+01  1.14876779E-026  1.23801411E-027  1.02496638E-026
  1.161000E+01  8.43880297E-027  1.19584799E-027  7.24295499E-027
  1.175000E+01  7.79335841E-027  1.14921927E-027  6.64413914E-027
  1.189000E+01  8.50539927E-027  1.09971788E-027  7.40568138E-027
  1.202000E+01  8.89645646E-027  1.05496519E-027  7.84149127E-027
  1.216000E+01  8.23777601E-027  1.00795692E-027  7.22981909E-027
  1.230000E+01  8.09997108E-027  9.69376893E-028  7.13059419E-027
  1.244000E+01  9.29804329E-027  9.33041833E-028  8.36500146E-027
  1.259000E+01  1.12149565E-026  8.93634859E-028  1.03213217E-026
  1.273000E+01  1.05653113E-026  8.58168825E-028  9.70714250E-027
  1.288000E+01  7.77204654E-027  8.20745400E-028  6.95130114E-027
  1.303000E+01  6.37606473E-027  7.90382970E-028  5.58568176E-027
  1.318000E+01  5.90532743E-027  7.61434943E-028  5.14389249E-027
  1.334000E+01  6.09292124E-027  7.34251283E-028  5.35866996E-027
  1.349000E+01  6.27008925E-027  7.08720178E-028  5.56136908E-027
  1.365000E+01  5.63927092E-027  6.89096174E-028  4.95017475E-027
  1.380000E+01  5.05674785E-027  6.72144812E-028  4.38460303E-027
  1.396000E+01  4.83482158E-027  6.69633770E-028  4.16518781E-027
  1.412000E+01  5.00818305E-027  6.70086113E-028  4.33809694E-027
  1.429000E+01  4.87173430E-027  6.87885577E-028  4.18384872E-027
  1.445000E+01  4.54841578E-027  7.07819945E-028  3.84059583E-027
  1.462000E+01  4.45211291E-027  7.41070062E-028  3.71104285E-027
  1.479000E+01  4.45315227E-027  7.76327880E-028  3.67682439E-027
  1.496000E+01  4.49728775E-027  8.15366022E-028  3.68192172E-027
  1.514000E+01  4.57020208E-027  8.59013497E-028  3.71118859E-027
  1.531000E+01  4.66082362E-027  9.04447943E-028  3.75637568E-027
  1.549000E+01  4.77936743E-027  9.54460944E-028  3.82490649E-027
  1.567000E+01  4.93788274E-027  1.00828598E-027  3.92959676E-027
  1.585000E+01  5.17625834E-027  1.06406525E-027  4.11219309E-027
  1.603000E+01  5.39857289E-027  1.12252048E-027  4.27605241E-027
  1.622000E+01  5.87103490E-027  1.18641781E-027  4.68461710E-027
  1.641000E+01  7.61234127E-027  1.25193502E-027  6.36040625E-027
  1.660000E+01  7.04981660E-027  1.31862151E-027  5.73119508E-027
  1.679000E+01  7.07983922E-027  1.38570399E-027  5.69413523E-027
  1.698000E+01  7.43471294E-027  1.44956826E-027  5.98514468E-027
  1.718000E+01  7.51421075E-027  1.51765092E-027  5.99655983E-027
  1.738000E+01  7.63858715E-027  1.58228072E-027  6.05630644E-027
  1.758000E+01  6.82683173E-027  1.64578718E-027  5.18104455E-027
  1.778000E+01  6.64052406E-027  1.70481039E-027  4.93571367E-027
  1.799000E+01  6.42565605E-027  1.75747812E-027  4.66817793E-027
  1.820000E+01  6.20935681E-027  1.80928341E-027  4.40007340E-027
  1.841000E+01  6.13734444E-027  1.84910693E-027  4.28823751E-027
  1.862000E+01  6.11305740E-027  1.88543382E-027  4.22762358E-027
  1.884000E+01  6.10355264E-027  1.91742728E-027  4.18612536E-027
  1.906000E+01  6.08543886E-027  1.93464573E-027  4.15079313E-027
  1.927000E+01  6.06761491E-027  1.95017946E-027  4.11743545E-027
  1.950000E+01  6.04056575E-027  1.95726707E-027  4.08329867E-027
  1.972000E+01  6.01266058E-027  1.95666352E-027  4.05599706E-027
  1.995000E+01  5.98990081E-027  1.95566811E-027  4.03423269E-027
  2.018000E+01  5.96774725E-027  1.94855127E-027  4.01919597E-027
  2.042000E+01  5.95349288E-027  1.94381794E-027  4.00967494E-027
  2.065000E+01  5.95109484E-027  1.94559039E-027  4.00550445E-027
  2.089000E+01  5.95183790E-027  1.94633623E-027  4.00550167E-027
  2.114000E+01  5.95587517E-027  1.94635139E-027  4.00952378E-027
  2.138000E+01  5.96259187E-027  1.94581540E-027  4.01677647E-027
  2.163000E+01  5.97800897E-027  1.95032555E-027  4.02768342E-027
  2.188000E+01  5.99638663E-027  1.95472687E-027  4.04165975E-027
  2.213000E+01  6.01754001E-027  1.95900365E-027  4.05853636E-027
  2.239000E+01  6.03522628E-027  1.95618934E-027  4.07903694E-027
  2.265000E+01  6.05765593E-027  1.95528250E-027  4.10237344E-027
  2.291000E+01  6.08593366E-027  1.95739167E-027  4.12854199E-027
  2.317000E+01  6.12195477E-027  1.96435449E-027  4.15760028E-027
  2.344000E+01  6.16280039E-027  1.97216820E-027  4.19063219E-027
  2.371000E+01  6.20361887E-027  1.97691550E-027  4.22670337E-027
  2.399000E+01  6.25065879E-027  1.98347417E-027  4.26718462E-027
  2.427000E+01  6.30228354E-027  1.99150274E-027  4.31078080E-027
  2.455000E+01  6.35804959E-027  2.00063636E-027  4.35741323E-027
  2.483000E+01  6.41644077E-027  2.00940744E-027  4.40703333E-027
  2.512000E+01  6.47713439E-027  2.01567880E-027  4.46145559E-027
  2.541000E+01  6.54281322E-027  2.02397239E-027  4.51884084E-027
  2.570000E+01  6.61154088E-027  2.03223089E-027  4.57930998E-027
  2.600000E+01  6.68583430E-027  2.04073148E-027  4.64510282E-027
  2.630000E+01  6.76336509E-027  2.04918321E-027  4.71418188E-027
  2.661000E+01  6.84686632E-027  2.05786016E-027  4.78900616E-027
  2.692000E+01  6.93379181E-027  2.06647478E-027  4.86731703E-027
  2.723000E+01  7.02412064E-027  2.07502270E-027  4.94909794E-027
  2.754000E+01  7.11782746E-027  2.08350017E-027  5.03432729E-027
  2.786000E+01  7.21676671E-027  2.09535434E-027  5.12141238E-027
  2.818000E+01  7.31835514E-027  2.10726332E-027  5.21109182E-027
  2.851000E+01  7.42578574E-027  2.11946920E-027  5.30631654E-027
  2.884000E+01  7.53576065E-027  2.13159598E-027  5.40416467E-027
  2.917000E+01  7.64809680E-027  2.14364142E-027  5.50445537E-027
  2.951000E+01  7.76609385E-027  2.15596511E-027  5.61012874E-027
  2.985000E+01  7.88614195E-027  2.16819964E-027  5.71794231E-027
  3.020000E+01  8.00607556E-027  2.18244606E-027  5.82362950E-027
  3.055000E+01  8.12251745E-027  2.19787429E-027  5.92464316E-027
  3.090000E+01  8.23891766E-027  2.21319382E-027  6.02572384E-027
  3.126000E+01  8.35823060E-027  2.22883784E-027  6.12939276E-027
  3.162000E+01  8.47673912E-027  2.24436808E-027  6.23237104E-027
  3.199000E+01  8.59728730E-027  2.26021304E-027  6.33707425E-027
  3.236000E+01  8.71614084E-027  2.27594238E-027  6.44019846E-027
  3.273000E+01  8.83287341E-027  2.29155987E-027  6.54131354E-027
  3.311000E+01  8.95011248E-027  2.30748779E-027  6.64262468E-027
  3.350000E+01  9.06718588E-027  2.32372328E-027  6.74346260E-027
  3.388000E+01  9.16727731E-027  2.34601767E-027  6.82125964E-027
  3.428000E+01  9.26815993E-027  2.36964996E-027  6.89850997E-027
  3.467000E+01  9.36214485E-027  2.39269459E-027  6.96945025E-027
  3.508000E+01  9.45608778E-027  2.41693549E-027  7.03915228E-027
  3.548000E+01  9.54277454E-027  2.44061193E-027  7.10216261E-027
  3.589000E+01  9.62641195E-027  2.46492233E-027  7.16148962E-027
  3.631000E+01  9.70652252E-027  2.48988692E-027  7.21663561E-027
  3.673000E+01  9.78095051E-027  2.51493281E-027  7.26601770E-027
  3.715000E+01  9.84969060E-027  2.54008138E-027  7.30960922E-027
  3.758000E+01  9.91402847E-027  2.56596412E-027  7.34806435E-027
  3.802000E+01  9.96561032E-027  2.59283900E-027  7.37277132E-027
  3.846000E+01  1.00123779E-026  2.61992117E-027  7.39245677E-027
  3.890000E+01  1.00545323E-026  2.64724429E-027  7.40728804E-027
  3.935000E+01  1.00931046E-026  2.67547514E-027  7.41762948E-027
  3.981000E+01  1.01280543E-026  2.70467562E-027  7.42337873E-027
  4.027000E+01  1.01587647E-026  2.73426837E-027  7.42449628E-027
  4.074000E+01  1.01860819E-026  2.76496092E-027  7.42112103E-027
  4.121000E+01  1.02096305E-026  2.79616969E-027  7.41346080E-027
  4.169000E+01  1.02312220E-026  2.83005164E-027  7.40117037E-027
  4.217000E+01  1.02506345E-026  2.86504754E-027  7.38558700E-027
  4.266000E+01  1.02682908E-026  2.90151320E-027  7.36677761E-027
  4.315000E+01  1.02841165E-026  2.93880045E-027  7.34531608E-027
  4.365000E+01  1.02987443E-026  2.97777490E-027  7.32096937E-027
  4.416000E+01  1.03124639E-026  3.01857918E-027  7.29388470E-027
  4.467000E+01  1.03253562E-026  3.06053510E-027  7.26482113E-027
  4.519000E+01  1.03396003E-026  3.10537409E-027  7.23422625E-027
  4.571000E+01  1.03602168E-026  3.15473706E-027  7.20547978E-027
  4.624000E+01  1.03820203E-026  3.20668500E-027  7.17533530E-027
  4.677000E+01  1.04049819E-026  3.26039833E-027  7.14458357E-027
  4.731000E+01  1.04299333E-026  3.31706086E-027  7.11287241E-027
  4.786000E+01  1.04573343E-026  3.37690775E-027  7.08042657E-027
  4.842000E+01  1.04876749E-026  3.44019010E-027  7.04748476E-027
  4.898000E+01  1.05208521E-026  3.50597624E-027  7.01487587E-027
  4.954000E+01  1.05572271E-026  3.57440066E-027  6.98282646E-027
  5.012000E+01  1.06004745E-026  3.64907794E-027  6.95139655E-027
  5.070000E+01  1.06545660E-026  3.73015050E-027  6.92441549E-027
  5.129000E+01  1.07143678E-026  3.81613074E-027  6.89823705E-027
  5.188000E+01  1.07811632E-026  3.90672411E-027  6.87443912E-027
  5.248000E+01  1.08579121E-026  4.00444433E-027  6.85346773E-027
  5.309000E+01  1.09421123E-026  4.10812492E-027  6.83398735E-027
  5.370000E+01  1.10328133E-026  4.21631725E-027  6.81649603E-027
  5.433000E+01  1.11373860E-026  4.33473906E-027  6.80264697E-027
  5.495000E+01  1.12494733E-026  4.45723614E-027  6.79223712E-027
  5.559000E+01  1.13730600E-026  4.58913532E-027  6.78392467E-027
  5.623000E+01  1.15048413E-026  4.72668491E-027  6.77815643E-027
  5.688000E+01  1.16531918E-026  4.87582689E-027  6.77736489E-027
  5.754000E+01  1.18144087E-026  5.03455372E-027  6.77985499E-027
  5.821000E+01  1.19875865E-026  5.20240698E-027  6.78517956E-027
  5.888000E+01  1.21704082E-026  5.37708580E-027  6.79332237E-027
  5.957000E+01  1.23758837E-026  5.56880174E-027  6.80708200E-027
  6.026000E+01  1.25940329E-026  5.76958952E-027  6.82444343E-027
  6.095000E+01  1.28226852E-026  5.97808244E-027  6.84460272E-027
  6.166000E+01  1.30688055E-026  6.20061515E-027  6.86819035E-027
  6.237000E+01  1.33291568E-026  6.43341148E-027  6.89574528E-027
  6.310000E+01  1.36111727E-026  6.68331173E-027  6.92786101E-027
  6.383000E+01  1.39067828E-026  6.94366007E-027  6.96312273E-027
  6.457000E+01  1.42225342E-026  7.22012473E-027  7.00240947E-027
  6.531000E+01  1.45498350E-026  7.50571024E-027  7.04412481E-027
  6.607000E+01  1.49022398E-026  7.81155297E-027  7.09068686E-027
  6.683000E+01  1.52657209E-026  8.12646640E-027  7.13925449E-027
  6.761000E+01  1.56543253E-026  8.46204119E-027  7.19228408E-027
  6.839000E+01  1.60551264E-026  8.80775600E-027  7.24737040E-027
  6.918000E+01  1.64752891E-026  9.17015670E-027  7.30513240E-027
  6.998000E+01  1.69176007E-026  9.55187127E-027  7.36572942E-027
  7.079000E+01  1.73723847E-026  9.94348171E-027  7.42890303E-027
  7.161000E+01  1.78533277E-026  1.03586833E-026  7.49464442E-027
  7.244000E+01  1.83500676E-026  1.07883859E-026  7.56168164E-027
  7.328000E+01  1.88645844E-026  1.12341667E-026  7.63041777E-027
  7.413000E+01  1.93980803E-026  1.16971821E-026  7.70089820E-027
  7.499000E+01  1.99447282E-026  1.21729761E-026  7.77175203E-027
  7.586000E+01  2.05118339E-026  1.26675373E-026  7.84429660E-027
  7.674000E+01  2.10924953E-026  1.31755326E-026  7.91696272E-027
  7.762000E+01  2.16792196E-026  1.36907774E-026  7.98844224E-027
  7.852000E+01  2.22949876E-026  1.42341874E-026  8.06080026E-027
  7.943000E+01  2.29199948E-026  1.47880884E-026  8.13190645E-027
  8.035000E+01  2.35579241E-026  1.53557202E-026  8.20220386E-027
  8.128000E+01  2.42110052E-026  1.59391286E-026  8.27187661E-027
  8.222000E+01  2.48699099E-026  1.65304961E-026  8.33941374E-027
  8.318000E+01  2.55504482E-026  1.71436833E-026  8.40676485E-027
  8.414000E+01  2.62362633E-026  1.77641771E-026  8.47208617E-027
  8.511000E+01  2.69242550E-026  1.83897504E-026  8.53450459E-027
  8.610000E+01  2.76315959E-026  1.90347954E-026  8.59680049E-027
  8.710000E+01  2.83466562E-026  1.96892154E-026  8.65744089E-027
  8.811000E+01  2.90596481E-026  2.03451024E-026  8.71454561E-027
  8.912000E+01  2.97777630E-026  2.10068082E-026  8.77095479E-027
  9.016000E+01  3.05188341E-026  2.16912498E-026  8.82758429E-027
  9.120000E+01  3.12466074E-026  2.23669479E-026  8.87965945E-027
  9.226000E+01  3.19821535E-026  2.30525528E-026  8.92960061E-027
  9.332000E+01  3.27155756E-026  2.37383457E-026  8.97722995E-027
  9.441000E+01  3.34514708E-026  2.44303041E-026  9.02116674E-027
  9.550000E+01  3.41708944E-026  2.51105715E-026  9.06032287E-027
  9.661000E+01  3.49116470E-026  2.58138800E-026  9.09776691E-027
  9.772000E+01  3.56302524E-026  2.65003133E-026  9.12993910E-027
  9.886000E+01  3.63435598E-026  2.71860535E-026  9.15750631E-027
  1.000000E+02  3.70306117E-026  2.78510130E-026  9.17959870E-027
  1.012000E+02  3.77605817E-026  2.85595521E-026  9.20102960E-027
  1.023000E+02  3.84033041E-026  2.91875224E-026  9.21578168E-027
  1.035000E+02  3.90831563E-026  2.98545603E-026  9.22859599E-027
  1.047000E+02  3.97829577E-026  3.05351843E-026  9.24777332E-027
  1.059000E+02  4.04527002E-026  3.11900085E-026  9.26269177E-027
  1.072000E+02  4.11430807E-026  3.18688238E-026  9.27425695E-027
  1.084000E+02  4.17468672E-026  3.24659718E-026  9.28089541E-027
  1.097000E+02  4.23637088E-026  3.30797542E-026  9.28395453E-027
  1.109000E+02  4.28979581E-026  3.36147678E-026  9.28319023E-027
  1.122000E+02  4.34379706E-026  3.41592342E-026  9.27873643E-027
  1.135000E+02  4.39882191E-026  3.47009982E-026  9.28722094E-027
  1.148000E+02  4.45345276E-026  3.52296683E-026  9.30485931E-027
  1.161000E+02  4.50445376E-026  3.57226021E-026  9.32193542E-027
  1.175000E+02  4.55533489E-026  3.62128767E-026  9.34047217E-027
  1.188000E+02  4.60271482E-026  3.66563001E-026  9.37084808E-027
  1.202000E+02  4.65348657E-026  3.71169914E-026  9.41787428E-027
  1.216000E+02  4.70074362E-026  3.75367809E-026  9.47065536E-027
  1.230000E+02  4.74463691E-026  3.79154962E-026  9.53087293E-027
  1.244000E+02  4.78861966E-026  3.82711308E-026  9.61506581E-027
  1.259000E+02  4.84087263E-026  3.86541306E-026  9.75459573E-027
  1.273000E+02  4.88683159E-026  3.89717514E-026  9.89656452E-027
  1.288000E+02  4.93302216E-026  3.92696028E-026  1.00606188E-026
  1.303000E+02  4.97588996E-026  3.95238976E-026  1.02350020E-026
  1.318000E+02  5.01509052E-026  3.97351245E-026  1.04157807E-026
  1.334000E+02  5.05221441E-026  3.99136355E-026  1.06085086E-026
  1.349000E+02  5.08172363E-026  4.00378538E-026  1.07793825E-026
  1.365000E+02  5.09777599E-026  4.02221161E-026  1.07556438E-026
  1.380000E+02  5.10143996E-026  4.03620209E-026  1.06523787E-026
  1.396000E+02  5.09446041E-026  4.04707147E-026  1.04738894E-026
  1.412000E+02  5.07750202E-026  4.05385247E-026  1.02364955E-026
  1.429000E+02  5.05023551E-026  4.05669541E-026  9.93540108E-027
  1.445000E+02  5.01749617E-026  4.05538323E-026  9.62112947E-027
  1.462000E+02  4.97682838E-026  4.04988531E-026  9.26943070E-027
  1.479000E+02  4.93153899E-026  4.04030203E-026  8.91236960E-027
  1.496000E+02  4.88279401E-026  4.02678347E-026  8.56010539E-027
  1.514000E+02  4.84707687E-026  4.01885717E-026  8.28219701E-027
  1.531000E+02  4.81620993E-026  4.01058780E-026  8.05622136E-027
  1.549000E+02  4.78135033E-026  3.99824491E-026  7.83105416E-027
  1.567000E+02  4.74423846E-026  3.98236789E-026  7.61870570E-027
  1.585000E+02  4.70488201E-026  3.96311612E-026  7.41765884E-027
  1.603000E+02  4.66330850E-026  3.94064962E-026  7.22658885E-027
  1.622000E+02  4.61706977E-026  3.91362379E-026  7.03445985E-027
  1.641000E+02  4.56848151E-026  3.88338061E-026  6.85100892E-027
  1.660000E+02  4.51762987E-026  3.85010496E-026  6.67524905E-027
  1.679000E+02  4.46461342E-026  3.81397920E-026  6.50634221E-027
  1.698000E+02  4.40954056E-026  3.77518253E-026  6.34358029E-027
  1.718000E+02  4.34947489E-026  3.73165158E-026  6.17823306E-027
  1.738000E+02  4.28740032E-026  3.68555595E-026  6.01844372E-027
  1.758000E+02  4.22958637E-026  3.64226307E-026  5.87323297E-027
  1.778000E+02  4.17896847E-026  3.60446088E-026  5.74507591E-027
  1.799000E+02  4.12386751E-026  3.56258969E-026  5.61277823E-027
  1.820000E+02  4.06694247E-026  3.51866359E-026  5.48278885E-027
  1.841000E+02  4.00836631E-026  3.47285644E-026  5.35509868E-027
  1.862000E+02  3.94830584E-026  3.42533560E-026  5.22970244E-027
  1.884000E+02  3.88396819E-026  3.37388904E-026  5.10079155E-027
  1.906000E+02  3.81835447E-026  3.32091526E-026  4.97439203E-027
  1.928000E+02  3.75163360E-026  3.26658352E-026  4.85050077E-027
  1.950000E+02  3.68396619E-026  3.21105475E-026  4.72911436E-027
  1.972000E+02  3.61550503E-026  3.15448225E-026  4.61022786E-027
  1.995000E+02  3.54323997E-026  3.09437974E-026  4.48860235E-027
  2.018000E+02  3.47835632E-026  3.04067338E-026  4.37682941E-027
  2.042000E+02  3.41237007E-026  2.98591889E-026  4.26451184E-027
  2.065000E+02  3.34865473E-026  2.93275989E-026  4.15894838E-027
  2.089000E+02  3.28180526E-026  2.87670629E-026  4.05098968E-027
  2.114000E+02  3.21191429E-026  2.81782028E-026  3.94094008E-027
  2.138000E+02  3.14469906E-026  2.76093715E-026  3.83761908E-027
  2.163000E+02  3.07468147E-026  2.70143900E-026  3.73242471E-027
  2.188000E+02  3.00477838E-026  2.64180706E-026  3.62971326E-027
  2.213000E+02  2.93509813E-026  2.58215022E-026  3.52947911E-027
  2.239000E+02  2.86297406E-026  2.52018895E-026  3.42785112E-027
  2.265000E+02  2.79467676E-026  2.46178961E-026  3.32887146E-027
  2.291000E+02  2.72935198E-026  2.40610048E-026  3.23251508E-027
  2.317000E+02  2.66451095E-026  2.35063566E-026  3.13875290E-027
  2.344000E+02  2.59776665E-026  2.29335729E-026  3.04409362E-027
  2.371000E+02  2.53169719E-026  2.23648186E-026  2.95215333E-027
  2.399000E+02  2.46396438E-026  2.17800129E-026  2.85963088E-027
  2.427000E+02  2.39721265E-026  2.12021974E-026  2.76992906E-027
  2.455000E+02  2.33140044E-026  2.06310140E-026  2.68299045E-027
  2.483000E+02  2.26647062E-026  2.00659510E-026  2.59875519E-027
  2.512000E+02  2.19891648E-026  1.94730502E-026  2.51611457E-027
  2.541000E+02  2.13166675E-026  1.88780346E-026  2.43863288E-027
  2.570000E+02  2.06563084E-026  1.82927996E-026  2.36350874E-027
  2.600000E+02  1.99864978E-026  1.76982764E-026  2.28822139E-027
  2.630000E+02  1.93607188E-026  1.71453734E-026  2.21534532E-027
  2.661000E+02  1.87273413E-026  1.65848309E-026  2.14251048E-027
  2.691000E+02  1.81274076E-026  1.60530535E-026  2.07435410E-027
  2.723000E+02  1.75017279E-026  1.54976184E-026  2.00410957E-027
  2.754000E+02  1.69164333E-026  1.49780243E-026  1.93840900E-027
  2.786000E+02  1.63688173E-026  1.44958759E-026  1.87294134E-027
  2.818000E+02  1.58341157E-026  1.40243257E-026  1.80979003E-027
  2.851000E+02  1.52962292E-026  1.35492153E-026  1.74701393E-027
  2.884000E+02  1.47720350E-026  1.30854911E-026  1.68654381E-027
  2.917000E+02  1.42614586E-026  1.26331572E-026  1.62830138E-027
  2.951000E+02  1.37495430E-026  1.21790003E-026  1.57054271E-027
  2.985000E+02  1.32518288E-026  1.17368441E-026  1.51498461E-027
  3.020000E+02  1.27873947E-026  1.13262291E-026  1.46116561E-027
  3.055000E+02  1.23601372E-026  1.09499113E-026  1.41022582E-027
  3.090000E+02  1.19448191E-026  1.05836186E-026  1.36120051E-027
  3.126000E+02  1.15299070E-026  1.02172083E-026  1.31269872E-027
  3.162000E+02  1.11272353E-026  9.86116011E-027  1.26607522E-027
  3.199000E+02  1.07259008E-026  9.50586224E-027  1.22003854E-027
  3.236000E+02  1.03370097E-026  9.16117501E-027  1.17583473E-027
  3.273000E+02  9.96029875E-027  8.82690819E-027  1.13339056E-027
  3.311000E+02  9.58579908E-027  8.49424248E-027  1.09155659E-027
  3.350000E+02  9.21418846E-027  8.16379206E-027  1.05039640E-027
  3.388000E+02  8.86421020E-027  7.85226246E-027  1.01194774E-027
  3.428000E+02  8.50837520E-027  7.53520982E-027  9.73165385E-028
  3.467000E+02  8.17350040E-027  7.23655141E-027  9.36948989E-028
  3.508000E+02  7.85267067E-027  6.95217156E-027  9.00499114E-028
  3.548000E+02  7.57066073E-027  6.70404692E-027  8.66613806E-028
  3.589000E+02  7.29240197E-027  6.45817386E-027  8.34228117E-028
  3.631000E+02  7.01739214E-027  6.21493258E-027  8.02459560E-028
  3.673000E+02  6.75222215E-027  5.98017092E-027  7.72051226E-028
  3.715000E+02  6.49657662E-027  5.75363507E-027  7.42941548E-028
  3.758000E+02  6.24438713E-027  5.52996439E-027  7.14422734E-028
  3.802000E+02  5.99598839E-027  5.30946542E-027  6.86522969E-028
  3.846000E+02  5.75701511E-027  5.09715613E-027  6.59858978E-028
  3.890000E+02  5.52713114E-027  4.89275914E-027  6.34372006E-028
  3.935000E+02  5.30108248E-027  4.69161756E-027  6.09464913E-028
  3.981000E+02  5.07912709E-027  4.49397015E-027  5.85156936E-028
  4.027000E+02  4.88293708E-027  4.32098024E-027  5.61956840E-028
  4.074000E+02  4.69264930E-027  4.15330976E-027  5.39339545E-028
  4.121000E+02  4.50983758E-027  3.99207162E-027  5.17765961E-028
  4.169000E+02  4.33102002E-027  3.83379293E-027  4.97227093E-028
  4.217000E+02  4.15949512E-027  3.68172547E-027  4.77769646E-028
  4.266000E+02  3.99145596E-027  3.53264724E-027  4.58808725E-028
  4.315000E+02  3.83025778E-027  3.38954425E-027  4.40713528E-028
  4.365000E+02  3.67252892E-027  3.24943245E-027  4.23096469E-028
  4.416000E+02  3.51838181E-027  3.11241788E-027  4.05963933E-028
  4.467000E+02  3.37074570E-027  2.98111268E-027  3.89633026E-028
  4.519000E+02  3.23307080E-027  2.85930647E-027  3.73764327E-028
  4.571000E+02  3.10470270E-027  2.74605825E-027  3.58644443E-028
  4.624000E+02  2.97936032E-027  2.63539655E-027  3.43963763E-028
  4.677000E+02  2.85931976E-027  2.52933867E-027  3.29981095E-028
  4.731000E+02  2.74222311E-027  2.42580884E-027  3.16414272E-028
  4.786000E+02  2.62811763E-027  2.32485406E-027  3.03263568E-028
  4.842000E+02  2.51704054E-027  2.22651246E-027  2.90528084E-028
  4.898000E+02  2.41087210E-027  2.13245548E-027  2.78416621E-028
  4.955000E+02  2.30761083E-027  2.04091648E-027  2.66694351E-028
  5.012000E+02  2.21025676E-027  1.95460825E-027  2.55648509E-028
  5.070000E+02  2.12007516E-027  1.87478073E-027  2.45294423E-028
  5.129000E+02  2.03239501E-027  1.79713126E-027  2.35263748E-028
  5.188000E+02  1.94861051E-027  1.72289831E-027  2.25712208E-028
  5.248000E+02  1.86720858E-027  1.65074485E-027  2.16463729E-028
  5.309000E+02  1.78818980E-027  1.58067408E-027  2.07515719E-028
  5.370000E+02  1.71275685E-027  1.51375573E-027  1.99001116E-028
  5.432000E+02  1.63958006E-027  1.44881334E-027  1.90766719E-028
  5.495000E+02  1.56935051E-027  1.38654138E-027  1.82809127E-028
  5.559000E+02  1.50376153E-027  1.32863706E-027  1.75124475E-028
  5.623000E+02  1.44117753E-027  1.27335779E-027  1.67819734E-028
  5.688000E+02  1.38053596E-027  1.21976809E-027  1.60767867E-028
  5.754000E+02  1.32181939E-027  1.16785480E-027  1.53964593E-028
  5.821000E+02  1.26500725E-027  1.11760191E-027  1.47405337E-028
  5.888000E+02  1.21086449E-027  1.06968869E-027  1.41175803E-028
  5.957000E+02  1.15774978E-027  1.02266469E-027  1.35085093E-028
  6.026000E+02  1.10807108E-027  9.78766176E-028  1.29304902E-028
  6.095000E+02  1.06119772E-027  9.37380487E-028  1.23817232E-028
  6.166000E+02  1.01525507E-027  8.96796971E-028  1.18458103E-028
  6.237000E+02  9.71841564E-028  8.58467873E-028  1.13373690E-028
  6.310000E+02  9.29638696E-028  8.21223096E-028  1.08415599E-028
  6.383000E+02  8.89512664E-028  7.85798015E-028  1.03714649E-028
  6.457000E+02  8.51286659E-028  7.52090510E-028  9.91961491E-029
  6.531000E+02  8.14898497E-028  7.19987068E-028  9.49114286E-029
  6.607000E+02  7.79481809E-028  6.88742066E-028  9.07397427E-029
  6.683000E+02  7.46008636E-028  6.59222560E-028  8.67860765E-029
  6.761000E+02  7.13331729E-028  6.30390327E-028  8.29414019E-029
  6.839000E+02  6.82559098E-028  6.03259607E-028  7.92994909E-029
  6.918000E+02  6.53002238E-028  5.77197210E-028  7.58050285E-029
  6.998000E+02  6.24541476E-028  5.52088138E-028  7.24533380E-029
  7.080000E+02  5.97427343E-028  5.28115445E-028  6.93118982E-029
  7.161000E+02  5.71976282E-028  5.05605237E-028  6.63710448E-029
  7.244000E+02  5.47172606E-028  4.83661506E-028  6.35110994E-029
  7.328000E+02  5.23311669E-028  4.62546036E-028  6.07656328E-029
  7.413000E+02  5.00366646E-028  4.42235684E-028  5.81309618E-029
  7.499000E+02  4.78310754E-028  4.22707301E-028  5.56034526E-029
  7.586000E+02  4.57497818E-028  4.04318302E-028  5.31795156E-029
  7.674000E+02  4.37503570E-028  3.86647962E-028  5.08556080E-029
  7.762000E+02  4.18506077E-028  3.69853459E-028  4.86526181E-029
  7.852000E+02  4.00049082E-028  3.53531972E-028  4.65171099E-029
  7.943000E+02  3.82329464E-028  3.37858023E-028  4.44714411E-029
  8.035000E+02  3.65529382E-028  3.23017053E-028  4.25123282E-029
  8.128000E+02  3.49503781E-028  3.08867219E-028  4.06365629E-029
  8.222000E+02  3.34125080E-028  2.95284073E-028  3.88410068E-029
  8.318000E+02  3.19219862E-028  2.82114849E-028  3.71050131E-029
  8.414000E+02  3.05076623E-028  2.69614895E-028  3.54617284E-029
  8.511000E+02  2.91514761E-028  2.57625079E-028  3.38896828E-029
  8.610000E+02  2.78384335E-028  2.46013193E-028  3.23711425E-029
  8.710000E+02  2.65807574E-028  2.34887670E-028  3.09199042E-029
  8.810000E+02  2.53879835E-028  2.24333278E-028  2.95465569E-029
  8.912000E+02  2.42342624E-028  2.14121639E-028  2.82209845E-029
  9.016000E+02  2.31237099E-028  2.04294337E-028  2.69427628E-029
  9.120000E+02  2.20900752E-028  1.95166810E-028  2.57339421E-029
  9.226000E+02  2.10912919E-028  1.86344135E-028  2.45687846E-029
  9.333000E+02  2.01357729E-028  1.77900911E-028  2.34568182E-029
  9.441000E+02  1.92217809E-028  1.69822102E-028  2.23957070E-029
  9.550000E+02  1.83476376E-028  1.62093170E-028  2.13832068E-029
  9.660000E+02  1.75117201E-028  1.54700041E-028  2.04171604E-029
  9.772000E+02  1.67054555E-028  1.47567130E-028  1.94874254E-029
  9.885000E+02  1.59350788E-028  1.40749820E-028  1.86009673E-029
  1.000000E+03  1.51930489E-028  1.34181802E-028  1.77486875E-029
  1.012000E+03  1.44833405E-028  1.27916622E-028  1.69167833E-029
  1.023000E+03  1.38665781E-028  1.22470519E-028  1.61952625E-029
  1.035000E+03  1.32283939E-028  1.16833823E-028  1.54501164E-029
  1.047000E+03  1.26241967E-028  1.11495940E-028  1.47460276E-029
  1.059000E+03  1.20519099E-028  1.06438716E-028  1.40803835E-029
  1.072000E+03  1.14657034E-028  1.01257191E-028  1.33998429E-029
  1.084000E+03  1.09538396E-028  9.67316979E-029  1.28066985E-029
  1.096000E+03  1.04683376E-028  9.24383191E-029  1.22450566E-029
  1.109000E+03  9.97032189E-029  8.80333007E-029  1.16699182E-029
  1.122000E+03  9.49957615E-029  8.38685639E-029  1.11271976E-029
  1.135000E+03  9.05438924E-029  7.99291132E-029  1.06147791E-029
  1.148000E+03  8.63317139E-029  7.62010089E-029  1.01307050E-029
  1.161000E+03  8.23444415E-029  7.26712834E-029  9.67315807E-030
  1.175000E+03  7.82862254E-029  6.90780720E-029  9.20815347E-030
  1.188000E+03  7.47232092E-029  6.59227502E-029  8.80045901E-030
  1.202000E+03  7.11018190E-029  6.27166765E-029  8.38514245E-030
  1.216000E+03  6.77378693E-029  5.97478686E-029  7.99000066E-030
  1.230000E+03  6.45575101E-029  5.69403382E-029  7.61717190E-030
  1.244000E+03  6.15707371E-029  5.43048915E-029  7.26584559E-030
  1.259000E+03  5.85996446E-029  5.16871448E-029  6.91249981E-030
  1.274000E+03  5.57953355E-029  4.92155832E-029  6.57975232E-030
  1.288000E+03  5.33189338E-029  4.70323893E-029  6.28654450E-030
  1.303000E+03  5.08071986E-029  4.48174260E-029  5.98977259E-030
  1.318000E+03  4.84328011E-029  4.27229867E-029  5.70981437E-030
  1.334000E+03  4.60417593E-029  4.06132772E-029  5.42848213E-030
  1.349000E+03  4.39244941E-029  3.87446282E-029  5.17986594E-030
  1.365000E+03  4.17901562E-029  3.68604236E-029  4.92973255E-030
  1.380000E+03  3.98982612E-029  3.51898327E-029  4.70842850E-030
  1.396000E+03  3.79891939E-029  3.35036749E-029  4.48551898E-030
  1.412000E+03  3.61855430E-029  3.19102478E-029  4.27529517E-030
  1.429000E+03  3.43771955E-029  3.03122989E-029  4.06489665E-030
  1.445000E+03  3.27703780E-029  2.88921158E-029  3.87826219E-030
  1.462000E+03  3.11576867E-029  2.74664395E-029  3.69124717E-030
  1.479000E+03  2.96361604E-029  2.61210776E-029  3.51508282E-030
  1.496000E+03  2.81998873E-029  2.48508491E-029  3.34903824E-030
  1.514000E+03  2.68146991E-029  2.36333612E-029  3.18133786E-030
  1.531000E+03  2.55917064E-029  2.25600379E-029  3.03166852E-030
  1.549000E+03  2.43678992E-029  2.14855150E-029  2.88238423E-030
  1.567000E+03  2.32125617E-029  2.04706513E-029  2.74191040E-030
  1.585000E+03  2.21212666E-029  1.95116224E-029  2.60964425E-030
  1.603000E+03  2.10899108E-029  1.86048812E-029  2.48502962E-030
  1.622000E+03  2.00620857E-029  1.77008593E-029  2.36122637E-030
  1.641000E+03  1.90926664E-029  1.68478464E-029  2.24482002E-030
  1.660000E+03  1.81778218E-029  1.60425235E-029  2.13529828E-030
  1.679000E+03  1.73140059E-029  1.52818172E-029  2.03218863E-030
  1.698000E+03  1.64979343E-029  1.45628787E-029  1.93505556E-030
  1.718000E+03  1.56871477E-029  1.38483222E-029  1.83882545E-030
  1.738000E+03  1.49226047E-029  1.31742646E-029  1.74834015E-030
  1.758000E+03  1.42012655E-029  1.25380638E-029  1.66320168E-030
  1.778000E+03  1.35203171E-029  1.19372737E-029  1.58304337E-030
  1.799000E+03  1.28459437E-029  1.13420764E-029  1.50386726E-030
  1.820000E+03  1.22104403E-029  1.07809918E-029  1.42944848E-030
  1.841000E+03  1.16112287E-029  1.02517736E-029  1.35945513E-030
  1.862000E+03  1.10459248E-029  9.75234320E-030  1.29358159E-030
  1.884000E+03  1.04876675E-029  9.25898399E-030  1.22868350E-030
  1.906000E+03  9.96185801E-030  8.79415816E-030  1.16769984E-030
  1.928000E+03  9.46632962E-030  8.35597318E-030  1.11035644E-030
  1.950000E+03  8.99907966E-030  7.94267886E-030  1.05640079E-030
  1.972000E+03  8.55825581E-030  7.55265536E-030  1.00560045E-030
  1.995000E+03  8.12378948E-030  7.16815752E-030  9.55631954E-031
  2.018000E+03  7.72752520E-030  6.82167786E-030  9.05847338E-031
  2.042000E+03  7.34170218E-030  6.48527108E-030  8.56431094E-031
  2.065000E+03  6.99314120E-030  6.18104159E-030  8.12099603E-031
  2.089000E+03  6.65005496E-030  5.88129275E-030  7.68762217E-031
  2.114000E+03  6.31357554E-030  5.58702081E-030  7.26554736E-031
  2.138000E+03  6.00927138E-030  5.32062892E-030  6.88642459E-031
  2.163000E+03  5.71046816E-030  5.05880610E-030  6.51662059E-031
  2.188000E+03  5.42897736E-030  4.81192328E-030  6.17054079E-031
  2.213000E+03  5.16363922E-030  4.57899730E-030  5.84641925E-031
  2.239000E+03  4.90367142E-030  4.35058239E-030  5.53089030E-031
  2.265000E+03  4.65890335E-030  4.13533334E-030  5.23570008E-031
  2.291000E+03  4.42830903E-030  3.93237623E-030  4.95932796E-031
  2.317000E+03  4.21094080E-030  3.74090263E-030  4.70038170E-031
  2.344000E+03  3.99827368E-030  3.55341819E-030  4.44855485E-031
  2.371000E+03  3.79802087E-030  3.37673695E-030  4.21283924E-031
  2.399000E+03  3.60257132E-030  3.20415800E-030  3.98413324E-031
  2.427000E+03  3.41871573E-030  3.04169076E-030  3.77024968E-031
  2.455000E+03  3.24566215E-030  2.88865475E-030  3.57007407E-031
  2.483000E+03  3.08340366E-030  2.74514489E-030  3.38258773E-031
  2.512000E+03  2.93051403E-030  2.61043524E-030  3.20078793E-031
  2.541000E+03  2.78649934E-030  2.48343424E-030  3.03065097E-031
  2.570000E+03  2.65076279E-030  2.36363189E-030  2.87130900E-031
  2.600000E+03  2.51847086E-030  2.24677211E-030  2.71698750E-031
  2.630000E+03  2.39388540E-030  2.13662899E-030  2.57256409E-031
  2.661000E+03  2.27269187E-030  2.02939752E-030  2.43294352E-031
  2.692000E+03  2.15864442E-030  1.92840805E-030  2.30236368E-031
  2.723000E+03  2.05125597E-030  1.83324138E-030  2.18014588E-031
  2.754000E+03  1.95007732E-030  1.74351039E-030  2.06566929E-031
  2.786000E+03  1.85170889E-030  1.65620714E-030  1.95501754E-031
  2.818000E+03  1.75909451E-030  1.57395085E-030  1.85143659E-031
  2.851000E+03  1.66920179E-030  1.49405472E-030  1.75147062E-031
  2.884000E+03  1.58462270E-030  1.41882848E-030  1.65794225E-031
  2.917000E+03  1.50499521E-030  1.34795812E-030  1.57037089E-031
  2.951000E+03  1.42778098E-030  1.27918977E-030  1.48591213E-031
  2.985000E+03  1.35513163E-030  1.21444460E-030  1.40687035E-031
  3.020000E+03  1.28656761E-030  1.15349385E-030  1.33073757E-031
  3.055000E+03  1.22330085E-030  1.09734916E-030  1.25951693E-031
  3.090000E+03  1.16369151E-030  1.04440739E-030  1.19284123E-031
  3.126000E+03  1.10593648E-030  9.93071640E-031  1.12864840E-031
  3.162000E+03  1.05154514E-030  9.44687740E-031  1.06857396E-031
  3.199000E+03  9.98909321E-031  8.97829256E-031  1.01080065E-031
  3.236000E+03  9.49359434E-031  8.53684381E-031  9.56750525E-032
  3.273000E+03  9.02685908E-031  8.12071336E-031  9.06145719E-032
  3.311000E+03  8.57541964E-031  7.71792720E-031  8.57492440E-032
  3.350000E+03  8.13950151E-031  7.32870723E-031  8.10794279E-032
  3.388000E+03  7.73964000E-031  6.97142959E-031  7.68210415E-032
  3.428000E+03  7.34344256E-031  6.61718070E-031  7.26261859E-032
  3.467000E+03  6.97989450E-031  6.29190289E-031  6.87991604E-032
  3.508000E+03  6.62024911E-031  5.96990186E-031  6.50347247E-032
  3.548000E+03  6.29012917E-031  5.67414167E-031  6.15987507E-032
  3.589000E+03  5.97157034E-031  5.38855758E-031  5.83012760E-032
  3.631000E+03  5.66461815E-031  5.11320472E-031  5.51413431E-032
  3.673000E+03  5.37592760E-031  4.85407299E-031  5.21854614E-032
  3.715000E+03  5.10424605E-031  4.61006222E-031  4.94183828E-032
  3.758000E+03  4.84251160E-031  4.37484713E-031  4.67664464E-032
  3.802000E+03  4.59070134E-031  4.14841880E-031  4.42282544E-032
  3.846000E+03  4.35396736E-031  3.93542565E-031  4.18541711E-032
  3.890000E+03  4.13127099E-031  3.73495182E-031  3.96319177E-032
  3.936000E+03  3.91242322E-031  3.53783519E-031  3.74588030E-032
  3.981000E+03  3.71119895E-031  3.35649554E-031  3.54703406E-032
  4.027000E+03  3.52339081E-031  3.18771468E-031  3.35676134E-032
  4.074000E+03  3.34659957E-031  3.02910910E-031  3.17490464E-032
  4.121000E+03  3.18021004E-031  2.87973160E-031  3.00478437E-032
  4.169000E+03  3.02027938E-031  2.73605461E-031  2.84224768E-032
  4.217000E+03  2.86976197E-031  2.60074353E-031  2.69018441E-032
  4.266000E+03  2.72515218E-031  2.47065762E-031  2.54494555E-032
  4.315000E+03  2.58905442E-031  2.34814963E-031  2.40904789E-032
  4.365000E+03  2.45835209E-031  2.23042362E-031  2.27928475E-032
  4.416000E+03  2.33295607E-031  2.11740601E-031  2.15550058E-032
  4.467000E+03  2.21500777E-031  2.01103531E-031  2.03972459E-032
  4.519000E+03  2.10188532E-031  1.90895503E-031  1.92930292E-032
  4.571000E+03  1.99547502E-031  1.81287474E-031  1.82600276E-032
  4.624000E+03  1.89344932E-031  1.72069988E-031  1.72749437E-032
  4.677000E+03  1.79747019E-031  1.63393843E-031  1.63531754E-032
  4.732000E+03  1.70382006E-031  1.54923472E-031  1.54585344E-032
  4.786000E+03  1.61736315E-031  1.47099402E-031  1.46369128E-032
  4.842000E+03  1.53305143E-031  1.39465363E-031  1.38397802E-032
  4.898000E+03  1.45380798E-031  1.32286425E-031  1.30943725E-032
  4.954000E+03  1.37928207E-031  1.25531399E-031  1.23968075E-032
  5.012000E+03  1.30737460E-031  1.19016480E-031  1.17209799E-032
  5.070000E+03  1.24202662E-031  1.13113605E-031  1.10890563E-032
  5.129000E+03  1.17948174E-031  1.07460293E-031  1.04878809E-032
  5.188000E+03  1.12062799E-031  1.02137250E-031  9.92554942E-033
  5.248000E+03  1.06430200E-031  9.70396688E-032  9.39053123E-033
  5.309000E+03  1.01043094E-031  9.21612712E-032  8.88182281E-033
  5.370000E+03  9.59746240E-032  8.75686586E-032  8.40596543E-033
  5.432000E+03  9.11271178E-032  8.31736744E-032  7.95344342E-033
  5.495000E+03  8.64937991E-032  7.89704369E-032  7.52336214E-033
  5.559000E+03  8.20678389E-032  7.49530021E-032  7.11483683E-033
  5.623000E+03  7.79054151E-032  7.11726530E-032  6.73276211E-033
  5.688000E+03  7.39290525E-032  6.75592981E-032  6.36975443E-033
  5.754000E+03  7.01325402E-032  6.41075028E-032  6.02503733E-033
  5.821000E+03  6.65096776E-032  6.08118300E-032  5.69784758E-033
  5.888000E+03  6.31035687E-032  5.77117171E-032  5.39185161E-033
  5.957000E+03  5.98065638E-032  5.47093657E-032  5.09719809E-033
  6.026000E+03  5.67085559E-032  5.18868020E-032  4.82175382E-033
  6.095000E+03  5.37957071E-032  4.92316371E-032  4.56406999E-033
  6.166000E+03  5.09782920E-032  4.66622303E-032  4.31606168E-033
  6.237000E+03  4.83764148E-032  4.42922784E-032  4.08413637E-033
  6.310000E+03  4.59012044E-032  4.20400266E-032  3.86117777E-033
  6.383000E+03  4.35738995E-032  3.99211522E-032  3.65274735E-033
  6.456000E+03  4.13842765E-032  3.79265266E-032  3.45774989E-033
  6.531000E+03  3.92681586E-032  3.59978107E-032  3.27034796E-033
  6.607000E+03  3.72522946E-032  3.41594792E-032  3.09281538E-033
  6.683000E+03  3.53567774E-032  3.24299848E-032  2.92679262E-033
  6.761000E+03  3.35278182E-032  3.07603545E-032  2.76746371E-033
  6.839000E+03  3.18086265E-032  2.91901305E-032  2.61849605E-033
  6.918000E+03  3.01715009E-032  2.76941193E-032  2.47738165E-033
  6.998000E+03  2.86130126E-032  2.62692732E-032  2.34373947E-033
  7.080000E+03  2.71611412E-032  2.49454482E-032  2.21569296E-033
  7.161000E+03  2.58135888E-032  2.37161695E-032  2.09741935E-033
  7.244000E+03  2.45141749E-032  2.25301233E-032  1.98405156E-033
  7.328000E+03  2.32772241E-032  2.14004487E-032  1.87677543E-033
  7.413000E+03  2.21000044E-032  2.03247232E-032  1.77528117E-033
  7.499000E+03  2.09798761E-032  1.93006039E-032  1.67927215E-033
  7.586000E+03  1.99142917E-032  1.83258264E-032  1.58846524E-033
  7.674000E+03  1.89007962E-032  1.73982064E-032  1.50258975E-033
  7.762000E+03  1.79475265E-032  1.65252564E-032  1.42227012E-033
  7.852000E+03  1.70305733E-032  1.56851352E-032  1.34543809E-033
  7.943000E+03  1.61589167E-032  1.48861138E-032  1.27280287E-033
  8.035000E+03  1.53304519E-032  1.41263109E-032  1.20414105E-033
  8.128000E+03  1.45431590E-032  1.34039188E-032  1.13924019E-033
  8.222000E+03  1.37950998E-032  1.27172016E-032  1.07789817E-033
  8.318000E+03  1.30771659E-032  1.20578327E-032  1.01933322E-033
  8.414000E+03  1.24025126E-032  1.14379316E-032  9.64580922E-034
  8.511000E+03  1.17617243E-032  1.08488867E-032  9.12837583E-034
  8.610000E+03  1.11471532E-032  1.02836963E-032  8.63456835E-034
  8.710000E+03  1.05639847E-032  9.74715679E-033  8.16827921E-034
  8.810000E+03  1.00159742E-032  9.24275532E-033  7.73218835E-034
  8.912000E+03  9.49069361E-033  8.75908010E-033  7.31613514E-034
  9.016000E+03  8.99034009E-033  8.29838363E-033  6.91956461E-034
  9.120000E+03  8.53194566E-033  7.87706678E-033  6.54878881E-034
  9.226000E+03  8.09273076E-033  7.47318963E-033  6.19541123E-034
  9.332000E+03  7.67981455E-033  7.09332191E-033  5.86492639E-034
  9.441000E+03  7.28072360E-033  6.72600845E-033  5.54715146E-034
  9.550000E+03  6.90569804E-033  6.38069251E-033  5.25005527E-034
  9.660000E+03  6.54992642E-033  6.05296540E-033  4.96961022E-034
  9.772000E+03  6.20947819E-033  5.73922269E-033  4.70255492E-034
  9.886000E+03  5.88395145E-033  5.43910780E-033  4.44843647E-034
  1.000000E+04  5.57800824E-033  5.15692562E-033  4.21082622E-034
  1.012000E+04  5.26526988E-033  4.86755214E-033  3.97717744E-034
  1.023000E+04  4.99601952E-033  4.61834719E-033  3.77672333E-034
  1.035000E+04  4.71996397E-033  4.36277510E-033  3.57188866E-034
  1.047000E+04  4.46106405E-033  4.12302191E-033  3.38042134E-034
  1.059000E+04  4.21810324E-033  3.89797242E-033  3.20130812E-034
  1.072000E+04  3.97158675E-033  3.66957296E-033  3.02013783E-034
  1.084000E+04  3.75834092E-033  3.47195302E-033  2.86387899E-034
  1.096000E+04  3.55785996E-033  3.28612366E-033  2.71736299E-034
  1.109000E+04  3.35833776E-033  3.10145636E-033  2.56881397E-034
  1.122000E+04  3.17327224E-033  2.93026727E-033  2.43004972E-034
  1.135000E+04  2.99969972E-033  2.76966760E-033  2.30032120E-034
  1.148000E+04  2.83680526E-033  2.61891085E-033  2.17894408E-034
  1.161000E+04  2.68383926E-033  2.47730995E-033  2.06529313E-034
  1.175000E+04  2.52941979E-033  2.33433128E-033  1.95088508E-034
  1.188000E+04  2.39493168E-033  2.20978094E-033  1.85150749E-034
  1.202000E+04  2.25899924E-033  2.08386821E-033  1.75131039E-034
  1.216000E+04  2.13164444E-033  1.96587851E-033  1.65765935E-034
  1.230000E+04  2.01225225E-033  1.85524658E-033  1.57005675E-034
  1.244000E+04  1.90182329E-033  1.75322045E-033  1.48602832E-034
  1.259000E+04  1.79477464E-033  1.65505361E-033  1.39721028E-034
  1.274000E+04  1.69456464E-033  1.56309263E-033  1.31472017E-034
  1.288000E+04  1.60676328E-033  1.48246551E-033  1.24297771E-034
  1.303000E+04  1.51839256E-033  1.40126400E-033  1.17128555E-034
  1.318000E+04  1.43550700E-033  1.32505452E-033  1.10452479E-034
  1.334000E+04  1.35270364E-033  1.24887295E-033  1.03830699E-034
  1.349000E+04  1.27995587E-033  1.18190255E-033  9.80533197E-035
  1.365000E+04  1.20718667E-033  1.11487388E-033  9.23127887E-035
  1.380000E+04  1.14317415E-033  1.05587854E-033  8.72956118E-035
  1.396000E+04  1.07906452E-033  9.96762491E-034  8.23020244E-035
  1.412000E+04  1.01895728E-033  9.41308156E-034  7.76491250E-035
  1.429000E+04  9.59161186E-034  8.86112538E-034  7.30486474E-035
  1.445000E+04  9.06436488E-034  8.37420390E-034  6.90160977E-035
  1.462000E+04  8.53919258E-034  7.88897199E-034  6.50220596E-035
  1.479000E+04  8.04752451E-034  7.43448817E-034  6.13036334E-035
  1.496000E+04  7.58693768E-034  7.00854965E-034  5.78388039E-035
  1.514000E+04  7.15982524E-034  6.61558188E-034  5.44243362E-035
  1.531000E+04  6.78885038E-034  6.27464508E-034  5.14205300E-035
  1.549000E+04  6.41999283E-034  5.93544017E-034  4.84552661E-035
  1.567000E+04  6.07401916E-034  5.61708037E-034  4.56938792E-035
  1.585000E+04  5.74929959E-034  5.31809821E-034  4.31201379E-035
  1.603000E+04  5.44433604E-034  5.03714330E-034  4.07192740E-035
  1.622000E+04  5.14234160E-034  4.75876424E-034  3.83577365E-035
  1.641000E+04  4.85933530E-034  4.49774077E-034  3.61594530E-035
  1.660000E+04  4.59395033E-034  4.25283674E-034  3.41113585E-035
  1.679000E+04  4.34493140E-034  4.02291573E-034  3.22015673E-035
  1.698000E+04  4.11112456E-034  3.80693191E-034  3.04192645E-035
  1.718000E+04  3.88028010E-034  3.59357950E-034  2.86700596E-035
  1.738000E+04  3.66397714E-034  3.39356979E-034  2.70407350E-035
  1.758000E+04  3.46117080E-034  3.20595305E-034  2.55217743E-035
  1.778000E+04  3.27090126E-034  3.02985603E-034  2.41045230E-035
  1.799000E+04  3.08364608E-034  2.85647358E-034  2.27172499E-035
  1.820000E+04  2.90830156E-034  2.69405046E-034  2.14251102E-035
  1.841000E+04  2.74400645E-034  2.54180096E-034  2.02205491E-035
  1.862000E+04  2.58996986E-034  2.39900291E-034  1.90966942E-035
  1.884000E+04  2.43880971E-034  2.25881905E-034  1.79990666E-035
  1.906000E+04  2.29734347E-034  2.12757754E-034  1.69765929E-035
  1.928000E+04  2.16486699E-034  2.00463384E-034  1.60233155E-035
  1.950000E+04  2.04073389E-034  1.88939577E-034  1.51338119E-035
  1.972000E+04  1.92435009E-034  1.78131867E-034  1.43031424E-035
  1.995000E+04  1.81036929E-034  1.67544195E-034  1.34927340E-035
  2.018000E+04  1.71122809E-034  1.58385795E-034  1.27370139E-035
  2.042000E+04  1.61640158E-034  1.49638031E-034  1.20021264E-035
  2.065000E+04  1.53113507E-034  1.41768223E-034  1.13452840E-035
  2.089000E+04  1.44759746E-034  1.34054259E-034  1.07054863E-035
  2.114000E+04  1.36606139E-034  1.26521474E-034  1.00846644E-035
  2.138000E+04  1.29267281E-034  1.19738247E-034  9.52903426E-036
  2.163000E+04  1.22095048E-034  1.13106070E-034  8.98897783E-036
  2.188000E+04  1.15370606E-034  1.06885249E-034  8.48535634E-036
  2.213000E+04  1.09062039E-034  1.01046714E-034  8.01532512E-036
  2.239000E+04  1.02910772E-034  9.53514311E-035  7.55934046E-036
  2.265000E+04  9.71472654E-035  9.00130382E-035  7.13422719E-036
  2.291000E+04  9.17436824E-035  8.50061162E-035  6.73756622E-036
  2.317000E+04  8.66744400E-035  8.03072853E-035  6.36715468E-036
  2.344000E+04  8.17389033E-035  7.57307771E-035  6.00812628E-036
  2.371000E+04  7.71143472E-035  7.14411615E-035  5.67318563E-036
  2.399000E+04  7.26232149E-035  6.72739297E-035  5.34928513E-036
  2.427000E+04  6.84198480E-035  6.33724667E-035  5.04738125E-036
  2.455000E+04  6.44833564E-035  5.97176102E-035  4.76574617E-036
  2.483000E+04  6.08256028E-035  5.63227969E-035  4.50280589E-036
  2.512000E+04  5.75048924E-035  5.32562395E-035  4.24865291E-036
  2.541000E+04  5.43899951E-035  5.03784345E-035  4.01156066E-036
  2.570000E+04  5.14663029E-035  4.76760982E-035  3.79020473E-036
  2.600000E+04  4.86287168E-035  4.50522262E-035  3.57649051E-036
  2.630000E+04  4.59677152E-035  4.25906099E-035  3.37710532E-036
  2.661000E+04  4.33901958E-035  4.02052479E-035  3.18494787E-036
  2.692000E+04  4.09751046E-035  3.79693161E-035  3.00578855E-036
  2.723000E+04  3.87107650E-035  3.58721544E-035  2.83861062E-036
  2.754000E+04  3.65864483E-035  3.39039606E-035  2.68248774E-036
  2.786000E+04  3.45300241E-035  3.19979953E-035  2.53202883E-036
  2.818000E+04  3.26023216E-035  3.02107201E-035  2.39160154E-036
  2.851000E+04  3.07395043E-035  2.84830295E-035  2.25647479E-036
  2.884000E+04  2.89946068E-035  2.68641854E-035  2.13042141E-036
  2.917000E+04  2.73591555E-035  2.53464181E-035  2.01273743E-036
  2.951000E+04  2.57803935E-035  2.38808307E-035  1.89956282E-036
  2.985000E+04  2.43017243E-035  2.25077741E-035  1.79395026E-036
  3.020000E+04  2.29644587E-035  2.12719438E-035  1.69251493E-036
  3.055000E+04  2.17724628E-035  2.01745687E-035  1.59789414E-036
  3.090000E+04  2.06523733E-035  1.91428145E-035  1.50955882E-036
  3.126000E+04  1.95700243E-035  1.81452751E-035  1.42474925E-036
  3.162000E+04  1.85534356E-035  1.72078352E-035  1.34560040E-036
  3.199000E+04  1.75722879E-035  1.63025948E-035  1.26969304E-036
  3.236000E+04  1.66511345E-035  1.54522621E-035  1.19887234E-036
  3.273000E+04  1.57857462E-035  1.46530016E-035  1.13274455E-036
  3.311000E+04  1.49509320E-035  1.38815947E-035  1.06933734E-036
  3.350000E+04  1.41469826E-035  1.31383401E-035  1.00864258E-036
  3.388000E+04  1.34114878E-035  1.24580455E-035  9.53442226E-037
  3.428000E+04  1.26846673E-035  1.17854582E-035  8.99209013E-037
  3.467000E+04  1.20195165E-035  1.11696553E-035  8.49861260E-037
  3.508000E+04  1.13632593E-035  1.05618120E-035  8.01447346E-037
  3.548000E+04  1.07624874E-035  1.00051148E-035  7.57372600E-037
  3.589000E+04  1.01842875E-035  9.46910510E-036  7.15182393E-037
  3.631000E+04  9.62864897E-036  8.95379313E-036  6.74855840E-037
  3.673000E+04  9.10747297E-036  8.47024325E-036  6.37229718E-037
  3.715000E+04  8.61831135E-036  8.01621609E-036  6.02095257E-037
  3.758000E+04  8.14831974E-036  7.57981296E-036  5.68506783E-037
  3.802000E+04  7.69737612E-036  7.16093661E-036  5.36439510E-037
  3.846000E+04  7.27458649E-036  6.76806616E-036  5.06520329E-037
  3.890000E+04  6.87794283E-036  6.39935971E-036  4.78583119E-037
  3.936000E+04  6.48922387E-036  6.03789307E-036  4.51330805E-037
  3.981000E+04  6.13279433E-036  5.70633924E-036  4.26455090E-037
