# Zubko/ZDA BARE-GR-S model SED (this work), Mathis ISRF U =  1.00
# solver = equil
# columns: lambda[um]  lamI_total/NH  lamI_PAH/NH  lamI_GRA/NH  lamI_SIL/NH
#          [erg s^-1 cm^-2 sr^-1 H^-1]
  8.998430E-02  0.00000000E+000  0.00000000E+000  0.00000000E+000  0.00000000E+000
  9.120110E-02  0.00000000E+000  0.00000000E+000  0.00000000E+000  0.00000000E+000
  9.243430E-02  0.00000000E+000  0.00000000E+000  0.00000000E+000  0.00000000E+000
  9.368430E-02  0.00000000E+000  0.00000000E+000  0.00000000E+000  0.00000000E+000
  9.495110E-02  0.00000000E+000  0.00000000E+000  0.00000000E+000  0.00000000E+000
  9.623510E-02  0.00000000E+000  0.00000000E+000  0.00000000E+000  0.00000000E+000
  9.753640E-02  0.00000000E+000  0.00000000E+000  0.00000000E+000  0.00000000E+000
  9.885530E-02  0.00000000E+000  0.00000000E+000  0.00000000E+000  0.00000000E+000
  1.001920E-01  0.00000000E+000  0.00000000E+000  0.00000000E+000  0.00000000E+000
  1.015470E-01  0.00000000E+000  0.00000000E+000  0.00000000E+000  0.00000000E+000
  1.029200E-01  0.00000000E+000  0.00000000E+000  0.00000000E+000  0.00000000E+000
  1.043120E-01  0.00000000E+000  0.00000000E+000  0.00000000E+000  0.00000000E+000
  1.057220E-01  0.00000000E+000  0.00000000E+000  0.00000000E+000  0.00000000E+000
  1.071520E-01  0.00000000E+000  0.00000000E+000  0.00000000E+000  0.00000000E+000
  1.086010E-01  0.00000000E+000  0.00000000E+000  0.00000000E+000  0.00000000E+000
  1.100690E-01  0.00000000E+000  0.00000000E+000  0.00000000E+000  0.00000000E+000
  1.115580E-01  0.00000000E+000  0.00000000E+000  0.00000000E+000  0.00000000E+000
  1.130660E-01  0.00000000E+000  0.00000000E+000  0.00000000E+000  0.00000000E+000
  1.145950E-01  0.00000000E+000  0.00000000E+000  0.00000000E+000  0.00000000E+000
  1.161450E-01  0.00000000E+000  0.00000000E+000  0.00000000E+000  0.00000000E+000
  1.177150E-01  0.00000000E+000  0.00000000E+000  0.00000000E+000  0.00000000E+000
  1.193070E-01  0.00000000E+000  0.00000000E+000  0.00000000E+000  0.00000000E+000
  1.209210E-01  0.00000000E+000  0.00000000E+000  0.00000000E+000  0.00000000E+000
  1.225560E-01  0.00000000E+000  0.00000000E+000  0.00000000E+000  0.00000000E+000
  1.242130E-01  0.00000000E+000  0.00000000E+000  0.00000000E+000  0.00000000E+000
  1.258930E-01  0.00000000E+000  0.00000000E+000  0.00000000E+000  0.00000000E+000
  1.275950E-01  0.00000000E+000  0.00000000E+000  0.00000000E+000  0.00000000E+000
  1.293200E-01  0.00000000E+000  0.00000000E+000  0.00000000E+000  0.00000000E+000
  1.310690E-01  0.00000000E+000  0.00000000E+000  0.00000000E+000  0.00000000E+000
  1.328410E-01  0.00000000E+000  0.00000000E+000  0.00000000E+000  0.00000000E+000
  1.346380E-01  0.00000000E+000  0.00000000E+000  0.00000000E+000  0.00000000E+000
  1.364580E-01  0.00000000E+000  0.00000000E+000  0.00000000E+000  0.00000000E+000
  1.383040E-01  0.00000000E+000  0.00000000E+000  0.00000000E+000  0.00000000E+000
  1.401740E-01  0.00000000E+000  0.00000000E+000  0.00000000E+000  0.00000000E+000
  1.420690E-01  0.00000000E+000  0.00000000E+000  0.00000000E+000  0.00000000E+000
  1.439900E-01  0.00000000E+000  0.00000000E+000  0.00000000E+000  0.00000000E+000
  1.459370E-01  0.00000000E+000  0.00000000E+000  0.00000000E+000  0.00000000E+000
  1.479110E-01  0.00000000E+000  0.00000000E+000  0.00000000E+000  0.00000000E+000
  1.499110E-01  0.00000000E+000  0.00000000E+000  0.00000000E+000  0.00000000E+000
  1.519380E-01  0.00000000E+000  0.00000000E+000  0.00000000E+000  0.00000000E+000
  1.539930E-01  0.00000000E+000  0.00000000E+000  0.00000000E+000  0.00000000E+000
  1.560750E-01  0.00000000E+000  0.00000000E+000  0.00000000E+000  0.00000000E+000
  1.581860E-01  0.00000000E+000  0.00000000E+000  0.00000000E+000  0.00000000E+000
  1.603250E-01  0.00000000E+000  0.00000000E+000  0.00000000E+000  0.00000000E+000
  1.624930E-01  0.00000000E+000  0.00000000E+000  0.00000000E+000  0.00000000E+000
  1.646900E-01  0.00000000E+000  0.00000000E+000  0.00000000E+000  0.00000000E+000
  1.669170E-01  0.00000000E+000  0.00000000E+000  0.00000000E+000  0.00000000E+000
  1.691740E-01  0.00000000E+000  0.00000000E+000  0.00000000E+000  0.00000000E+000
  1.714620E-01  0.00000000E+000  0.00000000E+000  0.00000000E+000  0.00000000E+000
  1.737800E-01  0.00000000E+000  0.00000000E+000  0.00000000E+000  0.00000000E+000
  1.761300E-01  0.00000000E+000  0.00000000E+000  0.00000000E+000  0.00000000E+000
  1.785120E-01  0.00000000E+000  0.00000000E+000  0.00000000E+000  0.00000000E+000
  1.809260E-01  0.00000000E+000  0.00000000E+000  0.00000000E+000  0.00000000E+000
  1.833720E-01  0.00000000E+000  0.00000000E+000  0.00000000E+000  0.00000000E+000
  1.858520E-01  0.00000000E+000  0.00000000E+000  0.00000000E+000  0.00000000E+000
  1.883650E-01  0.00000000E+000  0.00000000E+000  0.00000000E+000  0.00000000E+000
  1.909120E-01  0.00000000E+000  0.00000000E+000  0.00000000E+000  0.00000000E+000
  1.934940E-01  0.00000000E+000  0.00000000E+000  0.00000000E+000  0.00000000E+000
  1.961100E-01  0.00000000E+000  0.00000000E+000  0.00000000E+000  0.00000000E+000
  1.987620E-01  0.00000000E+000  0.00000000E+000  0.00000000E+000  0.00000000E+000
  2.014500E-01  0.00000000E+000  0.00000000E+000  0.00000000E+000  0.00000000E+000
  2.041740E-01  0.00000000E+000  0.00000000E+000  0.00000000E+000  0.00000000E+000
  2.069350E-01  0.00000000E+000  0.00000000E+000  0.00000000E+000  0.00000000E+000
  2.097330E-01  0.00000000E+000  0.00000000E+000  0.00000000E+000  0.00000000E+000
  2.125690E-01  0.00000000E+000  0.00000000E+000  0.00000000E+000  0.00000000E+000
  2.154430E-01  0.00000000E+000  0.00000000E+000  0.00000000E+000  0.00000000E+000
  2.183570E-01  0.00000000E+000  0.00000000E+000  0.00000000E+000  0.00000000E+000
  2.213090E-01  0.00000000E+000  0.00000000E+000  0.00000000E+000  0.00000000E+000
  2.243020E-01  0.00000000E+000  0.00000000E+000  0.00000000E+000  0.00000000E+000
  2.273350E-01  0.00000000E+000  0.00000000E+000  0.00000000E+000  0.00000000E+000
  2.304090E-01  0.00000000E+000  0.00000000E+000  0.00000000E+000  0.00000000E+000
  2.335250E-01  0.00000000E+000  0.00000000E+000  0.00000000E+000  0.00000000E+000
  2.366830E-01  0.00000000E+000  0.00000000E+000  0.00000000E+000  0.00000000E+000
  2.398830E-01  0.00000000E+000  0.00000000E+000  0.00000000E+000  0.00000000E+000
  2.431270E-01  0.00000000E+000  0.00000000E+000  0.00000000E+000  0.00000000E+000
  2.464150E-01  0.00000000E+000  0.00000000E+000  0.00000000E+000  0.00000000E+000
  2.497470E-01  0.00000000E+000  0.00000000E+000  0.00000000E+000  0.00000000E+000
  2.531240E-01  0.00000000E+000  0.00000000E+000  0.00000000E+000  0.00000000E+000
  2.565470E-01  0.00000000E+000  0.00000000E+000  0.00000000E+000  0.00000000E+000
  2.600160E-01  0.00000000E+000  0.00000000E+000  0.00000000E+000  0.00000000E+000
  2.635320E-01  0.00000000E+000  0.00000000E+000  0.00000000E+000  0.00000000E+000
  2.670960E-01  0.00000000E+000  0.00000000E+000  0.00000000E+000  0.00000000E+000
  2.707070E-01  0.00000000E+000  0.00000000E+000  0.00000000E+000  0.00000000E+000
  2.743680E-01  0.00000000E+000  0.00000000E+000  0.00000000E+000  0.00000000E+000
  2.780780E-01  0.00000000E+000  0.00000000E+000  0.00000000E+000  0.00000000E+000
  2.818380E-01  0.00000000E+000  0.00000000E+000  0.00000000E+000  0.00000000E+000
  2.856490E-01  0.00000000E+000  0.00000000E+000  0.00000000E+000  0.00000000E+000
  2.895120E-01  0.00000000E+000  0.00000000E+000  0.00000000E+000  0.00000000E+000
  2.934270E-01  0.00000000E+000  0.00000000E+000  0.00000000E+000  0.00000000E+000
  2.973950E-01  0.00000000E+000  0.00000000E+000  0.00000000E+000  0.00000000E+000
  3.014160E-01  0.00000000E+000  0.00000000E+000  0.00000000E+000  0.00000000E+000
  3.054920E-01  0.00000000E+000  0.00000000E+000  0.00000000E+000  0.00000000E+000
  3.096230E-01  0.00000000E+000  0.00000000E+000  0.00000000E+000  0.00000000E+000
  3.138100E-01  0.00000000E+000  0.00000000E+000  0.00000000E+000  0.00000000E+000
  3.180530E-01  0.00000000E+000  0.00000000E+000  0.00000000E+000  0.00000000E+000
  3.223540E-01  0.00000000E+000  0.00000000E+000  0.00000000E+000  0.00000000E+000
  3.267130E-01  0.00000000E+000  0.00000000E+000  0.00000000E+000  0.00000000E+000
  3.311310E-01  0.00000000E+000  0.00000000E+000  0.00000000E+000  0.00000000E+000
  3.356090E-01  0.00000000E+000  0.00000000E+000  0.00000000E+000  0.00000000E+000
  3.401470E-01  0.00000000E+000  0.00000000E+000  0.00000000E+000  0.00000000E+000
  3.447470E-01  0.00000000E+000  0.00000000E+000  0.00000000E+000  0.00000000E+000
  3.494080E-01  0.00000000E+000  0.00000000E+000  0.00000000E+000  0.00000000E+000
  3.541330E-01  0.00000000E+000  0.00000000E+000  0.00000000E+000  0.00000000E+000
  3.589220E-01  0.00000000E+000  0.00000000E+000  0.00000000E+000  0.00000000E+000
  3.637750E-01  0.00000000E+000  0.00000000E+000  0.00000000E+000  0.00000000E+000
  3.686950E-01  0.00000000E+000  0.00000000E+000  0.00000000E+000  0.00000000E+000
  3.736800E-01  0.00000000E+000  0.00000000E+000  0.00000000E+000  0.00000000E+000
  3.787330E-01  0.00000000E+000  0.00000000E+000  0.00000000E+000  0.00000000E+000
  3.838550E-01  0.00000000E+000  0.00000000E+000  0.00000000E+000  0.00000000E+000
  3.890450E-01  0.00000000E+000  0.00000000E+000  0.00000000E+000  0.00000000E+000
  3.943060E-01  0.00000000E+000  0.00000000E+000  0.00000000E+000  0.00000000E+000
  3.996380E-01  0.00000000E+000  0.00000000E+000  0.00000000E+000  0.00000000E+000
  4.050420E-01  0.00000000E+000  0.00000000E+000  0.00000000E+000  0.00000000E+000
  4.105190E-01  0.00000000E+000  0.00000000E+000  0.00000000E+000  0.00000000E+000
  4.160700E-01  0.00000000E+000  0.00000000E+000  0.00000000E+000  0.00000000E+000
  4.216970E-01  0.00000000E+000  0.00000000E+000  0.00000000E+000  0.00000000E+000
  4.273990E-01  0.00000000E+000  0.00000000E+000  0.00000000E+000  0.00000000E+000
  4.331780E-01  0.00000000E+000  0.00000000E+000  0.00000000E+000  0.00000000E+000
  4.390360E-01  4.68781103E-314  4.68781103E-314  0.00000000E+000  0.00000000E+000
  4.449730E-01  4.76470748E-310  4.76470748E-310  0.00000000E+000  0.00000000E+000
  4.509900E-01  4.22108709E-306  4.22108709E-306  0.00000000E+000  0.00000000E+000
  4.570880E-01  3.30417993E-302  3.30417993E-302  0.00000000E+000  0.00000000E+000
  4.632690E-01  2.29208296E-298  2.29208296E-298  0.00000000E+000  0.00000000E+000
  4.695340E-01  1.41098750E-294  1.41098750E-294  0.00000000E+000  0.00000000E+000
  4.758830E-01  7.70816392E-291  7.70816392E-291  0.00000000E+000  0.00000000E+000
  4.823180E-01  3.74719906E-287  3.74719906E-287  0.00000000E+000  0.00000000E+000
  4.888400E-01  1.62315369E-283  1.62315369E-283  0.00000000E+000  0.00000000E+000
  4.954500E-01  6.27296211E-280  6.27296211E-280  0.00000000E+000  0.00000000E+000
  5.021500E-01  2.16830794E-276  2.16830794E-276  0.00000000E+000  0.00000000E+000
  5.089400E-01  6.70347790E-273  6.70347790E-273  0.00000000E+000  0.00000000E+000
  5.158220E-01  1.85798157E-269  1.85798157E-269  0.00000000E+000  0.00000000E+000
  5.227970E-01  4.62206923E-266  4.62206923E-266  0.00000000E+000  0.00000000E+000
  5.298670E-01  1.03428959E-262  1.03428959E-262  0.00000000E+000  0.00000000E+000
  5.370320E-01  2.08184023E-259  2.08184023E-259  0.00000000E+000  0.00000000E+000
  5.442940E-01  3.77718912E-256  3.77718912E-256  0.00000000E+000  0.00000000E+000
  5.516540E-01  6.18355688E-253  6.18355688E-253  0.00000000E+000  0.00000000E+000
  5.591140E-01  9.15191589E-250  9.15191589E-250  0.00000000E+000  0.00000000E+000
  5.666740E-01  1.22459188E-246  1.22459188E-246  0.00000000E+000  0.00000000E+000
  5.743370E-01  1.48558287E-243  1.48558287E-243  0.00000000E+000  0.00000000E+000
  5.821030E-01  1.63377000E-240  1.63377000E-240  0.00000000E+000  0.00000000E+000
  5.899750E-01  1.63312525E-237  1.63312525E-237  0.00000000E+000  0.00000000E+000
  5.979530E-01  1.48375912E-234  1.48375912E-234  0.00000000E+000  0.00000000E+000
  6.060380E-01  1.22623994E-231  1.22623994E-231  0.00000000E+000  0.00000000E+000
  6.142330E-01  9.24032974E-229  9.24032974E-229  0.00000000E+000  0.00000000E+000
  6.225390E-01  6.35335844E-226  6.35335844E-226  0.00000000E+000  0.00000000E+000
  6.309570E-01  3.98878392E-223  3.98878392E-223  0.00000000E+000  0.00000000E+000
  6.394890E-01  2.28982434E-220  2.28982434E-220  0.00000000E+000  0.00000000E+000
  6.481370E-01  1.20352778E-217  1.20352778E-217  0.00000000E+000  0.00000000E+000
  6.569010E-01  5.79099281E-215  5.79099281E-215  0.00000000E+000  0.00000000E+000
  6.657840E-01  2.55590651E-212  2.55590651E-212  0.00000000E+000  0.00000000E+000
  6.747870E-01  1.03526586E-209  1.03526586E-209  0.00000000E+000  0.00000000E+000
  6.839120E-01  3.85273679E-207  3.85273679E-207  0.00000000E+000  0.00000000E+000
  6.931600E-01  1.31783023E-204  1.31783023E-204  0.00000000E+000  0.00000000E+000
  7.025330E-01  4.14727163E-202  4.14727163E-202  0.00000000E+000  0.00000000E+000
  7.120330E-01  1.20197985E-199  1.20197985E-199  0.00000000E+000  0.00000000E+000
  7.216610E-01  3.20898341E-197  3.20898341E-197  0.00000000E+000  0.00000000E+000
  7.314200E-01  7.90209723E-195  7.90209723E-195  0.00000000E+000  0.00000000E+000
  7.413100E-01  1.79408279E-192  1.79408279E-192  0.00000000E+000  0.00000000E+000
  7.513350E-01  3.76207806E-190  3.76207806E-190  0.00000000E+000  0.00000000E+000
  7.614940E-01  7.27851026E-188  7.27851026E-188  0.00000000E+000  0.00000000E+000
  7.717920E-01  1.30199662E-185  1.30199662E-185  0.00000000E+000  0.00000000E+000
  7.822280E-01  2.15166828E-183  2.15166828E-183  0.00000000E+000  0.00000000E+000
  7.928060E-01  3.29122111E-181  3.29122111E-181  0.00000000E+000  0.00000000E+000
  8.035260E-01  4.66173749E-179  4.66173749E-179  0.00000000E+000  0.00000000E+000
  8.143920E-01  6.13357400E-177  6.13357400E-177  0.00000000E+000  0.00000000E+000
  8.254040E-01  7.51361669E-175  7.51361669E-175  0.00000000E+000  0.00000000E+000
  8.365660E-01  8.61127473E-173  8.61127473E-173  0.00000000E+000  0.00000000E+000
  8.478780E-01  9.26017595E-171  9.26017595E-171  0.00000000E+000  0.00000000E+000
  8.593430E-01  9.36534807E-169  9.36534807E-169  0.00000000E+000  0.00000000E+000
  8.709640E-01  8.90556501E-167  8.90556501E-167  0.00000000E+000  0.00000000E+000
  8.827410E-01  7.93482447E-165  7.93482447E-165  0.00000000E+000  0.00000000E+000
  8.946780E-01  6.60626033E-163  6.60626033E-163  0.00000000E+000  0.00000000E+000
  9.067760E-01  5.11867141E-161  5.11867141E-161  3.52110013E-316  0.00000000E+000
  9.190380E-01  3.67910685E-159  3.67910685E-159  3.79734803E-312  0.00000000E+000
  9.314650E-01  2.44382026E-157  2.44382026E-157  3.44932504E-308  0.00000000E+000
  9.440610E-01  1.49634184E-155  1.49634184E-155  2.77379978E-304  0.00000000E+000
  9.568270E-01  8.41968031E-154  8.41968031E-154  1.97610800E-300  0.00000000E+000
  9.697650E-01  4.34712665E-152  4.34712665E-152  1.24899689E-296  0.00000000E+000
  9.828790E-01  2.06261050E-150  2.06261050E-150  7.02269786E-293  0.00000000E+000
  9.961700E-01  9.03527290E-149  9.03527290E-149  3.51495877E-289  0.00000000E+000
  1.009640E+00  3.68840535E-147  3.68840535E-147  1.56902743E-285  0.00000000E+000
  1.023290E+00  1.41921555E-145  1.41921555E-145  6.24880082E-282  0.00000000E+000
  1.037130E+00  5.21018659E-144  5.21018659E-144  2.23326267E-278  0.00000000E+000
  1.051150E+00  1.83064353E-142  1.83064353E-142  7.12043420E-275  0.00000000E+000
  1.065370E+00  6.20107916E-141  6.20107916E-141  2.04871005E-271  0.00000000E+000
  1.079780E+00  2.02043528E-139  2.02043528E-139  5.28867236E-268  0.00000000E+000
  1.094380E+00  6.32880519E-138  6.32880519E-138  1.22511660E-264  0.00000000E+000
  1.109170E+00  1.90469020E-136  1.90469020E-136  2.54735674E-261  0.00000000E+000
  1.124170E+00  5.52935395E-135  5.52935395E-135  4.80356701E-258  0.00000000E+000
  1.139380E+00  1.54755501E-133  1.54755501E-133  8.22246363E-255  0.00000000E+000
  1.154780E+00  4.15743051E-132  4.15743051E-132  1.26417903E-251  3.66900416E-316
  1.170400E+00  1.07918535E-130  1.07918535E-130  1.77058035E-248  3.66407796E-312
  1.186220E+00  2.69684152E-129  2.69684152E-129  2.23810420E-245  3.20851069E-308
  1.202260E+00  6.51944168E-128  6.51944168E-128  2.57679649E-242  2.49577518E-304
  1.218520E+00  1.52598083E-126  1.52598083E-126  2.70176799E-239  1.72419329E-300
  1.235000E+00  3.46209919E-125  3.46209919E-125  2.57966617E-236  1.05783374E-296
  1.251700E+00  7.62228477E-124  7.62228477E-124  2.24321169E-233  5.76772003E-293
  1.268630E+00  1.63322947E-122  1.63322947E-122  1.78436578E-230  2.80768083E-289
  1.285780E+00  3.40265656E-121  3.40265656E-121  1.29285133E-227  1.21414737E-285
  1.303170E+00  6.92076181E-120  6.92076181E-120  8.59845974E-225  4.71013626E-282
  1.320790E+00  1.37190047E-118  1.37190047E-118  5.23059892E-222  1.63150400E-278
  1.338650E+00  2.65392346E-117  2.65392346E-117  2.92058746E-219  5.06922840E-275
  1.356750E+00  5.00582878E-116  5.00582878E-116  1.49680706E-216  1.41283515E-271
  1.375100E+00  9.20968769E-115  9.20968769E-115  7.06515822E-214  3.54747107E-268
  1.393690E+00  1.64764799E-113  1.64764799E-113  3.06234650E-211  7.99058325E-265
  1.412540E+00  2.87061592E-112  2.87061592E-112  1.22653508E-208  1.62815383E-261
  1.431640E+00  4.85510586E-111  4.85510586E-111  4.52449634E-206  2.98876340E-258
  1.451000E+00  7.97087710E-110  7.97087710E-110  1.54203789E-203  4.96254068E-255
  1.470620E+00  1.26845655E-108  1.26845655E-108  4.85848364E-201  7.45301486E-252
  1.490500E+00  1.95422647E-107  1.95422647E-107  1.41495312E-198  1.01257300E-248
  1.510660E+00  2.91954678E-106  2.91954678E-106  3.82934964E-196  1.25347055E-245
  1.531090E+00  4.21987030E-105  4.21987030E-105  9.60284775E-194  1.40867185E-242
  1.551790E+00  5.89683084E-104  5.89683084E-104  2.23170616E-191  1.43735060E-239
  1.572780E+00  7.98191411E-103  7.98191411E-103  4.83435740E-189  1.34031899E-236
  1.594040E+00  1.04346908E-101  1.04346908E-101  9.70606062E-187  1.13501494E-233
  1.615600E+00  1.32173342E-100  1.32173342E-100  1.81978645E-184  8.81237751E-231
  1.637440E+00  1.61785702E-099  1.61785702E-099  3.17066728E-182  6.23439608E-228
  1.659590E+00  1.91978278E-098  1.91978278E-098  5.17026572E-180  4.05544042E-225
  1.682030E+00  2.20301185E-097  2.20301185E-097  7.85385259E-178  2.41137135E-222
  1.704770E+00  2.44719851E-096  2.44719851E-096  1.11402133E-175  1.31446503E-219
  1.727830E+00  2.63671971E-095  2.63671971E-095  1.48187907E-173  6.60487626E-217
  1.751190E+00  2.74960235E-094  2.74960235E-094  1.84073136E-171  3.04273225E-214
  1.774870E+00  2.78064454E-093  2.78064454E-093  2.14431427E-169  1.29214507E-211
  1.798870E+00  2.72688868E-092  2.72688868E-092  2.34338354E-167  5.06029938E-209
  1.823200E+00  2.59553684E-091  2.59553684E-091  2.40610180E-165  1.83105142E-206
  1.847850E+00  2.39564153E-090  2.39564153E-090  2.31678081E-163  6.10730950E-204
  1.872840E+00  2.14800998E-089  2.14800998E-089  2.09981774E-161  1.88663657E-201
  1.898160E+00  1.86935314E-088  1.86935314E-088  1.78822893E-159  5.38549791E-199
  1.923830E+00  1.58173734E-087  1.58173734E-087  1.43659448E-157  1.42704911E-196
  1.949840E+00  1.30019856E-086  1.30019856E-086  1.08665002E-155  3.50244689E-194
  1.976210E+00  1.03998743E-085  1.03998743E-085  7.76299859E-154  7.99556351E-192
  2.002930E+00  8.08829225E-085  8.08829225E-085  5.22931329E-152  1.69423091E-189
  2.030020E+00  6.12594419E-084  6.12594419E-084  3.33200178E-150  3.34566909E-187
  2.057470E+00  4.51508400E-083  4.51508400E-083  2.00510786E-148  6.14508113E-185
  2.085290E+00  3.24099573E-082  3.24099573E-082  1.14157640E-146  1.05184102E-182
  2.113490E+00  2.26744614E-081  2.26744614E-081  6.15726047E-145  1.68095869E-180
  2.142070E+00  1.54618860E-080  1.54618860E-080  3.14577710E-143  2.50870117E-178
  2.171030E+00  1.02775950E-079  1.02775950E-079  1.52248258E-141  3.49620368E-176
  2.200390E+00  6.66839397E-079  6.66839397E-079  6.99896984E-140  4.56497978E-174
  2.230150E+00  4.22351977E-078  4.22351977E-078  3.05650846E-138  5.58318768E-172
  2.260300E+00  2.60995450E-077  2.60995450E-077  1.26635871E-136  6.38737092E-170
  2.290870E+00  1.57663109E-076  1.57663109E-076  4.99767711E-135  6.86797739E-168
  2.321850E+00  9.30584485E-076  9.30584485E-076  1.87567762E-133  6.92945904E-166
  2.353240E+00  5.36764398E-075  5.36764398E-075  6.69504683E-132  6.56100667E-164
  2.385060E+00  3.02952729E-074  3.02952729E-074  2.27801627E-130  5.84676492E-162
  2.417320E+00  1.67431025E-073  1.67431025E-073  7.39645654E-129  4.91037657E-160
  2.450000E+00  9.05339497E-073  9.05339497E-073  2.28808475E-127  3.87634843E-158
  2.483130E+00  4.79843174E-072  4.79843174E-072  6.76242077E-126  2.88798275E-156
  2.516710E+00  2.49362098E-071  2.49362098E-071  1.90876500E-124  2.03082515E-154
  2.550740E+00  1.27108439E-070  1.27108439E-070  5.14656654E-123  1.34768272E-152
  2.585230E+00  6.36126616E-070  6.36126616E-070  1.32686933E-121  8.45061964E-151
  2.620190E+00  3.12884191E-069  3.12884191E-069  3.27409688E-120  5.01296956E-149
  2.655620E+00  1.51353835E-068  1.51353835E-068  7.73227729E-119  2.81325278E-147
  2.691530E+00  7.21002017E-068  7.21002017E-068  1.74932345E-117  1.49531096E-145
  2.727930E+00  3.38734661E-067  3.38734661E-067  3.79448026E-116  7.53596760E-144
  2.764820E+00  1.57158953E-066  1.57158953E-066  7.89212562E-115  3.60128852E-142
  2.802210E+00  7.21591903E-066  7.21591903E-066  1.57557425E-113  1.63380488E-140
  2.840100E+00  3.28597185E-065  3.28597185E-065  3.01838038E-112  7.03561309E-139
  2.878500E+00  1.48889484E-064  1.48889484E-064  5.55333223E-111  2.87880716E-137
  2.917430E+00  6.74311759E-064  6.74311759E-064  9.82721416E-110  1.12141019E-135
  2.956880E+00  3.06680154E-063  3.06680154E-063  1.67138877E-108  4.15473608E-134
  2.996860E+00  1.41109098E-062  1.41109098E-062  2.73415184E-107  1.46543976E-132
  3.037390E+00  6.63982351E-062  6.63982351E-062  4.30796509E-106  4.92958138E-131
  3.078460E+00  3.24216286E-061  3.24216286E-061  6.53321503E-105  1.58012795E-129
  3.120090E+00  1.68380380E-060  1.68380380E-060  9.55253773E-104  4.83738304E-128
  3.162280E+00  9.69704581E-060  9.69704581E-060  1.34664288E-102  1.41442191E-126
  3.205040E+00  6.73810540E-059  6.73810540E-059  1.83086647E-101  3.95086341E-125
  3.248380E+00  6.97454219E-058  6.97454219E-058  2.40214740E-100  1.05509195E-123
  3.292300E+00  1.58329495E-056  1.58329495E-056  3.04145290E-099  2.69216268E-122
  3.336820E+00  1.36468933E-056  1.36468933E-056  3.72060114E-098  6.57527353E-121
  3.381950E+00  1.12866108E-056  1.12866108E-056  4.39979336E-097  1.53873979E-119
  3.427680E+00  1.61883570E-056  1.61883570E-056  5.02784684E-096  3.44629757E-118
  3.474030E+00  2.97362918E-056  2.97362918E-056  5.55802188E-095  7.39829375E-117
  3.521010E+00  6.26051738E-056  6.26051738E-056  5.94581959E-094  1.52385729E-115
  3.568620E+00  1.43416160E-055  1.43416160E-055  6.15545388E-093  3.01159066E-114
  3.616870E+00  3.47275753E-055  3.47275753E-055  6.17006547E-092  5.71444688E-113
  3.665780E+00  8.72981587E-055  8.72981587E-055  5.99537201E-091  1.04224439E-111
  3.715350E+00  2.24968489E-054  2.24968489E-054  5.64795387E-090  1.82708216E-110
  3.765590E+00  5.89082902E-054  5.89082902E-054  5.15899667E-089  3.08076397E-109
  3.816510E+00  1.55720240E-053  1.55720240E-053  4.57123363E-088  4.99942403E-108
  3.868120E+00  4.13542884E-053  4.13542884E-053  3.93082600E-087  7.81235048E-107
  3.920430E+00  1.09931141E-052  1.09931141E-052  3.28291022E-086  1.17619088E-105
  3.973440E+00  2.91656771E-052  2.91656771E-052  2.66210814E-085  1.70614765E-104
  4.027170E+00  7.70828965E-052  7.70828965E-052  2.09755254E-084  2.38696437E-103
  4.081630E+00  2.02629479E-051  2.02629479E-051  1.60652352E-083  3.22238394E-102
  4.136820E+00  5.29090377E-051  5.29090377E-051  1.19606375E-082  4.19743576E-101
  4.192760E+00  1.37135863E-050  1.37135863E-050  8.66307726E-082  5.27576408E-100
  4.249460E+00  3.52620315E-050  3.52620315E-050  6.10601463E-081  6.40766703E-099
  4.306920E+00  8.98993370E-050  8.98993370E-050  4.18809742E-080  7.52028086E-098
  4.365160E+00  2.27234155E-049  2.27234155E-049  2.79734805E-079  8.53627699E-097
  4.424190E+00  5.69412753E-049  5.69412753E-049  1.82007846E-078  9.37529937E-096
  4.484010E+00  1.41443806E-048  1.41443806E-048  1.15405277E-077  9.97256965E-095
  4.544650E+00  3.48476366E-048  3.48476366E-048  7.13512786E-077  1.02770750E-093
  4.606100E+00  8.51623117E-048  8.51623117E-048  4.30007783E-076  1.02560615E-092
  4.668390E+00  2.06641988E-047  2.06641988E-047  2.52835229E-075  9.92277261E-092
  4.731510E+00  4.98205410E-047  4.98205410E-047  1.44998934E-074  9.30410060E-091
  4.795490E+00  1.19574442E-046  1.19574442E-046  8.12025586E-074  8.46981504E-090
  4.860340E+00  2.86458296E-046  2.86458296E-046  4.44244507E-073  7.49026848E-089
  4.926060E+00  6.88088832E-046  6.88088832E-046  2.37317225E-072  6.42889810E-088
  4.992680E+00  1.67246651E-045  1.67246651E-045  1.23887607E-071  5.36070865E-087
  5.060190E+00  4.18837921E-045  4.18837921E-045  6.31596576E-071  4.34612740E-086
  5.128610E+00  1.12407401E-044  1.12407401E-044  3.14729312E-070  3.42475092E-085
  5.197970E+00  3.42613032E-044  3.42613032E-044  1.53405731E-069  2.62818383E-084
  5.268250E+00  9.84982601E-044  9.84982601E-044  7.31064500E-069  1.96346425E-083
  5.339490E+00  1.67668886E-043  1.67668886E-043  3.40945385E-068  1.42767554E-082
  5.411700E+00  2.87593045E-043  2.87593045E-043  1.55639772E-067  1.01062829E-081
  5.484870E+00  6.06363168E-043  6.06363168E-043  6.95307106E-067  6.96307446E-081
  5.559040E+00  1.50789348E-042  1.50789348E-042  3.04314028E-066  4.68154507E-080
  5.634210E+00  4.38950026E-042  4.38950026E-042  1.30469419E-065  3.06929524E-079
  5.710400E+00  1.11149324E-041  1.11149324E-041  5.48179002E-065  1.96573064E-078
  5.787620E+00  1.79235253E-041  1.79235253E-041  2.25727386E-064  1.22759838E-077
  5.865880E+00  3.25713893E-041  3.25713893E-041  9.11128234E-064  7.47698699E-077
  5.945200E+00  7.47898906E-041  7.47898906E-041  3.60760993E-063  4.44781960E-076
  6.025600E+00  2.09668287E-040  2.09668287E-040  1.40167647E-062  2.58512051E-075
  6.107080E+00  7.37187121E-040  7.37187121E-040  5.34227005E-062  1.46672430E-074
  6.189660E+00  2.83029896E-039  2.83029896E-039  1.99804269E-061  8.12720162E-074
  6.273360E+00  4.47483334E-039  4.47483334E-039  7.32496407E-061  4.39193408E-073
  6.358190E+00  4.11023534E-039  4.11023534E-039  2.63603021E-060  2.31889559E-072
  6.444170E+00  4.96967745E-039  4.96967745E-039  9.34096282E-060  1.19430095E-071
  6.531310E+00  7.91044601E-039  7.91044601E-039  3.25111883E-059  6.01430599E-071
  6.619620E+00  1.44814004E-038  1.44814004E-038  1.11101952E-058  2.95806250E-070
  6.709140E+00  2.62019594E-038  2.62019594E-038  3.73205296E-058  1.42392087E-069
  6.799860E+00  4.40592523E-038  4.40592523E-038  1.23206715E-057  6.70233625E-069
  6.891810E+00  7.38878644E-038  7.38878644E-038  3.99929733E-057  3.08889443E-068
  6.985000E+00  1.31263254E-037  1.31263254E-037  1.27708043E-056  1.40093160E-067
  7.079460E+00  2.47877977E-037  2.47877977E-037  4.01224292E-056  6.23312965E-067
  7.175190E+00  4.89051973E-037  4.89051973E-037  1.24017019E-055  2.77684492E-066
  7.272210E+00  9.94705173E-037  9.94705173E-037  3.77210675E-055  1.21337717E-065
  7.370550E+00  2.09621723E-036  2.09621723E-036  1.12979554E-054  5.46070103E-065
  7.470220E+00  4.67878996E-036  4.67878996E-036  3.33174145E-054  2.42925621E-064
  7.571230E+00  1.01899472E-035  1.01899472E-035  9.67680217E-054  1.12715414E-063
  7.673620E+00  1.70018482E-035  1.70018482E-035  2.76913012E-053  5.27497576E-063
  7.777380E+00  2.62778020E-035  2.62778020E-035  7.80509913E-053  2.44171134E-062
  7.882550E+00  3.85203446E-035  3.85203446E-035  2.16786317E-052  1.15841328E-061
  7.989140E+00  4.57080453E-035  4.57080453E-035  5.93371582E-052  5.19581688E-061
  8.097170E+00  5.22927232E-035  5.22927232E-035  1.60041621E-051  2.36349114E-060
  8.206660E+00  6.66782811E-035  6.66782811E-035  4.25548066E-051  1.02246055E-059
  8.317640E+00  9.63878440E-035  9.63878440E-035  1.11593087E-050  4.20670080E-059
  8.430110E+00  1.54022224E-034  1.54022224E-034  2.88626173E-050  1.64476593E-058
  8.544110E+00  2.83741221E-034  2.83741221E-034  7.36481627E-050  6.18147654E-058
  8.659640E+00  4.21201473E-034  4.21201473E-034  1.85416500E-049  2.27481997E-057
  8.776740E+00  4.36420830E-034  4.36420830E-034  4.60772061E-049  8.29402250E-057
  8.895420E+00  4.73566168E-034  4.73566168E-034  1.13023456E-048  2.99470434E-056
  9.015710E+00  5.75910279E-034  5.75910279E-034  2.73744154E-048  1.06187883E-055
  9.137630E+00  7.53670586E-034  7.53670586E-034  6.54772315E-048  3.65585135E-055
  9.261190E+00  1.02973519E-033  1.02973519E-033  1.54682774E-047  1.20859469E-054
  9.386420E+00  1.44452632E-033  1.44452632E-033  3.61058215E-047  3.80857629E-054
  9.513350E+00  2.06150624E-033  2.06150624E-033  8.32587048E-047  1.14425705E-053
  9.641990E+00  2.97733719E-033  2.97733719E-033  1.89735286E-046  3.31107078E-053
  9.772370E+00  4.33930105E-033  4.33930105E-033  4.27399358E-046  9.31493003E-053
  9.904520E+00  6.37394767E-033  6.37394767E-033  9.51854380E-046  2.57705484E-052
  1.003850E+01  9.43748944E-033  9.43748944E-033  2.09650599E-045  7.04050332E-052
  1.017420E+01  1.41007423E-032  1.41007423E-032  4.56426867E-045  1.89735111E-051
  1.031180E+01  2.13472772E-032  2.13472772E-032  9.83060148E-045  5.01541260E-051
  1.045120E+01  3.29923052E-032  3.29923052E-032  2.09368476E-044  1.28306070E-050
  1.059250E+01  5.31228153E-032  5.31228153E-032  4.41208690E-044  3.19799043E-050
  1.073580E+01  8.87332864E-032  8.87332864E-032  9.20537933E-044  7.83416296E-050
  1.088090E+01  1.58650551E-031  1.58650551E-031  1.89973862E-043  1.89789086E-049
  1.102810E+01  3.48079572E-031  3.48079572E-031  3.88510034E-043  4.57267209E-049
  1.117720E+01  1.23564075E-030  1.23564075E-030  7.87404318E-043  1.08415502E-048
  1.132840E+01  1.88304949E-030  1.88304949E-030  1.58543370E-042  2.53865026E-048
  1.148150E+01  1.52671601E-030  1.52671601E-030  3.47783570E-042  5.87265063E-048
  1.163680E+01  1.37827502E-030  1.37827502E-030  6.08353410E-042  1.34709790E-047
  1.179420E+01  1.79882839E-030  1.79882839E-030  1.18337549E-041  3.03510603E-047
  1.195360E+01  2.76165619E-030  2.76165619E-030  2.28244528E-041  6.72166105E-047
  1.211530E+01  3.49180077E-030  3.49180077E-030  4.36383614E-041  1.46825176E-046
  1.227910E+01  4.32945711E-030  4.32945711E-030  8.26692988E-041  3.18060785E-046
  1.244510E+01  6.82458400E-030  6.82458400E-030  1.55115849E-040  6.82504117E-046
  1.261340E+01  1.11547603E-029  1.11547603E-029  2.88303951E-040  1.44257149E-045
  1.278400E+01  1.16508369E-029  1.16508369E-029  5.31354351E-040  3.01125161E-045
  1.295690E+01  1.04737697E-029  1.04737697E-029  9.70923755E-040  6.21284770E-045
  1.313210E+01  1.12554712E-029  1.12554712E-029  1.75902093E-039  1.27567482E-044
  1.330970E+01  1.45277513E-029  1.45277513E-029  3.16204934E-039  2.59221788E-044
  1.348960E+01  1.94671001E-029  1.94671001E-029  5.63694078E-039  5.20180735E-044
  1.367200E+01  2.11886481E-029  2.11886481E-029  9.97301575E-039  1.04311481E-043
  1.385690E+01  2.31156195E-029  2.31156195E-029  1.75127437E-038  2.09066937E-043
  1.404430E+01  2.85454310E-029  2.85454310E-029  3.05281464E-038  4.21549522E-043
  1.423420E+01  3.66130489E-029  3.66130489E-029  5.28205183E-038  8.62963371E-043
  1.442670E+01  4.01649147E-029  4.01649146E-029  9.07153236E-038  1.76593772E-042
  1.462180E+01  4.72897784E-029  4.72897783E-029  1.54742371E-037  3.65513449E-042
  1.481950E+01  5.75358165E-029  5.75358162E-029  2.62058719E-037  7.50108192E-042
  1.501990E+01  7.07308308E-029  7.07308304E-029  4.40949449E-037  1.52891401E-041
  1.522300E+01  8.73112878E-029  8.73112871E-029  7.37283795E-037  3.09267486E-041
  1.542880E+01  1.08121969E-028  1.08121967E-028  1.22433031E-036  6.20434539E-041
  1.563750E+01  1.34837689E-028  1.34837687E-028  2.02114613E-036  1.23469181E-040
  1.584890E+01  1.71759720E-028  1.71759717E-028  3.31393631E-036  2.43307629E-040
  1.606320E+01  2.17280704E-028  2.17280699E-028  5.40256542E-036  4.75097432E-040
  1.628050E+01  3.04189449E-028  3.04189440E-028  8.75283089E-036  9.18720636E-040
  1.650060E+01  4.76815682E-028  4.76815668E-028  1.40991108E-035  1.75685390E-039
  1.672370E+01  4.86880773E-028  4.86880751E-028  2.25685869E-035  3.32447789E-039
  1.694990E+01  6.12581528E-028  6.12581492E-028  3.59466489E-035  6.20360136E-039
  1.717910E+01  7.26078799E-028  7.26078742E-028  5.68964463E-035  1.14498693E-038
  1.741140E+01  8.38861088E-028  8.38860998E-028  8.96410106E-035  2.08539815E-038
  1.764680E+01  8.20577549E-028  8.20577408E-028  1.40393282E-034  3.75636453E-038
  1.788550E+01  9.20214406E-028  9.20214187E-028  2.18977180E-034  6.65762415E-038
  1.812730E+01  9.61352427E-028  9.61352087E-028  3.39634408E-034  1.16533281E-037
  1.837240E+01  1.06133244E-027  1.06133191E-027  5.24207551E-034  2.01088320E-037
  1.862090E+01  1.19206915E-027  1.19206835E-027  8.05031441E-034  3.42540537E-037
  1.887270E+01  1.34432549E-027  1.34432425E-027  1.22995318E-033  5.75831036E-037
  1.912790E+01  1.51390186E-027  1.51389999E-027  1.87122565E-033  9.52771338E-037
  1.938650E+01  1.69989442E-027  1.69989159E-027  2.83043538E-033  1.56218772E-036
  1.964870E+01  1.90466769E-027  1.90466343E-027  4.26677629E-033  2.51851300E-036
  1.991440E+01  2.13085495E-027  2.13084855E-027  6.39490603E-033  4.02796428E-036
  2.018370E+01  2.38045477E-027  2.38044522E-027  9.54396908E-033  6.37295342E-036
  2.045660E+01  2.65477215E-027  2.65475795E-027  1.41850131E-032  1.00236492E-035
  2.073320E+01  2.95495709E-027  2.95493609E-027  2.09938651E-032  1.56999885E-035
  2.101360E+01  3.28211272E-027  3.28208176E-027  3.09389659E-032  2.44038965E-035
  2.129770E+01  3.63708659E-027  3.63704113E-027  4.54221014E-032  3.76271734E-035
  2.158570E+01  4.02107548E-027  4.02100901E-027  6.64139995E-032  5.77429925E-035
  2.187760E+01  4.43501698E-027  4.43492019E-027  9.67020935E-032  8.80720002E-035
  2.217350E+01  4.87994914E-027  4.87980879E-027  1.40217765E-031  1.33350408E-034
  2.247330E+01  5.35654048E-027  5.35633776E-027  2.02523063E-031  1.99737961E-034
  2.277720E+01  5.86586451E-027  5.86557285E-027  2.91355148E-031  2.97915474E-034
  2.308520E+01  6.40860369E-027  6.40818589E-027  4.17354019E-031  4.42406881E-034
  2.339740E+01  6.98550314E-027  6.98490721E-027  5.95277420E-031  6.54195329E-034
  2.371370E+01  7.59684956E-027  7.59600275E-027  8.45860765E-031  9.59018247E-034
  2.403440E+01  8.24355790E-027  8.24235983E-027  1.19666356E-030  1.39880652E-033
  2.435940E+01  8.92568333E-027  8.92399607E-027  1.68522916E-030  2.02931841E-033
  2.468880E+01  9.64351444E-027  9.64114780E-027  2.36370923E-030  2.92807487E-033
  2.502270E+01  1.03972514E-026  1.03939486E-026  3.29856017E-030  4.19253598E-033
  2.536100E+01  1.11864785E-026  1.11818841E-026  4.58843238E-030  5.97257002E-033
  2.570400E+01  1.20115708E-026  1.20052141E-026  6.34825912E-030  8.45978057E-033
  2.605150E+01  1.28716118E-026  1.28628649E-026  8.73491331E-030  1.19118314E-032
  2.640380E+01  1.37667520E-026  1.37547785E-026  1.19567781E-029  1.66787238E-032
  2.676090E+01  1.46963047E-026  1.46799981E-026  1.62833870E-029  2.32226715E-032
  2.712270E+01  1.56591945E-026  1.56371006E-026  2.20617801E-029  3.21504977E-032
  2.748950E+01  1.66553515E-026  1.66255622E-026  2.97450219E-029  4.42711492E-032
  2.786120E+01  1.76834113E-026  1.76435686E-026  3.97819616E-029  6.07203956E-032
  2.823800E+01  1.87429438E-026  1.86899786E-026  5.28823792E-029  8.28685495E-032
  2.861980E+01  1.98326395E-026  1.97626250E-026  6.99020104E-029  1.12490586E-031
  2.900680E+01  2.09520362E-026  2.08599981E-026  9.18862267E-029  1.51912652E-031
  2.939910E+01  2.21004809E-026  2.19801665E-026  1.20110357E-028  2.04108496E-031
  2.979660E+01  2.32768381E-026  2.31204648E-026  1.56100432E-028  2.72826165E-031
  3.019950E+01  2.44800132E-026  2.42788714E-026  2.00778682E-028  3.63152231E-031
  3.060790E+01  2.57090058E-026  2.54530403E-026  2.55484136E-028  4.81399576E-031
  3.102180E+01  2.69638297E-026  2.66401397E-026  3.23054997E-028  6.35020468E-031
  3.144130E+01  2.82441791E-026  2.78374414E-026  4.05904021E-028  8.33621864E-031
  3.186640E+01  2.95497407E-026  2.90419525E-026  5.06699117E-028  1.08906474E-030
  3.229730E+01  3.08809094E-026  3.02510771E-026  6.28416209E-028  1.41613431E-030
  3.273410E+01  3.22379089E-026  3.14618178E-026  7.74258080E-028  1.83295483E-030
  3.317670E+01  3.36205876E-026  3.26706851E-026  9.47541077E-028  2.36140206E-030
  3.362530E+01  3.50274047E-026  3.38747963E-026  1.14957730E-027  3.03109899E-030
  3.408000E+01  3.64531410E-026  3.50711116E-026  1.37814608E-027  3.88328424E-030
  3.454090E+01  3.79036396E-026  3.62563765E-026  1.64230974E-027  4.95334208E-030
  3.500800E+01  3.93791181E-026  3.74272939E-026  1.94553353E-027  6.29071056E-030
  3.548130E+01  4.08796792E-026  3.85804656E-026  2.29125916E-027  7.95439675E-030
  3.596110E+01  4.24064239E-026  3.97132411E-026  2.68316679E-027  1.00160227E-029
  3.644740E+01  4.39595228E-026  4.08223443E-026  3.12461926E-027  1.25592847E-029
  3.694030E+01  4.55394032E-026  4.19047791E-026  3.61894063E-027  1.56834188E-029
  3.743980E+01  4.71460201E-026  4.29573472E-026  4.16916881E-027  1.95040669E-029
  3.794610E+01  4.87760189E-026  4.39774374E-026  4.77442153E-027  2.41599445E-029
  3.845920E+01  5.04335695E-026  4.49621243E-026  5.44163700E-027  2.98081962E-029
  3.897920E+01  5.21212987E-026  4.59087649E-026  6.17590223E-027  3.66315642E-029
  3.950630E+01  5.38406983E-026  4.68150612E-026  6.98079389E-027  4.48432155E-029
  4.004050E+01  5.55925330E-026  4.76785212E-026  7.85932773E-027  5.46840785E-029
  4.058200E+01  5.73781457E-026  4.84969490E-026  8.81476336E-027  6.64333896E-029
  4.113080E+01  5.91983482E-026  4.92683091E-026  9.84963565E-027  8.04034475E-029
  4.168690E+01  6.10629926E-026  4.99905050E-026  1.09754936E-026  9.69939610E-029
  4.225060E+01  6.29749597E-026  5.06620985E-026  1.21962484E-026  1.16612768E-028
  4.282200E+01  6.49321035E-026  5.12816358E-026  1.35107746E-026  1.39693154E-028
  4.340100E+01  6.69352381E-026  5.18474801E-026  1.49210265E-026  1.66731486E-028
  4.398790E+01  6.89870289E-026  5.23587214E-026  1.64300079E-026  1.98299561E-028
  4.458270E+01  7.10886040E-026  5.28143227E-026  1.80392706E-026  2.35010705E-028
  4.518560E+01  7.32495505E-026  5.32136488E-026  1.97582822E-026  2.77619535E-028
  4.579660E+01  7.55076359E-026  5.35560755E-026  2.16243469E-026  3.27213460E-028
  4.641590E+01  7.78311805E-026  5.38412207E-026  2.36056015E-026  3.84358340E-028
  4.704350E+01  8.02214341E-026  5.40688944E-026  2.57025872E-026  4.49952590E-028
  4.767970E+01  8.26811222E-026  5.42392684E-026  2.79168520E-026  5.25001822E-028
  4.832440E+01  8.52101727E-026  5.43524514E-026  3.02471916E-026  6.10529677E-028
  4.897790E+01  8.78105916E-026  5.44088829E-026  3.26940204E-026  7.07688314E-028
  4.964020E+01  9.04820570E-026  5.44090808E-026  3.52553292E-026  8.17646899E-028
  5.031140E+01  9.32582026E-026  5.43538910E-026  3.79620830E-026  9.42228520E-028
  5.099180E+01  9.61517616E-026  5.42440276E-026  4.08246026E-026  1.08313145E-027
  5.168130E+01  9.91276425E-026  5.40807299E-026  4.38057039E-026  1.24120867E-027
  5.238010E+01  1.02231644E-025  5.38651572E-026  4.69475119E-026  1.41897474E-027
  5.308840E+01  1.05421991E-025  5.35985474E-026  5.02061920E-026  1.61725141E-027
  5.380630E+01  1.08696839E-025  5.32824360E-026  5.35767550E-026  1.83764756E-027
  5.453390E+01  1.12109655E-025  5.29183544E-026  5.71082213E-026  2.08307934E-027
  5.527130E+01  1.15617378E-025  5.25080189E-026  6.07548731E-026  2.35448589E-027
  5.601870E+01  1.19208632E-025  5.20531503E-026  6.45020511E-026  2.65343068E-027
  5.677620E+01  1.22925643E-025  5.15556694E-026  6.83866337E-026  2.98333996E-027
  5.754400E+01  1.26762471E-025  5.10173788E-026  7.23988715E-026  3.34622070E-027
  5.832210E+01  1.30676715E-025  5.04404367E-026  7.64938080E-026  3.74247032E-027
  5.911080E+01  1.34672428E-025  4.98267423E-026  8.06713733E-026  4.17431211E-027
  5.991010E+01  1.38829440E-025  4.91785555E-026  8.50026832E-026  4.64820101E-027
  6.072020E+01  1.43054172E-025  4.84978870E-026  8.93947188E-026  5.16156580E-027
  6.154130E+01  1.47338986E-025  4.77868755E-026  9.38361835E-026  5.71592727E-027
  6.237350E+01  1.51717240E-025  4.70476993E-026  9.83547496E-026  6.31479094E-027
  6.321690E+01  1.56193217E-025  4.62826000E-026  1.02950162E-025  6.96045439E-027
  6.407180E+01  1.60750169E-025  4.54936107E-026  1.07600701E-025  7.65585696E-027
  6.493820E+01  1.65370414E-025  4.46830119E-026  1.12285579E-025  8.40182304E-027
  6.581630E+01  1.70065641E-025  4.38528894E-026  1.17013035E-025  9.19971736E-027
  6.670630E+01  1.74806942E-025  4.30053765E-026  1.21752087E-025  1.00494792E-026
  6.760830E+01  1.79603816E-025  4.21425540E-026  1.26507423E-025  1.09538394E-026
  6.852250E+01  1.84424211E-025  4.12664250E-026  1.31245963E-025  1.19118238E-026
  6.944910E+01  1.89282493E-025  4.03789690E-026  1.35973247E-025  1.29302768E-026
  7.038820E+01  1.94162005E-025  3.94821832E-026  1.40675186E-025  1.40046362E-026
  7.134000E+01  1.99067537E-025  3.85779072E-026  1.45352797E-025  1.51368336E-026
  7.230470E+01  2.03969977E-025  3.76680126E-026  1.49970860E-025  1.63311046E-026
  7.328250E+01  2.08851771E-025  3.67541982E-026  1.54515883E-025  1.75816895E-026
  7.427340E+01  2.13731795E-025  3.58383457E-026  1.59002068E-025  1.88913812E-026
  7.527780E+01  2.18544863E-025  3.49218570E-026  1.63370103E-025  2.02529025E-026
  7.629570E+01  2.23367063E-025  3.40064590E-026  1.67685018E-025  2.16755861E-026
  7.732740E+01  2.28080943E-025  3.30935823E-026  1.71842749E-025  2.31446116E-026
  7.837300E+01  2.32790512E-025  3.21846682E-026  1.75925836E-025  2.46800079E-026
  7.943280E+01  2.37390398E-025  3.12809806E-026  1.79846856E-025  2.62625612E-026
  8.050690E+01  2.41916797E-025  3.03838494E-026  1.83637837E-025  2.78951109E-026
  8.159560E+01  2.46368648E-025  2.94944031E-026  1.87297435E-025  2.95768105E-026
  8.269900E+01  2.50656734E-025  2.86137795E-026  1.90750797E-025  3.12921575E-026
  8.381720E+01  2.54932785E-025  2.77431244E-026  1.94119823E-025  3.30698375E-026
  8.495060E+01  2.59020236E-025  2.68832179E-026  1.97263484E-025  3.48735340E-026
  8.609940E+01  2.63008763E-025  2.60349836E-026  2.00258270E-025  3.67155093E-026
  8.726360E+01  2.66886156E-025  2.51993760E-026  2.03095452E-025  3.85913282E-026
  8.844370E+01  2.70544656E-025  2.43769171E-026  2.05689193E-025  4.04785464E-026
  8.963960E+01  2.74153446E-025  2.35684844E-026  2.08166627E-025  4.24183348E-026
  9.085180E+01  2.77547964E-025  2.27745440E-026  2.10407002E-025  4.43664179E-026
  9.208030E+01  2.80732905E-025  2.19957105E-026  2.12418924E-025  4.63182707E-026
  9.332540E+01  2.83823187E-025  2.12324437E-026  2.14293667E-025  4.82970763E-026
  9.458740E+01  2.86653298E-025  2.04850937E-026  2.15907333E-025  5.02608716E-026
  9.586650E+01  2.89304227E-025  1.97540230E-026  2.17321025E-025  5.22291793E-026
  9.716280E+01  2.91827919E-025  1.90396391E-026  2.18572655E-025  5.42156248E-026
  9.847670E+01  2.94072651E-025  1.83420736E-026  2.19560603E-025  5.61699745E-026
  9.980830E+01  2.96028610E-025  1.76615691E-026  2.20283708E-025  5.80833329E-026
  1.011580E+02  2.97948717E-025  1.69982254E-026  2.20934437E-025  6.00160539E-026
  1.025260E+02  2.99622508E-025  1.63521329E-026  2.21361736E-025  6.19086386E-026
  1.039120E+02  3.01214952E-025  1.57236032E-026  2.21701263E-025  6.37900849E-026
  1.053170E+02  3.02825961E-025  1.51122996E-026  2.22034723E-025  6.56789385E-026
  1.067420E+02  3.04178631E-025  1.45179055E-026  2.22154711E-025  6.75060141E-026
  1.081850E+02  3.05256855E-025  1.39412881E-026  2.22058105E-025  6.92574622E-026
  1.096480E+02  3.06071739E-025  1.33816350E-026  2.21760320E-025  7.09297838E-026
  1.111310E+02  3.06622049E-025  1.28389373E-026  2.21268642E-025  7.25144695E-026
  1.126330E+02  3.06902629E-025  1.23134918E-026  2.20588196E-025  7.40009409E-026
  1.141560E+02  3.07542074E-025  1.18044931E-026  2.20212355E-025  7.55252263E-026
  1.157000E+02  3.08000086E-025  1.13118554E-026  2.19728885E-025  7.69593453E-026
  1.172650E+02  3.08249641E-025  1.08354525E-026  2.19125527E-025  7.82886615E-026
  1.188500E+02  3.08494591E-025  1.03754054E-026  2.18554105E-025  7.95650810E-026
  1.204570E+02  3.08771041E-025  9.93093513E-027  2.18043177E-025  8.07969284E-026
  1.220860E+02  3.08872524E-025  9.50185047E-027  2.17455563E-025  8.19151104E-026
  1.237370E+02  3.08805693E-025  9.08794652E-027  2.16803951E-025  8.29137952E-026
  1.254100E+02  3.08873559E-025  8.68898937E-027  2.16260291E-025  8.39242790E-026
  1.271060E+02  3.08761149E-025  8.30448332E-027  2.15616651E-025  8.48400139E-026
  1.288250E+02  3.08393933E-025  7.93418552E-027  2.14826311E-025  8.56334371E-026
  1.305670E+02  3.07751080E-025  7.57781868E-027  2.13872944E-025  8.63003175E-026
  1.323330E+02  3.06811173E-025  7.23491501E-027  2.12737330E-025  8.68389275E-026
  1.341220E+02  3.05543158E-025  6.90537551E-027  2.11393313E-025  8.72444701E-026
  1.359360E+02  3.03611707E-025  6.58853270E-027  2.09374380E-025  8.76487941E-026
  1.377740E+02  3.00900661E-025  6.28427710E-027  2.06566503E-025  8.80498807E-026
  1.396370E+02  2.97670471E-025  5.99214534E-027  2.03352217E-025  8.83261084E-026
  1.415250E+02  2.93930485E-025  5.71183421E-027  1.99742790E-025  8.84758608E-026
  1.434390E+02  2.89700978E-025  5.44289295E-027  1.95758677E-025  8.84994080E-026
  1.453780E+02  2.85005439E-025  5.18516110E-027  1.91425406E-025  8.83948719E-026
  1.473440E+02  2.79879942E-025  4.93806663E-027  1.86777315E-025  8.81645603E-026
  1.493370E+02  2.74362537E-025  4.70132574E-027  1.81852534E-025  8.78086771E-026
  1.513560E+02  2.68593947E-025  4.47475029E-027  1.76570670E-025  8.75485266E-026
  1.534030E+02  2.62727704E-025  4.25781470E-027  1.71188242E-025  8.72816475E-026
  1.554770E+02  2.56770608E-025  4.05033729E-027  1.65818196E-025  8.69020745E-026
  1.575800E+02  2.50745827E-025  3.85183271E-027  1.60481067E-025  8.64129265E-026
  1.597100E+02  2.44670059E-025  3.66219050E-027  1.55193727E-025  8.58141414E-026
  1.618700E+02  2.38562311E-025  3.48087126E-027  1.49971341E-025  8.51100979E-026
  1.640590E+02  2.32435811E-025  3.30768566E-027  1.44825945E-025  8.43021806E-026
  1.662770E+02  2.26303098E-025  3.14235572E-027  1.39767653E-025  8.33930893E-026
  1.685260E+02  2.20176440E-025  2.98447340E-027  1.34804972E-025  8.23869946E-026
  1.708050E+02  2.14064522E-025  2.83384816E-027  1.29944359E-025  8.12863147E-026
  1.731140E+02  2.07975881E-025  2.69022136E-027  1.25190966E-025  8.00946942E-026
  1.754550E+02  2.02053643E-025  2.55321938E-027  1.20619764E-025  7.88806596E-026
  1.778280E+02  1.96710157E-025  2.42260771E-027  1.16438351E-025  7.78491991E-026
  1.802330E+02  1.91386250E-025  2.29815274E-027  1.12345937E-025  7.67421605E-026
  1.826700E+02  1.86086189E-025  2.17961974E-027  1.08343504E-025  7.55630653E-026
  1.851400E+02  1.80814331E-025  2.06673810E-027  1.04431821E-025  7.43157711E-026
  1.876430E+02  1.75575031E-025  1.95928889E-027  1.00611723E-025  7.30040186E-026
  1.901810E+02  1.70372618E-025  1.85697986E-027  9.68834531E-026  7.16321851E-026
  1.927530E+02  1.65210980E-025  1.75965259E-027  9.32475403E-026  7.02037870E-026
  1.953590E+02  1.60094412E-025  1.66710571E-027  8.97043949E-026  6.87229113E-026
  1.980010E+02  1.55026853E-025  1.57907746E-027  8.62538070E-026  6.71939687E-026
  2.006780E+02  1.50124293E-025  1.49541736E-027  8.29499612E-026  6.56789147E-026
  2.033920E+02  1.45601791E-025  1.41588640E-027  7.98877463E-026  6.42981585E-026
  2.061420E+02  1.41117801E-025  1.34034327E-027  7.68972765E-026  6.28801809E-026
  2.089300E+02  1.36676537E-025  1.26856586E-027  7.39792445E-026  6.14287264E-026
  2.117550E+02  1.32282432E-025  1.20042305E-027  7.11347176E-026  5.99472912E-026
  2.146180E+02  1.27939294E-025  1.13573506E-027  6.83640143E-026  5.84395449E-026
  2.175200E+02  1.23650707E-025  1.07433077E-027  6.56673517E-026  5.69090242E-026
  2.204620E+02  1.19420098E-025  1.01605022E-027  6.30448385E-026  5.53592097E-026
  2.234430E+02  1.15251102E-025  9.60775623E-028  6.04967929E-026  5.37935330E-026
  2.264640E+02  1.11216596E-025  9.08355227E-028  5.80229550E-026  5.22852858E-026
  2.295270E+02  1.07323770E-025  8.58631550E-028  5.56227286E-026  5.08424096E-026
  2.326310E+02  1.03498281E-025  8.11499584E-028  5.32959735E-026  4.93908081E-026
  2.357760E+02  9.97424302E-026  7.66841860E-028  5.10423032E-026  4.79332852E-026
  2.389640E+02  9.60577328E-026  7.24517891E-028  4.88606623E-026  4.64725526E-026
  2.421960E+02  9.24478717E-026  6.84410368E-028  4.67502186E-026  4.50132427E-026
  2.454710E+02  8.89141261E-026  6.46429804E-028  4.47103604E-026  4.35573358E-026
  2.487900E+02  8.54515919E-026  6.10465269E-028  4.27401048E-026  4.21010218E-026
  2.521540E+02  8.20757183E-026  5.76413256E-028  4.08934063E-026  4.06058987E-026
  2.555640E+02  7.87871295E-026  5.44175353E-028  3.91387905E-026  3.91041637E-026
  2.590200E+02  7.55711260E-026  5.13665440E-028  3.74421259E-026  3.76153347E-026
  2.625230E+02  7.24835819E-026  4.84794278E-028  3.58026031E-026  3.61961846E-026
  2.660730E+02  6.94894425E-026  4.57483742E-028  3.42194923E-026  3.48124664E-026
  2.696700E+02  6.65685974E-026  4.31658525E-028  3.26920437E-026  3.34448952E-026
  2.733170E+02  6.37210233E-026  4.07226130E-028  3.12188956E-026  3.20949015E-026
  2.770130E+02  6.10136834E-026  3.84127150E-028  2.97992877E-026  3.08302685E-026
  2.807590E+02  5.84313375E-026  3.62289913E-028  2.84321394E-026  2.96369082E-026
  2.845550E+02  5.59194246E-026  3.41652868E-028  2.71164076E-026  2.84613641E-026
  2.884030E+02  5.34775923E-026  3.22146567E-028  2.58507874E-026  2.73046584E-026
  2.923030E+02  5.11057760E-026  3.03715900E-028  2.46341878E-026  2.61678723E-026
  2.962560E+02  4.88036641E-026  2.86302690E-028  2.34653690E-026  2.50519924E-026
  3.002620E+02  4.65825981E-026  2.69856854E-028  2.23455645E-026  2.39671767E-026
  3.043220E+02  4.45837965E-026  2.54325800E-028  2.13014297E-026  2.30280410E-026
  3.084370E+02  4.26447236E-026  2.39659895E-028  2.02980548E-026  2.21070089E-026
  3.126080E+02  4.07647719E-026  2.25811837E-028  1.93343355E-026  2.12046246E-026
  3.168350E+02  3.89435531E-026  2.12741268E-028  1.84093352E-026  2.03214767E-026
  3.211200E+02  3.71801957E-026  2.00402048E-028  1.75218415E-026  1.94579521E-026
  3.254620E+02  3.54742636E-026  1.88759880E-028  1.66709796E-026  1.86145242E-026
  3.298630E+02  3.38248253E-026  1.77774153E-028  1.58555659E-026  1.77914852E-026
  3.343230E+02  3.22311193E-026  1.67410963E-028  1.50745804E-026  1.69891279E-026
  3.388440E+02  3.06921140E-026  1.57633677E-028  1.43268822E-026  1.62075981E-026
  3.434260E+02  2.92069602E-026  1.48412331E-028  1.36114544E-026  1.54470935E-026
  3.480700E+02  2.77746807E-026  1.39715929E-028  1.29272424E-026  1.47077224E-026
  3.527770E+02  2.64712030E-026  1.31515560E-028  1.22731861E-026  1.40665013E-026
  3.575470E+02  2.52404907E-026  1.23785318E-028  1.16586219E-026  1.34580835E-026
  3.623820E+02  2.40584189E-026  1.16497272E-028  1.10754152E-026  1.28665064E-026
  3.672820E+02  2.29192765E-026  1.09628374E-028  1.05178618E-026  1.22917863E-026
  3.722490E+02  2.18220501E-026  1.03153783E-028  9.98503627E-027  1.17338600E-026
  3.772830E+02  2.07658433E-026  9.70526807E-029  9.47610480E-027  1.11926859E-026
  3.823840E+02  1.97497699E-026  9.13053439E-029  8.99026364E-027  1.06682009E-026
  3.875550E+02  1.87726608E-026  8.58895055E-029  8.52657580E-027  1.01601955E-026
  3.927960E+02  1.78336043E-026  8.07877138E-029  8.08426003E-027  9.66855653E-027
  3.981070E+02  1.69316772E-026  7.59831250E-029  7.66254417E-027  9.19314987E-027
  4.034910E+02  1.61068521E-026  7.14571125E-029  7.26057330E-027  8.77482172E-027
  4.089470E+02  1.53195495E-026  6.71957048E-029  6.87763687E-027  8.37471695E-027
  4.144770E+02  1.45656682E-026  6.31829631E-029  6.51474080E-027  7.98774443E-027
  4.200810E+02  1.38485269E-026  5.94054988E-029  6.17536364E-027  7.61375777E-027
  4.257620E+02  1.31602442E-026  5.58486304E-029  5.85190914E-027  7.25248644E-027
  4.315190E+02  1.25000978E-026  5.25010574E-029  5.54380499E-027  6.90379179E-027
  4.373540E+02  1.18671822E-026  4.93501830E-029  5.25041883E-027  6.56741322E-027
  4.432680E+02  1.12606679E-026  4.63848090E-029  4.97114657E-027  6.24313648E-027
  4.492620E+02  1.06824887E-026  4.35942943E-029  4.70541284E-027  5.93348160E-027
  4.553370E+02  1.01495898E-026  4.09686176E-029  4.45265718E-027  5.65596404E-027
  4.614950E+02  9.63922581E-027  3.84979472E-029  4.21231269E-027  5.38841517E-027
  4.677350E+02  9.15074146E-027  3.61740981E-029  3.98389505E-027  5.13067231E-027
  4.740600E+02  8.68331640E-027  3.39879180E-029  3.76685057E-027  4.88247791E-027
  4.804700E+02  8.23626772E-027  3.19317741E-029  3.56070724E-027  4.64362870E-027
  4.869680E+02  7.80881817E-027  2.99975996E-029  3.36495254E-027  4.41386803E-027
  4.935520E+02  7.40037599E-027  2.81791369E-029  3.17917338E-027  4.19302348E-027
  5.002260E+02  7.01095867E-027  2.64689307E-029  3.00311477E-027  3.98137497E-027
  5.069910E+02  6.65586608E-027  2.48606875E-029  2.84095822E-027  3.79004717E-027
  5.138460E+02  6.31640681E-027  2.33489770E-029  2.68690330E-027  3.60615453E-027
  5.207950E+02  5.99194864E-027  2.19275255E-029  2.54056023E-027  3.42946088E-027
  5.278370E+02  5.68199522E-027  2.05915025E-029  2.40161149E-027  3.25979223E-027
  5.349750E+02  5.38596980E-027  1.93355445E-029  2.26970417E-027  3.09693009E-027
  5.422090E+02  5.10337985E-027  1.81551787E-029  2.14453514E-027  2.94068953E-027
  5.495410E+02  4.83515198E-027  1.70458094E-029  2.02578832E-027  2.79231785E-027
  5.569720E+02  4.58511299E-027  1.60033106E-029  1.91316979E-027  2.65593988E-027
  5.645040E+02  4.34651776E-027  1.50236302E-029  1.80639023E-027  2.52510390E-027
  5.721370E+02  4.11894655E-027  1.41032145E-029  1.70518844E-027  2.39965490E-027
  5.798740E+02  3.90193106E-027  1.32383580E-029  1.60928599E-027  2.27940671E-027
  5.877150E+02  3.69507188E-027  1.24259077E-029  1.51844191E-027  2.16420407E-027
  5.956620E+02  3.49795084E-027  1.16626808E-029  1.43240996E-027  2.05387820E-027
  6.037170E+02  3.31238734E-027  1.09457011E-029  1.35095354E-027  1.95048809E-027
  6.118810E+02  3.13656330E-027  1.02722424E-029  1.27385355E-027  1.85243750E-027
  6.201550E+02  2.96916500E-027  9.63975193E-030  1.20090023E-027  1.75862501E-027
  6.285410E+02  2.81117850E-027  9.04572574E-030  1.13188346E-027  1.67024931E-027
  6.370400E+02  2.66078438E-027  8.48790118E-030  1.06661223E-027  1.58568425E-027
  6.456540E+02  2.51876507E-027  7.96407902E-030  1.00489664E-027  1.50590436E-027
  6.543850E+02  2.38371850E-027  7.47218286E-030  9.46556906E-028  1.42968941E-027
  6.632340E+02  2.25577828E-027  7.01033288E-030  8.91424062E-028  1.35734388E-027
  6.722020E+02  2.13440688E-027  6.57674719E-030  8.39336510E-028  1.28849362E-027
  6.812920E+02  2.01932384E-027  6.16965794E-030  7.90133955E-028  1.22302023E-027
  6.905050E+02  1.91045791E-027  5.78749553E-030  7.43669810E-028  1.16100060E-027
  6.998420E+02  1.80696933E-027  5.42877301E-030  6.99804784E-028  1.10173577E-027
  7.093060E+02  1.71116629E-027  5.09203909E-030  6.59805697E-028  1.04626855E-027
  7.188970E+02  1.62008439E-027  4.77600355E-030  6.22010029E-028  9.93298361E-028
  7.286180E+02  1.53344453E-027  4.47938423E-030  5.86266882E-028  9.42698261E-028
  7.384710E+02  1.45104866E-027  4.20099127E-030  5.52472449E-028  8.94375217E-028
  7.484570E+02  1.37271338E-027  3.93973779E-030  5.20529036E-028  8.48244602E-028
  7.585780E+02  1.29901080E-027  3.69457748E-030  4.90341440E-028  8.04974780E-028
  7.688350E+02  1.22909712E-027  3.46455008E-030  4.61821264E-028  7.63811305E-028
  7.792320E+02  1.16264988E-027  3.24868558E-030  4.34878379E-028  7.24522812E-028
  7.897690E+02  1.09952182E-027  3.04616089E-030  4.09434987E-028  6.87040674E-028
  8.004480E+02  1.03976825E-027  2.85615891E-030  3.85411407E-028  6.51500681E-028
  8.112720E+02  9.83508582E-028  2.67789390E-030  3.62732408E-028  6.18098280E-028
  8.222430E+02  9.30075370E-028  2.51064989E-030  3.41327163E-028  5.86237557E-028
  8.333610E+02  8.79342806E-028  2.35378062E-030  3.21130613E-028  5.55858412E-028
  8.446300E+02  8.31180281E-028  2.20662330E-030  3.02076475E-028  5.26897183E-028
  8.560520E+02  7.85466888E-028  2.06858452E-030  2.84103541E-028  4.99294763E-028
  8.676280E+02  7.42090665E-028  1.93911530E-030  2.67154985E-028  4.72996565E-028
  8.793600E+02  7.00941126E-028  1.81768845E-030  2.51175805E-028  4.47947633E-028
  8.912510E+02  6.61910405E-028  1.70380503E-030  2.36112838E-028  4.24093762E-028
  9.033030E+02  6.25058955E-028  1.59699989E-030  2.21916359E-028  4.01545596E-028
  9.155180E+02  5.90487629E-028  1.49683784E-030  2.08539398E-028  3.80451393E-028
  9.278980E+02  5.57705271E-028  1.40291403E-030  1.95936977E-028  3.60365380E-028
  9.404450E+02  5.26626714E-028  1.31483958E-030  1.84066941E-028  3.41244933E-028
  9.531620E+02  4.97167700E-028  1.23225641E-030  1.72888239E-028  3.23047205E-028
  9.660510E+02  4.69249677E-028  1.15482119E-030  1.62362745E-028  3.05732111E-028
  9.791140E+02  4.42798000E-028  1.08221949E-030  1.52454491E-028  2.89261289E-028
  9.923540E+02  4.17739847E-028  1.01414855E-030  1.43128520E-028  2.73597179E-028
  1.005770E+03  3.94324734E-028  9.50344294E-031  1.34449809E-028  2.58924581E-028
  1.019370E+03  3.72521759E-028  8.90517330E-031  1.26393251E-028  2.45237991E-028
  1.033160E+03  3.51847333E-028  8.34406712E-031  1.18799437E-028  2.32213489E-028
  1.047130E+03  3.32257279E-028  7.81832725E-031  1.11646739E-028  2.19828707E-028
  1.061290E+03  3.13691804E-028  7.32546810E-031  1.04908586E-028  2.08050672E-028
  1.075640E+03  2.96102666E-028  6.86352419E-031  9.85627487E-029  1.96853565E-028
  1.090180E+03  2.79443020E-028  6.43064611E-031  9.25879118E-029  1.86212043E-028
  1.104930E+03  2.63655758E-028  6.02454850E-031  8.69596104E-029  1.76093693E-028
  1.119870E+03  2.48711741E-028  5.64417404E-031  8.16634179E-029  1.66483906E-028
  1.135010E+03  2.34564082E-028  5.28772238E-031  7.66789515E-029  1.57356358E-028
  1.150360E+03  2.21169131E-028  4.95353681E-031  7.19874877E-029  1.48686290E-028
  1.165910E+03  2.08495253E-028  4.64050020E-031  6.75745590E-029  1.40456643E-028
  1.181680E+03  1.96498215E-028  4.34695790E-031  6.34217494E-029  1.32641770E-028
  1.197660E+03  1.85149370E-028  4.07193546E-031  5.95161609E-029  1.25226015E-028
  1.213850E+03  1.74579368E-028  3.81430962E-031  5.58743409E-029  1.18323596E-028
  1.230270E+03  1.64603031E-028  3.57273811E-031  5.24521422E-029  1.11793615E-028
  1.246900E+03  1.55250903E-028  3.34654493E-031  4.92481848E-029  1.05668064E-028
  1.263770E+03  1.46504008E-028  3.13441378E-031  4.62502270E-029  9.99403393E-029
  1.280860E+03  1.38226548E-028  2.93574870E-031  4.34295936E-029  9.45033793E-029
  1.298180E+03  1.30392324E-028  2.74962557E-031  4.07755391E-029  8.93418219E-029
  1.315730E+03  1.22979639E-028  2.57528195E-031  3.82788430E-029  8.44432677E-029
  1.333520E+03  1.15965243E-028  2.41191529E-031  3.59299781E-029  7.97940730E-029
  1.351550E+03  1.09329498E-028  2.25886635E-031  3.37208120E-029  7.53827997E-029
  1.369830E+03  1.03051671E-028  2.11543590E-031  3.16428672E-029  7.11972603E-029
  1.388350E+03  9.71160242E-029  1.98111927E-031  2.96894998E-029  6.72284125E-029
  1.407130E+03  9.15016829E-029  1.85523004E-031  2.78525310E-029  6.34636288E-029
  1.426150E+03  8.61962079E-029  1.73738745E-031  2.61265361E-029  5.98959330E-029
  1.445440E+03  8.11791243E-029  1.62692500E-031  2.45037307E-029  5.65127011E-029
  1.464990E+03  7.64376079E-029  1.52346028E-031  2.29788118E-029  5.33064500E-029
  1.484800E+03  7.19577709E-029  1.42656589E-031  2.15462054E-029  5.02689089E-029
  1.504870E+03  6.77691074E-029  1.33584254E-031  2.02077300E-029  4.74277931E-029
  1.525220E+03  6.39358142E-029  1.25083005E-031  1.89701462E-029  4.48405850E-029
  1.545850E+03  6.03089451E-029  1.17118567E-031  1.78059599E-029  4.23858667E-029
  1.566750E+03  5.68793294E-029  1.09662445E-031  1.67114115E-029  4.00582555E-029
  1.587940E+03  5.36350274E-029  1.02676659E-031  1.56819910E-029  3.78503598E-029
  1.609410E+03  5.05677472E-029  9.61359703E-032  1.47143341E-029  3.57572771E-029
  1.631170E+03  4.76676497E-029  9.00103837E-032  1.38046851E-029  3.37729542E-029
  1.653230E+03  4.49256117E-029  8.42722105E-032  1.29495708E-029  3.18917687E-029
  1.675590E+03  4.23336414E-029  7.88979743E-032  1.21459092E-029  3.01088343E-029
  1.698240E+03  3.98848215E-029  7.38678756E-032  1.13909787E-029  2.84199750E-029
  1.721210E+03  3.75699347E-029  6.91545865E-032  1.06814368E-029  2.68193433E-029
  1.744480E+03  3.53833675E-029  6.47428173E-032  1.00150637E-029  2.53035611E-029
  1.768070E+03  3.33174604E-029  6.06106202E-032  9.38906133E-030  2.38677884E-029
  1.791980E+03  3.13660552E-029  5.67410225E-032  8.80112820E-030  2.25081860E-029
  1.816210E+03  2.95232546E-029  5.31181412E-032  8.24908269E-030  2.12210537E-029
  1.840770E+03  2.77830382E-029  4.97254269E-032  7.73072308E-030  2.00025897E-029
  1.865660E+03  2.61401219E-029  4.65489361E-032  7.24411453E-030  1.88494584E-029
  1.890890E+03  2.45890615E-029  4.35743040E-032  6.78731028E-030  1.77581769E-029
  1.916460E+03  2.31251339E-029  4.07892412E-032  6.35858607E-030  1.67257586E-029
  1.942380E+03  2.17434676E-029  3.81812191E-032  5.95622108E-030  1.57490653E-029
  1.968640E+03  2.04400816E-029  3.57403433E-032  5.57876318E-030  1.48255781E-029
  1.995260E+03  1.92102826E-029  3.34546147E-032  5.22459392E-030  1.39522341E-029
  2.022240E+03  1.81120438E-029  3.13145999E-032  4.91639069E-030  1.31643386E-029
  2.049590E+03  1.70863522E-029  2.93106963E-032  4.63084912E-030  1.24261924E-029
  2.077300E+03  1.61163320E-029  2.74352828E-032  4.36154194E-030  1.17273548E-029
  2.105390E+03  1.51987563E-029  2.56791839E-032  4.10748449E-030  1.10655927E-029
  2.133860E+03  1.43310114E-029  2.40351604E-032  3.86786563E-030  1.04391106E-029
  2.162720E+03  1.35104156E-029  2.24958026E-032  3.64186194E-030  9.84605785E-030
  2.191960E+03  1.27347551E-029  2.10552699E-032  3.42878838E-030  9.28491143E-030
  2.221600E+03  1.20014282E-029  1.97065094E-032  3.22785783E-030  8.75386381E-030
  2.251650E+03  1.13081589E-029  1.84435245E-032  3.03838304E-030  8.25133232E-030
  2.282090E+03  1.06531916E-029  1.72618898E-032  2.85982084E-030  7.77610890E-030
  2.312950E+03  1.00341678E-029  1.61554557E-032  2.69147076E-030  7.32654158E-030
  2.344230E+03  9.44927310E-030  1.51196764E-032  2.53277988E-030  6.90137355E-030
  2.375930E+03  8.89676455E-030  1.41502087E-032  2.38323178E-030  6.49938257E-030
  2.408060E+03  8.37487104E-030  1.32427053E-032  2.24229639E-030  6.11933194E-030
  2.440620E+03  7.88202611E-030  1.23933735E-032  2.10950553E-030  5.76012721E-030
  2.473620E+03  7.41663342E-030  1.15983820E-032  1.98439099E-030  5.42064406E-030
  2.507070E+03  6.98836827E-030  1.08541752E-032  1.86651176E-030  5.11100234E-030
  2.540970E+03  6.58612700E-030  1.01576552E-032  1.75547092E-030  4.82049842E-030
  2.575330E+03  6.20603480E-030  9.50569466E-033  1.65087520E-030  4.54565391E-030
  2.610160E+03  5.84689310E-030  8.89537870E-033  1.55235381E-030  4.28564391E-030
  2.645450E+03  5.50768933E-030  8.32434194E-033  1.45958997E-030  4.03977501E-030
  2.681230E+03  5.18721871E-030  7.78968765E-033  1.37221863E-030  3.80721039E-030
  2.717480E+03  4.88462379E-030  7.28947795E-033  1.28997123E-030  3.58736309E-030
  2.754230E+03  4.59882582E-030  6.82120085E-033  1.21252410E-030  3.37948053E-030
  2.791470E+03  4.32900391E-030  6.38301703E-033  1.13962533E-030  3.18299556E-030
  2.829220E+03  4.07424266E-030  5.97284847E-033  1.07099963E-030  2.99727018E-030
  2.867480E+03  3.83375855E-030  5.58898812E-033  1.00640945E-030  2.82176012E-030
  2.906250E+03  3.60680438E-030  5.22980794E-033  9.45628704E-031  2.65594586E-030
  2.945550E+03  3.39260302E-030  4.89362400E-033  8.88428475E-031  2.49928093E-030
  2.985380E+03  3.19048844E-030  4.57900689E-033  8.34608637E-031  2.35130080E-030
  3.025750E+03  3.00419912E-030  4.28457013E-033  7.83971325E-031  2.21594323E-030
  3.066670E+03  2.83068156E-030  4.00899897E-033  7.36331720E-031  2.09034084E-030
  3.108140E+03  2.66681645E-030  3.75113936E-033  6.91521646E-031  1.97154366E-030
  3.150170E+03  2.51207779E-030  3.50983969E-033  6.49376526E-031  1.85919142E-030
  3.192760E+03  2.36598670E-030  3.28407080E-033  6.09744933E-031  1.75295770E-030
  3.235940E+03  2.22802902E-030  3.07273336E-033  5.72468591E-031  1.65248770E-030
  3.279690E+03  2.09782121E-030  2.87502973E-033  5.37425313E-031  1.55752087E-030
  3.324040E+03  1.97490106E-030  2.68998888E-033  5.04474408E-031  1.46773666E-030
  3.368990E+03  1.85888621E-030  2.51683713E-033  4.73497302E-031  1.38287207E-030
  3.414550E+03  1.74940066E-030  2.35480167E-033  4.44378269E-031  1.30266759E-030
  3.460720E+03  1.64609868E-030  2.20319815E-033  4.17011031E-031  1.22688446E-030
  3.507520E+03  1.54862728E-030  2.06132499E-033  3.91289328E-031  1.15527663E-030
  3.554950E+03  1.45667717E-030  1.92857637E-033  3.67118649E-031  1.08762995E-030
  3.603020E+03  1.36994627E-030  1.80436582E-033  3.44408055E-031  1.02373385E-030
  3.651740E+03  1.28814625E-030  1.68814344E-033  3.23070740E-031  9.63387371E-031
  3.701120E+03  1.21100401E-030  1.57939157E-033  3.03025244E-031  9.06399376E-031
  3.751170E+03  1.13826290E-030  1.47762922E-033  2.84195234E-031  8.52590034E-031
  3.801890E+03  1.06968801E-030  1.38242636E-033  2.66510664E-031  8.01794915E-031
  3.853300E+03  1.00504018E-030  1.29334055E-033  2.49901206E-031  7.53845638E-031
  3.905410E+03  9.44102211E-031  1.20997862E-033  2.34303145E-031  7.08589088E-031
  3.958220E+03  8.86675417E-031  1.13198813E-033  2.19657927E-031  6.65885502E-031
  4.011750E+03  8.33051417E-031  1.05900995E-033  2.05907116E-031  6.26085290E-031
  4.065990E+03  7.84116617E-031  9.90745497E-034  1.93000084E-031  5.90125787E-031
  4.120980E+03  7.37943655E-031  9.26857788E-034  1.80882399E-031  5.56134398E-031
  4.176700E+03  6.94396086E-031  8.67097005E-034  1.69510491E-031  5.24018499E-031
  4.233180E+03  6.53319134E-031  8.11177680E-034  1.58837404E-031  4.93670553E-031
  4.290420E+03  6.14581166E-031  7.58863409E-034  1.48822195E-031  4.65000108E-031
  4.348440E+03  5.78048897E-031  7.09912335E-034  1.39424310E-031  4.37914675E-031
  4.407240E+03  5.43604202E-031  6.64119155E-034  1.30607574E-031  4.12332509E-031
  4.466840E+03  5.11128109E-031  6.21271770E-034  1.22336081E-031  3.88170757E-031
  4.527240E+03  4.80514790E-031  5.81189273E-034  1.14577706E-031  3.65355895E-031
  4.588460E+03  4.51657849E-031  5.43687328E-034  1.07300797E-031  3.43813365E-031
  4.650500E+03  4.24462527E-031  5.08606461E-034  1.00476776E-031  3.23477145E-031
  4.713390E+03  3.98830996E-031  4.75780613E-034  9.40769639E-032  3.04278251E-031
  4.777130E+03  3.74679359E-031  4.45070712E-034  8.80763330E-032  2.86157955E-031
  4.841720E+03  3.51926923E-031  4.16345782E-034  8.24510272E-032  2.69059550E-031
  4.907200E+03  3.30489542E-031  3.89466062E-034  7.71768753E-032  2.52923201E-031
  4.973550E+03  3.10299579E-031  3.64325211E-034  7.22337621E-032  2.37701492E-031
  5.040810E+03  2.91684433E-031  3.40800943E-034  6.76002687E-032  2.23743364E-031
  5.108970E+03  2.74384273E-031  3.18796731E-034  6.32583004E-032  2.10807176E-031
  5.178060E+03  2.58073473E-031  2.98209470E-034  5.91892711E-032  1.98585992E-031
  5.248070E+03  2.42700071E-031  2.78953694E-034  5.53771226E-032  1.87043995E-031
  5.319040E+03  2.28207875E-031  2.60936647E-034  5.18051982E-032  1.76141740E-031
  5.390970E+03  2.14549326E-031  2.44082018E-034  4.84590374E-032  1.65846206E-031
  5.463870E+03  2.01678061E-031  2.28315432E-034  4.53247868E-032  1.56124959E-031
  5.537750E+03  1.89550392E-031  2.13567188E-034  4.23893790E-032  1.46947446E-031
  5.612630E+03  1.78123516E-031  1.99770585E-034  3.96403310E-032  1.38283415E-031
  5.688530E+03  1.67357594E-031  1.86863104E-034  3.70659411E-032  1.30104790E-031
  5.765450E+03  1.57216652E-031  1.74789546E-034  3.46555906E-032  1.22386272E-031
  5.843410E+03  1.47664840E-031  1.63495350E-034  3.23989393E-032  1.15102405E-031
  5.922430E+03  1.38668599E-031  1.52929509E-034  3.02863615E-032  1.08229308E-031
  6.002520E+03  1.30196714E-031  1.43045559E-034  2.83088596E-032  1.01744809E-031
  6.083680E+03  1.22220430E-031  1.33801272E-034  2.64581804E-032  9.56284478E-032
  6.165950E+03  1.14710145E-031  1.25152536E-034  2.47260809E-032  8.98589118E-032
  6.249330E+03  1.07756208E-031  1.17062554E-034  2.31052650E-032  8.45338809E-032
  6.333830E+03  1.01281325E-031  1.09495646E-034  2.15887903E-032  7.95830386E-032
  6.419480E+03  9.51812226E-032  1.02416789E-034  2.01699289E-032  7.49088769E-032
  6.506290E+03  8.94349777E-032  9.57950776E-035  1.88425991E-032  7.04965835E-032
  6.594270E+03  8.40227863E-032  8.96013118E-035  1.76010353E-032  6.63321497E-032
  6.683440E+03  7.89257011E-032  8.38077056E-035  1.64398075E-032  6.24020860E-032
  6.773820E+03  7.41255233E-032  7.83880938E-035  1.53537874E-032  5.86933477E-032
  6.865410E+03  6.96060102E-032  7.33192982E-035  1.43382794E-032  5.51944115E-032
  6.958250E+03  6.53504960E-032  6.85774456E-035  1.33886976E-032  5.18932210E-032
  7.052340E+03  6.14067757E-032  6.41422208E-035  1.25009124E-032  4.88417210E-032
  7.147710E+03  5.77418420E-032  5.99932903E-035  1.16709278E-032  4.60109209E-032
  7.244360E+03  5.42890210E-032  5.61129022E-035  1.08951344E-032  4.33377737E-032
  7.342320E+03  5.10360817E-032  5.24831564E-035  1.01700058E-032  4.08135928E-032
  7.441610E+03  4.79716506E-032  4.90878461E-035  9.49228798E-033  3.84302748E-032
  7.542230E+03  4.50853701E-032  4.59124083E-035  8.85901734E-033  3.61804404E-032
  7.644220E+03  4.23666966E-032  4.29419694E-035  8.26724383E-033  3.40565109E-032
  7.747590E+03  3.98062957E-032  4.01635399E-035  7.71433867E-033  3.20517935E-032
  7.852360E+03  3.73951298E-032  3.75647064E-035  7.19778949E-033  3.01597756E-032
  7.958540E+03  3.51248042E-032  3.51340075E-035  6.71527704E-033  2.83743931E-032
  8.066160E+03  3.29871784E-032  3.28604320E-035  6.26456987E-033  2.66897481E-032
  8.175230E+03  3.09747587E-032  3.07339599E-035  5.84363621E-033  2.51003885E-032
  8.285780E+03  2.90802911E-032  2.87449366E-035  5.45052127E-033  2.36010249E-032
  8.397820E+03  2.72971280E-032  2.68845843E-035  5.08343976E-033  2.21868037E-032
  8.511380E+03  2.56188167E-032  2.51444906E-035  4.74068282E-033  2.08529894E-032
  8.626470E+03  2.40394244E-032  2.35170329E-035  4.42068115E-033  1.95952262E-032
  8.743120E+03  2.25532006E-032  2.19947749E-035  4.12194182E-033  1.84092640E-032
  8.861350E+03  2.11548080E-032  2.05709712E-035  3.84307620E-033  1.72911609E-032
  8.981180E+03  1.98391933E-032  1.92392549E-035  3.58278750E-033  1.62371665E-032
  9.102630E+03  1.86293323E-032  1.79937114E-035  3.33986228E-033  1.52714763E-032
  9.225710E+03  1.74946580E-032  1.68288513E-035  3.11317644E-033  1.43646527E-032
  9.350470E+03  1.64264743E-032  1.57392189E-035  2.90163167E-033  1.35091034E-032
  9.476910E+03  1.54210860E-032  1.47201522E-035  2.70425858E-033  1.27021073E-032
  9.605060E+03  1.44748491E-032  1.37670310E-035  2.52011689E-033  1.19409652E-032
  9.734940E+03  1.35843888E-032  1.28755992E-035  2.34833471E-033  1.12231785E-032
  9.866580E+03  1.27464684E-032  1.20418326E-035  2.18809431E-033  1.05463322E-032
  1.000000E+04  1.19578406E-032  1.12620282E-035  2.03863359E-033  9.90794499E-033
