# DL07 model SED (this work), mw31_60, Mathis ISRF U =  1.00
# silicate (D03) + carbonaceous (DL07 PAH Nc=470 + D03 graphite blend)
# PAH ionization computed via WD01b grain charging (pah_ionfrac)
# columns: lambda[um]  lamI_total/NH  lamI_sil/NH  lamI_carb/NH
#          [erg s^-1 cm^-2 sr^-1 H^-1]
  9.120000E-02  1.66744874E-040  1.66744865E-040  9.72234636E-048
  9.226000E-02  2.46120899E-040  2.46120881E-040  1.81885362E-047
  9.332000E-02  3.59606833E-040  3.59606799E-040  3.38409074E-047
  9.441000E-02  5.24323991E-040  5.24323927E-040  6.36028708E-047
  9.550000E-02  7.57130927E-040  7.57130809E-040  1.18485524E-046
  9.661000E-02  1.08895887E-039  1.08895865E-039  2.20991723E-046
  9.772000E-02  1.55186003E-039  1.55185962E-039  4.07758313E-046
  9.886000E-02  2.21056952E-039  2.21056876E-039  7.56053852E-046
  1.000000E-01  3.12068912E-039  3.12068774E-039  1.38502602E-045
  1.012000E-01  4.42422758E-039  4.42422503E-039  2.55177188E-045
  1.023000E-01  6.04299643E-039  6.04299200E-039  4.43159312E-045
  1.035000E-01  8.35360063E-039  8.35359265E-039  7.97946852E-045
  1.047000E-01  1.14293630E-038  1.14293488E-038  1.41642420E-044
  1.059000E-01  1.56450811E-038  1.56450563E-038  2.47960992E-044
  1.072000E-01  2.18447522E-038  2.18447074E-038  4.47961841E-044
  1.084000E-01  2.95516642E-038  2.95515879E-038  7.62850676E-044
  1.097000E-01  4.07563129E-038  4.07561790E-038  1.33878889E-043
  1.109000E-01  5.44008191E-038  5.44005969E-038  2.22156686E-043
  1.122000E-01  7.40419009E-038  7.40415213E-038  3.79540972E-043
  1.135000E-01  9.99687524E-038  9.99681126E-038  6.39787300E-043
  1.148000E-01  1.33890586E-037  1.33889521E-037  1.06460487E-042
  1.161000E-01  1.78412161E-037  1.78410411E-037  1.74976014E-042
  1.175000E-01  2.41020020E-037  2.41017072E-037  2.94815834E-042
  1.189000E-01  3.23329116E-037  3.23324215E-037  4.90161966E-042
  1.202000E-01  4.21984357E-037  4.21976588E-037  7.76927444E-042
  1.216000E-01  5.57947878E-037  5.57935270E-037  1.26082656E-041
  1.230000E-01  7.33210468E-037  7.33190246E-037  2.02222337E-041
  1.244000E-01  9.56541259E-037  9.56509190E-037  3.20691420E-041
  1.259000E-01  1.26293389E-036  1.26288196E-036  5.19330539E-041
  1.274000E-01  1.65540791E-036  1.65532480E-036  8.31096808E-041
  1.288000E-01  2.11697067E-036  2.11684309E-036  1.27589423E-040
  1.303000E-01  2.73612202E-036  2.73592478E-036  1.97246965E-040
  1.318000E-01  3.51335245E-036  3.51304502E-036  3.07434856E-040
  1.333000E-01  4.48124406E-036  4.48076920E-036  4.74863428E-040
  1.349000E-01  5.76438907E-036  5.76364116E-036  7.47904188E-040
  1.365000E-01  7.36050701E-036  7.35934009E-036  1.16692015E-039
  1.380000E-01  9.19064086E-036  9.18888446E-036  1.75640135E-039
  1.396000E-01  1.15617203E-035  1.15590261E-035  2.69420202E-039
  1.412000E-01  1.44130128E-035  1.44089139E-035  4.09890522E-039
  1.429000E-01  1.79426053E-035  1.79362584E-035  6.34688675E-039
  1.445000E-01  2.16657548E-035  2.16562505E-035  9.50430661E-039
  1.462000E-01  2.60418876E-035  2.60274057E-035  1.44818702E-038
  1.479000E-01  3.09428525E-035  3.09209566E-035  2.18958821E-038
  1.496000E-01  3.64680638E-035  3.64352036E-035  3.28602275E-038
  1.514000E-01  4.30486281E-035  4.29985112E-035  5.01169220E-038
  1.531000E-01  4.97383119E-035  4.96641707E-035  7.41412029E-038
  1.549000E-01  5.71535054E-035  5.70420655E-035  1.11439951E-037
  1.567000E-01  6.64121522E-035  6.62458189E-035  1.66333287E-037
  1.585000E-01  7.62325524E-035  7.59859535E-035  2.46598920E-037
  1.603000E-01  8.66207026E-035  8.62574558E-035  3.63246834E-037
  1.622000E-01  1.00073500E-034  9.95304219E-035  5.43078448E-037
  1.641000E-01  1.13965061E-034  1.13158456E-034  8.06604437E-037
  1.660000E-01  1.29173392E-034  1.27982882E-034  1.19050997E-036
  1.679000E-01  1.47326813E-034  1.45580141E-034  1.74667208E-036
  1.698000E-01  1.65871135E-034  1.63323156E-034  2.54797848E-036
  1.718000E-01  1.91548097E-034  1.87780786E-034  3.76731045E-036
  1.738000E-01  2.19785334E-034  2.14251339E-034  5.53399496E-036
  1.758000E-01  2.49561247E-034  2.41481312E-034  8.07993535E-036
  1.778000E-01  2.80259098E-034  2.68528352E-034  1.17307463E-035
  1.799000E-01  3.12568410E-034  2.95314151E-034  1.72542586E-035
  1.820000E-01  3.60913277E-034  3.35667156E-034  2.52461211E-035
  1.841000E-01  4.15290559E-034  3.78531958E-034  3.67586012E-035
  1.862000E-01  4.75464786E-034  4.22187838E-034  5.32769478E-035
  1.884000E-01  5.45476735E-034  4.67242395E-034  7.82343397E-035
  1.905000E-01  6.24843784E-034  5.12423535E-034  1.12420248E-034
  1.928000E-01  7.44335503E-034  5.77895931E-034  1.66439572E-034
  1.950000E-01  8.82959669E-034  6.41856257E-034  2.41103412E-034
  1.972000E-01  1.05289319E-033  7.05382991E-034  3.47510202E-034
  1.995000E-01  1.27506948E-033  7.68905792E-034  5.06163693E-034
  2.018000E-01  1.58824680E-033  8.56482912E-034  7.31763889E-034
  2.042000E-01  2.02458895E-033  9.59894321E-034  1.06469463E-033
  2.065000E-01  2.56986095E-033  1.06183322E-033  1.50802773E-033
  2.089000E-01  3.30701226E-033  1.16898639E-033  2.13802587E-033
  2.113000E-01  4.27545973E-033  1.29546355E-033  2.97999618E-033
  2.138000E-01  5.57755204E-033  1.45190874E-033  4.12564330E-033
  2.163000E-01  7.22261291E-033  1.63945696E-033  5.58315595E-033
  2.188000E-01  9.23084428E-033  1.84952799E-033  7.38131629E-033
  2.213000E-01  1.16388472E-032  2.09787816E-033  9.54096901E-033
  2.239000E-01  1.46002861E-032  2.40838722E-033  1.21918989E-032
  2.265000E-01  1.80546491E-032  2.76863242E-033  1.52860167E-032
  2.291000E-01  2.20648580E-032  3.19375227E-033  1.88711057E-032
  2.317000E-01  2.66992542E-032  3.68180891E-033  2.30174453E-032
  2.344000E-01  3.22837455E-032  4.26221288E-033  2.80215326E-032
  2.371000E-01  3.88085077E-032  4.93433220E-033  3.38741755E-032
  2.399000E-01  4.67523285E-032  5.72821564E-033  4.10241129E-032
  2.427000E-01  5.61522148E-032  6.65103204E-033  4.95011828E-032
  2.455000E-01  6.72702494E-032  7.69642549E-033  5.95738239E-032
  2.483000E-01  8.04324984E-032  8.87617626E-033  7.15563221E-032
  2.512000E-01  9.65963969E-032  1.02249058E-032  8.63714911E-032
  2.541000E-01  1.15791467E-031  1.16914457E-032  1.04100021E-031
  2.570000E-01  1.38611136E-031  1.33258938E-032  1.25285242E-031
  2.600000E-01  1.66713927E-031  1.51995402E-032  1.51514387E-031
  2.630000E-01  2.00201355E-031  1.72742059E-032  1.82927149E-031
  2.661000E-01  2.41471100E-031  1.96529267E-032  2.21818174E-031
  2.691000E-01  2.88980032E-031  2.21999023E-032  2.66780129E-031
  2.723000E-01  3.49288175E-031  2.52026782E-032  3.24085497E-031
  2.754000E-01  4.18799842E-031  2.84015699E-032  3.90398272E-031
  2.786000E-01  5.03935181E-031  3.20179254E-032  4.71917256E-031
  2.818000E-01  6.04907992E-031  3.59906481E-032  5.68917344E-031
  2.851000E-01  7.28356723E-031  4.04859995E-032  6.87870723E-031
  2.884000E-01  8.74636803E-031  4.54036507E-032  8.29233152E-031
  2.917000E-01  1.04738374E-030  5.07787175E-032  9.96605023E-031
  2.951000E-01  1.25742069E-030  5.68031106E-032  1.20061758E-030
  2.985000E-01  1.50505060E-030  6.33698050E-032  1.44168080E-030
  3.020000E-01  1.80530541E-030  7.07299380E-032  1.73457547E-030
  3.055000E-01  2.05664430E-030  7.87342748E-032  1.97791003E-030
  3.090000E-01  2.41577386E-030  8.74190242E-032  2.32835483E-030
  3.126000E-01  2.83628764E-030  9.70428176E-032  2.73924482E-030
  3.162000E-01  3.31281639E-030  1.07430563E-031  3.20538583E-030
  3.199000E-01  3.86481782E-030  1.18963967E-031  3.74585386E-030
  3.236000E-01  4.48279621E-030  1.31408899E-031  4.35138731E-030
  3.273000E-01  5.16786226E-030  1.44804999E-031  5.02305726E-030
  3.311000E-01  5.93932808E-030  1.59591145E-031  5.77973694E-030
  3.350000E-01  6.79495625E-030  1.75908298E-031  6.61904795E-030
  3.388000E-01  7.67547194E-030  1.92968067E-031  7.48250388E-030
  3.428000E-01  8.62354199E-030  2.12216239E-031  8.41132575E-030
  3.467000E-01  9.52736414E-030  2.32235585E-031  9.29512856E-030
  3.507000E-01  1.03829218E-029  2.54130771E-031  1.01287910E-029
  3.548000E-01  1.11499598E-029  2.78093136E-031  1.08718667E-029
  3.589000E-01  1.18298304E-029  3.03650044E-031  1.15261804E-029
  3.631000E-01  1.25378452E-029  3.31542075E-031  1.22063031E-029
  3.673000E-01  1.33892805E-029  3.61191953E-031  1.30280885E-029
  3.715000E-01  1.44837755E-029  3.92656441E-031  1.40911191E-029
  3.758000E-01  1.59076082E-029  4.26835161E-031  1.54807731E-029
  3.802000E-01  1.76926417E-029  4.63928800E-031  1.72287129E-029
  3.846000E-01  1.97858457E-029  5.03155072E-031  1.92826906E-029
  3.891000E-01  2.21885341E-029  5.45572889E-031  2.16429612E-029
  3.936000E-01  2.47688398E-029  5.90408160E-031  2.41784316E-029
  3.981000E-01  2.74141163E-029  6.37721872E-031  2.67763945E-029
  4.027000E-01  3.00383492E-029  6.88537208E-031  2.93498120E-029
  4.074000E-01  3.24336007E-029  7.43103840E-031  3.16904969E-029
  4.121000E-01  3.42797210E-029  8.00515808E-031  3.34792052E-029
  4.169000E-01  3.53194381E-029  8.62145340E-031  3.44572928E-029
  4.217000E-01  3.53408391E-029  9.26860086E-031  3.44139790E-029
  4.266000E-01  3.44255862E-029  9.96162800E-031  3.34294234E-029
  4.315000E-01  3.29762064E-029  1.06879415E-030  3.19074123E-029
  4.365000E-01  3.14511737E-029  1.14641428E-030  3.03047594E-029
  4.416000E-01  3.01912104E-029  1.22916925E-030  2.89620412E-029
  4.467000E-01  2.93291754E-029  1.31540021E-030  2.80137752E-029
  4.519000E-01  2.87844566E-029  1.40720284E-030  2.73772538E-029
  4.571000E-01  2.84165155E-029  1.50296841E-030  2.69135471E-029
  4.624000E-01  2.80433774E-029  1.60469581E-030  2.64386815E-029
  4.677000E-01  2.75474473E-029  1.71062144E-030  2.58368259E-029
  4.732000E-01  2.68935909E-029  1.82502045E-030  2.50685704E-029
  4.786000E-01  2.62195205E-029  1.94180782E-030  2.42777127E-029
  4.842000E-01  2.56287506E-029  2.06762727E-030  2.35611233E-029
  4.898000E-01  2.52434842E-029  2.19812566E-030  2.30453585E-029
  4.954000E-01  2.50815484E-029  2.33337575E-030  2.27481727E-029
  5.012000E-01  2.51233279E-029  2.47854889E-030  2.26447791E-029
  5.070000E-01  2.53464352E-029  2.62891611E-030  2.27175191E-029
  5.129000E-01  2.57422350E-029  2.78721234E-030  2.29550227E-029
  5.188000E-01  2.63062795E-029  2.95089273E-030  2.33553867E-029
  5.248000E-01  2.70421553E-029  3.12286596E-030  2.39192894E-029
  5.309000E-01  2.79189999E-029  3.30340141E-030  2.46155985E-029
  5.370000E-01  2.88593808E-029  3.48966541E-030  2.53697154E-029
  5.433000E-01  2.98188199E-029  3.68802856E-030  2.61307913E-029
  5.495000E-01  3.06981959E-029  3.88916100E-030  2.68090349E-029
  5.559000E-01  3.15579544E-029  4.10217777E-030  2.74557766E-029
  5.623000E-01  3.24203657E-029  4.32122384E-030  2.80991418E-029
  5.688000E-01  3.33720264E-029  4.54988078E-030  2.88221457E-029
  5.754000E-01  3.44528911E-029  4.78837762E-030  2.96645135E-029
  5.821000E-01  3.56551764E-029  5.03693676E-030  3.06182396E-029
  5.888000E-01  3.69203060E-029  5.29191927E-030  3.16283868E-029
  5.957000E-01  3.82420881E-029  5.56114316E-030  3.26809449E-029
  6.026000E-01  3.95620505E-029  5.83700317E-030  3.37250473E-029
  6.095000E-01  4.09000199E-029  6.11940192E-030  3.47806180E-029
  6.166000E-01  4.23419643E-029  6.41670414E-030  3.59252601E-029
  6.237000E-01  4.38823582E-029  6.72070510E-030  3.71616531E-029
  6.310000E-01  4.55642363E-029  7.04012659E-030  3.85241097E-029
  6.383000E-01  4.73155595E-029  7.36636551E-030  3.99491939E-029
  6.457000E-01  4.91291958E-029  7.70388757E-030  4.14253082E-029
  6.531000E-01  5.09642160E-029  8.04812030E-030  4.29160957E-029
  6.607000E-01  5.29031174E-029  8.40859113E-030  4.44945262E-029
  6.683000E-01  5.49606517E-029  8.77590259E-030  4.61847491E-029
  6.761000E-01  5.72737933E-029  9.15972821E-030  4.81140651E-029
  6.839000E-01  5.98555061E-029  9.55030163E-030  5.03052045E-029
  6.918000E-01  6.27651037E-029  9.95256237E-030  5.28125413E-029
  6.998000E-01  6.59997324E-029  1.03665584E-029  5.56331740E-029
  7.079000E-01  6.95461531E-029  1.07925566E-029  5.87535965E-029
  7.161000E-01  7.33662822E-029  1.12303722E-029  6.21359100E-029
  7.244000E-01  7.74251196E-029  1.16800016E-029  6.57451180E-029
  7.328000E-01  8.16878738E-029  1.21414340E-029  6.95464398E-029
  7.413000E-01  8.61266920E-029  1.26146430E-029  7.35120490E-029
  7.499000E-01  9.07348471E-029  1.30995870E-029  7.76352601E-029
  7.586000E-01  9.55407082E-029  1.35962083E-029  8.19444999E-029
  7.674000E-01  1.00601602E-028  1.41044340E-029  8.64971684E-029
  7.763000E-01  1.05974942E-028  1.46241753E-029  9.13507667E-029
  7.852000E-01  1.11631190E-028  1.51493967E-029  9.64817937E-029
  7.943000E-01  1.17714898E-028  1.56917832E-029  1.02023115E-028
  8.035000E-01  1.24191424E-028  1.62441350E-029  1.07947289E-028
  8.128000E-01  1.31096833E-028  1.68054618E-029  1.14291371E-028
  8.222000E-01  1.38450456E-028  1.73773823E-029  1.21073074E-028
  8.318000E-01  1.46375602E-028  1.79658595E-029  1.28409743E-028
  8.414000E-01  1.54748398E-028  1.85584280E-029  1.36189970E-028
  8.511000E-01  1.63698296E-028  1.91609787E-029  1.44537317E-028
  8.610000E-01  1.73390780E-028  1.97795463E-029  1.53611234E-028
  8.710000E-01  1.83825487E-028  2.04076852E-029  1.63417802E-028
  8.810000E-01  1.95007219E-028  2.10388043E-029  1.73968414E-028
  8.913000E-01  2.07449469E-028  2.16916007E-029  1.85757868E-028
  9.016000E-01  2.21045174E-028  2.23463280E-029  1.98698846E-028
  9.120000E-01  2.36280039E-028  2.30071903E-029  2.13272849E-028
  9.226000E-01  2.53765625E-028  2.36823678E-029  2.30083257E-028
  9.333000E-01  2.74095859E-028  2.43651786E-029  2.49730681E-028
  9.441000E-01  2.98396002E-028  2.50552770E-029  2.73340725E-028
  9.550000E-01  3.28449868E-028  2.57523091E-029  3.02697559E-028
  9.661000E-01  3.67591032E-028  2.64623091E-029  3.41128723E-028
  9.772000E-01  4.20169685E-028  2.71721123E-029  3.92997573E-028
  9.886000E-01  4.97067638E-028  2.79005112E-029  4.69167127E-028
  1.000000E+00  6.13654226E-028  2.86279624E-029  5.85026264E-028
  1.012000E+00  8.12748105E-028  2.93946586E-029  7.83353446E-028
  1.023000E+00  1.11122164E-027  3.00959199E-029  1.08112572E-027
  1.035000E+00  1.59643386E-027  3.08588831E-029  1.56557498E-027
  1.047000E+00  2.05914052E-027  3.16193436E-029  2.02752118E-027
  1.059000E+00  2.06854514E-027  3.23769437E-029  2.03616819E-027
  1.071000E+00  1.71887064E-027  3.31313425E-029  1.68573930E-027
  1.084000E+00  1.35784997E-027  3.39446195E-029  1.32390535E-027
  1.097000E+00  1.12931580E-027  3.47533683E-029  1.09456243E-027
  1.109000E+00  1.00805727E-027  3.54955669E-029  9.72561701E-028
  1.122000E+00  9.38746435E-028  3.62945885E-029  9.02451847E-028
  1.135000E+00  9.12496848E-028  3.70865918E-029  8.75410256E-028
  1.148000E+00  9.17865203E-028  3.78717017E-029  8.79993501E-028
  1.161000E+00  9.50052095E-028  3.86505678E-029  9.11401528E-028
  1.175000E+00  1.01426182E-027  3.94820555E-029  9.74779769E-028
  1.189000E+00  1.11188996E-027  4.03056765E-029  1.07158429E-027
  1.202000E+00  1.23586499E-027  4.10631702E-029  1.19480182E-027
  1.216000E+00  1.40574114E-027  4.18708217E-029  1.36387032E-027
  1.230000E+00  1.60266602E-027  4.26698210E-029  1.55999620E-027
  1.245000E+00  1.80809882E-027  4.35284521E-029  1.76457037E-027
  1.259000E+00  1.94419615E-027  4.43385501E-029  1.89985760E-027
  1.273000E+00  1.98993846E-027  4.51376722E-029  1.94480078E-027
  1.288000E+00  1.94336674E-027  4.59843441E-029  1.89738239E-027
  1.303000E+00  1.83896410E-027  4.68209531E-029  1.79214315E-027
  1.318000E+00  1.71935353E-027  4.76510622E-029  1.67170247E-027
  1.334000E+00  1.60232136E-027  4.85258118E-029  1.55379555E-027
  1.349000E+00  1.51160812E-027  4.93350992E-029  1.46227302E-027
  1.365000E+00  1.43567846E-027  5.01866769E-029  1.38549178E-027
  1.380000E+00  1.38145524E-027  5.09737247E-029  1.33048151E-027
  1.396000E+00  1.33843727E-027  5.17999074E-029  1.28663736E-027
  1.413000E+00  1.30563152E-027  5.26641168E-029  1.25296741E-027
  1.429000E+00  1.28411311E-027  5.34645992E-029  1.23064851E-027
  1.445000E+00  1.26958802E-027  5.42525196E-029  1.21533550E-027
  1.462000E+00  1.26019598E-027  5.50756984E-029  1.20512028E-027
  1.479000E+00  1.25598510E-027  5.58838879E-029  1.20010121E-027
  1.496000E+00  1.25548689E-027  5.66777647E-029  1.19880913E-027
  1.514000E+00  1.25810887E-027  5.75027432E-029  1.20060613E-027
  1.531000E+00  1.26290600E-027  5.82671796E-029  1.20463882E-027
  1.549000E+00  1.26989094E-027  5.90610468E-029  1.21082989E-027
  1.567000E+00  1.27885194E-027  5.98307165E-029  1.21902123E-027
  1.585000E+00  1.28898934E-027  6.05839804E-029  1.22840536E-027
  1.603000E+00  1.29996571E-027  6.13213161E-029  1.23864440E-027
  1.622000E+00  1.31215627E-027  6.20824562E-029  1.25007381E-027
  1.641000E+00  1.32467244E-027  6.28261155E-029  1.26184633E-027
  1.660000E+00  1.33720239E-027  6.35559005E-029  1.27364649E-027
  1.679000E+00  1.34943416E-027  6.42717578E-029  1.28516240E-027
  1.698000E+00  1.36102234E-027  6.49707627E-029  1.29605157E-027
  1.718000E+00  1.37203822E-027  6.56885550E-029  1.30634966E-027
  1.738000E+00  1.38117979E-027  6.63881064E-029  1.31479168E-027
  1.758000E+00  1.38753571E-027  6.70696533E-029  1.32046605E-027
  1.778000E+00  1.39001880E-027  6.77451450E-029  1.32227366E-027
  1.799000E+00  1.38680008E-027  6.84598260E-029  1.31834025E-027
  1.820000E+00  1.37501626E-027  6.91560781E-029  1.30586019E-027
  1.841000E+00  1.35293326E-027  6.98341752E-029  1.28309908E-027
  1.862000E+00  1.32223142E-027  7.04943974E-029  1.25173702E-027
  1.884000E+00  1.29168032E-027  7.11671981E-029  1.22051312E-027
  1.906000E+00  1.28335166E-027  7.18210281E-029  1.21153063E-027
  1.928000E+00  1.31128253E-027  7.24619873E-029  1.23882054E-027
  1.950000E+00  1.36570032E-027  7.30851252E-029  1.29261519E-027
  1.972000E+00  1.42800255E-027  7.36903767E-029  1.35431218E-027
  1.995000E+00  1.48894814E-027  7.43043838E-029  1.41464376E-027
  2.018000E+00  1.54175645E-027  7.48996019E-029  1.46685685E-027
  2.042000E+00  1.58871462E-027  7.55010879E-029  1.51321353E-027
  2.065000E+00  1.62756618E-027  7.60591207E-029  1.55150706E-027
  2.089000E+00  1.66346835E-027  7.66203855E-029  1.58684797E-027
  2.114000E+00  1.69707926E-027  7.71849764E-029  1.61989428E-027
  2.138000E+00  1.72678889E-027  7.77226772E-029  1.64906621E-027
  2.163000E+00  1.75571259E-027  7.82713505E-029  1.67744123E-027
  2.188000E+00  1.78300412E-027  7.88013316E-029  1.70420279E-027
  2.213000E+00  1.80909247E-027  7.93077305E-029  1.72978474E-027
  2.239000E+00  1.83522027E-027  7.98104310E-029  1.75540984E-027
  2.265000E+00  1.86076129E-027  8.02956404E-029  1.78046565E-027
  2.291000E+00  1.88601147E-027  8.07644597E-029  1.80524701E-027
  2.317000E+00  1.91068701E-027  8.12155111E-029  1.82947150E-027
  2.344000E+00  1.93581181E-027  8.16656283E-029  1.85414619E-027
  2.371000E+00  1.96052160E-027  8.20976487E-029  1.87842395E-027
  2.399000E+00  1.98579805E-027  8.25271187E-029  1.90327093E-027
  2.427000E+00  2.01094131E-027  8.29389518E-029  1.92800236E-027
  2.455000E+00  2.03701557E-027  8.33386178E-029  1.95367695E-027
  2.483000E+00  2.06294418E-027  8.37228201E-029  1.97922136E-027
  2.512000E+00  2.08930017E-027  8.41160498E-029  2.00518412E-027
  2.541000E+00  2.11576615E-027  8.44920548E-029  2.03127410E-027
  2.570000E+00  2.14246713E-027  8.48513918E-029  2.05761574E-027
  2.600000E+00  2.17049110E-027  8.52061574E-029  2.08528494E-027
  2.630000E+00  2.19911398E-027  8.55442523E-029  2.11356973E-027
  2.661000E+00  2.22956814E-027  8.58767089E-029  2.14369143E-027
  2.691000E+00  2.26018598E-027  8.61826484E-029  2.17400333E-027
  2.723000E+00  2.29450340E-027  8.64924758E-029  2.20801093E-027
  2.754000E+00  2.32990718E-027  8.67769577E-029  2.24313023E-027
  2.786000E+00  2.37013997E-027  8.70722700E-029  2.28306770E-027
  2.818000E+00  2.41440761E-027  8.73530766E-029  2.32705454E-027
  2.851000E+00  2.46570399E-027  8.76273677E-029  2.37807662E-027
  2.884000E+00  2.52482658E-027  8.78867330E-029  2.43693985E-027
  2.917000E+00  2.59484193E-027  8.81317594E-029  2.50671017E-027
  2.951000E+00  2.68324253E-027  8.83698137E-029  2.59487272E-027
  2.985000E+00  2.79596044E-027  8.85938506E-029  2.70736659E-027
  3.020000E+00  2.95110522E-027  8.88104472E-029  2.86229477E-027
  3.055000E+00  3.17058204E-027  8.90134166E-029  3.08156863E-027
  3.090000E+00  3.50150735E-027  8.92033487E-029  3.41230401E-027
  3.126000E+00  4.06342334E-027  8.94525287E-029  3.97397081E-027
  3.162000E+00  5.10720529E-027  8.97131049E-029  5.01749218E-027
  3.199000E+00  7.49885322E-027  8.99679982E-029  7.40888522E-027
  3.236000E+00  1.47301392E-026  9.02103575E-029  1.46399288E-026
  3.273000E+00  5.30591186E-026  9.04202246E-029  5.29686984E-026
  3.311000E+00  1.15797913E-025  9.05692672E-029  1.15707344E-025
  3.350000E+00  2.32945045E-026  9.07107432E-029  2.32037937E-026
  3.388000E+00  1.01799666E-026  9.08379634E-029  1.00891287E-026
  3.428000E+00  6.40615558E-027  9.09174719E-029  6.31523810E-027
  3.467000E+00  4.95014282E-027  9.09636762E-029  4.85917914E-027
  3.507000E+00  4.21572794E-027  9.10017957E-029  4.12472615E-027
  3.548000E+00  3.80123955E-027  9.10317087E-029  3.71020784E-027
  3.589000E+00  3.55462013E-027  9.10529222E-029  3.46356721E-027
  3.631000E+00  3.39661795E-027  9.10662099E-029  3.30555174E-027
  3.673000E+00  3.29580414E-027  9.10600679E-029  3.20474408E-027
  3.715000E+00  3.23091676E-027  9.10398896E-029  3.13987687E-027
  3.758000E+00  3.18888055E-027  9.10122676E-029  3.09786828E-027
  3.802000E+00  3.16353864E-027  9.09772589E-029  3.07256138E-027
  3.846000E+00  3.15103993E-027  9.09359649E-029  3.06010396E-027
  3.891000E+00  3.14848458E-027  9.08877951E-029  3.05759678E-027
  3.935000E+00  3.15403673E-027  9.08354613E-029  3.06320127E-027
  3.981000E+00  3.16620751E-027  9.07756985E-029  3.07543181E-027
  4.027000E+00  3.18380729E-027  9.07112692E-029  3.09309602E-027
  4.074000E+00  3.20663700E-027  9.06411171E-029  3.11599588E-027
  4.121000E+00  3.23386622E-027  9.05670763E-029  3.14329915E-027
  4.169000E+00  3.26600274E-027  9.04259183E-029  3.17557682E-027
  4.217000E+00  3.30229237E-027  9.02621514E-029  3.21203022E-027
  4.266000E+00  3.34356472E-027  9.00930565E-029  3.25347166E-027
  4.315000E+00  3.38920565E-027  8.99224600E-029  3.29928319E-027
  4.365000E+00  3.44050423E-027  8.97472615E-029  3.35075697E-027
  4.416000E+00  3.49811210E-027  8.95678174E-029  3.40854428E-027
  4.467000E+00  3.56233797E-027  8.94477048E-029  3.47289026E-027
  4.519000E+00  3.63481450E-027  8.93434572E-029  3.54547105E-027
  4.571000E+00  3.71508865E-027  8.92390173E-029  3.62584964E-027
  4.624000E+00  3.80629148E-027  8.91327501E-029  3.71715873E-027
  4.677000E+00  3.90884292E-027  8.90270288E-029  3.81981589E-027
  4.732000E+00  4.03008390E-027  8.89182625E-029  3.94116564E-027
  4.786000E+00  4.16841095E-027  8.88521402E-029  4.07955881E-027
  4.842000E+00  4.33926958E-027  8.88706363E-029  4.25039895E-027
  4.898000E+00  4.54792180E-027  8.88902092E-029  4.45903159E-027
  4.955000E+00  4.81941619E-027  8.89115814E-029  4.73050461E-027
  5.012000E+00  5.19008846E-027  8.89554470E-029  5.10113301E-027
  5.070000E+00  5.75698897E-027  8.90757004E-029  5.66791326E-027
  5.129000E+00  6.75043058E-027  8.91998725E-029  6.66123071E-027
  5.188000E+00  8.67540480E-027  8.93992681E-029  8.58600553E-027
  5.248000E+00  1.16400561E-026  8.97286129E-029  1.15503274E-026
  5.309000E+00  1.15266802E-026  9.00650854E-029  1.14366152E-026
  5.370000E+00  9.61803203E-027  9.04035633E-029  9.52762847E-027
  5.432000E+00  9.08377500E-027  9.07499963E-029  8.99302500E-027
  5.495000E+00  9.73153546E-027  9.11048539E-029  9.64043060E-027
  5.559000E+00  1.16812894E-026  9.16092039E-029  1.15896801E-026
  5.623000E+00  1.57910598E-026  9.21609458E-029  1.56988989E-026
  5.688000E+00  2.11250376E-026  9.28609091E-029  2.10321767E-026
  5.754000E+00  2.00261349E-026  9.36082230E-029  1.99325267E-026
  5.821000E+00  1.75682162E-026  9.43704994E-029  1.74738457E-026
  5.888000E+00  1.83069134E-026  9.51368858E-029  1.82117765E-026
  5.957000E+00  2.24290555E-026  9.60468128E-029  2.23330087E-026
  6.026000E+00  3.18950418E-026  9.69969422E-029  3.17980448E-026
  6.095000E+00  5.37124956E-026  9.79527585E-029  5.36145428E-026
  6.166000E+00  1.04665442E-025  9.89427201E-029  1.04566499E-025
  6.237000E+00  1.35393956E-025  9.98468495E-029  1.35294109E-025
  6.310000E+00  8.12553516E-026  1.00701653E-028  8.11546499E-026
  6.383000E+00  4.91753156E-026  1.01499621E-028  4.90738160E-026
  6.457000E+00  3.78408646E-026  1.02188440E-028  3.77386761E-026
  6.531000E+00  3.53405217E-026  1.02879290E-028  3.52376425E-026
  6.607000E+00  3.67147163E-026  1.03475357E-028  3.66112410E-026
  6.683000E+00  3.85528773E-026  1.04085046E-028  3.84487923E-026
  6.761000E+00  3.85755877E-026  1.04665282E-028  3.84709225E-026
  6.839000E+00  3.77029061E-026  1.05240873E-028  3.75976652E-026
  6.918000E+00  3.79803527E-026  1.05887653E-028  3.78744650E-026
  6.998000E+00  4.03398103E-026  1.07073021E-028  4.02327373E-026
  7.080000E+00  4.50918285E-026  1.08306793E-028  4.49835217E-026
  7.161000E+00  5.22024163E-026  1.11575296E-028  5.20908410E-026
  7.244000E+00  6.23230156E-026  1.15100550E-028  6.22079150E-026
  7.328000E+00  7.65995730E-026  1.21465216E-028  7.64781078E-026
  7.413000E+00  9.82422638E-026  1.31984699E-028  9.81102791E-026
  7.499000E+00  1.31969305E-025  1.42822483E-028  1.31826483E-025
  7.586000E+00  1.66224406E-025  1.67268567E-028  1.66057138E-025
  7.674000E+00  1.69105087E-025  1.95439041E-028  1.68909648E-025
  7.762000E+00  1.64473792E-025  2.27539362E-028  1.64246253E-025
  7.852000E+00  1.59239824E-025  2.80813746E-028  1.58959010E-025
  7.943000E+00  1.31858360E-025  3.35988033E-028  1.31522372E-025
  8.035000E+00  9.88735411E-026  4.02691532E-028  9.84708496E-026
  8.128000E+00  7.67418326E-026  4.86607790E-028  7.62552248E-026
  8.222000E+00  6.55401817E-026  5.73087742E-028  6.49670939E-026
  8.318000E+00  6.15229247E-026  6.59590858E-028  6.08633338E-026
  8.414000E+00  6.25094812E-026  7.39922870E-028  6.17695583E-026
  8.511000E+00  7.17242343E-026  8.14570907E-028  7.09096634E-026
  8.610000E+00  8.00710318E-026  8.90025226E-028  7.91810066E-026
  8.710000E+00  6.38727536E-026  9.78441024E-028  6.28943126E-026
  8.811000E+00  4.51191595E-026  1.08311260E-027  4.40360469E-026
  8.913000E+00  3.44368635E-026  1.20205656E-027  3.32348070E-026
  9.016000E+00  2.85857783E-026  1.33020630E-027  2.72555720E-026
  9.120000E+00  2.51391846E-026  1.45950044E-027  2.36796842E-026
  9.226000E+00  2.29378216E-026  1.57129485E-027  2.13665267E-026
  9.333000E+00  2.14696665E-026  1.65301643E-027  1.98166500E-026
  9.441000E+00  2.04572959E-026  1.70172634E-027  1.87555696E-026
  9.550000E+00  1.97529328E-026  1.71876517E-027  1.80341676E-026
  9.660000E+00  1.92734903E-026  1.70621897E-027  1.75672714E-026
  9.772000E+00  1.89845851E-026  1.67965286E-027  1.73049322E-026
  9.885000E+00  1.88778792E-026  1.65251199E-027  1.72253672E-026
  1.000000E+01  1.89489269E-026  1.62726676E-027  1.73216602E-026
  1.012000E+01  1.92244286E-026  1.60694447E-027  1.76174842E-026
  1.023000E+01  1.96719605E-026  1.58410234E-027  1.80878582E-026
  1.035000E+01  2.04311020E-026  1.55193476E-027  1.88791672E-026
  1.047000E+01  2.15962533E-026  1.49819665E-027  2.00980566E-026
  1.059000E+01  2.35280349E-026  1.43441869E-027  2.20936162E-026
  1.072000E+01  2.66663995E-026  1.36535371E-027  2.53010458E-026
  1.084000E+01  3.09954911E-026  1.30936555E-027  2.96861255E-026
  1.097000E+01  4.13307257E-026  1.25805793E-027  4.00726678E-026
  1.109000E+01  6.64345118E-026  1.21461305E-027  6.52198987E-026
  1.122000E+01  1.65955693E-025  1.16733342E-027  1.64788360E-025
  1.135000E+01  1.29742219E-025  1.12429517E-027  1.28617923E-025
  1.148000E+01  8.45093923E-026  1.08424748E-027  8.34251448E-026
  1.161000E+01  5.98345350E-026  1.04949561E-027  5.87850394E-026
  1.175000E+01  5.48011576E-026  1.01082483E-027  5.37903328E-026
  1.189000E+01  6.08046920E-026  9.69436765E-028  5.98352553E-026
  1.202000E+01  6.41472841E-026  9.31900680E-028  6.32153834E-026
  1.216000E+01  5.89942745E-026  8.92343588E-028  5.81019309E-026
  1.230000E+01  5.79873062E-026  8.60077917E-028  5.71272283E-026
  1.244000E+01  6.76743879E-026  8.29654856E-028  6.68447331E-026
  1.259000E+01  8.30400305E-026  7.96473320E-028  8.22435572E-026
  1.273000E+01  7.78343210E-026  7.66525832E-028  7.70677951E-026
  1.288000E+01  5.56453468E-026  7.34798330E-028  5.49105484E-026
  1.303000E+01  4.45984683E-026  7.09247825E-028  4.38892204E-026
  1.318000E+01  4.09010391E-026  6.84839681E-028  4.02161994E-026
  1.334000E+01  4.23570777E-026  6.61998811E-028  4.16950788E-026
  1.349000E+01  4.37154896E-026  6.40430841E-028  4.30750587E-026
  1.365000E+01  3.87398242E-026  6.24197478E-028  3.81156267E-026
  1.380000E+01  3.41703517E-026  6.10209377E-028  3.35601423E-026
  1.396000E+01  3.22926904E-026  6.09377085E-028  3.16833133E-026
  1.412000E+01  3.34144785E-026  6.11231685E-028  3.28032468E-026
  1.429000E+01  3.20570427E-026  6.29035452E-028  3.14280072E-026
  1.445000E+01  2.93090398E-026  6.48776435E-028  2.86602634E-026
  1.462000E+01  2.81820930E-026  6.80928012E-028  2.75011649E-026
  1.479000E+01  2.77714753E-026  7.15071557E-028  2.70564037E-026
  1.496000E+01  2.76531538E-026  7.52856175E-028  2.69002976E-026
  1.514000E+01  2.76997762E-026  7.95185778E-028  2.69045904E-026
  1.531000E+01  2.78682866E-026  8.39251758E-028  2.70290349E-026
  1.549000E+01  2.81882504E-026  8.87891971E-028  2.73003585E-026
  1.567000E+01  2.87577581E-026  9.40309505E-028  2.78174486E-026
  1.585000E+01  2.98633526E-026  9.94792111E-028  2.88685605E-026
  1.603000E+01  3.08153761E-026  1.05202779E-027  2.97633483E-026
  1.622000E+01  3.34307861E-026  1.11478232E-027  3.23160038E-026
  1.641000E+01  4.46928339E-026  1.17935549E-027  4.35134784E-026
  1.660000E+01  4.00571044E-026  1.24533081E-027  3.88117736E-026
  1.679000E+01  3.94897694E-026  1.31198187E-027  3.81777875E-026
  1.698000E+01  4.11091094E-026  1.37587840E-027  3.97332310E-026
  1.718000E+01  4.08248593E-026  1.44425850E-027  3.93806008E-026
  1.738000E+01  4.08492088E-026  1.50965838E-027  3.93395504E-026
  1.758000E+01  3.48283018E-026  1.57427806E-027  3.32540238E-026
  1.778000E+01  3.29476994E-026  1.63488451E-027  3.13128149E-026
  1.799000E+01  3.09384725E-026  1.68985451E-027  2.92486180E-026
  1.820000E+01  2.89647908E-026  1.74423196E-027  2.72205589E-026
  1.841000E+01  2.79819886E-026  1.78726063E-027  2.61947280E-026
  1.862000E+01  2.73255034E-026  1.82707109E-027  2.54984323E-026
  1.884000E+01  2.67771040E-026  1.86304824E-027  2.49140558E-026
  1.906000E+01  2.62623885E-026  1.88476437E-027  2.43776241E-026
  1.927000E+01  2.57827621E-026  1.90466470E-027  2.38780974E-026
  1.950000E+01  2.52715864E-026  1.91679293E-027  2.33547934E-026
  1.972000E+01  2.48141114E-026  1.92114698E-027  2.28929645E-026
  1.995000E+01  2.43810588E-026  1.92530277E-027  2.24557561E-026
  2.018000E+01  2.39853910E-026  1.92337639E-027  2.20620146E-026
  2.042000E+01  2.36147907E-026  1.92395584E-027  2.16908349E-026
  2.065000E+01  2.32977265E-026  1.93071313E-027  2.13670134E-026
  2.089000E+01  2.29936227E-026  1.93664011E-027  2.10569826E-026
  2.114000E+01  2.27021258E-026  1.94202004E-027  2.07601058E-026
  2.138000E+01  2.24437068E-026  1.94659779E-027  2.04971090E-026
  2.163000E+01  2.22006996E-026  1.95641029E-027  2.02442893E-026
  2.188000E+01  2.19770974E-026  1.96610011E-027  2.00109973E-026
  2.213000E+01  2.17715853E-026  1.97565079E-027  1.97959345E-026
  2.239000E+01  2.15684856E-026  1.97822470E-027  1.95902609E-026
  2.265000E+01  2.13846466E-026  1.98267816E-027  1.94019685E-026
  2.291000E+01  2.12206657E-026  1.99015462E-027  1.92305111E-026
  2.317000E+01  2.10781404E-026  2.00255256E-027  1.90755878E-026
  2.344000E+01  2.09472090E-026  2.01602351E-027  1.89311855E-026
  2.371000E+01  2.08297841E-026  2.02635495E-027  1.88034292E-026
  2.399000E+01  2.07264905E-026  2.03873637E-027  1.86877541E-026
  2.427000E+01  2.06414106E-026  2.05262859E-027  1.85887820E-026
  2.455000E+01  2.05731637E-026  2.06766729E-027  1.85054964E-026
  2.483000E+01  2.05202531E-026  2.08234129E-027  1.84379118E-026
  2.512000E+01  2.04780037E-026  2.09462605E-027  1.83833777E-026
  2.541000E+01  2.04528206E-026  2.10901238E-027  1.83438082E-026
  2.570000E+01  2.04434111E-026  2.12336850E-027  1.83200426E-026
  2.600000E+01  2.04500172E-026  2.13818212E-027  1.83118351E-026
  2.630000E+01  2.04730083E-026  2.15295214E-027  1.83200562E-026
  2.661000E+01  2.05137650E-026  2.16816348E-027  1.83456015E-026
  2.692000E+01  2.05716141E-026  2.18331817E-027  1.83882960E-026
  2.723000E+01  2.06464016E-026  2.19841195E-027  1.84479896E-026
  2.754000E+01  2.07380049E-026  2.21344116E-027  1.85245637E-026
  2.786000E+01  2.08397533E-026  2.23227266E-027  1.86074806E-026
  2.818000E+01  2.09565996E-026  2.25119402E-027  1.87054056E-026
  2.851000E+01  2.10929642E-026  2.27066029E-027  1.88223039E-026
  2.884000E+01  2.12451100E-026  2.29007723E-027  1.89550327E-026
  2.917000E+01  2.14127053E-026  2.30944327E-027  1.91032620E-026
  2.951000E+01  2.16011853E-026  2.32934204E-027  1.92718432E-026
  2.985000E+01  2.18053375E-026  2.34918579E-027  1.94561517E-026
  3.020000E+01  2.20119595E-026  2.37145345E-027  1.96405060E-026
  3.055000E+01  2.22168531E-026  2.39506748E-027  1.98217856E-026
  3.090000E+01  2.24329571E-026  2.41863130E-027  2.00143258E-026
  3.126000E+01  2.26662661E-026  2.44281820E-027  2.02234479E-026
  3.162000E+01  2.29100741E-026  2.46695768E-027  2.04431164E-026
  3.199000E+01  2.31708582E-026  2.49172318E-027  2.06791350E-026
  3.236000E+01  2.34412234E-026  2.51644993E-027  2.09247734E-026
  3.273000E+01  2.37203917E-026  2.54114580E-027  2.11792459E-026
  3.311000E+01  2.40154428E-026  2.56648679E-027  2.14489560E-026
  3.350000E+01  2.43261498E-026  2.59248342E-027  2.17336664E-026
  3.388000E+01  2.45898999E-026  2.62517581E-027  2.19647240E-026
  3.428000E+01  2.48716875E-026  2.65995308E-027  2.22117344E-026
  3.467000E+01  2.51513020E-026  2.69405203E-027  2.24572499E-026
  3.508000E+01  2.54500667E-026  2.73012679E-027  2.27199399E-026
  3.548000E+01  2.57459839E-026  2.76557223E-027  2.29804117E-026
  3.589000E+01  2.60535828E-026  2.80219095E-027  2.32513918E-026
  3.631000E+01  2.63729601E-026  2.84003973E-027  2.35329203E-026
  3.673000E+01  2.66964999E-026  2.87826965E-027  2.38182303E-026
  3.715000E+01  2.70240959E-026  2.91692504E-027  2.41071708E-026
  3.758000E+01  2.73630183E-026  2.95699741E-027  2.44060209E-026
  3.802000E+01  2.76865351E-026  2.99883527E-027  2.46876998E-026
  3.846000E+01  2.80185584E-026  3.04133031E-027  2.49772281E-026
  3.890000E+01  2.83595775E-026  3.08455338E-027  2.52750241E-026
  3.935000E+01  2.87181762E-026  3.12959117E-027  2.55885850E-026
  3.981000E+01  2.90955804E-026  3.17658992E-027  2.59189905E-026
  4.027000E+01  2.94845173E-026  3.22465807E-027  2.62598592E-026
  4.074000E+01  2.98944155E-026  3.27498576E-027  2.66194298E-026
  4.121000E+01  3.03175424E-026  3.32665998E-027  2.69908824E-026
  4.169000E+01  3.07682900E-026  3.38264724E-027  2.73856428E-026
  4.217000E+01  3.12392742E-026  3.44086963E-027  2.77984046E-026
  4.266000E+01  3.17406764E-026  3.50219690E-027  2.82384795E-026
  4.315000E+01  3.22635021E-026  3.56560041E-027  2.86979017E-026
  4.365000E+01  3.28196457E-026  3.63261788E-027  2.91870278E-026
  4.416000E+01  3.34109983E-026  3.70358712E-027  2.97074111E-026
  4.467000E+01  3.40271253E-026  3.77740275E-027  3.02497225E-026
  4.519000E+01  3.46879521E-026  3.85678700E-027  3.08311651E-026
  4.571000E+01  3.54046076E-026  3.94351517E-027  3.14610924E-026
  4.624000E+01  3.61672515E-026  4.03586698E-027  3.21313845E-026
  4.677000E+01  3.69625877E-026  4.13248468E-027  3.28301030E-026
  4.731000E+01  3.78066326E-026  4.23560150E-027  3.35710311E-026
  4.786000E+01  3.87012476E-026  4.34578695E-027  3.43554606E-026
  4.842000E+01  3.96482096E-026  4.46365213E-027  3.51845575E-026
  4.898000E+01  4.06313124E-026  4.58757977E-027  3.60437326E-026
  4.954000E+01  4.16501753E-026  4.71790585E-027  3.69322694E-026
  5.012000E+01  4.27522105E-026  4.86116911E-027  3.78910414E-026
  5.070000E+01  4.39278979E-026  5.01645298E-027  3.89114449E-026
  5.129000E+01  4.51645578E-026  5.18291194E-027  3.99816459E-026
  5.188000E+01  4.64515608E-026  5.35959906E-027  4.10919618E-026
  5.248000E+01  4.78192546E-026  5.55119054E-027  4.22680641E-026
  5.309000E+01  4.92517593E-026  5.75652335E-027  4.34952360E-026
  5.370000E+01  5.07251571E-026  5.97288874E-027  4.47522683E-026
  5.433000E+01  5.23130232E-026  6.21091437E-027  4.61021089E-026
  5.495000E+01  5.39286095E-026  6.45890782E-027  4.74697017E-026
  5.559000E+01  5.56373099E-026  6.72834742E-027  4.89089624E-026
  5.623000E+01  5.73854481E-026  7.01179833E-027  5.03736498E-026
  5.688000E+01  5.92355645E-026  7.31968861E-027  5.19158759E-026
  5.754000E+01  6.11620951E-026  7.64959426E-027  5.35125008E-026
  5.821000E+01  6.31553733E-026  8.00130814E-027  5.51540652E-026
  5.888000E+01  6.51834862E-026  8.37019653E-027  5.68132897E-026
  5.957000E+01  6.73486999E-026  8.77557951E-027  5.85731204E-026
  6.026000E+01  6.95600808E-026  9.20254754E-027  6.03575332E-026
  6.095000E+01  7.18013431E-026  9.64909748E-027  6.21522456E-026
  6.166000E+01  7.41349588E-026  1.01290624E-026  6.40058964E-026
  6.237000E+01  7.65169205E-026  1.06334321E-026  6.58834884E-026
  6.310000E+01  7.90105950E-026  1.11773902E-026  6.78332048E-026
  6.383000E+01  8.15363168E-026  1.17468334E-026  6.97894834E-026
  6.457000E+01  8.41386551E-026  1.23534488E-026  7.17852064E-026
  6.531000E+01  8.67563822E-026  1.29837771E-026  7.37726051E-026
  6.607000E+01  8.94895856E-026  1.36611524E-026  7.58284332E-026
  6.683000E+01  9.22283401E-026  1.43626741E-026  7.78656661E-026
  6.761000E+01  9.50723243E-026  1.51129598E-026  7.99593645E-026
  6.839000E+01  9.79240563E-026  1.58897135E-026  8.20343428E-026
  6.918000E+01  1.00822040E-025  1.67068480E-026  8.41151923E-026
  6.998000E+01  1.03774158E-025  1.75695425E-026  8.62046153E-026
  7.079000E+01  1.06758292E-025  1.84607578E-026  8.82975343E-026
  7.161000E+01  1.09803968E-025  1.94060801E-026  9.03978878E-026
  7.244000E+01  1.12865091E-025  2.03889210E-026  9.24761698E-026
  7.328000E+01  1.15954799E-025  2.14123930E-026  9.45424062E-026
  7.413000E+01  1.19078513E-025  2.24788775E-026  9.65996351E-026
  7.499000E+01  1.22197445E-025  2.35799317E-026  9.86175133E-026
  7.586000E+01  1.25355933E-025  2.47272104E-026  1.00628723E-025
  7.674000E+01  1.28509616E-025  2.59104413E-026  1.02599175E-025
  7.762000E+01  1.31615875E-025  2.71152075E-026  1.04500668E-025
  7.852000E+01  1.34790001E-025  2.83871961E-026  1.06402804E-025
  7.943000E+01  1.37930737E-025  2.96893364E-026  1.08241400E-025
  8.035000E+01  1.41061473E-025  3.10279971E-026  1.10033476E-025
  8.128000E+01  1.44195656E-025  3.24072842E-026  1.11788372E-025
  8.222000E+01  1.47278849E-025  3.38112273E-026  1.13467622E-025
  8.318000E+01  1.50388004E-025  3.52701638E-026  1.15117840E-025
  8.414000E+01  1.53446984E-025  3.67501037E-026  1.16696880E-025
  8.511000E+01  1.56438540E-025  3.82482384E-026  1.18190302E-025
  8.610000E+01  1.59450690E-025  3.97963623E-026  1.19654328E-025
  8.710000E+01  1.62428645E-025  4.13713165E-026  1.21057328E-025
  8.811000E+01  1.65322179E-025  4.29562175E-026  1.22365962E-025
  8.912000E+01  1.68169543E-025  4.45579034E-026  1.23611639E-025
  9.016000E+01  1.71038944E-025  4.62181060E-026  1.24820838E-025
  9.120000E+01  1.73782352E-025  4.78637368E-026  1.25918615E-025
  9.226000E+01  1.76490504E-025  4.95381347E-026  1.26952370E-025
  9.332000E+01  1.79133319E-025  5.12163680E-026  1.27916951E-025
  9.441000E+01  1.81710723E-025  5.29166986E-026  1.28794024E-025
  9.550000E+01  1.84159695E-025  5.45944562E-026  1.29565239E-025
  9.661000E+01  1.86628994E-025  5.63285329E-026  1.30300461E-025
  9.772000E+01  1.88950982E-025  5.80281228E-026  1.30922859E-025
  9.886000E+01  1.91181016E-025  5.97334573E-026  1.31447559E-025
  1.000000E+02  1.93255055E-025  6.13946493E-026  1.31860406E-025
  1.012000E+02  1.95436919E-025  6.31635807E-026  1.32273338E-025
  1.023000E+02  1.97290355E-025  6.47385480E-026  1.32551807E-025
  1.035000E+02  1.99196187E-025  6.64174787E-026  1.32778709E-025
  1.047000E+02  2.01193479E-025  6.81273086E-026  1.33066170E-025
  1.059000E+02  2.03041233E-025  6.97800964E-026  1.33261136E-025
  1.072000E+02  2.04875756E-025  7.15023495E-026  1.33373406E-025
  1.084000E+02  2.06416591E-025  7.30258043E-026  1.33390787E-025
  1.097000E+02  2.07922900E-025  7.46010324E-026  1.33321868E-025
  1.109000E+02  2.09165379E-025  7.59829921E-026  1.33182387E-025
  1.122000E+02  2.10354148E-025  7.73993391E-026  1.32954809E-025
  1.135000E+02  2.11635494E-025  7.88080038E-026  1.32827490E-025
  1.148000E+02  2.12943316E-025  8.01853573E-026  1.32757958E-025
  1.161000E+02  2.14123125E-025  8.14796261E-026  1.32643499E-025
  1.175000E+02  2.15257777E-025  8.27786448E-026  1.32479133E-025
  1.188000E+02  2.16361063E-025  8.39556058E-026  1.32405457E-025
  1.202000E+02  2.17587583E-025  8.51821111E-026  1.32405471E-025
  1.216000E+02  2.18715670E-025  8.63121031E-026  1.32403567E-025
  1.230000E+02  2.19756569E-025  8.73447807E-026  1.32411788E-025
  1.244000E+02  2.20851567E-025  8.83212937E-026  1.32530273E-025
  1.259000E+02  2.22266166E-025  8.93688332E-026  1.32897333E-025
  1.273000E+02  2.23499631E-025  9.02513842E-026  1.33248247E-025
  1.288000E+02  2.24722605E-025  9.10952301E-026  1.33627375E-025
  1.303000E+02  2.25831574E-025  9.18343504E-026  1.33997224E-025
  1.318000E+02  2.26806257E-025  9.24695836E-026  1.34336673E-025
  1.334000E+02  2.27663874E-025  9.30339254E-026  1.34629949E-025
  1.349000E+02  2.28253409E-025  9.34582962E-026  1.34795113E-025
  1.365000E+02  2.27788688E-025  9.40275976E-026  1.33761090E-025
  1.380000E+02  2.26813148E-025  9.44808657E-026  1.32332282E-025
  1.396000E+02  2.25280540E-025  9.48654829E-026  1.30415057E-025
  1.412000E+02  2.23296025E-025  9.51501137E-026  1.28145912E-025
  1.429000E+02  2.20767859E-025  9.53455600E-026  1.25422299E-025
  1.445000E+02  2.18067914E-025  9.54314383E-026  1.22636476E-025
  1.462000E+02  2.14936050E-025  9.54214849E-026  1.19514565E-025
  1.479000E+02  2.11604236E-025  9.53105114E-026  1.16293725E-025
  1.496000E+02  2.08133809E-025  9.51019579E-026  1.13031851E-025
  1.514000E+02  2.04945619E-025  9.50271443E-026  1.09918475E-025
  1.531000E+02  2.02080042E-025  9.49337481E-026  1.07146294E-025
  1.549000E+02  1.99046226E-025  9.47455948E-026  1.04300631E-025
  1.567000E+02  1.96012750E-025  9.44692562E-026  1.01543494E-025
  1.585000E+02  1.92979539E-025  9.41084782E-026  9.88710607E-026
  1.603000E+02  1.89946572E-025  9.36670362E-026  9.62795359E-026
  1.622000E+02  1.86745501E-025  9.31177433E-026  9.36277574E-026
  1.641000E+02  1.83545179E-025  9.24872404E-026  9.10579386E-026
  1.660000E+02  1.80346194E-025  9.17799479E-026  8.85662459E-026
  1.679000E+02  1.77149366E-025  9.10002430E-026  8.61491227E-026
  1.698000E+02  1.73955731E-025  9.01524441E-026  8.38032867E-026
  1.718000E+02  1.70598809E-025  8.91911270E-026  8.14076820E-026
  1.738000E+02  1.67248404E-025  8.81639163E-026  7.90844877E-026
  1.758000E+02  1.64116263E-025  8.71993862E-026  7.69168770E-026
  1.778000E+02  1.61292024E-025  8.63623129E-026  7.49297110E-026
  1.799000E+02  1.58319361E-025  8.54271582E-026  7.28922033E-026
  1.820000E+02  1.55342995E-025  8.44387318E-026  7.09042634E-026
  1.841000E+02  1.52366520E-025  8.34012922E-026  6.89652279E-026
  1.862000E+02  1.49393371E-025  8.23189510E-026  6.70744204E-026
  1.884000E+02  1.46285771E-025  8.11412240E-026  6.51445466E-026
  1.906000E+02  1.43188960E-025  7.99229357E-026  6.32660247E-026
  1.928000E+02  1.40106285E-025  7.86682713E-026  6.14380139E-026
  1.950000E+02  1.37040878E-025  7.73812267E-026  5.96596509E-026
  1.972000E+02  1.33995661E-025  7.60656096E-026  5.79300509E-026
  1.995000E+02  1.30836558E-025  7.46635690E-026  5.61729888E-026
  2.018000E+02  1.27963136E-025  7.34125237E-026  5.45506123E-026
  2.042000E+02  1.25062013E-025  7.21348917E-026  5.29271211E-026
  2.065000E+02  1.22303738E-025  7.08909540E-026  5.14127840E-026
  2.089000E+02  1.19451275E-025  6.95758650E-026  4.98754101E-026
  2.114000E+02  1.16510709E-025  6.81908837E-026  4.83198253E-026
  2.138000E+02  1.13719736E-025  6.68499455E-026  4.68697909E-026
  2.163000E+02  1.10848087E-025  6.54444000E-026  4.54036872E-026
  2.188000E+02  1.08014870E-025  6.40328825E-026  4.39819870E-026
  2.213000E+02  1.05221949E-025  6.26181635E-026  4.26037855E-026
  2.239000E+02  1.02361805E-025  6.11462162E-026  4.12155887E-026
  2.265000E+02  9.96305241E-026  5.97581892E-026  3.98723350E-026
  2.291000E+02  9.70065537E-026  5.84336423E-026  3.85729114E-026
  2.317000E+02  9.44285671E-026  5.71123784E-026  3.73161887E-026
  2.344000E+02  9.18009942E-026  5.57458900E-026  3.60551043E-026
  2.371000E+02  8.92246530E-026  5.43870960E-026  3.48375570E-026
  2.399000E+02  8.66075977E-026  5.29880671E-026  3.36195306E-026
  2.427000E+02  8.40495475E-026  5.16040229E-026  3.24455245E-026
  2.455000E+02  8.15483395E-026  5.02342123E-026  3.13141272E-026
  2.483000E+02  7.91014440E-026  4.88775007E-026  3.02239432E-026
  2.512000E+02  7.66091350E-026  4.74518740E-026  2.91572609E-026
  2.541000E+02  7.41777895E-026  4.60193325E-026  2.81584571E-026
  2.570000E+02  7.18042421E-026  4.46089663E-026  2.71952758E-026
  2.600000E+02  6.94100342E-026  4.31748782E-026  2.62351561E-026
  2.630000E+02  6.71514665E-026  4.18407716E-026  2.53106949E-026
  2.661000E+02  6.48786023E-026  4.04870243E-026  2.43915780E-026
  2.691000E+02  6.27375280E-026  3.92016611E-026  2.35358669E-026
  2.723000E+02  6.05163854E-026  3.78580202E-026  2.26583652E-026
  2.754000E+02  5.84419470E-026  3.66002446E-026  2.18417024E-026
  2.786000E+02  5.64650266E-026  3.54331599E-026  2.10318667E-026
  2.818000E+02  5.45452962E-026  3.42908751E-026  2.02544211E-026
  2.851000E+02  5.26243824E-026  3.31391343E-026  1.94852481E-026
  2.884000E+02  5.07620084E-026  3.20142115E-026  1.87477968E-026
  2.917000E+02  4.89569437E-026  3.09161919E-026  1.80407519E-026
  2.951000E+02  4.71557831E-026  2.98130402E-026  1.73427429E-026
  2.985000E+02  4.54126990E-026  2.87383729E-026  1.66743261E-026
  3.020000E+02  4.37682493E-026  2.77403223E-026  1.60279270E-026
  3.055000E+02  4.22430840E-026  2.68255056E-026  1.54175784E-026
  3.090000E+02  4.07673098E-026  2.59345464E-026  1.48327634E-026
  3.126000E+02  3.92995273E-026  2.50428054E-026  1.42567219E-026
  3.162000E+02  3.78812013E-026  2.41758161E-026  1.37053852E-026
  3.199000E+02  3.64735237E-026  2.33102040E-026  1.31633198E-026
  3.236000E+02  3.51150630E-026  2.24700198E-026  1.26450432E-026
  3.273000E+02  3.38043046E-026  2.16548441E-026  1.21494605E-026
  3.311000E+02  3.25062023E-026  2.08431957E-026  1.16630066E-026
  3.350000E+02  3.12229429E-026  2.00365846E-026  1.11863583E-026
  3.388000E+02  3.00187316E-026  1.92758273E-026  1.07429043E-026
  3.428000E+02  2.87986403E-026  1.85012559E-026  1.02973844E-026
  3.467000E+02  2.76543117E-026  1.77713250E-026  9.88298663E-027
  3.508000E+02  2.65437775E-026  1.70762274E-026  9.46755011E-027
  3.548000E+02  2.55523480E-026  1.64697391E-026  9.08260890E-027
  3.589000E+02  2.45832419E-026  1.58685272E-026  8.71471469E-027
  3.631000E+02  2.36288014E-026  1.52735302E-026  8.35527121E-027
  3.673000E+02  2.27116477E-026  1.46990695E-026  8.01257820E-027
  3.715000E+02  2.18303382E-026  1.41445472E-026  7.68579100E-027
  3.758000E+02  2.09637223E-026  1.35968568E-026  7.36686547E-027
  3.802000E+02  2.01128208E-026  1.30567574E-026  7.05606341E-027
  3.846000E+02  1.92967159E-026  1.25365545E-026  6.76016147E-027
  3.890000E+02  1.85139673E-026  1.20355879E-026  6.47837941E-027
  3.935000E+02  1.77464865E-026  1.15424567E-026  6.20402976E-027
  3.981000E+02  1.69950297E-026  1.10577540E-026  5.93727565E-027
  4.027000E+02  1.63171556E-026  1.06335366E-026  5.68361906E-027
  4.074000E+02  1.56595111E-026  1.02222712E-026  5.43723984E-027
  4.121000E+02  1.50297628E-026  9.82667891E-027  5.20308390E-027
  4.169000E+02  1.44183975E-026  9.43824840E-027  4.98014910E-027
  4.217000E+02  1.38344590E-026  9.06496873E-027  4.76949025E-027
  4.266000E+02  1.32639227E-026  8.69893935E-027  4.56498332E-027
  4.315000E+02  1.27180459E-026  8.34749988E-027  4.37054600E-027
  4.365000E+02  1.21852797E-026  8.00332942E-027  4.18195030E-027
  4.416000E+02  1.16659188E-026  7.66669378E-027  3.99922506E-027
  4.467000E+02  1.11697111E-026  7.34401770E-027  3.82569344E-027
  4.519000E+02  1.07023533E-026  7.04466164E-027  3.65769170E-027
  4.571000E+02  1.02645035E-026  6.76630323E-027  3.49820022E-027
  4.624000E+02  9.83815092E-027  6.49424988E-027  3.34390104E-027
  4.677000E+02  9.43093134E-027  6.23346591E-027  3.19746543E-027
  4.731000E+02  9.03474315E-027  5.97885231E-027  3.05589085E-027
  4.786000E+02  8.64967639E-027  5.73052795E-027  2.91914844E-027
  4.842000E+02  8.27578704E-027  5.48858994E-027  2.78719709E-027
  4.898000E+02  7.91931179E-027  5.25715471E-027  2.66215708E-027
  4.955000E+02  7.57344154E-027  5.03187928E-027  2.54156225E-027
  5.012000E+02  7.24761037E-027  4.81944923E-027  2.42816114E-027
  5.070000E+02  6.94464964E-027  4.62295819E-027  2.32169145E-027
  5.129000E+02  6.65074913E-027  4.43180041E-027  2.21894872E-027
  5.188000E+02  6.37051872E-027  4.24902757E-027  2.12149115E-027
  5.248000E+02  6.09883709E-027  4.07135068E-027  2.02748641E-027
  5.309000E+02  5.83566273E-027  3.89877957E-027  1.93688316E-027
  5.370000E+02  5.58494610E-027  3.73395129E-027  1.85099481E-027
  5.432000E+02  5.34221520E-027  3.57397047E-027  1.76824473E-027
  5.495000E+02  5.10912853E-027  3.42055206E-027  1.68857646E-027
  5.559000E+02  4.88981469E-027  3.27788529E-027  1.61192941E-027
  5.623000E+02  4.68101357E-027  3.14167096E-027  1.53934262E-027
  5.688000E+02  4.47913282E-027  3.00960554E-027  1.46952728E-027
  5.754000E+02  4.28407982E-027  2.88165806E-027  1.40242176E-027
  5.821000E+02  4.09575215E-027  2.75779028E-027  1.33796187E-027
  5.888000E+02  3.91664455E-027  2.63967801E-027  1.27696655E-027
  5.957000E+02  3.74129578E-027  2.52374684E-027  1.21754895E-027
  6.026000E+02  3.57688046E-027  2.41551330E-027  1.16136716E-027
  6.095000E+02  3.42168859E-027  2.31346739E-027  1.10822120E-027
  6.166000E+02  3.26989854E-027  2.21339093E-027  1.05650761E-027
  6.237000E+02  3.12648892E-027  2.11886666E-027  1.00762226E-027
  6.310000E+02  2.98713358E-027  2.02700978E-027  9.60123794E-028
  6.383000E+02  2.85488584E-027  1.93963419E-027  9.15251649E-028
  6.457000E+02  2.72876578E-027  1.85648975E-027  8.72276029E-028
  6.531000E+02  2.60896591E-027  1.77729639E-027  8.31669514E-028
  6.607000E+02  2.49249111E-027  1.70021567E-027  7.92275445E-028
  6.683000E+02  2.38246108E-027  1.62738727E-027  7.55073807E-028
  6.761000E+02  2.27527712E-027  1.55624996E-027  7.19027153E-028
  6.839000E+02  2.17431105E-027  1.48930714E-027  6.85003912E-028
  6.918000E+02  2.07747113E-027  1.42499670E-027  6.52474434E-028
  6.998000E+02  1.98442044E-027  1.36303517E-027  6.21385269E-028
  7.080000E+02  1.89620513E-027  1.30387529E-027  5.92329841E-028
  7.161000E+02  1.81355373E-027  1.24832167E-027  5.65232065E-028
  7.244000E+02  1.73314211E-027  1.19416340E-027  5.38978710E-028
  7.328000E+02  1.65591783E-027  1.14204690E-027  5.13870926E-028
  7.413000E+02  1.58178188E-027  1.09191530E-027  4.89866578E-028
  7.499000E+02  1.51063615E-027  1.04371178E-027  4.66924368E-028
  7.586000E+02  1.44332296E-027  9.98319077E-028  4.45003886E-028
  7.674000E+02  1.37876432E-027  9.54698675E-028  4.24065648E-028
  7.762000E+02  1.31752828E-027  9.13238799E-028  4.04289481E-028
  7.852000E+02  1.25813417E-027  8.72945218E-028  3.85188956E-028
  7.943000E+02  1.20120776E-027  8.34248962E-028  3.66958796E-028
  8.035000E+02  1.14717160E-027  7.97608107E-028  3.49563498E-028
  8.128000E+02  1.09564119E-027  7.62672583E-028  3.32968606E-028
  8.222000E+02  1.04627597E-027  7.29135249E-028  3.17140717E-028
  8.318000E+02  9.98512260E-028  6.96619036E-028  3.01893224E-028
  8.414000E+02  9.53266619E-028  6.65754538E-028  2.87512081E-028
  8.511000E+02  9.09952564E-028  6.36148991E-028  2.73803573E-028
  8.610000E+02  8.68085113E-028  6.07476022E-028  2.60609091E-028
  8.710000E+02  8.28048130E-028  5.80003454E-028  2.48044676E-028
  8.810000E+02  7.90137692E-028  5.53940728E-028  2.36196964E-028
  8.912000E+02  7.53525975E-028  5.28723952E-028  2.24802023E-028
  9.016000E+02  7.18309296E-028  5.04455880E-028  2.13853416E-028
  9.120000E+02  6.85451709E-028  4.81915512E-028  2.03536197E-028
  9.226000E+02  6.53754704E-028  4.60127686E-028  1.93627018E-028
  9.333000E+02  6.23480587E-028  4.39276679E-028  1.84203908E-028
  9.441000E+02  5.94569148E-028  4.19325416E-028  1.75243732E-028
  9.550000E+02  5.66962373E-028  4.00238017E-028  1.66724356E-028
  9.660000E+02  5.40604399E-028  3.81979789E-028  1.58624610E-028
  9.772000E+02  5.15221044E-028  3.64364091E-028  1.50856953E-028
  9.885000E+02  4.91004903E-028  3.47527721E-028  1.43477183E-028
  1.000000E+03  4.67714860E-028  3.31306946E-028  1.36407914E-028
  1.012000E+03  4.45428248E-028  3.15833906E-028  1.29594342E-028
  1.023000E+03  4.26087267E-028  3.02383702E-028  1.23703566E-028
  1.035000E+03  4.06101649E-028  2.88462773E-028  1.17638876E-028
  1.047000E+03  3.87206583E-028  2.75279824E-028  1.11926759E-028
  1.059000E+03  3.69333672E-028  2.62790034E-028  1.06543638E-028
  1.072000E+03  3.51051228E-028  2.49993285E-028  1.01057943E-028
  1.084000E+03  3.35108863E-028  2.38816767E-028  9.62920961E-029
  1.096000E+03  3.20006637E-028  2.28213539E-028  9.17930981E-029
  1.109000E+03  3.04535050E-028  2.17334656E-028  8.72003941E-029
  1.122000E+03  2.89929730E-028  2.07049252E-028  8.28804781E-029
  1.135000E+03  2.76134996E-028  1.97320295E-028  7.88147007E-029
  1.148000E+03  2.63099207E-028  1.88113358E-028  7.49858490E-029
  1.161000E+03  2.50774442E-028  1.79396418E-028  7.13780242E-029
  1.175000E+03  2.38245809E-028  1.70522783E-028  6.77230260E-029
  1.188000E+03  2.27259187E-028  1.62730627E-028  6.45285597E-029
  1.202000E+03  2.16102109E-028  1.54813220E-028  6.12888894E-029
  1.216000E+03  2.05726954E-028  1.47481771E-028  5.82451828E-029
  1.230000E+03  1.95929569E-028  1.40548685E-028  5.53808837E-029
  1.244000E+03  1.86731011E-028  1.34040620E-028  5.26903904E-029
  1.259000E+03  1.77571679E-028  1.27576300E-028  4.99953796E-029
  1.274000E+03  1.68937138E-028  1.21473068E-028  4.74640702E-029
  1.288000E+03  1.61321099E-028  1.16082009E-028  4.52390897E-029
  1.303000E+03  1.53605172E-028  1.10612589E-028  4.29925832E-029
  1.318000E+03  1.46319537E-028  1.05440870E-028  4.08786669E-029
  1.334000E+03  1.38991355E-028  1.00231540E-028  3.87598152E-029
  1.349000E+03  1.32509637E-028  9.56175274E-029  3.68921099E-029
  1.365000E+03  1.25982906E-028  9.09651947E-029  3.50177110E-029
  1.380000E+03  1.20203842E-028  8.68403812E-029  3.33634609E-029
  1.396000E+03  1.14378508E-028  8.26772164E-029  3.17012912E-029
  1.412000E+03  1.08880732E-028  7.87430879E-029  3.01376437E-029
  1.429000E+03  1.03374577E-028  7.47978834E-029  2.85766940E-029
  1.445000E+03  9.84872027E-029  7.12916472E-029  2.71955555E-029
  1.462000E+03  9.35869951E-029  6.77719293E-029  2.58150658E-029
  1.479000E+03  8.89685662E-029  6.44505711E-029  2.45179951E-029
  1.496000E+03  8.46133006E-029  6.13147731E-029  2.32985276E-029
  1.514000E+03  8.03976452E-029  5.83091806E-029  2.20884646E-029
  1.531000E+03  7.66744389E-029  5.56595312E-029  2.10149077E-029
  1.549000E+03  7.29527044E-029  5.30069863E-029  1.99457180E-029
  1.567000E+03  6.94429519E-029  5.05017793E-029  1.89411726E-029
  1.585000E+03  6.61312237E-029  4.81344613E-029  1.79967625E-029
  1.603000E+03  6.30046056E-029  4.58962717E-029  1.71083339E-029
  1.622000E+03  5.98919086E-029  4.36648538E-029  1.62270547E-029
  1.641000E+03  5.69591407E-029  4.15594009E-029  1.53997398E-029
  1.660000E+03  5.41942912E-029  3.95717146E-029  1.46225767E-029
  1.679000E+03  5.15862594E-029  3.76942021E-029  1.38920573E-029
  1.698000E+03  4.91247774E-029  3.59198266E-029  1.32049508E-029
  1.718000E+03  4.66816281E-029  3.41563170E-029  1.25253111E-029
  1.738000E+03  4.43800860E-029  3.24928065E-029  1.18872796E-029
  1.758000E+03  4.22106859E-029  3.09227694E-029  1.12879165E-029
  1.778000E+03  4.01646801E-029  2.94401633E-029  1.07245168E-029
  1.799000E+03  3.81403329E-029  2.79714029E-029  1.01689299E-029
  1.820000E+03  3.62344602E-029  2.65868649E-029  9.64759525E-030
  1.841000E+03  3.44390765E-029  2.52810010E-029  9.15807546E-030
  1.862000E+03  3.27468065E-029  2.40486773E-029  8.69812917E-030
  1.884000E+03  3.10771269E-029  2.28313723E-029  8.24575454E-030
  1.906000E+03  2.95059000E-029  2.16845064E-029  7.82139362E-030
  1.928000E+03  2.80264496E-029  2.06034060E-029  7.42304359E-030
  1.950000E+03  2.66326125E-029  1.95837490E-029  7.04886350E-030
  1.972000E+03  2.53186943E-029  1.86215347E-029  6.69715965E-030
  1.995000E+03  2.40247932E-029  1.76729831E-029  6.35181001E-030
  2.018000E+03  2.28439713E-029  1.68182262E-029  6.02574508E-030
  2.042000E+03  2.16945807E-029  1.59883391E-029  5.70624164E-030
  2.065000E+03  2.06568887E-029  1.52378548E-029  5.41903391E-030
  2.089000E+03  1.96361598E-029  1.44984473E-029  5.13771248E-030
  2.114000E+03  1.86357486E-029  1.37725741E-029  4.86317455E-030
  2.138000E+03  1.77315833E-029  1.31154935E-029  4.61608974E-030
  2.163000E+03  1.68443200E-029  1.24697044E-029  4.37461564E-030
  2.188000E+03  1.60089860E-029  1.18607852E-029  4.14820075E-030
  2.213000E+03  1.52220639E-029  1.12863083E-029  3.93575563E-030
  2.239000E+03  1.44515340E-029  1.07229761E-029  3.72855789E-030
  2.265000E+03  1.37264900E-029  1.01921326E-029  3.53435738E-030
  2.291000E+03  1.30438284E-029  9.69161970E-030  3.35220869E-030
  2.317000E+03  1.24006867E-029  9.21944214E-030  3.18124454E-030
  2.344000E+03  1.17718070E-029  8.75711715E-030  3.01468987E-030
  2.371000E+03  1.11799668E-029  8.32144700E-030  2.85851984E-030
  2.399000E+03  1.06026395E-029  7.89590700E-030  2.70673252E-030
  2.427000E+03  1.00598533E-029  7.49531385E-030  2.56453941E-030
  2.455000E+03  9.54922587E-030  7.11798806E-030  2.43123781E-030
  2.483000E+03  9.07034413E-030  6.76416063E-030  2.30618350E-030
  2.512000E+03  8.61676092E-030  6.43203385E-030  2.18472708E-030
  2.541000E+03  8.18980432E-030  6.11892322E-030  2.07088110E-030
  2.570000E+03  7.78766336E-030  5.82357014E-030  1.96409322E-030
  2.600000E+03  7.39599231E-030  5.53548106E-030  1.86051125E-030
  2.630000E+03  7.02738520E-030  5.26395947E-030  1.76342574E-030
  2.661000E+03  6.66905259E-030  4.99962444E-030  1.66942815E-030
  2.692000E+03  6.33207175E-030  4.75068491E-030  1.58138684E-030
  2.723000E+03  6.01497147E-030  4.51610654E-030  1.49886493E-030
  2.754000E+03  5.71639588E-030  4.29493397E-030  1.42146191E-030
  2.786000E+03  5.42629439E-030  4.07975251E-030  1.34654187E-030
  2.818000E+03  5.15333142E-030  3.87701741E-030  1.27631401E-030
  2.851000E+03  4.88855216E-030  3.68010584E-030  1.20844632E-030
  2.884000E+03  4.63957524E-030  3.49470987E-030  1.14486536E-030
  2.917000E+03  4.40531271E-030  3.32005478E-030  1.08525793E-030
  2.951000E+03  4.17828248E-030  3.15058558E-030  1.02769690E-030
  2.985000E+03  3.96479716E-030  2.99103614E-030  9.73761020E-031
  3.020000E+03  3.76258685E-030  2.84083972E-030  9.21747135E-031
  3.055000E+03  3.57552051E-030  2.70248929E-030  8.73031223E-031
  3.090000E+03  3.39940719E-030  2.57203564E-030  8.27371545E-031
  3.126000E+03  3.22890593E-030  2.44554347E-030  7.83362461E-031
  3.162000E+03  3.06845975E-030  2.32632853E-030  7.42131225E-031
  3.199000E+03  2.91331217E-030  2.21087582E-030  7.02436347E-031
  3.236000E+03  2.76737283E-030  2.10211260E-030  6.65260231E-031
  3.273000E+03  2.63000871E-030  1.99959049E-030  6.30418217E-031
  3.311000E+03  2.49724552E-030  1.90035914E-030  5.96886372E-031
  3.350000E+03  2.36914326E-030  1.80447308E-030  5.64670186E-031
  3.388000E+03  2.25172332E-030  1.71645891E-030  5.35264414E-031
  3.428000E+03  2.13546415E-030  1.62919361E-030  5.06270536E-031
  3.467000E+03  2.02886261E-030  1.54906752E-030  4.79795093E-031
  3.508000E+03  1.92348093E-030  1.46975109E-030  4.53729833E-031
  3.548000E+03  1.82681923E-030  1.39690066E-030  4.29918571E-031
  3.589000E+03  1.73360734E-030  1.32655892E-030  4.07048423E-031
  3.631000E+03  1.64385395E-030  1.25873932E-030  3.85114638E-031
  3.673000E+03  1.55949824E-030  1.19491695E-030  3.64581292E-031
  3.715000E+03  1.48016579E-030  1.13482059E-030  3.45345196E-031
  3.758000E+03  1.40378857E-030  1.07689224E-030  3.26896329E-031
  3.802000E+03  1.33035593E-030  1.02112954E-030  3.09226381E-031
  3.846000E+03  1.26136489E-030  9.68677135E-031  2.92687755E-031
  3.890000E+03  1.19650615E-030  9.19309261E-031  2.77196891E-031
  3.936000E+03  1.13280869E-030  8.70769549E-031  2.62039145E-031
  3.981000E+03  1.07427733E-030  8.26116233E-031  2.48161093E-031
  4.027000E+03  1.01942988E-030  7.84555965E-031  2.34873910E-031
  4.074000E+03  9.67669476E-031  7.45501944E-031  2.22167532E-031
  4.121000E+03  9.18996251E-031  7.08721238E-031  2.10275013E-031
  4.169000E+03  8.72252200E-031  6.73345169E-031  1.98907032E-031
  4.217000E+03  8.28296512E-031  6.40029897E-031  1.88266616E-031
  4.266000E+03  7.86101274E-031  6.08002021E-031  1.78099254E-031
  4.315000E+03  7.46422589E-031  5.77840724E-031  1.68581865E-031
  4.365000E+03  7.08348117E-031  5.48857552E-031  1.59490565E-031
  4.416000E+03  6.71849305E-031  5.21034329E-031  1.50814975E-031
  4.467000E+03  6.37546070E-031  4.94848185E-031  1.42697886E-031
  4.519000E+03  6.04672698E-031  4.69718945E-031  1.34953754E-031
  4.571000E+03  5.73774354E-031  4.46067376E-031  1.27706977E-031
  4.624000E+03  5.44172333E-031  4.23377798E-031  1.20794535E-031
  4.677000E+03  5.16346197E-031  4.02021341E-031  1.14324856E-031
  4.732000E+03  4.89216184E-031  3.81171957E-031  1.08044227E-031
  4.786000E+03  4.64189062E-031  3.61913927E-031  1.02275135E-031
  4.842000E+03  4.39801204E-031  3.43124121E-031  9.66770828E-032
  4.898000E+03  4.16896492E-031  3.25454935E-031  9.14415570E-032
  4.954000E+03  3.95371045E-031  3.08829527E-031  8.65415183E-032
  5.012000E+03  3.74589183E-031  2.92795425E-031  8.17937581E-032
  5.070000E+03  3.55621937E-031  2.78267787E-031  7.73541497E-032
  5.129000E+03  3.37485115E-031  2.64354709E-031  7.31304062E-032
  5.188000E+03  3.20434287E-031  2.51254762E-031  6.91795250E-032
  5.248000E+03  3.04130579E-031  2.38709988E-031  6.54205917E-032
  5.309000E+03  2.88551547E-031  2.26704903E-031  6.18466440E-032
  5.370000E+03  2.73907076E-031  2.15403375E-031  5.85037009E-032
  5.432000E+03  2.59913394E-031  2.04588429E-031  5.53249654E-032
  5.495000E+03  2.46549787E-031  1.94245578E-031  5.23042090E-032
  5.559000E+03  2.33795411E-031  1.84360164E-031  4.94352471E-032
  5.623000E+03  2.21810830E-031  1.75058351E-031  4.67524792E-032
  5.688000E+03  2.10371714E-031  1.66167647E-031  4.42040663E-032
  5.754000E+03  1.99459233E-031  1.57674662E-031  4.17845718E-032
  5.821000E+03  1.89054640E-031  1.49565996E-031  3.94886440E-032
  5.888000E+03  1.79280659E-031  1.41938662E-031  3.73419966E-032
  5.957000E+03  1.69827539E-031  1.34552024E-031  3.52755152E-032
  6.026000E+03  1.60952229E-031  1.27607872E-031  3.33443572E-032
  6.095000E+03  1.52614030E-031  1.21075706E-031  3.15383234E-032
  6.166000E+03  1.44555390E-031  1.14754661E-031  2.98007285E-032
  6.237000E+03  1.37100829E-031  1.08924389E-031  2.81764403E-032
  6.310000E+03  1.29999348E-031  1.03383755E-031  2.66155923E-032
  6.383000E+03  1.23328438E-031  9.81713505E-032  2.51570880E-032
  6.456000E+03  1.17057903E-031  9.32646991E-032  2.37932042E-032
  6.531000E+03  1.11003360E-031  8.85202829E-032  2.24830769E-032
  6.607000E+03  1.05240876E-031  8.39982961E-032  2.12425798E-032
  6.683000E+03  9.98272455E-032  7.97441212E-032  2.00831243E-032
  6.761000E+03  9.46083200E-032  7.56372829E-032  1.89710372E-032
  6.839000E+03  8.97069115E-032  7.17750366E-032  1.79318749E-032
  6.918000E+03  8.50434955E-032  6.80954049E-032  1.69480906E-032
  6.998000E+03  8.06078678E-032  6.45908831E-032  1.60169846E-032
  7.080000E+03  7.64603116E-032  6.13348602E-032  1.51254514E-032
  7.161000E+03  7.26139586E-032  5.83114359E-032  1.43025227E-032
  7.244000E+03  6.89086781E-032  5.53943997E-032  1.35142784E-032
  7.328000E+03  6.53849947E-032  5.26160617E-032  1.27689330E-032
  7.413000E+03  6.20347476E-032  4.99704580E-032  1.20642896E-032
  7.499000E+03  5.88500673E-032  4.74518204E-032  1.13982469E-032
  7.586000E+03  5.58233730E-032  4.50545763E-032  1.07687967E-032
  7.674000E+03  5.29473684E-032  4.27733469E-032  1.01740215E-032
  7.762000E+03  5.02448000E-032  4.06266041E-032  9.61819592E-033
  7.852000E+03  4.76475976E-032  3.85606312E-032  9.08696640E-033
  7.943000E+03  4.51809681E-032  3.65957639E-032  8.58520420E-033
  8.035000E+03  4.28386989E-032  3.47273724E-032  8.11132643E-033
  8.128000E+03  4.06148351E-032  3.29510077E-032  7.66382740E-033
  8.222000E+03  3.85036729E-032  3.12623971E-032  7.24127574E-033
  8.318000E+03  3.64793185E-032  2.96410642E-032  6.83825430E-033
  8.414000E+03  3.45786586E-032  2.81168057E-032  6.46185289E-033
  8.511000E+03  3.27749477E-032  2.66684431E-032  6.10650459E-033
  8.610000E+03  3.10465002E-032  2.52787593E-032  5.76774090E-033
  8.710000E+03  2.94077476E-032  2.39595439E-032  5.44820368E-033
  8.810000E+03  2.78690590E-032  2.27193686E-032  5.14969040E-033
  8.912000E+03  2.63953869E-032  2.15301732E-032  4.86521373E-033
  9.016000E+03  2.49918642E-032  2.03974916E-032  4.59437260E-033
  9.120000E+03  2.37030862E-032  1.93616398E-032  4.34144636E-033
  9.226000E+03  2.24693591E-032  1.83686815E-032  4.10067761E-033
  9.332000E+03  2.13105474E-032  1.74347665E-032  3.87578096E-033
  9.441000E+03  2.01915340E-032  1.65317311E-032  3.65980289E-033
  9.550000E+03  1.91409253E-032  1.56827893E-032  3.45813601E-033
  9.660000E+03  1.81451179E-032  1.48771015E-032  3.26801635E-033
  9.772000E+03  1.71930156E-032  1.41058047E-032  3.08721089E-033
  9.886000E+03  1.62834165E-032  1.33680216E-032  2.91539484E-033
  1.000000E+04  1.54292925E-032  1.26743337E-032  2.75495879E-033
  1.012000E+04  1.45604025E-032  1.19629840E-032  2.59741855E-033
  1.023000E+04  1.38128346E-032  1.13503872E-032  2.46244736E-033
  1.035000E+04  1.30468657E-032  1.07221478E-032  2.32471793E-033
  1.047000E+04  1.23289666E-032  1.01328026E-032  2.19616394E-033
  1.059000E+04  1.16556892E-032  9.57960898E-033  2.07608022E-033
  1.072000E+04  1.09729915E-032  9.01818908E-033  1.95480244E-033
  1.084000E+04  1.03827950E-032  8.53243426E-033  1.85036075E-033
  1.096000E+04  9.82824225E-033  8.07566710E-033  1.75257515E-033
  1.109000E+04  9.27534531E-033  7.62176047E-033  1.65358485E-033
  1.122000E+04  8.76225086E-033  7.20098790E-033  1.56126295E-033
  1.135000E+04  8.28133979E-033  6.80624886E-033  1.47509092E-033
  1.148000E+04  7.83030347E-033  6.43570774E-033  1.39459573E-033
  1.161000E+04  7.40702064E-033  6.08767519E-033  1.31934544E-033
  1.175000E+04  6.97998128E-033  5.73626110E-033  1.24372018E-033
  1.188000E+04  6.60828429E-033  5.43014420E-033  1.17814009E-033
  1.202000E+04  6.23281234E-033  5.12068281E-033  1.11212953E-033
  1.216000E+04  5.88123653E-033  4.83069803E-033  1.05053850E-033
  1.230000E+04  5.55182498E-033  4.55879993E-033  9.93025053E-034
  1.244000E+04  5.24723428E-033  4.30805462E-033  9.39179659E-034
  1.259000E+04  4.95192430E-033  4.06679529E-033  8.85129011E-034
  1.274000E+04  4.67559033E-033  3.84079065E-033  8.34799679E-034
  1.288000E+04  4.43356277E-033  3.64264267E-033  7.90920099E-034
  1.303000E+04  4.19005060E-033  3.44308540E-033  7.46965203E-034
  1.318000E+04  3.96173135E-033  3.25579855E-033  7.05932795E-034
  1.334000E+04  3.73371464E-033  3.06858256E-033  6.65132081E-034
  1.349000E+04  3.53345113E-033  2.90400490E-033  6.29446230E-034
  1.365000E+04  3.33318785E-033  2.73928597E-033  5.93901882E-034
  1.380000E+04  3.15707219E-033  2.59431012E-033  5.62762069E-034
  1.396000E+04  2.98073505E-033  2.44903925E-033  5.31695796E-034
  1.412000E+04  2.81544794E-033  2.31276812E-033  5.02679822E-034
  1.429000E+04  2.65105555E-033  2.17713428E-033  4.73921272E-034
  1.445000E+04  2.50613580E-033  2.05748295E-033  4.48652852E-034
  1.462000E+04  2.36181527E-033  1.93824811E-033  4.23567162E-034
  1.479000E+04  2.22672724E-033  1.82657009E-033  4.00157152E-034
  1.496000E+04  2.10020036E-033  1.72190752E-033  3.78292838E-034
  1.514000E+04  1.98204221E-033  1.62534662E-033  3.56695592E-034
  1.531000E+04  1.87922332E-033  1.54157147E-033  3.37651844E-034
  1.549000E+04  1.77703250E-033  1.45822276E-033  3.18809744E-034
  1.567000E+04  1.68121969E-033  1.37999684E-033  3.01222854E-034
  1.585000E+04  1.59132714E-033  1.30653304E-033  2.84794106E-034
  1.603000E+04  1.50693441E-033  1.23749944E-033  2.69434963E-034
  1.622000E+04  1.42339316E-033  1.16909945E-033  2.54293703E-034
  1.641000E+04  1.34513197E-033  1.10496449E-033  2.40167484E-034
  1.660000E+04  1.27176811E-033  1.04479075E-033  2.26977352E-034
  1.679000E+04  1.20295026E-033  9.88298930E-034  2.14651328E-034
  1.698000E+04  1.13835570E-033  9.35231979E-034  2.03123726E-034
  1.718000E+04  1.07459812E-033  8.82812056E-034  1.91786069E-034
  1.738000E+04  1.01487361E-033  8.33670839E-034  1.81202766E-034
  1.758000E+04  9.58890541E-034  7.87574937E-034  1.71315605E-034
  1.778000E+04  9.06381195E-034  7.44309720E-034  1.62071474E-034
  1.799000E+04  8.54716016E-034  7.01711832E-034  1.53004184E-034
  1.820000E+04  8.06348031E-034  6.61806867E-034  1.44541164E-034
  1.841000E+04  7.61037473E-034  6.24401741E-034  1.36635732E-034
  1.862000E+04  7.18564283E-034  5.89318985E-034  1.29245298E-034
  1.884000E+04  6.76891758E-034  5.54878786E-034  1.22012972E-034
  1.906000E+04  6.37898206E-034  5.22635805E-034  1.15262401E-034
  1.928000E+04  6.01388064E-034  4.92431663E-034  1.08956402E-034
  1.950000E+04  5.67181879E-034  4.64120832E-034  1.03061047E-034
  1.972000E+04  5.35114825E-034  4.37569474E-034  9.75453506E-035
  1.995000E+04  5.03713052E-034  4.11558896E-034  9.21541559E-035
  2.018000E+04  4.76176982E-034  3.89059583E-034  8.71173990E-035
  2.042000E+04  4.49779557E-034  3.67569179E-034  8.22103775E-035
  2.065000E+04  4.26052283E-034  3.48235782E-034  7.78165014E-035
  2.089000E+04  4.02814438E-034  3.29285387E-034  7.35290508E-035
  2.114000E+04  3.80141474E-034  3.10780227E-034  6.93612469E-035
  2.138000E+04  3.59741083E-034  2.94116567E-034  6.56245160E-035
  2.163000E+04  3.39810372E-034  2.77824099E-034  6.19862730E-035
  2.188000E+04  3.21129951E-034  2.62542279E-034  5.85876722E-035
  2.213000E+04  3.03610116E-034  2.48199668E-034  5.54104482E-035
  2.239000E+04  2.86532115E-034  2.34209065E-034  5.23230507E-035
  2.265000E+04  2.70535189E-034  2.21095268E-034  4.94399210E-035
  2.291000E+04  2.55541243E-034  2.08795816E-034  4.67454272E-035
  2.317000E+04  2.41478564E-034  1.97253270E-034  4.42252938E-035
  2.344000E+04  2.27790086E-034  1.86011284E-034  4.17788024E-035
  2.371000E+04  2.14967032E-034  1.75474108E-034  3.94929231E-035
  2.399000E+04  2.02516638E-034  1.65237636E-034  3.72790019E-035
  2.427000E+04  1.90866366E-034  1.55654066E-034  3.52123000E-035
  2.455000E+04  1.79957828E-034  1.46676325E-034  3.32815033E-035
  2.483000E+04  1.69813677E-034  1.38337394E-034  3.14762833E-035
  2.512000E+04  1.60533702E-034  1.30804788E-034  2.97289138E-035
  2.541000E+04  1.51832423E-034  1.23735871E-034  2.80965518E-035
  2.570000E+04  1.43668464E-034  1.17098012E-034  2.65704525E-035
  2.600000E+04  1.35747978E-034  1.10652926E-034  2.50950515E-035
  2.630000E+04  1.28323170E-034  1.04606431E-034  2.37167390E-035
  2.661000E+04  1.21133926E-034  9.87472778E-035  2.23866482E-035
  2.692000E+04  1.14400126E-034  9.32552038E-035  2.11449224E-035
  2.723000E+04  1.08088803E-034  8.81040178E-035  1.99847848E-035
  2.754000E+04  1.02169687E-034  8.32696398E-035  1.89000467E-035
  2.786000E+04  9.64415502E-035  7.85881393E-035  1.78534109E-035
  2.818000E+04  9.10736012E-035  7.41981946E-035  1.68754066E-035
  2.851000E+04  8.58878578E-035  6.99546284E-035  1.59332294E-035
  2.884000E+04  8.10317534E-035  6.59784350E-035  1.50533184E-035
  2.917000E+04  7.64814521E-035  6.22505257E-035  1.42309264E-035
  2.951000E+04  7.20899948E-035  5.86508010E-035  1.34391938E-035
  2.985000E+04  6.79779479E-035  5.52783650E-035  1.26995829E-035
  3.020000E+04  6.42314700E-035  5.22429790E-035  1.19884910E-035
  3.055000E+04  6.08721623E-035  4.95476631E-035  1.13244992E-035
  3.090000E+04  5.77175457E-035  4.70135351E-035  1.07040106E-035
  3.126000E+04  5.46711766E-035  4.45634563E-035  1.01077203E-035
  3.162000E+04  5.18117141E-035  4.22610012E-035  9.55071289E-036
  3.199000E+04  4.90536754E-035  4.00376427E-035  9.01603276E-036
  3.236000E+04  4.64658949E-035  3.79491532E-035  8.51674176E-036
  3.273000E+04  4.40362524E-035  3.59861116E-035  8.05014082E-036
  3.311000E+04  4.16938569E-035  3.40914894E-035  7.60236746E-036
  3.350000E+04  3.94394223E-035  3.22660208E-035  7.17340152E-036
  3.388000E+04  3.73781578E-035  3.05951928E-035  6.78296494E-036
  3.428000E+04  3.53423825E-035  2.89433020E-035  6.39908044E-036
  3.467000E+04  3.34804049E-035  2.74308821E-035  6.04952286E-036
  3.508000E+04  3.16443577E-035  2.59380182E-035  5.70633952E-036
  3.548000E+04  2.99644782E-035  2.45707757E-035  5.39370252E-036
  3.589000E+04  2.83485876E-035  2.32543476E-035  5.09423998E-036
  3.631000E+04  2.67965841E-035  2.19887583E-035  4.80782578E-036
  3.673000E+04  2.53416114E-035  2.08011814E-035  4.54043005E-036
  3.715000E+04  2.39767146E-035  1.96861154E-035  4.29059920E-036
  3.758000E+04  2.26659691E-035  1.86143380E-035  4.05163106E-036
  3.802000E+04  2.14089754E-035  1.75856097E-035  3.82336572E-036
  3.846000E+04  2.02310386E-035  1.66207541E-035  3.61028442E-036
  3.890000E+04  1.91264723E-035  1.57152473E-035  3.41122499E-036
  3.936000E+04  1.80444829E-035  1.48275244E-035  3.21695856E-036
  3.981000E+04  1.70528257E-035  1.40132673E-035  3.03955838E-036
