# DL07 model SED (this work), mw31_60, Mathis ISRF U =  1.00
# silicate (D03) + carbonaceous (DL07 PAH Nc=470 + D03 graphite blend)
# PAH ionization computed via WD01b grain charging (pah_ionfrac)
# columns: lambda[um]  lamI_total/NH  lamI_sil/NH  lamI_carb/NH
#          [erg s^-1 cm^-2 sr^-1 H^-1]
  9.120000E-02  1.66744871E-040  1.66744865E-040  6.94973387E-048
  9.226000E-02  2.46120894E-040  2.46120881E-040  1.30376637E-047
  9.332000E-02  3.59606824E-040  3.59606799E-040  2.43131621E-047
  9.441000E-02  5.24323973E-040  5.24323927E-040  4.57852875E-047
  9.550000E-02  7.57130894E-040  7.57130809E-040  8.54265409E-047
  9.661000E-02  1.08895881E-039  1.08895865E-039  1.59547322E-046
  9.772000E-02  1.55185992E-039  1.55185962E-039  2.94670115E-046
  9.886000E-02  2.21056931E-039  2.21056876E-039  5.46739164E-046
  1.000000E-01  3.12068874E-039  3.12068774E-039  1.00204517E-045
  1.012000E-01  4.42422688E-039  4.42422503E-039  1.84663685E-045
  1.023000E-01  6.04299521E-039  6.04299200E-039  3.20758064E-045
  1.035000E-01  8.35359843E-039  8.35359265E-039  5.77701294E-045
  1.047000E-01  1.14293591E-038  1.14293488E-038  1.02575289E-044
  1.059000E-01  1.56450743E-038  1.56450563E-038  1.79620228E-044
  1.072000E-01  2.18447399E-038  2.18447074E-038  3.24585154E-044
  1.084000E-01  2.95516432E-038  2.95515879E-038  5.52840381E-044
  1.097000E-01  4.07562760E-038  4.07561790E-038  9.70283089E-044
  1.109000E-01  5.44007579E-038  5.44005969E-038  1.60997035E-043
  1.122000E-01  7.40417963E-038  7.40415213E-038  2.74931185E-043
  1.135000E-01  9.99685758E-038  9.99681126E-038  4.63225320E-043
  1.148000E-01  1.33890291E-037  1.33889521E-037  7.70472428E-043
  1.161000E-01  1.78411677E-037  1.78410411E-037  1.26571073E-042
  1.175000E-01  2.41019203E-037  2.41017072E-037  2.13160496E-042
  1.189000E-01  3.23327757E-037  3.23324215E-037  3.54250965E-042
  1.202000E-01  4.21982201E-037  4.21976588E-037  5.61300454E-042
  1.216000E-01  5.57944376E-037  5.57935270E-037  9.10588082E-042
  1.230000E-01  7.33204845E-037  7.33190246E-037  1.45994908E-041
  1.244000E-01  9.56532335E-037  9.56509190E-037  2.31447722E-041
  1.259000E-01  1.26291943E-036  1.26288196E-036  3.74676767E-041
  1.274000E-01  1.65538474E-036  1.65532480E-036  5.99397479E-041
  1.288000E-01  2.11693507E-036  2.11684309E-036  9.19887581E-041
  1.303000E-01  2.73606694E-036  2.73592478E-036  1.42161597E-040
  1.318000E-01  3.51326651E-036  3.51304502E-036  2.21496110E-040
  1.333000E-01  4.48111120E-036  4.48076920E-036  3.42000307E-040
  1.349000E-01  5.76417959E-036  5.76364116E-036  5.38430466E-040
  1.365000E-01  7.36017984E-036  7.35934009E-036  8.39758696E-040
  1.380000E-01  9.19014796E-036  9.18888446E-036  1.26349723E-039
  1.396000E-01  1.15609635E-035  1.15590261E-035  1.93735486E-039
  1.412000E-01  1.44118602E-035  1.44089139E-035  2.94628383E-039
  1.429000E-01  1.79408186E-035  1.79362584E-035  4.56015858E-039
  1.445000E-01  2.16630764E-035  2.16562505E-035  6.82589599E-039
  1.462000E-01  2.60378017E-035  2.60274057E-035  1.03959972E-038
  1.479000E-01  3.09366674E-035  3.09209566E-035  1.57107778E-038
  1.496000E-01  3.64587703E-035  3.64352036E-035  2.35666746E-038
  1.514000E-01  4.30344354E-035  4.29985112E-035  3.59241518E-038
  1.531000E-01  4.97172901E-035  4.96641707E-035  5.31194363E-038
  1.549000E-01  5.71218686E-035  5.70420655E-035  7.98030983E-038
  1.567000E-01  6.63648710E-035  6.62458189E-035  1.19052093E-037
  1.585000E-01  7.61623679E-035  7.59859535E-035  1.76414474E-037
  1.603000E-01  8.65171924E-035  8.62574558E-035  2.59736617E-037
  1.622000E-01  9.99185350E-035  9.95304219E-035  3.88113100E-037
  1.641000E-01  1.13734596E-034  1.13158456E-034  5.76139695E-037
  1.660000E-01  1.28832784E-034  1.27982882E-034  8.49902229E-037
  1.679000E-01  1.46826392E-034  1.45580141E-034  1.24625023E-036
  1.698000E-01  1.65140147E-034  1.63323156E-034  1.81699065E-036
  1.718000E-01  1.90465604E-034  1.87780786E-034  2.68481765E-036
  1.738000E-01  2.18192736E-034  2.14251339E-034  3.94139723E-036
  1.758000E-01  2.47232441E-034  2.41481312E-034  5.75112894E-036
  1.778000E-01  2.76873057E-034  2.68528352E-034  8.34470568E-036
  1.799000E-01  3.07580558E-034  2.95314151E-034  1.22664067E-035
  1.820000E-01  3.53602971E-034  3.35667156E-034  1.79358150E-035
  1.841000E-01  4.04629359E-034  3.78531958E-034  2.60974005E-035
  1.862000E-01  4.59988355E-034  4.22187838E-034  3.78005173E-035
  1.884000E-01  5.22713959E-034  4.67242395E-034  5.54715637E-035
  1.905000E-01  5.92085070E-034  5.12423535E-034  7.96615342E-035
  1.928000E-01  6.95758882E-034  5.77895931E-034  1.17862951E-034
  1.950000E-01  8.12490593E-034  6.41856257E-034  1.70634336E-034
  1.972000E-01  9.51185457E-034  7.05382991E-034  2.45802466E-034
  1.995000E-01  1.12672884E-033  7.68905792E-034  3.57823051E-034
  2.018000E-01  1.37355283E-033  8.56482912E-034  5.17069919E-034
  2.042000E-01  1.71191055E-033  9.59894321E-034  7.52016228E-034
  2.065000E-01  2.12662062E-033  1.06183322E-033  1.06478739E-033
  2.089000E-01  2.67813144E-033  1.16898639E-033  1.50914505E-033
  2.113000E-01  3.39839962E-033  1.29546355E-033  2.10293607E-033
  2.138000E-01  4.36273238E-033  1.45190874E-033  2.91082364E-033
  2.163000E-01  5.57815913E-033  1.63945696E-033  3.93870217E-033
  2.188000E-01  7.05647767E-033  1.84952799E-033  5.20694968E-033
  2.213000E-01  8.82822534E-033  2.09787816E-033  6.73034717E-033
  2.239000E-01  1.10084140E-032  2.40838722E-033  8.60002674E-033
  2.265000E-01  1.35500874E-032  2.76863242E-033  1.07814549E-032
  2.291000E-01  1.65015491E-032  3.19375227E-033  1.33077968E-032
  2.317000E-01  1.99102835E-032  3.68180891E-033  1.62284746E-032
  2.344000E-01  2.40137951E-032  4.26221288E-033  1.97515822E-032
  2.371000E-01  2.88045065E-032  4.93433220E-033  2.38701743E-032
  2.399000E-01  3.46261560E-032  5.72821564E-033  2.88979404E-032
  2.427000E-01  4.15045742E-032  6.65103204E-033  3.48535421E-032
  2.455000E-01  4.96207915E-032  7.69642549E-033  4.19243660E-032
  2.483000E-01  5.92053761E-032  8.87617626E-033  5.03291998E-032
  2.512000E-01  7.09367550E-032  1.02249058E-032  6.07118492E-032
  2.541000E-01  8.48166210E-032  1.16914457E-032  7.31251753E-032
  2.570000E-01  1.01274021E-031  1.33258938E-032  8.79481276E-032
  2.600000E-01  1.21483986E-031  1.51995402E-032  1.06284446E-031
  2.630000E-01  1.45501882E-031  1.72742059E-032  1.28227676E-031
  2.661000E-01  1.75030870E-031  1.96529267E-032  1.55377944E-031
  2.691000E-01  2.08948315E-031  2.21999023E-032  1.86748413E-031
  2.723000E-01  2.51911760E-031  2.52026782E-032  2.26709082E-031
  2.754000E-01  3.01319276E-031  2.84015699E-032  2.72917706E-031
  2.786000E-01  3.61700412E-031  3.20179254E-032  3.29682487E-031
  2.818000E-01  4.33186882E-031  3.59906481E-032  3.97196234E-031
  2.851000E-01  5.20439237E-031  4.04859995E-032  4.79953237E-031
  2.884000E-01  6.23639280E-031  4.54036507E-032  5.78235629E-031
  2.917000E-01  7.45331161E-031  5.07787175E-032  6.94552443E-031
  2.951000E-01  8.93061563E-031  5.68031106E-032  8.36258453E-031
  2.985000E-01  1.06700178E-030  6.33698050E-032  1.00363198E-030
  3.020000E-01  1.27764479E-030  7.07299380E-032  1.20691486E-030
  3.055000E-01  1.45442803E-030  7.87342748E-032  1.37569376E-030
  3.090000E-01  1.70615408E-030  8.74190242E-032  1.61873505E-030
  3.126000E-01  2.00060526E-030  9.70428176E-032  1.90356244E-030
  3.162000E-01  2.33400233E-030  1.07430563E-031  2.22657177E-030
  3.199000E-01  2.71994714E-030  1.18963967E-031  2.60098317E-030
  3.236000E-01  3.15178402E-030  1.31408899E-031  3.02037512E-030
  3.273000E-01  3.63027561E-030  1.44804999E-031  3.48547061E-030
  3.311000E-01  4.16887816E-030  1.59591145E-031  4.00928701E-030
  3.350000E-01  4.76619802E-030  1.75908298E-031  4.59028972E-030
  3.388000E-01  5.38105739E-030  1.92968067E-031  5.18808933E-030
  3.428000E-01  6.04363318E-030  2.12216239E-031  5.83141694E-030
  3.467000E-01  6.67622657E-030  2.32235585E-031  6.44399098E-030
  3.507000E-01  7.27683177E-030  2.54130771E-031  7.02270100E-030
  3.548000E-01  7.81813086E-030  2.78093136E-031  7.54003773E-030
  3.589000E-01  8.30102173E-030  3.03650044E-031  7.99737168E-030
  3.631000E-01  8.80543649E-030  3.31542075E-031  8.47389442E-030
  3.673000E-01  9.41035024E-030  3.61191953E-031  9.04915829E-030
  3.715000E-01  1.01842756E-029  3.92656441E-031  9.79161915E-030
  3.758000E-01  1.11871215E-029  4.26835161E-031  1.07602864E-029
  3.802000E-01  1.24409632E-029  4.63928800E-031  1.19770344E-029
  3.846000E-01  1.39088915E-029  5.03155072E-031  1.34057364E-029
  3.891000E-01  1.55927428E-029  5.45572889E-031  1.50471699E-029
  3.936000E-01  1.74015458E-029  5.90408160E-031  1.68111376E-029
  3.981000E-01  1.92582829E-029  6.37721872E-031  1.86205610E-029
  4.027000E-01  2.11054715E-029  6.88537208E-031  2.04169343E-029
  4.074000E-01  2.28014188E-029  7.43103840E-031  2.20583150E-029
  4.121000E-01  2.41265193E-029  8.00515808E-031  2.33260035E-029
  4.169000E-01  2.49070387E-029  8.62145340E-031  2.40448934E-029
  4.217000E-01  2.49977656E-029  9.26860086E-031  2.40709055E-029
  4.266000E-01  2.44574044E-029  9.96162800E-031  2.34612416E-029
  4.315000E-01  2.35605909E-029  1.06879415E-030  2.24917968E-029
  4.365000E-01  2.26231337E-029  1.14641428E-030  2.14767194E-029
  4.416000E-01  2.18781559E-029  1.22916925E-030  2.06489867E-029
  4.467000E-01  2.14139234E-029  1.31540021E-030  2.00985232E-029
  4.519000E-01  2.11782440E-029  1.40720284E-030  1.97710411E-029
  4.571000E-01  2.10718857E-029  1.50296841E-030  1.95689173E-029
  4.624000E-01  2.09725554E-029  1.60469581E-030  1.93678596E-029
  4.677000E-01  2.07963963E-029  1.71062144E-030  1.90857749E-029
  4.732000E-01  2.05252956E-029  1.82502045E-030  1.87002752E-029
  4.786000E-01  2.02436341E-029  1.94180782E-030  1.83018262E-029
  4.842000E-01  2.00312613E-029  2.06762727E-030  1.79636340E-029
  4.898000E-01  1.99585270E-029  2.19812566E-030  1.77604014E-029
  4.954000E-01  2.00355350E-029  2.33337575E-030  1.77021592E-029
  5.012000E-01  2.02541326E-029  2.47854889E-030  1.77755837E-029
  5.070000E-01  2.05918008E-029  2.62891611E-030  1.79628847E-029
  5.129000E-01  2.10515596E-029  2.78721234E-030  1.82643472E-029
  5.188000E-01  2.16379074E-029  2.95089273E-030  1.86870147E-029
  5.248000E-01  2.23666093E-029  3.12286596E-030  1.92437433E-029
  5.309000E-01  2.32203079E-029  3.30340141E-030  1.99169065E-029
  5.370000E-01  2.41389230E-029  3.48966541E-030  2.06492576E-029
  5.433000E-01  2.50943640E-029  3.68802856E-030  2.14063355E-029
  5.495000E-01  2.59975987E-029  3.88916100E-030  2.21084377E-029
  5.559000E-01  2.68914739E-029  4.10217777E-030  2.27892961E-029
  5.623000E-01  2.77944940E-029  4.32122384E-030  2.34732702E-029
  5.688000E-01  2.87794105E-029  4.54988078E-030  2.42295297E-029
  5.754000E-01  2.98770745E-029  4.78837762E-030  2.50886968E-029
  5.821000E-01  3.10784765E-029  5.03693676E-030  2.60415397E-029
  5.888000E-01  3.23292094E-029  5.29191927E-030  2.70372901E-029
  5.957000E-01  3.36279342E-029  5.56114316E-030  2.80667910E-029
  6.026000E-01  3.49199223E-029  5.83700317E-030  2.90829192E-029
  6.095000E-01  3.62265694E-029  6.11940192E-030  3.01071675E-029
  6.166000E-01  3.76332656E-029  6.41670414E-030  3.12165615E-029
  6.237000E-01  3.91364005E-029  6.72070510E-030  3.24156954E-029
  6.310000E-01  4.07822786E-029  7.04012659E-030  3.37421520E-029
  6.383000E-01  4.25035221E-029  7.36636551E-030  3.51371565E-029
  6.457000E-01  4.42976060E-029  7.70388757E-030  3.65937184E-029
  6.531000E-01  4.61275137E-029  8.04812030E-030  3.80793934E-029
  6.607000E-01  4.80637662E-029  8.40859113E-030  3.96551751E-029
  6.683000E-01  5.01219626E-029  8.77590259E-030  4.13460600E-029
  6.761000E-01  5.24480848E-029  9.15972821E-030  4.32883566E-029
  6.839000E-01  5.50546473E-029  9.55030163E-030  4.55043457E-029
  6.918000E-01  5.80035782E-029  9.95256237E-030  4.80510158E-029
  6.998000E-01  6.12977330E-029  1.03665584E-029  5.09311746E-029
  7.079000E-01  6.49199013E-029  1.07925566E-029  5.41273447E-029
  7.161000E-01  6.88457390E-029  1.12303722E-029  5.76153667E-029
  7.244000E-01  7.30481183E-029  1.16800016E-029  6.13681166E-029
  7.328000E-01  7.74985225E-029  1.21414340E-029  6.53570885E-029
  7.413000E-01  8.21778068E-029  1.26146430E-029  6.95631637E-029
  7.499000E-01  8.70848299E-029  1.30995870E-029  7.39852429E-029
  7.586000E-01  9.22540884E-029  1.35962083E-029  7.86578801E-029
  7.674000E-01  9.77457595E-029  1.41044340E-029  8.36413255E-029
  7.763000E-01  1.03620991E-028  1.46241753E-029  8.89968155E-029
  7.852000E-01  1.09849687E-028  1.51493967E-029  9.47002903E-029
  7.943000E-01  1.16594166E-028  1.56917832E-029  1.00902383E-028
  8.035000E-01  1.23812404E-028  1.62441350E-029  1.07568269E-028
  8.128000E-01  1.31531672E-028  1.68054618E-029  1.14726211E-028
  8.222000E-01  1.39799594E-028  1.73773823E-029  1.22422211E-028
  8.318000E-01  1.48755379E-028  1.79658595E-029  1.30789519E-028
  8.414000E-01  1.58260778E-028  1.85584280E-029  1.39702350E-028
  8.511000E-01  1.68462116E-028  1.91609787E-029  1.49301137E-028
  8.610000E-01  1.79541983E-028  1.97795463E-029  1.59762437E-028
  8.710000E-01  1.91496242E-028  2.04076852E-029  1.71088556E-028
  8.810000E-01  2.04315644E-028  2.10388043E-029  1.83276839E-028
  8.913000E-01  2.18566871E-028  2.16916007E-029  1.96875270E-028
  9.016000E-01  2.34075639E-028  2.23463280E-029  2.11729311E-028
  9.120000E-01  2.51294624E-028  2.30071903E-029  2.28287434E-028
  9.226000E-01  2.70884529E-028  2.36823678E-029  2.47202161E-028
  9.333000E-01  2.93394504E-028  2.43651786E-029  2.69029325E-028
  9.441000E-01  3.19900570E-028  2.50552770E-029  2.94845293E-028
  9.550000E-01  3.52093750E-028  2.57523091E-029  3.26341441E-028
  9.661000E-01  3.93182109E-028  2.64623091E-029  3.66719800E-028
  9.772000E-01  4.47224097E-028  2.71721123E-029  4.20051984E-028
  9.886000E-01  5.24639832E-028  2.79005112E-029  4.96739321E-028
  1.000000E+00  6.39877488E-028  2.86279624E-029  6.11249526E-028
  1.012000E+00  8.33606944E-028  2.93946586E-029  8.04212285E-028
  1.023000E+00  1.12120513E-027  3.00959199E-029  1.09110921E-027
  1.035000E+00  1.58627227E-027  3.08588831E-029  1.55541338E-027
  1.047000E+00  2.03026491E-027  3.16193436E-029  1.99864557E-027
  1.059000E+00  2.04534067E-027  3.23769437E-029  2.01296372E-027
  1.071000E+00  1.72070389E-027  3.31313425E-029  1.68757255E-027
  1.084000E+00  1.38620460E-027  3.39446195E-029  1.35225998E-027
  1.097000E+00  1.17749058E-027  3.47533683E-029  1.14273721E-027
  1.109000E+00  1.06999729E-027  3.54955669E-029  1.03450172E-027
  1.122000E+00  1.01256752E-027  3.62945885E-029  9.76272927E-028
  1.135000E+00  9.95967198E-028  3.70865918E-029  9.58880607E-028
  1.148000E+00  1.00942698E-027  3.78717017E-029  9.71555278E-028
  1.161000E+00  1.04845329E-027  3.86505678E-029  1.00980272E-027
  1.175000E+00  1.11881242E-027  3.94820555E-029  1.07933037E-027
  1.189000E+00  1.22107287E-027  4.03056765E-029  1.18076719E-027
  1.202000E+00  1.34786210E-027  4.10631702E-029  1.30679893E-027
  1.216000E+00  1.51906332E-027  4.18708217E-029  1.47719250E-027
  1.230000E+00  1.71618085E-027  4.26698210E-029  1.67351103E-027
  1.245000E+00  1.92241462E-027  4.35284521E-029  1.87888617E-027
  1.259000E+00  2.06239865E-027  4.43385501E-029  2.01806010E-027
  1.273000E+00  2.11704575E-027  4.51376722E-029  2.07190808E-027
  1.288000E+00  2.08527666E-027  4.59843441E-029  2.03929231E-027
  1.303000E+00  1.99904482E-027  4.68209531E-029  1.95222387E-027
  1.318000E+00  1.89850812E-027  4.76510622E-029  1.85085706E-027
  1.334000E+00  1.80138987E-027  4.85258118E-029  1.75286406E-027
  1.349000E+00  1.72865004E-027  4.93350992E-029  1.67931494E-027
  1.365000E+00  1.67091404E-027  5.01866769E-029  1.62072737E-027
  1.380000E+00  1.63300088E-027  5.09737247E-029  1.58202715E-027
  1.396000E+00  1.60654867E-027  5.17999074E-029  1.55474877E-027
  1.413000E+00  1.59076641E-027  5.26641168E-029  1.53810229E-027
  1.429000E+00  1.58503991E-027  5.34645992E-029  1.53157531E-027
  1.445000E+00  1.58598207E-027  5.42525196E-029  1.53172955E-027
  1.462000E+00  1.59284444E-027  5.50756984E-029  1.53776874E-027
  1.479000E+00  1.60422265E-027  5.58838879E-029  1.54833876E-027
  1.496000E+00  1.61920657E-027  5.66777647E-029  1.56252881E-027
  1.514000E+00  1.63826725E-027  5.75027432E-029  1.58076450E-027
  1.531000E+00  1.65840071E-027  5.82671796E-029  1.60013353E-027
  1.549000E+00  1.68158981E-027  5.90610468E-029  1.62252876E-027
  1.567000E+00  1.70633099E-027  5.98307165E-029  1.64650027E-027
  1.585000E+00  1.73202933E-027  6.05839804E-029  1.67144535E-027
  1.603000E+00  1.75851913E-027  6.13213161E-029  1.69719782E-027
  1.622000E+00  1.78710776E-027  6.20824562E-029  1.72502530E-027
  1.641000E+00  1.81597216E-027  6.28261155E-029  1.75314604E-027
  1.660000E+00  1.84475602E-027  6.35559005E-029  1.78120012E-027
  1.679000E+00  1.87319616E-027  6.42717578E-029  1.80892441E-027
  1.698000E+00  1.90090140E-027  6.49707627E-029  1.83593064E-027
  1.718000E+00  1.92894136E-027  6.56885550E-029  1.86325281E-027
  1.738000E+00  1.95505578E-027  6.63881064E-029  1.88866767E-027
  1.758000E+00  1.97830333E-027  6.70696533E-029  1.91123368E-027
  1.778000E+00  1.99769699E-027  6.77451450E-029  1.92995185E-027
  1.799000E+00  2.01198979E-027  6.84598260E-029  1.94352996E-027
  1.820000E+00  2.01783993E-027  6.91560781E-029  1.94868385E-027
  1.841000E+00  2.01376688E-027  6.98341752E-029  1.94393270E-027
  1.862000E+00  2.00116060E-027  7.04943974E-029  1.93066620E-027
  1.884000E+00  1.98913092E-027  7.11671981E-029  1.91796372E-027
  1.906000E+00  1.99830411E-027  7.18210281E-029  1.92648308E-027
  1.928000E+00  2.04082622E-027  7.24619873E-029  1.96836423E-027
  1.950000E+00  2.10838510E-027  7.30851252E-029  2.03529998E-027
  1.972000E+00  2.18327796E-027  7.36903767E-029  2.10958758E-027
  1.995000E+00  2.25733295E-027  7.43043838E-029  2.18302857E-027
  2.018000E+00  2.32320820E-027  7.48996019E-029  2.24830860E-027
  2.042000E+00  2.38373744E-027  7.55010879E-029  2.30823635E-027
  2.065000E+00  2.43573169E-027  7.60591207E-029  2.35967257E-027
  2.089000E+00  2.48495556E-027  7.66203855E-029  2.40833518E-027
  2.114000E+00  2.53228689E-027  7.71849764E-029  2.45510192E-027
  2.138000E+00  2.57480810E-027  7.77226772E-029  2.49708543E-027
  2.163000E+00  2.61656972E-027  7.82713505E-029  2.53829837E-027
  2.188000E+00  2.65657588E-027  7.88013316E-029  2.57777455E-027
  2.213000E+00  2.69479848E-027  7.93077305E-029  2.61549075E-027
  2.239000E+00  2.73311684E-027  7.98104310E-029  2.65330641E-027
  2.265000E+00  2.77018223E-027  8.02956404E-029  2.68988659E-027
  2.291000E+00  2.80630496E-027  8.07644597E-029  2.72554050E-027
  2.317000E+00  2.84124830E-027  8.12155111E-029  2.76003279E-027
  2.344000E+00  2.87657481E-027  8.16656283E-029  2.79490918E-027
  2.371000E+00  2.91122498E-027  8.20976487E-029  2.82912733E-027
  2.399000E+00  2.94612510E-027  8.25271187E-029  2.86359799E-027
  2.427000E+00  2.98042610E-027  8.29389518E-029  2.89748715E-027
  2.455000E+00  3.01404633E-027  8.33386178E-029  2.93070771E-027
  2.483000E+00  3.04703617E-027  8.37228201E-029  2.96331335E-027
  2.512000E+00  3.08086600E-027  8.41160498E-029  2.99674995E-027
  2.541000E+00  3.11421377E-027  8.44920548E-029  3.02972172E-027
  2.570000E+00  3.14722419E-027  8.48513918E-029  3.06237280E-027
  2.600000E+00  3.18133678E-027  8.52061574E-029  3.09613063E-027
  2.630000E+00  3.21540785E-027  8.55442523E-029  3.12986359E-027
  2.661000E+00  3.25077672E-027  8.58767089E-029  3.16490001E-027
  2.691000E+00  3.28563412E-027  8.61826484E-029  3.19945147E-027
  2.723000E+00  3.32385440E-027  8.64924758E-029  3.23736192E-027
  2.754000E+00  3.36218540E-027  8.67769577E-029  3.27540844E-027
  2.786000E+00  3.40393774E-027  8.70722700E-029  3.31686547E-027
  2.818000E+00  3.44880844E-027  8.73530766E-029  3.36145536E-027
  2.851000E+00  3.49937167E-027  8.76273677E-029  3.41174430E-027
  2.884000E+00  3.55635966E-027  8.78867330E-029  3.46847293E-027
  2.917000E+00  3.62243996E-027  8.81317594E-029  3.53430820E-027
  2.951000E+00  3.70431087E-027  8.83698137E-029  3.61594105E-027
  2.985000E+00  3.80700368E-027  8.85938506E-029  3.71840983E-027
  3.020000E+00  3.94645353E-027  8.88104472E-029  3.85764308E-027
  3.055000E+00  4.14154585E-027  8.90134166E-029  4.05253243E-027
  3.090000E+00  4.43387603E-027  8.92033487E-029  4.34467268E-027
  3.126000E+00  4.92720565E-027  8.94525287E-029  4.83775312E-027
  3.162000E+00  5.84166580E-027  8.97131049E-029  5.75195270E-027
  3.199000E+00  7.93629191E-027  8.99679982E-029  7.84632391E-027
  3.236000E+00  1.42721301E-026  9.02103575E-029  1.41819197E-026
  3.273000E+00  4.78838147E-026  9.04202246E-029  4.77933945E-026
  3.311000E+00  1.03036100E-025  9.05692672E-029  1.02945531E-025
  3.350000E+00  2.18580755E-026  9.07107432E-029  2.17673648E-026
  3.388000E+00  1.03359540E-026  9.08379634E-029  1.02451160E-026
  3.428000E+00  7.01695755E-027  9.09174719E-029  6.92604008E-027
  3.467000E+00  5.73445360E-027  9.09636762E-029  5.64348992E-027
  3.507000E+00  5.08614373E-027  9.10017957E-029  4.99514193E-027
  3.548000E+00  4.71909888E-027  9.10317087E-029  4.62806717E-027
  3.589000E+00  4.49973223E-027  9.10529222E-029  4.40867930E-027
  3.631000E+00  4.35819769E-027  9.10662099E-029  4.26713148E-027
  3.673000E+00  4.26621337E-027  9.10600679E-029  4.17515330E-027
  3.715000E+00  4.20558182E-027  9.10398896E-029  4.11454193E-027
  3.758000E+00  4.16480983E-027  9.10122676E-029  4.07379756E-027
  3.802000E+00  4.13857046E-027  9.09772589E-029  4.04759320E-027
  3.846000E+00  4.12362525E-027  9.09359649E-029  4.03268928E-027
  3.891000E+00  4.11720732E-027  9.08877951E-029  4.02631953E-027
  3.935000E+00  4.11736816E-027  9.08354613E-029  4.02653270E-027
  3.981000E+00  4.12333921E-027  9.07756985E-029  4.03256351E-027
  4.027000E+00  4.13409609E-027  9.07112692E-029  4.04338482E-027
  4.074000E+00  4.14946043E-027  9.06411171E-029  4.05881931E-027
  4.121000E+00  4.16889780E-027  9.05670763E-029  4.07833072E-027
  4.169000E+00  4.19254732E-027  9.04259183E-029  4.10212140E-027
  4.217000E+00  4.22006261E-027  9.02621514E-029  4.12980046E-027
  4.266000E+00  4.25204167E-027  9.00930565E-029  4.16194861E-027
  4.315000E+00  4.28824462E-027  8.99224600E-029  4.19832216E-027
  4.365000E+00  4.32970846E-027  8.97472615E-029  4.23996120E-027
  4.416000E+00  4.37700742E-027  8.95678174E-029  4.28743960E-027
  4.467000E+00  4.43005552E-027  8.94477048E-029  4.34060781E-027
  4.519000E+00  4.49082781E-027  8.93434572E-029  4.40148435E-027
  4.571000E+00  4.55906093E-027  8.92390173E-029  4.46982191E-027
  4.624000E+00  4.63772172E-027  8.91327501E-029  4.54858897E-027
  4.677000E+00  4.72750485E-027  8.90270288E-029  4.63847782E-027
  4.732000E+00  4.83497724E-027  8.89182625E-029  4.74605897E-027
  4.786000E+00  4.95881638E-027  8.88521402E-029  4.86996424E-027
  4.842000E+00  5.11275242E-027  8.88706363E-029  5.02388178E-027
  4.898000E+00  5.30333989E-027  8.88902092E-029  5.21444968E-027
  4.955000E+00  5.55442655E-027  8.89115814E-029  5.46551497E-027
  5.012000E+00  5.90144296E-027  8.89554470E-029  5.81248751E-027
  5.070000E+00  6.43799476E-027  8.90757004E-029  6.34891906E-027
  5.129000E+00  7.38536696E-027  8.91998725E-029  7.29616709E-027
  5.188000E+00  9.23032880E-027  8.93992681E-029  9.14092953E-027
  5.248000E+00  1.20789083E-026  8.97286129E-029  1.19891797E-026
  5.309000E+00  1.19668915E-026  9.00650854E-029  1.18768264E-026
  5.370000E+00  1.01242072E-026  9.04035633E-029  1.00338036E-026
  5.432000E+00  9.60469000E-027  9.07499963E-029  9.51394000E-027
  5.495000E+00  1.02256453E-026  9.11048539E-029  1.01345405E-026
  5.559000E+00  1.21050737E-026  9.16092039E-029  1.20134645E-026
  5.623000E+00  1.60758777E-026  9.21609458E-029  1.59837167E-026
  5.688000E+00  2.12370105E-026  9.28609091E-029  2.11441495E-026
  5.754000E+00  2.01765333E-026  9.36082230E-029  2.00829251E-026
  5.821000E+00  1.77975810E-026  9.43704994E-029  1.77032105E-026
  5.888000E+00  1.85152513E-026  9.51368858E-029  1.84201144E-026
  5.957000E+00  2.25170066E-026  9.60468128E-029  2.24209598E-026
  6.026000E+00  3.17141964E-026  9.69969422E-029  3.16171994E-026
  6.095000E+00  5.29275962E-026  9.79527585E-029  5.28296434E-026
  6.166000E+00  1.02506273E-025  9.89427201E-029  1.02407331E-025
  6.237000E+00  1.32468824E-025  9.98468495E-029  1.32368977E-025
  6.310000E+00  7.96377937E-026  1.00701653E-028  7.95370921E-026
  6.383000E+00  4.85944250E-026  1.01499621E-028  4.84929254E-026
  6.457000E+00  3.75697449E-026  1.02188440E-028  3.74675565E-026
  6.531000E+00  3.51455654E-026  1.02879290E-028  3.50426861E-026
  6.607000E+00  3.65019188E-026  1.03475357E-028  3.63984434E-026
  6.683000E+00  3.83131535E-026  1.04085046E-028  3.82090685E-026
  6.761000E+00  3.83516689E-026  1.04665282E-028  3.82470036E-026
  6.839000E+00  3.75141255E-026  1.05240873E-028  3.74088846E-026
  6.918000E+00  3.78023144E-026  1.05887653E-028  3.76964267E-026
  6.998000E+00  4.01316161E-026  1.07073021E-028  4.00245431E-026
  7.080000E+00  4.48116140E-026  1.08306793E-028  4.47033072E-026
  7.161000E+00  5.18126578E-026  1.11575296E-028  5.17010825E-026
  7.244000E+00  6.17810875E-026  1.15100550E-028  6.16659869E-026
  7.328000E+00  7.58493712E-026  1.21465216E-028  7.57279060E-026
  7.413000E+00  9.71849755E-026  1.31984699E-028  9.70529908E-026
  7.499000E+00  1.30448794E-025  1.42822483E-028  1.30305971E-025
  7.586000E+00  1.64276212E-025  1.67268567E-028  1.64108944E-025
  7.674000E+00  1.67211383E-025  1.95439041E-028  1.67015944E-025
  7.762000E+00  1.62736886E-025  2.27539362E-028  1.62509347E-025
  7.852000E+00  1.57661506E-025  2.80813746E-028  1.57380692E-025
  7.943000E+00  1.30696674E-025  3.35988033E-028  1.30360686E-025
  8.035000E+00  9.81537192E-026  4.02691532E-028  9.77510277E-026
  8.128000E+00  7.62989993E-026  4.86607790E-028  7.58123915E-026
  8.222000E+00  6.52268184E-026  5.73087742E-028  6.46537307E-026
  8.318000E+00  6.12501035E-026  6.59590858E-028  6.05905126E-026
  8.414000E+00  6.22214878E-026  7.39922870E-028  6.14815649E-026
  8.511000E+00  7.13269170E-026  8.14570907E-028  7.05123461E-026
  8.610000E+00  7.95963540E-026  8.90025226E-028  7.87063288E-026
  8.710000E+00  6.36195466E-026  9.78441024E-028  6.26411055E-026
  8.811000E+00  4.50935721E-026  1.08311260E-027  4.40104595E-026
  8.913000E+00  3.45325019E-026  1.20205656E-027  3.33304453E-026
  9.016000E+00  2.87435246E-026  1.33020630E-027  2.74133184E-026
  9.120000E+00  2.53306152E-026  1.45950044E-027  2.38711147E-026
  9.226000E+00  2.31487878E-026  1.57129485E-027  2.15774929E-026
  9.333000E+00  2.16918254E-026  1.65301643E-027  2.00388090E-026
  9.441000E+00  2.06855442E-026  1.70172634E-027  1.89838179E-026
  9.550000E+00  1.99839164E-026  1.71876517E-027  1.82651512E-026
  9.660000E+00  1.95050436E-026  1.70621897E-027  1.77988246E-026
  9.772000E+00  1.92146209E-026  1.67965286E-027  1.75349681E-026
  9.885000E+00  1.91050904E-026  1.65251199E-027  1.74525784E-026
  1.000000E+01  1.91721218E-026  1.62726676E-027  1.75448551E-026
  1.012000E+01  1.94422364E-026  1.60694447E-027  1.78352919E-026
  1.023000E+01  1.98836558E-026  1.58410234E-027  1.82995534E-026
  1.035000E+01  2.06345273E-026  1.55193476E-027  1.90825925E-026
  1.047000E+01  2.17889219E-026  1.49819665E-027  2.02907252E-026
  1.059000E+01  2.37049975E-026  1.43441869E-027  2.22705788E-026
  1.072000E+01  2.68209641E-026  1.36535371E-027  2.54556104E-026
  1.084000E+01  3.11232138E-026  1.30936555E-027  2.98138483E-026
  1.097000E+01  4.13967358E-026  1.25805793E-027  4.01386779E-026
  1.109000E+01  6.63597021E-026  1.21461305E-027  6.51450890E-026
  1.122000E+01  1.65374200E-025  1.16733342E-027  1.64206867E-025
  1.135000E+01  1.29479006E-025  1.12429517E-027  1.28354711E-025
  1.148000E+01  8.44851790E-026  1.08424748E-027  8.34009316E-026
  1.161000E+01  5.99724437E-026  1.04949561E-027  5.89229481E-026
  1.175000E+01  5.49970963E-026  1.01082483E-027  5.39862715E-026
  1.189000E+01  6.10383988E-026  9.69436765E-028  6.00689621E-026
  1.202000E+01  6.44287552E-026  9.31900680E-028  6.34968545E-026
  1.216000E+01  5.93266948E-026  8.92343588E-028  5.84343512E-026
  1.230000E+01  5.83703354E-026  8.60077917E-028  5.75102575E-026
  1.244000E+01  6.81427461E-026  8.29654856E-028  6.73130912E-026
  1.259000E+01  8.36489622E-026  7.96473320E-028  8.28524889E-026
  1.273000E+01  7.84964356E-026  7.66525832E-028  7.77299098E-026
  1.288000E+01  5.62321786E-026  7.34798330E-028  5.54973803E-026
  1.303000E+01  4.51510018E-026  7.09247825E-028  4.44417539E-026
  1.318000E+01  4.14631767E-026  6.84839681E-028  4.07783370E-026
  1.334000E+01  4.29792951E-026  6.61998811E-028  4.23172963E-026
  1.349000E+01  4.43974215E-026  6.40430841E-028  4.37569907E-026
  1.365000E+01  3.93985453E-026  6.24197478E-028  3.87743478E-026
  1.380000E+01  3.47973051E-026  6.10209377E-028  3.41870957E-026
  1.396000E+01  3.29247055E-026  6.09377085E-028  3.23153284E-026
  1.412000E+01  3.41058624E-026  6.11231685E-028  3.34946307E-026
  1.429000E+01  3.27542373E-026  6.29035452E-028  3.21252019E-026
  1.445000E+01  2.99713644E-026  6.48776435E-028  2.93225880E-026
  1.462000E+01  2.88439440E-026  6.80928012E-028  2.81630160E-026
  1.479000E+01  2.84486602E-026  7.15071557E-028  2.77335887E-026
  1.496000E+01  2.83522298E-026  7.52856175E-028  2.75993737E-026
  1.514000E+01  2.84267853E-026  7.95185778E-028  2.76315995E-026
  1.531000E+01  2.86253213E-026  8.39251758E-028  2.77860695E-026
  1.549000E+01  2.89828279E-026  8.87891971E-028  2.80949359E-026
  1.567000E+01  2.95992155E-026  9.40309505E-028  2.86589060E-026
  1.585000E+01  3.07741521E-026  9.94792111E-028  2.97793600E-026
  1.603000E+01  3.17933099E-026  1.05202779E-027  3.07412821E-026
  1.622000E+01  3.45506705E-026  1.11478232E-027  3.34358882E-026
  1.641000E+01  4.63420439E-026  1.17935549E-027  4.51626884E-026
  1.660000E+01  4.15559627E-026  1.24533081E-027  4.03106319E-026
  1.679000E+01  4.10136866E-026  1.31198187E-027  3.97017047E-026
  1.698000E+01  4.27645313E-026  1.37587840E-027  4.13886529E-026
  1.718000E+01  4.25231273E-026  1.44425850E-027  4.10788687E-026
  1.738000E+01  4.26054583E-026  1.50965838E-027  4.10957999E-026
  1.758000E+01  3.63004409E-026  1.57427806E-027  3.47261628E-026
  1.778000E+01  3.43521787E-026  1.63488451E-027  3.27172942E-026
  1.799000E+01  3.22601905E-026  1.68985451E-027  3.05703360E-026
  1.820000E+01  3.01960828E-026  1.74423196E-027  2.84518509E-026
  1.841000E+01  2.91780870E-026  1.78726063E-027  2.73908263E-026
  1.862000E+01  2.85035585E-026  1.82707109E-027  2.66764874E-026
  1.884000E+01  2.79420289E-026  1.86304824E-027  2.60789807E-026
  1.906000E+01  2.74129062E-026  1.88476437E-027  2.55281418E-026
  1.927000E+01  2.69167105E-026  1.90466470E-027  2.50120458E-026
  1.950000E+01  2.63849868E-026  1.91679293E-027  2.44681939E-026
  1.972000E+01  2.59070968E-026  1.92114698E-027  2.39859498E-026
  1.995000E+01  2.54529298E-026  1.92530277E-027  2.35276271E-026
  2.018000E+01  2.50359777E-026  1.92337639E-027  2.31126013E-026
  2.042000E+01  2.46423136E-026  1.92395584E-027  2.27183577E-026
  2.065000E+01  2.43018439E-026  1.93071313E-027  2.23711308E-026
  2.089000E+01  2.39715570E-026  1.93664011E-027  2.20349169E-026
  2.114000E+01  2.36504794E-026  1.94202004E-027  2.17084594E-026
  2.138000E+01  2.33611489E-026  1.94659779E-027  2.14145511E-026
  2.163000E+01  2.30824837E-026  1.95641029E-027  2.11260734E-026
  2.188000E+01  2.28199163E-026  1.96610011E-027  2.08538162E-026
  2.213000E+01  2.25717863E-026  1.97565079E-027  2.05961355E-026
  2.239000E+01  2.23206471E-026  1.97822470E-027  2.03424224E-026
  2.265000E+01  2.20848568E-026  1.98267816E-027  2.01021786E-026
  2.291000E+01  2.18647402E-026  1.99015462E-027  1.98745856E-026
  2.317000E+01  2.16613061E-026  2.00255256E-027  1.96587535E-026
  2.344000E+01  2.14624378E-026  2.01602351E-027  1.94464143E-026
  2.371000E+01  2.12718351E-026  2.02635495E-027  1.92454802E-026
  2.399000E+01  2.10871268E-026  2.03873637E-027  1.90483905E-026
  2.427000E+01  2.09149128E-026  2.05262859E-027  1.88622842E-026
  2.455000E+01  2.07542149E-026  2.06766729E-027  1.86865476E-026
  2.483000E+01  2.06029458E-026  2.08234129E-027  1.85206045E-026
  2.512000E+01  2.04532286E-026  2.09462605E-027  1.83586026E-026
  2.541000E+01  2.03150569E-026  2.10901238E-027  1.82060445E-026
  2.570000E+01  2.01858153E-026  2.12336850E-027  1.80624468E-026
  2.600000E+01  2.00610310E-026  2.13818212E-027  1.79228489E-026
  2.630000E+01  1.99447946E-026  2.15295214E-027  1.77918425E-026
  2.661000E+01  1.98331398E-026  2.16816348E-027  1.76649763E-026
  2.692000E+01  1.97296638E-026  2.18331817E-027  1.75463457E-026
  2.723000E+01  1.96338951E-026  2.19841195E-027  1.74354832E-026
  2.754000E+01  1.95453473E-026  2.21344116E-027  1.73319061E-026
  2.786000E+01  1.94645607E-026  2.23227266E-027  1.72322880E-026
  2.818000E+01  1.93908474E-026  2.25119402E-027  1.71396534E-026
  2.851000E+01  1.93216378E-026  2.27066029E-027  1.70509775E-026
  2.884000E+01  1.92590098E-026  2.29007723E-027  1.69689325E-026
  2.917000E+01  1.92026028E-026  2.30944327E-027  1.68931596E-026
  2.951000E+01  1.91506535E-026  2.32934204E-027  1.68213115E-026
  2.985000E+01  1.91045917E-026  2.34918579E-027  1.67554060E-026
  3.020000E+01  1.90649341E-026  2.37145345E-027  1.66934807E-026
  3.055000E+01  1.90322620E-026  2.39506748E-027  1.66371946E-026
  3.090000E+01  1.90049960E-026  2.41863130E-027  1.65863647E-026
  3.126000E+01  1.89823471E-026  2.44281820E-027  1.65395289E-026
  3.162000E+01  1.89648465E-026  2.46695768E-027  1.64978889E-026
  3.199000E+01  1.89520749E-026  2.49172318E-027  1.64603518E-026
  3.236000E+01  1.89443950E-026  2.51644993E-027  1.64279450E-026
  3.273000E+01  1.89417427E-026  2.54114580E-027  1.64005969E-026
  3.311000E+01  1.89440336E-026  2.56648679E-027  1.63775468E-026
  3.350000E+01  1.89516460E-026  2.59248342E-027  1.63591626E-026
  3.388000E+01  1.89713488E-026  2.62517581E-027  1.63461730E-026
  3.428000E+01  1.89978684E-026  2.65995308E-027  1.63379153E-026
  3.467000E+01  1.90291431E-026  2.69405203E-027  1.63350911E-026
  3.508000E+01  1.90677723E-026  2.73012679E-027  1.63376455E-026
  3.548000E+01  1.91113295E-026  2.76557223E-027  1.63457573E-026
  3.589000E+01  1.91621316E-026  2.80219095E-027  1.63599407E-026
  3.631000E+01  1.92207836E-026  2.84003973E-027  1.63807439E-026
  3.673000E+01  1.92862611E-026  2.87826965E-027  1.64079914E-026
  3.715000E+01  1.93590012E-026  2.91692504E-027  1.64420762E-026
  3.758000E+01  1.94411029E-026  2.95699741E-027  1.64841055E-026
  3.802000E+01  1.95338537E-026  2.99883527E-027  1.65350184E-026
  3.846000E+01  1.96356250E-026  3.04133031E-027  1.65942947E-026
  3.890000E+01  1.97469124E-026  3.08455338E-027  1.66623591E-026
  3.935000E+01  1.98709518E-026  3.12959117E-027  1.67413607E-026
  3.981000E+01  2.00092609E-026  3.17658992E-027  1.68326710E-026
  4.027000E+01  2.01597574E-026  3.22465807E-027  1.69350993E-026
  4.074000E+01  2.03267572E-026  3.27498576E-027  1.70517715E-026
  4.121000E+01  2.05080792E-026  3.32665998E-027  1.71814193E-026
  4.169000E+01  2.07104720E-026  3.38264724E-027  1.73278248E-026
  4.217000E+01  2.09300871E-026  3.44086963E-027  1.74892174E-026
  4.266000E+01  2.11723674E-026  3.50219690E-027  1.76701705E-026
  4.315000E+01  2.14340005E-026  3.56560041E-027  1.78684001E-026
  4.365000E+01  2.17220701E-026  3.63261788E-027  1.80894523E-026
  4.416000E+01  2.20388352E-026  3.70358712E-027  1.83352481E-026
  4.467000E+01  2.23800402E-026  3.77740275E-027  1.86026375E-026
  4.519000E+01  2.27556258E-026  3.85678700E-027  1.88988388E-026
  4.571000E+01  2.31629296E-026  3.94351517E-027  1.92194144E-026
  4.624000E+01  2.36084755E-026  4.03586698E-027  1.95726085E-026
  4.677000E+01  2.40861361E-026  4.13248468E-027  1.99536514E-026
  4.731000E+01  2.46068925E-026  4.23560150E-027  2.03712910E-026
  4.786000E+01  2.51744963E-026  4.34578695E-027  2.08287094E-026
  4.842000E+01  2.57922267E-026  4.46365213E-027  2.13285746E-026
  4.898000E+01  2.64518113E-026  4.58757977E-027  2.18642315E-026
  4.954000E+01  2.71543372E-026  4.71790585E-027  2.24364313E-026
  5.012000E+01  2.79300460E-026  4.86116911E-027  2.30688769E-026
  5.070000E+01  2.87591497E-026  5.01645298E-027  2.37426967E-026
  5.129000E+01  2.96545854E-026  5.18291194E-027  2.44716734E-026
  5.188000E+01  3.06051097E-026  5.35959906E-027  2.52455106E-026
  5.248000E+01  3.16305212E-026  5.55119054E-027  2.60793306E-026
  5.309000E+01  3.27322497E-026  5.75652335E-027  2.69757264E-026
  5.370000E+01  3.38952894E-026  5.97288874E-027  2.79224007E-026
  5.433000E+01  3.51640258E-026  6.21091437E-027  2.89531114E-026
  5.495000E+01  3.64793569E-026  6.45890782E-027  3.00204491E-026
  5.559000E+01  3.79056163E-026  6.72834742E-027  3.11772688E-026
  5.623000E+01  3.94025987E-026  7.01179833E-027  3.23908004E-026
  5.688000E+01  4.10002643E-026  7.31968861E-027  3.36805757E-026
  5.754000E+01  4.26988947E-026  7.64959426E-027  3.50493005E-026
  5.821000E+01  4.45001483E-026  8.00130814E-027  3.64988401E-026
  5.888000E+01  4.63785509E-026  8.37019653E-027  3.80083544E-026
  5.957000E+01  4.84004442E-026  8.77557951E-027  3.96248647E-026
  6.026000E+01  5.05055542E-026  9.20254754E-027  4.13030066E-026
  6.095000E+01  5.26905717E-026  9.64909748E-027  4.30414742E-026
  6.166000E+01  5.50203072E-026  1.01290624E-026  4.48912447E-026
  6.237000E+01  5.74342416E-026  1.06334321E-026  4.68008095E-026
  6.310000E+01  6.00020596E-026  1.11773902E-026  4.88246694E-026
  6.383000E+01  6.26538721E-026  1.17468334E-026  5.09070387E-026
  6.457000E+01  6.54292080E-026  1.23534488E-026  5.30757593E-026
  6.531000E+01  6.82835693E-026  1.29837771E-026  5.52997922E-026
  6.607000E+01  7.12982992E-026  1.36611524E-026  5.76371468E-026
  6.683000E+01  7.43882959E-026  1.43626741E-026  6.00256218E-026
  6.761000E+01  7.76395054E-026  1.51129598E-026  6.25265456E-026
  6.839000E+01  8.09634168E-026  1.58897135E-026  6.50737033E-026
  6.918000E+01  8.44027893E-026  1.67068480E-026  6.76959413E-026
  6.998000E+01  8.79604671E-026  1.75695425E-026  7.03909246E-026
  7.079000E+01  9.16161330E-026  1.84607578E-026  7.31553752E-026
  7.161000E+01  9.53905807E-026  1.94060801E-026  7.59845006E-026
  7.244000E+01  9.92661340E-026  2.03889210E-026  7.88772130E-026
  7.328000E+01  1.03237750E-025  2.14123930E-026  8.18253570E-026
  7.413000E+01  1.07306553E-025  2.24788775E-026  8.48276758E-026
  7.499000E+01  1.11456956E-025  2.35799317E-026  8.78770240E-026
  7.586000E+01  1.15697977E-025  2.47272104E-026  9.09707666E-026
  7.674000E+01  1.20010378E-025  2.59104413E-026  9.40999368E-026
  7.762000E+01  1.24341383E-025  2.71152075E-026  9.72261760E-026
  7.852000E+01  1.28799794E-025  2.83871961E-026  1.00412598E-025
  7.943000E+01  1.33306756E-025  2.96893364E-026  1.03617420E-025
  8.035000E+01  1.37863844E-025  3.10279971E-026  1.06835847E-025
  8.128000E+01  1.42466843E-025  3.24072842E-026  1.10059558E-025
  8.222000E+01  1.47094032E-025  3.38112273E-026  1.13282805E-025
  8.318000E+01  1.51802742E-025  3.52701638E-026  1.16532578E-025
  8.414000E+01  1.56485756E-025  3.67501037E-026  1.19735652E-025
  8.511000E+01  1.61163855E-025  3.82482384E-026  1.22915617E-025
  8.610000E+01  1.65894693E-025  3.97963623E-026  1.26098331E-025
  8.710000E+01  1.70618193E-025  4.13713165E-026  1.29246877E-025
  8.811000E+01  1.75309349E-025  4.29562175E-026  1.32353132E-025
  8.912000E+01  1.79936549E-025  4.45579034E-026  1.35378646E-025
  9.016000E+01  1.84624979E-025  4.62181060E-026  1.38406873E-025
  9.120000E+01  1.89207625E-025  4.78637368E-026  1.41343889E-025
  9.226000E+01  1.93776748E-025  4.95381347E-026  1.44238614E-025
  9.332000E+01  1.98244861E-025  5.12163680E-026  1.47028493E-025
  9.441000E+01  2.02707029E-025  5.29166986E-026  1.49790330E-025
  9.550000E+01  2.07030998E-025  5.45944562E-026  1.52436542E-025
  9.661000E+01  2.11340687E-025  5.63285329E-026  1.55012154E-025
  9.772000E+01  2.15493958E-025  5.80281228E-026  1.57465835E-025
  9.886000E+01  2.19589573E-025  5.97334573E-026  1.59856115E-025
  1.000000E+02  2.23511016E-025  6.13946493E-026  1.62116367E-025
  1.012000E+02  2.27521439E-025  6.31635807E-026  1.64357858E-025
  1.023000E+02  2.31015255E-025  6.47385480E-026  1.66276707E-025
  1.035000E+02  2.34639667E-025  6.64174787E-026  1.68222188E-025
  1.047000E+02  2.38164607E-025  6.81273086E-026  1.70037299E-025
  1.059000E+02  2.41505935E-025  6.97800964E-026  1.71725839E-025
  1.072000E+02  2.44861871E-025  7.15023495E-026  1.73359522E-025
  1.084000E+02  2.47759022E-025  7.30258043E-026  1.74733218E-025
  1.097000E+02  2.50685028E-025  7.46010324E-026  1.76083996E-025
  1.109000E+02  2.53161627E-025  7.59829921E-026  1.77178635E-025
  1.122000E+02  2.55603917E-025  7.73993391E-026  1.78204578E-025
  1.135000E+02  2.57900514E-025  7.88080038E-026  1.79092510E-025
  1.148000E+02  2.60032834E-025  8.01853573E-026  1.79847477E-025
  1.161000E+02  2.61904315E-025  8.14796261E-026  1.80424689E-025
  1.175000E+02  2.63703774E-025  8.27786448E-026  1.80925129E-025
  1.188000E+02  2.65198756E-025  8.39556058E-026  1.81243150E-025
  1.202000E+02  2.66633109E-025  8.51821111E-026  1.81450998E-025
  1.216000E+02  2.67814649E-025  8.63121031E-026  1.81502546E-025
  1.230000E+02  2.68772246E-025  8.73447807E-026  1.81427465E-025
  1.244000E+02  2.69529496E-025  8.83212937E-026  1.81208202E-025
  1.259000E+02  2.70211137E-025  8.93688332E-026  1.80842304E-025
  1.273000E+02  2.70639306E-025  9.02513842E-026  1.80387921E-025
  1.288000E+02  2.70854545E-025  9.10952301E-026  1.79759315E-025
  1.303000E+02  2.70874790E-025  9.18343504E-026  1.79040440E-025
  1.318000E+02  2.70660180E-025  9.24695836E-026  1.78190597E-025
  1.334000E+02  2.70183279E-025  9.30339254E-026  1.77149354E-025
  1.349000E+02  2.69553535E-025  9.34582962E-026  1.76095239E-025
  1.365000E+02  2.68880989E-025  9.40275976E-026  1.74853392E-025
  1.380000E+02  2.68083393E-025  9.44808657E-026  1.73602527E-025
  1.396000E+02  2.67047300E-025  9.48654829E-026  1.72181817E-025
  1.412000E+02  2.65810865E-025  9.51501137E-026  1.70660751E-025
  1.429000E+02  2.64330406E-025  9.53455600E-026  1.68984846E-025
  1.445000E+02  2.62749580E-025  9.54314383E-026  1.67318142E-025
  1.462000E+02  2.60920204E-025  9.54214849E-026  1.65498719E-025
  1.479000E+02  2.58908484E-025  9.53105114E-026  1.63597973E-025
  1.496000E+02  2.56741348E-025  9.51019579E-026  1.61639390E-025
  1.514000E+02  2.54558413E-025  9.50271443E-026  1.59531268E-025
  1.531000E+02  2.52409719E-025  9.49337481E-026  1.57475971E-025
  1.549000E+02  2.50004215E-025  9.47455948E-026  1.55258620E-025
  1.567000E+02  2.47489766E-025  9.44692562E-026  1.53020509E-025
  1.585000E+02  2.44841843E-025  9.41084782E-026  1.50733365E-025
  1.603000E+02  2.42088000E-025  9.36670362E-026  1.48420964E-025
  1.622000E+02  2.39091899E-025  9.31177433E-026  1.45974156E-025
  1.641000E+02  2.35997373E-025  9.24872404E-026  1.43510132E-025
  1.660000E+02  2.32809919E-025  9.17799479E-026  1.41029971E-025
  1.679000E+02  2.29544411E-025  9.10002430E-026  1.38544168E-025
  1.698000E+02  2.26206902E-025  9.01524441E-026  1.36054458E-025
  1.718000E+02  2.22638357E-025  8.91911270E-026  1.33447230E-025
  1.738000E+02  2.19009837E-025  8.81639163E-026  1.30845920E-025
  1.758000E+02  2.15451622E-025  8.71993862E-026  1.28252236E-025
  1.778000E+02  2.12046253E-025  8.63623129E-026  1.25683941E-025
  1.799000E+02  2.08430430E-025  8.54271582E-026  1.23003272E-025
  1.820000E+02  2.04781016E-025  8.44387318E-026  1.20342284E-025
  1.841000E+02  2.01118230E-025  8.34012922E-026  1.17716938E-025
  1.862000E+02  1.97435424E-025  8.23189510E-026  1.15116473E-025
  1.884000E+02  1.93575522E-025  8.11412240E-026  1.12434298E-025
  1.906000E+02  1.89707958E-025  7.99229357E-026  1.09785023E-025
  1.928000E+02  1.85839744E-025  7.86682713E-026  1.07171473E-025
  1.950000E+02  1.81986512E-025  7.73812267E-026  1.04605285E-025
  1.972000E+02  1.78153063E-025  7.60656096E-026  1.02087454E-025
  1.995000E+02  1.74169351E-025  7.46635690E-026  9.95057819E-026
  2.018000E+02  1.70381409E-025  7.34125237E-026  9.69688858E-026
  2.042000E+02  1.66506010E-025  7.21348917E-026  9.43711180E-026
  2.065000E+02  1.62836573E-025  7.08909540E-026  9.19456191E-026
  2.089000E+02  1.59039744E-025  6.95758650E-026  8.94638792E-026
  2.114000E+02  1.55132725E-025  6.81908837E-026  8.69418413E-026
  2.138000E+02  1.51430002E-025  6.68499455E-026  8.45800563E-026
  2.163000E+02  1.47619649E-025  6.54444000E-026  8.21752486E-026
  2.188000E+02  1.43872668E-025  6.40328825E-026  7.98397851E-026
  2.213000E+02  1.40178108E-025  6.26181635E-026  7.75599447E-026
  2.239000E+02  1.36400417E-025  6.11462162E-026  7.52542012E-026
  2.265000E+02  1.32771501E-025  5.97581892E-026  7.30133114E-026
  2.291000E+02  1.29275434E-025  5.84336423E-026  7.08417916E-026
  2.317000E+02  1.25840122E-025  5.71123784E-026  6.87277434E-026
  2.344000E+02  1.22343043E-025  5.57458900E-026  6.65971526E-026
  2.371000E+02  1.18924218E-025  5.43870960E-026  6.45371216E-026
  2.399000E+02  1.15449982E-025  5.29880671E-026  6.24619149E-026
  2.427000E+02  1.12062124E-025  5.16040229E-026  6.04581011E-026
  2.455000E+02  1.08752829E-025  5.02342123E-026  5.85186163E-026
  2.483000E+02  1.05518869E-025  4.88775007E-026  5.66413682E-026
  2.512000E+02  1.02217917E-025  4.74518740E-026  5.47660429E-026
  2.541000E+02  9.89729849E-026  4.60193325E-026  5.29536524E-026
  2.570000E+02  9.58119869E-026  4.46089663E-026  5.12030206E-026
  2.600000E+02  9.26325619E-026  4.31748782E-026  4.94576837E-026
  2.630000E+02  8.96146954E-026  4.18407716E-026  4.77739237E-026
  2.661000E+02  8.65835302E-026  4.04870243E-026  4.60965059E-026
  2.691000E+02  8.37360653E-026  3.92016611E-026  4.45344042E-026
  2.723000E+02  8.07901657E-026  3.78580202E-026  4.29321455E-026
  2.754000E+02  7.80379553E-026  3.66002446E-026  4.14377108E-026
  2.786000E+02  7.53879723E-026  3.54331599E-026  3.99548124E-026
  2.818000E+02  7.28213786E-026  3.42908751E-026  3.85305035E-026
  2.851000E+02  7.02569997E-026  3.31391343E-026  3.71178654E-026
  2.884000E+02  6.77764484E-026  3.20142115E-026  3.57622369E-026
  2.917000E+02  6.53777426E-026  3.09161919E-026  3.44615507E-026
  2.951000E+02  6.29892945E-026  2.98130402E-026  3.31762542E-026
  2.985000E+02  6.06825397E-026  2.87383729E-026  3.19441668E-026
  3.020000E+02  5.84689978E-026  2.77403223E-026  3.07286755E-026
  3.055000E+02  5.63883164E-026  2.68255056E-026  2.95628109E-026
  3.090000E+02  5.43825081E-026  2.59345464E-026  2.84479617E-026
  3.126000E+02  5.23927634E-026  2.50428054E-026  2.73499580E-026
  3.162000E+02  5.04750243E-026  2.41758161E-026  2.62992081E-026
  3.199000E+02  4.85763422E-026  2.33102040E-026  2.52661383E-026
  3.236000E+02  4.67484843E-026  2.24700198E-026  2.42784645E-026
  3.273000E+02  4.49901311E-026  2.16548441E-026  2.33352870E-026
  3.311000E+02  4.32522287E-026  2.08431957E-026  2.24090331E-026
  3.350000E+02  4.15391421E-026  2.00365846E-026  2.15025575E-026
  3.388000E+02  3.99334541E-026  1.92758273E-026  2.06576268E-026
  3.428000E+02  3.83118672E-026  1.85012559E-026  1.98106113E-026
  3.467000E+02  3.67935666E-026  1.77713250E-026  1.90222416E-026
  3.508000E+02  3.53076539E-026  1.70762274E-026  1.82314265E-026
  3.548000E+02  3.39660198E-026  1.64697391E-026  1.74962807E-026
  3.589000E+02  3.26467118E-026  1.58685272E-026  1.67781846E-026
  3.631000E+02  3.13513153E-026  1.52735302E-026  1.60777852E-026
  3.673000E+02  3.01091913E-026  1.46990695E-026  1.54101218E-026
  3.715000E+02  2.89196795E-026  1.41445472E-026  1.47751323E-026
  3.758000E+02  2.77523406E-026  1.35968568E-026  1.41554838E-026
  3.802000E+02  2.66091500E-026  1.30567574E-026  1.35523926E-026
  3.846000E+02  2.55153396E-026  1.25365545E-026  1.29787851E-026
  3.890000E+02  2.44693621E-026  1.20355879E-026  1.24337742E-026
  3.935000E+02  2.34453619E-026  1.15424567E-026  1.19029052E-026
  3.981000E+02  2.24454323E-026  1.10577540E-026  1.13876783E-026
  4.027000E+02  2.15316985E-026  1.06335366E-026  1.08981619E-026
  4.074000E+02  2.06451918E-026  1.02222712E-026  1.04229206E-026
  4.121000E+02  1.97986247E-026  9.82667891E-027  9.97194582E-027
  4.169000E+02  1.89727540E-026  9.43824840E-027  9.53450565E-027
  4.217000E+02  1.81844726E-026  9.06496873E-027  9.11950391E-027
  4.266000E+02  1.74161892E-026  8.69893935E-027  8.71724988E-027
  4.315000E+02  1.66832285E-026  8.34749988E-027  8.33572859E-027
  4.365000E+02  1.59698715E-026  8.00332942E-027  7.96654212E-027
  4.416000E+02  1.52758883E-026  7.66669378E-027  7.60919448E-027
  4.467000E+02  1.46146347E-026  7.34401770E-027  7.27061703E-027
  4.519000E+02  1.39884647E-026  7.04466164E-027  6.94380310E-027
  4.571000E+02  1.34000801E-026  6.76630323E-027  6.63377690E-027
  4.624000E+02  1.28286229E-026  6.49424988E-027  6.33437301E-027
  4.677000E+02  1.22844474E-026  6.23346591E-027  6.05098147E-027
  4.731000E+02  1.17559991E-026  5.97885231E-027  5.77714680E-027
  4.786000E+02  1.12438501E-026  5.73052795E-027  5.51332216E-027
  4.842000E+02  1.07476184E-026  5.48858994E-027  5.25902842E-027
  4.898000E+02  1.02757260E-026  5.25715471E-027  5.01857129E-027
  4.955000E+02  9.81883338E-027  5.03187928E-027  4.78695409E-027
  5.012000E+02  9.38735035E-027  4.81944923E-027  4.56790112E-027
  5.070000E+02  8.97992172E-027  4.62295819E-027  4.35696353E-027
  5.129000E+02  8.58593170E-027  4.43180041E-027  4.15413129E-027
  5.188000E+02  8.21141751E-027  4.24902757E-027  3.96238995E-027
  5.248000E+02  7.84936000E-027  4.07135068E-027  3.77800933E-027
  5.309000E+02  7.49955530E-027  3.89877957E-027  3.60077573E-027
  5.370000E+02  7.16736509E-027  3.73395129E-027  3.43341380E-027
  5.432000E+02  6.84661396E-027  3.57397047E-027  3.27264350E-027
  5.495000E+02  6.53884388E-027  3.42055206E-027  3.11829182E-027
  5.559000E+02  6.24809972E-027  3.27788529E-027  2.97021443E-027
  5.623000E+02  5.97215864E-027  3.14167096E-027  2.83048768E-027
  5.688000E+02  5.70601675E-027  3.00960554E-027  2.69641121E-027
  5.754000E+02  5.44961261E-027  2.88165806E-027  2.56795455E-027
  5.821000E+02  5.20264262E-027  2.75779028E-027  2.44485234E-027
  5.888000E+02  4.96840055E-027  2.63967801E-027  2.32872254E-027
  5.957000E+02  4.73966007E-027  2.52374684E-027  2.21591323E-027
  6.026000E+02  4.52506825E-027  2.41551330E-027  2.10955495E-027
  6.095000E+02  4.32264447E-027  2.31346739E-027  2.00917708E-027
  6.166000E+02  4.12516421E-027  2.21339093E-027  1.91177328E-027
  6.237000E+02  3.93871950E-027  2.11886666E-027  1.81985284E-027
  6.310000E+02  3.75787693E-027  2.02700978E-027  1.73086715E-027
  6.383000E+02  3.58657297E-027  1.93963419E-027  1.64693878E-027
  6.457000E+02  3.42327673E-027  1.85648975E-027  1.56678698E-027
  6.531000E+02  3.26853501E-027  1.77729639E-027  1.49123862E-027
  6.607000E+02  3.11831292E-027  1.70021567E-027  1.41809725E-027
  6.683000E+02  2.97658769E-027  1.62738727E-027  1.34920042E-027
  6.761000E+02  2.83883857E-027  1.55624996E-027  1.28258861E-027
  6.839000E+02  2.70916547E-027  1.48930714E-027  1.21985833E-027
  6.918000E+02  2.58501467E-027  1.42499670E-027  1.16001798E-027
  6.998000E+02  2.46597649E-027  1.36303517E-027  1.10294132E-027
  7.080000E+02  2.35176918E-027  1.30387529E-027  1.04789389E-027
  7.161000E+02  2.24499132E-027  1.24832167E-027  9.96669654E-028
  7.244000E+02  2.14144133E-027  1.19416340E-027  9.47277922E-028
  7.328000E+02  2.04224367E-027  1.14204690E-027  9.00196764E-028
  7.413000E+02  1.94731404E-027  1.09191530E-027  8.55398734E-028
  7.499000E+02  1.85644666E-027  1.04371178E-027  8.12734881E-028
  7.586000E+02  1.77047132E-027  9.98319077E-028  7.72152239E-028
  7.674000E+02  1.68821584E-027  9.54698675E-028  7.33517165E-028
  7.762000E+02  1.61042211E-027  9.13238799E-028  6.97183315E-028
  7.852000E+02  1.53516363E-027  8.72945218E-028  6.62218412E-028
  7.943000E+02  1.46321519E-027  8.34248962E-028  6.28966225E-028
  8.035000E+02  1.39496724E-027  7.97608107E-028  5.97359129E-028
  8.128000E+02  1.32997935E-027  7.62672583E-028  5.67306772E-028
  8.222000E+02  1.26788615E-027  7.29135249E-028  5.38750899E-028
  8.318000E+02  1.20795982E-027  6.96619036E-028  5.11340789E-028
  8.414000E+02  1.15134807E-027  6.65754538E-028  4.85593529E-028
  8.511000E+02  1.09727399E-027  6.36148991E-028  4.61125001E-028
  8.610000E+02  1.04512594E-027  6.07476022E-028  4.37649920E-028
  8.710000E+02  9.95379687E-028  5.80003454E-028  4.15376234E-028
  8.810000E+02  9.48389667E-028  5.53940728E-028  3.94448939E-028
  8.912000E+02  9.03107256E-028  5.28723952E-028  3.74383304E-028
  9.016000E+02  8.59623789E-028  5.04455880E-028  3.55167909E-028
  9.120000E+02  8.19034684E-028  4.81915512E-028  3.37119172E-028
  9.226000E+02  7.79970287E-028  4.60127686E-028  3.19842601E-028
  9.333000E+02  7.42743632E-028  4.39276679E-028  3.03466952E-028
  9.441000E+02  7.07262680E-028  4.19325416E-028  2.87937265E-028
  9.550000E+02  6.73459524E-028  4.00238017E-028  2.73221507E-028
  9.660000E+02  6.41253378E-028  3.81979789E-028  2.59273589E-028
  9.772000E+02  6.10302538E-028  3.64364091E-028  2.45938447E-028
  9.885000E+02  5.80832265E-028  3.47527721E-028  2.33304545E-028
  1.000000E+03  5.52544686E-028  3.31306946E-028  2.21237740E-028
  1.012000E+03  5.25277428E-028  3.15833906E-028  2.09443522E-028
  1.023000E+03  5.01656832E-028  3.02383702E-028  1.99273131E-028
  1.035000E+03  4.77294501E-028  2.88462773E-028  1.88831729E-028
  1.047000E+03  4.54338318E-028  2.75279824E-028  1.79058494E-028
  1.059000E+03  4.32696378E-028  2.62790034E-028  1.69906344E-028
  1.072000E+03  4.10564242E-028  2.49993285E-028  1.60570957E-028
  1.084000E+03  3.91324309E-028  2.38816767E-028  1.52507543E-028
  1.096000E+03  3.73153823E-028  2.28213539E-028  1.44940284E-028
  1.109000E+03  3.54565317E-028  2.17334656E-028  1.37230661E-028
  1.122000E+03  3.37045043E-028  2.07049252E-028  1.29995791E-028
  1.135000E+03  3.20544071E-028  1.97320295E-028  1.23223776E-028
  1.148000E+03  3.04994126E-028  1.88113358E-028  1.16880768E-028
  1.161000E+03  2.90292817E-028  1.79396418E-028  1.10896399E-028
  1.175000E+03  2.75405034E-028  1.70522783E-028  1.04882251E-028
  1.188000E+03  2.62368047E-028  1.62730627E-028  9.96374200E-029
  1.202000E+03  2.49154860E-028  1.54813220E-028  9.43416403E-029
  1.216000E+03  2.36852443E-028  1.47481771E-028  8.93706721E-029
  1.230000E+03  2.25264889E-028  1.40548685E-028  8.47162038E-029
  1.244000E+03  2.14382302E-028  1.34040620E-028  8.03416817E-029
  1.259000E+03  2.03530111E-028  1.27576300E-028  7.59538116E-029
  1.274000E+03  1.93328664E-028  1.21473068E-028  7.18555959E-029
  1.288000E+03  1.84351586E-028  1.16082009E-028  6.82695770E-029
  1.303000E+03  1.75268563E-028  1.10612589E-028  6.46559738E-029
  1.318000E+03  1.66712081E-028  1.05440870E-028  6.12712117E-029
  1.334000E+03  1.58117756E-028  1.00231540E-028  5.78862169E-029
  1.349000E+03  1.50540335E-028  9.56175274E-029  5.49228078E-029
  1.365000E+03  1.42919900E-028  9.09651947E-029  5.19547056E-029
  1.380000E+03  1.36186113E-028  8.68403812E-029  4.93457322E-029
  1.396000E+03  1.29412508E-028  8.26772164E-029  4.67352915E-029
  1.412000E+03  1.23026665E-028  7.87430879E-029  4.42835775E-029
  1.429000E+03  1.16649338E-028  7.47978834E-029  4.18514545E-029
  1.445000E+03  1.10995203E-028  7.12916472E-029  3.97035557E-029
  1.462000E+03  1.05341241E-028  6.77719293E-029  3.75693114E-029
  1.479000E+03  1.00017302E-028  6.44505711E-029  3.55667305E-029
  1.496000E+03  9.50059076E-029  6.13147731E-029  3.36911345E-029
  1.514000E+03  9.01464833E-029  5.83091806E-029  3.18373027E-029
  1.531000E+03  8.58531583E-029  5.56595312E-029  3.01936271E-029
  1.549000E+03  8.15699484E-029  5.30069863E-029  2.85629620E-029
  1.567000E+03  7.75414815E-029  5.05017793E-029  2.70397022E-029
  1.585000E+03  7.37439590E-029  4.81344613E-029  2.56094977E-029
  1.603000E+03  7.01651808E-029  4.58962717E-029  2.42689092E-029
  1.622000E+03  6.66112168E-029  4.36648538E-029  2.29463629E-029
  1.641000E+03  6.32683647E-029  4.15594009E-029  2.17089638E-029
  1.660000E+03  6.01219254E-029  3.95717146E-029  2.05502108E-029
  1.679000E+03  5.71585349E-029  3.76942021E-029  1.94643327E-029
  1.698000E+03  5.43659221E-029  3.59198266E-029  1.84460956E-029
  1.718000E+03  5.16002535E-029  3.41563170E-029  1.74439365E-029
  1.738000E+03  4.89987008E-029  3.24928065E-029  1.65058943E-029
  1.758000E+03  4.65499420E-029  3.09227694E-029  1.56271726E-029
  1.778000E+03  4.42452219E-029  2.94401633E-029  1.48050586E-029
  1.799000E+03  4.19677572E-029  2.79714029E-029  1.39963542E-029
  1.820000E+03  3.98264502E-029  2.65868649E-029  1.32395853E-029
  1.841000E+03  3.78129710E-029  2.52810010E-029  1.25319700E-029
  1.862000E+03  3.59174480E-029  2.40486773E-029  1.18687707E-029
  1.884000E+03  3.40494706E-029  2.28313723E-029  1.12180982E-029
  1.906000E+03  3.22958438E-029  2.16845064E-029  1.06113375E-029
  1.928000E+03  3.06453419E-029  2.06034060E-029  1.00419359E-029
  1.950000E+03  2.90929791E-029  1.95837490E-029  9.50923009E-030
  1.972000E+03  2.76319582E-029  1.86215347E-029  9.01042359E-030
  1.995000E+03  2.61954037E-029  1.76729831E-029  8.52242060E-030
  2.018000E+03  2.48835310E-029  1.68182262E-029  8.06530475E-030
  2.042000E+03  2.36070559E-029  1.59883391E-029  7.61871684E-030
  2.065000E+03  2.24570708E-029  1.52378548E-029  7.21921600E-030
  2.089000E+03  2.13267730E-029  1.44984473E-029  6.82832568E-030
  2.114000E+03  2.02205550E-029  1.37725741E-029  6.44798089E-030
  2.138000E+03  1.92220645E-029  1.31154935E-029  6.10657101E-030
  2.163000E+03  1.82430172E-029  1.24697044E-029  5.77331287E-030
  2.188000E+03  1.73229639E-029  1.18607852E-029  5.46217872E-030
  2.213000E+03  1.64568388E-029  1.12863083E-029  5.17053045E-030
  2.239000E+03  1.56098405E-029  1.07229761E-029  4.88686441E-030
  2.265000E+03  1.48137913E-029  1.01921326E-029  4.62165873E-030
  2.291000E+03  1.40654743E-029  9.69161970E-030  4.37385461E-030
  2.317000E+03  1.33609646E-029  9.21944214E-030  4.14152244E-030
  2.344000E+03  1.26727923E-029  8.75711715E-030  3.91567516E-030
  2.371000E+03  1.20261858E-029  8.32144700E-030  3.70473884E-030
  2.399000E+03  1.13957704E-029  7.89590700E-030  3.49986340E-030
  2.427000E+03  1.08039819E-029  7.49531385E-030  3.30866804E-030
  2.455000E+03  1.02477883E-029  7.11798806E-030  3.12980023E-030
  2.483000E+03  9.72649577E-030  6.76416063E-030  2.96233514E-030
  2.512000E+03  9.23230333E-030  6.43203385E-030  2.80026949E-030
  2.541000E+03  8.76758082E-030  6.11892322E-030  2.64865760E-030
  2.570000E+03  8.33029044E-030  5.82357014E-030  2.50672030E-030
  2.600000E+03  7.90495623E-030  5.53548106E-030  2.36947517E-030
  2.630000E+03  7.50502373E-030  5.26395947E-030  2.24106426E-030
  2.661000E+03  7.11658871E-030  4.99962444E-030  2.11696427E-030
  2.692000E+03  6.75178288E-030  4.75068491E-030  2.00109797E-030
  2.723000E+03  6.40891272E-030  4.51610654E-030  1.89280618E-030
  2.754000E+03  6.08632967E-030  4.29493397E-030  1.79139570E-030
  2.786000E+03  5.77327076E-030  4.07975251E-030  1.69351825E-030
  2.818000E+03  5.47903905E-030  3.87701741E-030  1.60202165E-030
  2.851000E+03  5.19382465E-030  3.68010584E-030  1.51371881E-030
  2.884000E+03  4.92592488E-030  3.49470987E-030  1.43121500E-030
  2.917000E+03  4.67412737E-030  3.32005478E-030  1.35407259E-030
  2.951000E+03  4.43033584E-030  3.15058558E-030  1.27975026E-030
  2.985000E+03  4.20131922E-030  2.99103614E-030  1.21028308E-030
  3.020000E+03  3.98427442E-030  2.84083972E-030  1.14343470E-030
  3.055000E+03  3.78339584E-030  2.70248929E-030  1.08090655E-030
  3.090000E+03  3.59453666E-030  2.57203564E-030  1.02250102E-030
  3.126000E+03  3.41186044E-030  2.44554347E-030  9.66316974E-031
  3.162000E+03  3.24012155E-030  2.32632853E-030  9.13793020E-031
  3.199000E+03  3.07419946E-030  2.21087582E-030  8.63323644E-031
  3.236000E+03  2.91826949E-030  2.10211260E-030  8.16156883E-031
  3.273000E+03  2.77166593E-030  1.99959049E-030  7.72075440E-031
  3.311000E+03  2.63008797E-030  1.90035914E-030  7.29728831E-031
  3.350000E+03  2.49362840E-030  1.80447308E-030  6.89155326E-031
  3.388000E+03  2.36860581E-030  1.71645891E-030  6.52146906E-031
  3.428000E+03  2.24498096E-030  1.62919361E-030  6.15787348E-031
  3.467000E+03  2.13170712E-030  1.54906752E-030  5.82639604E-031
  3.508000E+03  2.01980311E-030  1.46975109E-030  5.50052019E-031
  3.548000E+03  1.91725538E-030  1.39690066E-030  5.20354724E-031
  3.589000E+03  1.81845661E-030  1.32655892E-030  4.91897694E-031
  3.631000E+03  1.72340219E-030  1.25873932E-030  4.64662870E-031
  3.673000E+03  1.63412209E-030  1.19491695E-030  4.39205149E-031
  3.715000E+03  1.55024192E-030  1.13482059E-030  4.15421330E-031
  3.758000E+03  1.46952967E-030  1.07689224E-030  3.92637431E-031
  3.802000E+03  1.39198683E-030  1.02112954E-030  3.70857290E-031
  3.846000E+03  1.31918773E-030  9.68677135E-031  3.50510592E-031
  3.890000E+03  1.25081322E-030  9.19309261E-031  3.31503961E-031
  3.936000E+03  1.18369061E-030  8.70769549E-031  3.12921061E-031
  3.981000E+03  1.12206588E-030  8.26116233E-031  2.95949648E-031
  4.027000E+03  1.06428201E-030  7.84555965E-031  2.79726047E-031
  4.074000E+03  1.00973758E-030  7.45501944E-031  2.64235640E-031
  4.121000E+03  9.58489781E-031  7.08721238E-031  2.49768543E-031
  4.169000E+03  9.09304536E-031  6.73345169E-031  2.35959367E-031
  4.217000E+03  8.63091065E-031  6.40029897E-031  2.23061168E-031
  4.266000E+03  8.18752729E-031  6.08002021E-031  2.10750709E-031
  4.315000E+03  7.77090095E-031  5.77840724E-031  1.99249371E-031
  4.365000E+03  7.37141407E-031  5.48857552E-031  1.88283855E-031
  4.416000E+03  6.98863436E-031  5.21034329E-031  1.77829106E-031
  4.467000E+03  6.62913998E-031  4.94848185E-031  1.68065814E-031
  4.519000E+03  6.28491142E-031  4.69718945E-031  1.58772198E-031
  4.571000E+03  5.96150063E-031  4.46067376E-031  1.50082687E-031
  4.624000E+03  5.65183455E-031  4.23377798E-031  1.41805657E-031
  4.677000E+03  5.36096575E-031  4.02021341E-031  1.34075234E-031
  4.732000E+03  5.07747624E-031  3.81171957E-031  1.26575667E-031
  4.786000E+03  4.81613387E-031  3.61913927E-031  1.19699460E-031
  4.842000E+03  4.56159860E-031  3.43124121E-031  1.13035739E-031
  4.898000E+03  4.32269428E-031  3.25454935E-031  1.06814493E-031
  4.954000E+03  4.09827639E-031  3.08829527E-031  1.00998112E-031
  5.012000E+03  3.88166008E-031  2.92795425E-031  9.53705832E-032
  5.070000E+03  3.68380724E-031  2.78267787E-031  9.01129363E-032
  5.129000E+03  3.49473896E-031  2.64354709E-031  8.51191876E-032
  5.188000E+03  3.31708688E-031  2.51254762E-031  8.04539255E-032
  5.248000E+03  3.14731136E-031  2.38709988E-031  7.60211487E-032
  5.309000E+03  2.98513745E-031  2.26704903E-031  7.18088428E-032
  5.370000E+03  2.83279627E-031  2.15403375E-031  6.78762519E-032
  5.432000E+03  2.68728612E-031  2.04588429E-031  6.41401832E-032
  5.495000E+03  2.54839285E-031  1.94245578E-031  6.05937067E-032
  5.559000E+03  2.41588632E-031  1.84360164E-031  5.72284682E-032
  5.623000E+03  2.29144786E-031  1.75058351E-031  5.40864355E-032
  5.688000E+03  2.17271349E-031  1.66167647E-031  5.11037013E-032
  5.754000E+03  2.05950061E-031  1.57674662E-031  4.82753992E-032
  5.821000E+03  1.95159332E-031  1.49565996E-031  4.55933365E-032
  5.888000E+03  1.85027199E-031  1.41938662E-031  4.30885365E-032
  5.957000E+03  1.75231698E-031  1.34552024E-031  4.06796740E-032
  6.026000E+03  1.66038796E-031  1.27607872E-031  3.84309244E-032
  6.095000E+03  1.57405345E-031  1.21075706E-031  3.63296389E-032
  6.166000E+03  1.49064217E-031  1.14754661E-031  3.43095558E-032
  6.237000E+03  1.41347151E-031  1.08924389E-031  3.24227619E-032
  6.310000E+03  1.33994390E-031  1.03383755E-031  3.06106345E-032
  6.383000E+03  1.27089831E-031  9.81713505E-032  2.89184805E-032
  6.456000E+03  1.20602517E-031  9.32646991E-032  2.73378176E-032
  6.531000E+03  1.14340888E-031  8.85202829E-032  2.58206049E-032
  6.607000E+03  1.08383256E-031  8.39982961E-032  2.43849600E-032
  6.683000E+03  1.02788239E-031  7.97441212E-032  2.30441182E-032
  6.761000E+03  9.73961930E-032  7.56372829E-032  2.17589102E-032
  6.839000E+03  9.23338930E-032  7.17750366E-032  2.05588564E-032
  6.918000E+03  8.75187631E-032  6.80954049E-032  1.94233582E-032
  6.998000E+03  8.29402246E-032  6.45908831E-032  1.83493414E-032
  7.080000E+03  7.86566682E-032  6.13348602E-032  1.73218080E-032
  7.161000E+03  7.46846209E-032  5.83114359E-032  1.63731849E-032
  7.244000E+03  7.08603173E-032  5.53943997E-032  1.54659176E-032
  7.328000E+03  6.72237887E-032  5.26160617E-032  1.46077270E-032
  7.413000E+03  6.37676515E-032  4.99704580E-032  1.37971935E-032
  7.499000E+03  6.04830340E-032  4.74518204E-032  1.30312136E-032
  7.586000E+03  5.73625671E-032  4.50545763E-032  1.23079908E-032
  7.674000E+03  5.43979877E-032  4.27733469E-032  1.16246408E-032
  7.762000E+03  5.16130717E-032  4.06266041E-032  1.09864676E-032
  7.852000E+03  4.89373818E-032  3.85606312E-032  1.03767506E-032
  7.943000E+03  4.63966983E-032  3.65957639E-032  9.80093442E-033
  8.035000E+03  4.39848624E-032  3.47273724E-032  9.25748994E-033
  8.128000E+03  4.16952967E-032  3.29510077E-032  8.74428902E-033
  8.222000E+03  3.95223379E-032  3.12623971E-032  8.25994074E-033
  8.318000E+03  3.74391756E-032  2.96410642E-032  7.79811135E-033
  8.414000E+03  3.54839421E-032  2.81168057E-032  7.36713641E-033
  8.511000E+03  3.36285977E-032  2.66684431E-032  6.96015454E-033
  8.610000E+03  3.18510016E-032  2.52787593E-032  6.57224225E-033
  8.710000E+03  3.01661049E-032  2.39595439E-032  6.20656097E-033
  8.810000E+03  2.85844265E-032  2.27193686E-032  5.86505785E-033
  8.912000E+03  2.70698031E-032  2.15301732E-032  5.53962993E-033
  9.016000E+03  2.56273473E-032  2.03974916E-032  5.22985575E-033
  9.120000E+03  2.43023118E-032  1.93616398E-032  4.94067201E-033
  9.226000E+03  2.30341050E-032  1.83686815E-032  4.66542352E-033
  9.332000E+03  2.18431443E-032  1.74347665E-032  4.40837779E-033
  9.441000E+03  2.06933372E-032  1.65317311E-032  4.16160609E-033
  9.550000E+03  1.96139716E-032  1.56827893E-032  3.93118224E-033
  9.660000E+03  1.85911216E-032  1.48771015E-032  3.71402009E-033
  9.772000E+03  1.76133582E-032  1.41058047E-032  3.50755349E-033
  9.886000E+03  1.66793302E-032  1.33680216E-032  3.31130855E-033
  1.000000E+04  1.58024883E-032  1.26743337E-032  3.12815468E-033
  1.012000E+04  1.49823691E-032  1.19629840E-032  3.01938511E-033
  1.023000E+04  1.42744537E-032  1.13503872E-032  2.92406643E-033
  1.035000E+04  1.35467518E-032  1.07221478E-032  2.82460405E-033
  1.047000E+04  1.28624053E-032  1.01328026E-032  2.72960266E-033
  1.059000E+04  1.22184239E-032  9.57960898E-033  2.63881488E-033
  1.072000E+04  1.15631378E-032  9.01818908E-033  2.54494876E-033
  1.084000E+04  1.09946489E-032  8.53243426E-033  2.46221461E-033
  1.096000E+04  1.04586957E-032  8.07566710E-033  2.38302859E-033
  1.109000E+04  9.92279019E-033  7.62176047E-033  2.30102972E-033
  1.122000E+04  9.42373856E-033  7.20098790E-033  2.22275066E-033
  1.135000E+04  8.95423169E-033  6.80624886E-033  2.14798283E-033
  1.148000E+04  8.51223924E-033  6.43570774E-033  2.07653150E-033
  1.161000E+04  8.09588999E-033  6.08767519E-033  2.00821480E-033
  1.175000E+04  7.67421485E-033  5.73626110E-033  1.93795374E-033
  1.188000E+04  7.30576080E-033  5.43014420E-033  1.87561660E-033
  1.202000E+04  6.93212159E-033  5.12068281E-033  1.81143877E-033
  1.216000E+04  6.58085419E-033  4.83069803E-033  1.75015615E-033
  1.230000E+04  6.25040721E-033  4.55879993E-033  1.69160729E-033
  1.244000E+04  5.94369603E-033  4.30805462E-033  1.63564140E-033
  1.259000E+04  5.64517968E-033  4.06679529E-033  1.57838439E-033
  1.274000E+04  5.36455986E-033  3.84079065E-033  1.52376920E-033
  1.288000E+04  5.11768818E-033  3.64264267E-033  1.47504551E-033
  1.303000E+04  4.86820512E-033  3.44308540E-033  1.42511972E-033
  1.318000E+04  4.63322063E-033  3.25579855E-033  1.37742208E-033
  1.334000E+04  4.39744470E-033  3.06858256E-033  1.32886215E-033
  1.349000E+04  4.18939373E-033  2.90400490E-033  1.28538883E-033
  1.365000E+04  3.98036851E-033  2.73928597E-033  1.24108254E-033
  1.380000E+04  3.79568615E-033  2.59431012E-033  1.20137603E-033
  1.396000E+04  3.60990686E-033  2.44903925E-033  1.16086761E-033
  1.412000E+04  3.43492836E-033  2.31276812E-033  1.12216023E-033
  1.429000E+04  3.26003072E-033  2.17713428E-033  1.08289644E-033
  1.445000E+04  3.10508122E-033  2.05748295E-033  1.04759827E-033
  1.462000E+04  2.95000317E-033  1.93824811E-033  1.01175506E-033
  1.479000E+04  2.80409874E-033  1.82657009E-033  9.77528650E-034
  1.496000E+04  2.66673641E-033  1.72190752E-033  9.44828895E-034
  1.514000E+04  2.53712278E-033  1.62534662E-033  9.11776156E-034
  1.531000E+04  2.42353202E-033  1.54157147E-033  8.81960544E-034
  1.549000E+04  2.31001407E-033  1.45822276E-033  8.51791316E-034
  1.567000E+04  2.20297948E-033  1.37999684E-033  8.22982640E-034
  1.585000E+04  2.10199171E-033  1.30653304E-033  7.95458670E-034
  1.603000E+04  2.00664802E-033  1.23749944E-033  7.69148580E-034
  1.622000E+04  1.91172011E-033  1.16909945E-033  7.42620654E-034
  1.641000E+04  1.82226333E-033  1.10496449E-033  7.17298843E-034
  1.660000E+04  1.73790612E-033  1.04479075E-033  6.93115369E-034
  1.679000E+04  1.65830590E-033  9.88298930E-034  6.70006974E-034
  1.698000E+04  1.58314655E-033  9.35231979E-034  6.47914569E-034
  1.718000E+04  1.50850841E-033  8.82812056E-034  6.25696352E-034
  1.738000E+04  1.43815340E-033  8.33670839E-034  6.04482562E-034
  1.758000E+04  1.37179201E-033  7.87574937E-034  5.84217074E-034
  1.778000E+04  1.30915720E-033  7.44309720E-034  5.64847481E-034
  1.799000E+04  1.24713191E-033  7.01711832E-034  5.45420080E-034
  1.820000E+04  1.18868039E-033  6.61806867E-034  5.26873525E-034
  1.841000E+04  1.13356019E-033  6.24401741E-034  5.09158450E-034
  1.862000E+04  1.08154776E-033  5.89318985E-034  4.92228775E-034
  1.884000E+04  1.03016723E-033  5.54878786E-034  4.75288445E-034
  1.906000E+04  9.81752471E-034  5.22635805E-034  4.59116666E-034
  1.928000E+04  9.36102004E-034  4.92431663E-034  4.43670342E-034
  1.950000E+04  8.93030075E-034  4.64120832E-034  4.28909243E-034
  1.972000E+04  8.52365262E-034  4.37569474E-034  4.14795788E-034
  1.995000E+04  8.12254071E-034  4.11558896E-034  4.00695175E-034
  2.018000E+04  7.76286116E-034  3.89059583E-034  3.87226533E-034
  2.042000E+04  7.41377415E-034  3.67569179E-034  3.73808236E-034
  2.065000E+04  7.09760400E-034  3.48235782E-034  3.61524618E-034
  2.089000E+04  6.78559471E-034  3.29285387E-034  3.49274084E-034
  2.114000E+04  6.47874885E-034  3.10780227E-034  3.37094658E-034
  2.138000E+04  6.20046020E-034  2.94116567E-034  3.25929453E-034
  2.163000E+04  5.92641347E-034  2.77824099E-034  3.14817248E-034
  2.188000E+04  5.66746797E-034  2.62542279E-034  3.04204518E-034
  2.213000E+04  5.42263180E-034  2.48199668E-034  2.94063513E-034
  2.239000E+04  5.18198490E-034  2.34209065E-034  2.83989425E-034
  2.265000E+04  4.95465576E-034  2.21095268E-034  2.74370309E-034
  2.291000E+04  4.73976580E-034  2.08795816E-034  2.65180764E-034
  2.317000E+04  4.53650347E-034  1.97253270E-034  2.56397077E-034
  2.344000E+04  4.33692669E-034  1.86011284E-034  2.47681385E-034
  2.371000E+04  4.14830409E-034  1.75474108E-034  2.39356301E-034
  2.399000E+04  3.96349967E-034  1.65237636E-034  2.31112331E-034
  2.427000E+04  3.78896720E-034  1.55654066E-034  2.23242654E-034
  2.455000E+04  3.62402592E-034  1.46676325E-034  2.15726268E-034
  2.483000E+04  3.46880960E-034  1.38337394E-034  2.08543566E-034
  2.512000E+04  3.32241375E-034  1.30804788E-034  2.01436587E-034
  2.541000E+04  3.18384786E-034  1.23735871E-034  1.94648916E-034
  2.570000E+04  3.05260829E-034  1.17098012E-034  1.88162818E-034
  2.600000E+04  2.92405718E-034  1.10652926E-034  1.81752792E-034
  2.630000E+04  2.80237085E-034  1.04606431E-034  1.75630653E-034
  2.661000E+04  2.68337195E-034  9.87472778E-035  1.69589917E-034
  2.692000E+04  2.57078270E-034  9.32552038E-035  1.63823066E-034
  2.723000E+04  2.46418770E-034  8.81040178E-035  1.58314752E-034
  2.754000E+04  2.36320286E-034  8.32696398E-035  1.53050647E-034
  2.786000E+04  2.26446840E-034  7.85881393E-035  1.47858701E-034
  2.818000E+04  2.17097160E-034  7.41981946E-035  1.42898965E-034
  2.851000E+04  2.07968495E-034  6.99546284E-035  1.38013866E-034
  2.884000E+04  1.99327361E-034  6.59784350E-035  1.33348926E-034
  2.917000E+04  1.91142406E-034  6.22505257E-035  1.28891880E-034
  2.951000E+04  1.83155918E-034  5.86508010E-035  1.24505117E-034
  2.985000E+04  1.75593554E-034  5.52783650E-035  1.20315189E-034
  3.020000E+04  1.68439100E-034  5.22429790E-035  1.16196121E-034
  3.055000E+04  1.61810619E-034  4.95476631E-035  1.12262956E-034
  3.090000E+04  1.55518859E-034  4.70135351E-035  1.08505324E-034
  3.126000E+04  1.49376720E-034  4.45634563E-035  1.04813264E-034
  3.162000E+04  1.43547829E-034  4.22610012E-035  1.01286828E-034
  3.199000E+04  1.37863014E-034  4.00376427E-035  9.78253710E-035
  3.236000E+04  1.32469016E-034  3.79491532E-035  9.45198628E-035
  3.273000E+04  1.27347731E-034  3.59861116E-035  9.13616190E-035
  3.311000E+04  1.22354280E-034  3.40914894E-035  8.82627909E-035
  3.350000E+04  1.17492458E-034  3.22660208E-035  8.52264368E-035
  3.388000E+04  1.12995637E-034  3.05951928E-035  8.24004447E-035
  3.428000E+04  1.08502392E-034  2.89433020E-035  7.95590895E-035
  3.467000E+04  1.04344057E-034  2.74308821E-035  7.69131745E-035
  3.508000E+04  1.00194591E-034  2.59380182E-035  7.42565732E-035
  3.548000E+04  9.63521607E-035  2.45707757E-035  7.17813850E-035
  3.589000E+04  9.26115240E-035  2.32543476E-035  6.93571764E-035
  3.631000E+04  8.89744743E-035  2.19887583E-035  6.69857161E-035
  3.673000E+04  8.55223312E-035  2.08011814E-035  6.47211498E-035
  3.715000E+04  8.22436374E-035  1.96861154E-035  6.25575219E-035
  3.758000E+04  7.90554836E-035  1.86143380E-035  6.04411456E-035
  3.802000E+04  7.59588367E-035  1.75856097E-035  5.83732270E-035
  3.846000E+04  7.30193331E-035  1.66207541E-035  5.63985789E-035
  3.890000E+04  7.02272486E-035  1.57152473E-035  5.45120014E-035
  3.936000E+04  6.74560944E-035  1.48275244E-035  5.26285701E-035
  3.981000E+04  6.48823844E-035  1.40132673E-035  5.08691171E-035
