# DH21 PAH SED for Mathis ISRF, U = 1.585
# DL07 PAH cross sections, neutral + cation mixed by f_ion(a)
# columns: lambda[um]    lambda*I_lambda / N_H [erg s^-1 cm^-2 sr^-1 H^-1]
  1.000000E-04  0.00000000E+000
  1.007967E-04  0.00000000E+000
  1.016230E-04  0.00000000E+000
  1.033167E-04  0.00000000E+000
  1.078087E-04  0.00000000E+000
  1.127091E-04  0.00000000E+000
  1.180762E-04  0.00000000E+000
  1.239800E-04  0.00000000E+000
  1.271590E-04  0.00000000E+000
  1.305053E-04  0.00000000E+000
  1.340324E-04  0.00000000E+000
  1.377556E-04  0.00000000E+000
  1.416914E-04  0.00000000E+000
  1.458588E-04  0.00000000E+000
  1.475952E-04  0.00000000E+000
  1.484790E-04  0.00000000E+000
  1.484968E-04  0.00000000E+000
  1.485057E-04  0.00000000E+000
  1.485111E-04  0.00000000E+000
  1.485128E-04  0.00000000E+000
  1.485137E-04  0.00000000E+000
  1.485143E-04  0.00000000E+000
  1.485144E-04  0.00000000E+000
  1.485148E-04  0.00000000E+000
  1.485150E-04  0.00000000E+000
  1.485155E-04  0.00000000E+000
  1.485164E-04  0.00000000E+000
  1.485182E-04  0.00000000E+000
  1.485235E-04  0.00000000E+000
  1.485680E-04  0.00000000E+000
  1.486571E-04  0.00000000E+000
  1.493735E-04  0.00000000E+000
  1.549750E-04  0.00000000E+000
  1.599742E-04  0.00000000E+000
  1.653067E-04  0.00000000E+000
  1.710069E-04  0.00000000E+000
  1.733986E-04  0.00000000E+000
  1.738850E-04  0.00000000E+000
  1.740070E-04  0.00000000E+000
  1.740192E-04  0.00000000E+000
  1.740266E-04  0.00000000E+000
  1.740290E-04  0.00000000E+000
  1.740302E-04  0.00000000E+000
  1.740310E-04  0.00000000E+000
  1.740312E-04  0.00000000E+000
  1.740317E-04  0.00000000E+000
  1.740319E-04  0.00000000E+000
  1.740327E-04  0.00000000E+000
  1.740339E-04  0.00000000E+000
  1.740363E-04  0.00000000E+000
  1.740437E-04  0.00000000E+000
  1.740559E-04  0.00000000E+000
  1.741292E-04  0.00000000E+000
  1.743741E-04  0.00000000E+000
  1.746197E-04  0.00000000E+000
  1.771143E-04  0.00000000E+000
  1.836741E-04  0.00000000E+000
  1.907385E-04  0.00000000E+000
  1.983680E-04  0.00000000E+000
  2.066333E-04  0.00000000E+000
  2.137586E-04  0.00000000E+000
  2.213929E-04  0.00000000E+000
  2.295926E-04  0.00000000E+000
  2.384231E-04  0.00000000E+000
  2.479600E-04  0.00000000E+000
  2.582917E-04  0.00000000E+000
  2.695217E-04  0.00000000E+000
  2.817727E-04  0.00000000E+000
  2.951905E-04  0.00000000E+000
  3.023902E-04  0.00000000E+000
  3.061235E-04  0.00000000E+000
  3.065776E-04  0.00000000E+000
  3.066156E-04  0.00000000E+000
  3.066383E-04  0.00000000E+000
  3.066459E-04  0.00000000E+000
  3.066497E-04  0.00000000E+000
  3.066520E-04  0.00000000E+000
  3.066527E-04  0.00000000E+000
  3.066542E-04  0.00000000E+000
  3.066550E-04  0.00000000E+000
  3.066573E-04  0.00000000E+000
  3.066611E-04  0.00000000E+000
  3.066686E-04  0.00000000E+000
  3.066914E-04  0.00000000E+000
  3.067293E-04  0.00000000E+000
  3.099500E-04  0.00000000E+000
  3.178974E-04  0.00000000E+000
  3.262632E-04  0.00000000E+000
  3.350811E-04  0.00000000E+000
  3.443889E-04  0.00000000E+000
  3.542286E-04  0.00000000E+000
  3.646471E-04  0.00000000E+000
  3.756970E-04  0.00000000E+000
  3.874375E-04  0.00000000E+000
  3.999355E-04  0.00000000E+000
  4.132667E-04  0.00000000E+000
  4.275172E-04  0.00000000E+000
  4.427857E-04  0.00000000E+000
  4.508364E-04  0.00000000E+000
  4.591852E-04  0.00000000E+000
  4.678491E-04  0.00000000E+000
  4.768462E-04  0.00000000E+000
  4.861961E-04  0.00000000E+000
  4.959200E-04  0.00000000E+000
  4.999194E-04  0.00000000E+000
  5.003228E-04  0.00000000E+000
  5.004238E-04  0.00000000E+000
  5.004844E-04  0.00000000E+000
  5.005046E-04  0.00000000E+000
  5.005147E-04  0.00000000E+000
  5.005208E-04  0.00000000E+000
  5.005228E-04  0.00000000E+000
  5.005268E-04  0.00000000E+000
  5.005289E-04  0.00000000E+000
  5.005349E-04  0.00000000E+000
  5.005450E-04  0.00000000E+000
  5.005652E-04  0.00000000E+000
  5.006259E-04  0.00000000E+000
  5.007270E-04  0.00000000E+000
  5.019433E-04  0.00000000E+000
  5.060408E-04  0.00000000E+000
  5.165833E-04  0.00000000E+000
  5.275745E-04  0.00000000E+000
  5.390435E-04  0.00000000E+000
  5.510222E-04  0.00000000E+000
  5.635455E-04  0.00000000E+000
  6.047805E-04  0.00000000E+000
  6.199000E-04  0.00000000E+000
  6.525263E-04  0.00000000E+000
  6.594681E-04  0.00000000E+000
  6.665591E-04  0.00000000E+000
  6.701622E-04  0.00000000E+000
  6.708874E-04  0.00000000E+000
  6.712507E-04  0.00000000E+000
  6.714324E-04  0.00000000E+000
  6.715415E-04  0.00000000E+000
  6.715779E-04  0.00000000E+000
  6.715961E-04  0.00000000E+000
  6.716070E-04  0.00000000E+000
  6.716107E-04  0.00000000E+000
  6.716179E-04  0.00000000E+000
  6.716216E-04  0.00000000E+000
  6.716325E-04  0.00000000E+000
  6.716507E-04  0.00000000E+000
  6.716871E-04  0.00000000E+000
  6.717963E-04  0.00000000E+000
  6.719783E-04  0.00000000E+000
  6.723427E-04  0.00000000E+000
  6.738043E-04  0.00000000E+000
  6.887778E-04  0.00000000E+000
  7.084571E-04  0.00000000E+000
  7.292941E-04  0.00000000E+000
  7.513939E-04  0.00000000E+000
  7.748750E-04  0.00000000E+000
  7.896815E-04  0.00000000E+000
  7.906888E-04  0.00000000E+000
  7.909410E-04  0.00000000E+000
  7.910419E-04  0.00000000E+000
  7.910924E-04  0.00000000E+000
  7.911176E-04  0.00000000E+000
  7.911328E-04  0.00000000E+000
  7.911378E-04  0.00000000E+000
  7.911984E-04  0.00000000E+000
  7.912035E-04  0.00000000E+000
  7.912186E-04  0.00000000E+000
  7.912439E-04  0.00000000E+000
  7.912944E-04  0.00000000E+000
  7.914459E-04  0.00000000E+000
  7.916986E-04  0.00000000E+000
  7.922045E-04  0.00000000E+000
  7.998710E-04  0.00000000E+000
  8.265333E-04  0.00000000E+000
  8.550345E-04  0.00000000E+000
  8.855714E-04  0.00000000E+000
  9.183704E-04  0.00000000E+000
  9.321805E-04  0.00000000E+000
  9.356981E-04  0.00000000E+000
  9.385314E-04  0.00000000E+000
  9.428137E-04  0.00000000E+000
  9.449695E-04  0.00000000E+000
  9.453298E-04  0.00000000E+000
  9.455461E-04  0.00000000E+000
  9.456182E-04  0.00000000E+000
  9.456542E-04  0.00000000E+000
  9.456759E-04  0.00000000E+000
  9.456831E-04  0.00000000E+000
  9.456975E-04  0.00000000E+000
  9.457047E-04  0.00000000E+000
  9.457264E-04  0.00000000E+000
  9.457625E-04  0.00000000E+000
  9.458346E-04  0.00000000E+000
  9.460511E-04  0.00000000E+000
  9.464122E-04  0.00000000E+000
  9.500383E-04  0.00000000E+000
  9.536923E-04  0.00000000E+000
  9.918400E-04  0.00000000E+000
  1.033167E-03  0.00000000E+000
  1.078087E-03  0.00000000E+000
  1.127091E-03  0.00000000E+000
  1.147963E-03  0.00000000E+000
  1.169623E-03  0.00000000E+000
  1.192115E-03  0.00000000E+000
  1.203689E-03  0.00000000E+000
  1.209561E-03  0.00000000E+000
  1.210151E-03  0.00000000E+000
  1.210506E-03  0.00000000E+000
  1.210624E-03  0.00000000E+000
  1.210683E-03  0.00000000E+000
  1.210719E-03  0.00000000E+000
  1.210730E-03  0.00000000E+000
  1.210754E-03  0.00000000E+000
  1.210766E-03  0.00000000E+000
  1.210801E-03  0.00000000E+000
  1.210860E-03  0.00000000E+000
  1.210979E-03  0.00000000E+000
  1.211334E-03  0.00000000E+000
  1.211926E-03  0.00000000E+000
  1.215490E-03  0.00000000E+000
  1.239800E-03  0.00000000E+000
  1.265102E-03  0.00000000E+000
  1.291458E-03  0.00000000E+000
  1.318936E-03  0.00000000E+000
  1.347609E-03  0.00000000E+000
  1.377556E-03  0.00000000E+000
  1.408864E-03  0.00000000E+000
  1.413683E-03  0.00000000E+000
  1.414489E-03  0.00000000E+000
  1.414974E-03  0.00000000E+000
  1.415135E-03  0.00000000E+000
  1.415216E-03  0.00000000E+000
  1.415264E-03  0.00000000E+000
  1.415281E-03  0.00000000E+000
  1.415313E-03  0.00000000E+000
  1.415329E-03  0.00000000E+000
  1.415378E-03  0.00000000E+000
  1.415458E-03  0.00000000E+000
  1.415620E-03  0.00000000E+000
  1.416105E-03  0.00000000E+000
  1.416914E-03  0.00000000E+000
  1.425057E-03  0.00000000E+000
  1.441628E-03  0.00000000E+000
  1.444988E-03  0.00000000E+000
  1.445831E-03  0.00000000E+000
  1.446337E-03  0.00000000E+000
  1.446506E-03  0.00000000E+000
  1.446590E-03  0.00000000E+000
  1.446641E-03  0.00000000E+000
  1.446658E-03  0.00000000E+000
  1.446691E-03  0.00000000E+000
  1.446708E-03  0.00000000E+000
  1.446759E-03  0.00000000E+000
  1.446843E-03  0.00000000E+000
  1.447012E-03  0.00000000E+000
  1.447519E-03  0.00000000E+000
  1.448364E-03  0.00000000E+000
  1.458588E-03  0.00000000E+000
  1.475952E-03  0.00000000E+000
  1.511951E-03  0.00000000E+000
  1.549750E-03  0.00000000E+000
  1.589487E-03  0.00000000E+000
  1.631316E-03  0.00000000E+000
  1.653067E-03  0.00000000E+000
  1.675405E-03  0.00000000E+000
  1.686803E-03  0.00000000E+000
  1.698356E-03  0.00000000E+000
  1.703022E-03  0.00000000E+000
  1.707713E-03  0.00000000E+000
  1.710069E-03  0.00000000E+000
  1.711249E-03  0.00000000E+000
  1.711958E-03  0.00000000E+000
  1.712194E-03  0.00000000E+000
  1.712313E-03  0.00000000E+000
  1.712384E-03  0.00000000E+000
  1.712407E-03  0.00000000E+000
  1.712455E-03  0.00000000E+000
  1.712478E-03  0.00000000E+000
  1.712549E-03  0.00000000E+000
  1.712667E-03  0.00000000E+000
  1.712904E-03  0.00000000E+000
  1.713614E-03  0.00000000E+000
  1.714799E-03  0.00000000E+000
  1.717175E-03  0.00000000E+000
  1.721944E-03  0.00000000E+000
  1.746197E-03  0.00000000E+000
  1.771143E-03  0.00000000E+000
  1.823235E-03  0.00000000E+000
  1.878485E-03  0.00000000E+000
  1.937188E-03  0.00000000E+000
  1.999677E-03  0.00000000E+000
  2.066333E-03  0.00000000E+000
  2.137586E-03  0.00000000E+000
  2.213929E-03  0.00000000E+000
  2.254182E-03  0.00000000E+000
  2.274862E-03  0.00000000E+000
  2.287454E-03  0.00000000E+000
  2.295926E-03  0.00000000E+000
  2.300186E-03  0.00000000E+000
  2.302321E-03  0.00000000E+000
  2.303605E-03  0.00000000E+000
  2.304033E-03  0.00000000E+000
  2.304247E-03  0.00000000E+000
  2.304375E-03  0.00000000E+000
  2.304418E-03  0.00000000E+000
  2.304504E-03  0.00000000E+000
  2.304547E-03  0.00000000E+000
  2.304675E-03  0.00000000E+000
  2.304889E-03  0.00000000E+000
  2.305318E-03  0.00000000E+000
  2.306605E-03  0.00000000E+000
  2.308752E-03  0.00000000E+000
  2.313060E-03  0.00000000E+000
  2.317383E-03  0.00000000E+000
  2.339245E-03  0.00000000E+000
  2.361524E-03  0.00000000E+000
  2.384231E-03  0.00000000E+000
  2.479600E-03  0.00000000E+000
  2.582917E-03  0.00000000E+000
  2.695217E-03  0.00000000E+000
  2.755111E-03  0.00000000E+000
  2.786067E-03  0.00000000E+000
  2.798646E-03  0.00000000E+000
  2.800542E-03  0.00000000E+000
  2.801175E-03  0.00000000E+000
  2.801491E-03  0.00000000E+000
  2.801681E-03  0.00000000E+000
  2.801745E-03  0.00000000E+000
  2.801871E-03  0.00000000E+000
  2.801935E-03  0.00000000E+000
  2.802125E-03  0.00000000E+000
  2.802441E-03  0.00000000E+000
  2.803075E-03  0.00000000E+000
  2.804977E-03  0.00000000E+000
  2.817727E-03  0.00000000E+000
  2.951905E-03  0.00000000E+000
  3.099500E-03  0.00000000E+000
  3.178974E-03  0.00000000E+000
  3.262632E-03  0.00000000E+000
  3.350811E-03  0.00000000E+000
  3.443889E-03  0.00000000E+000
  3.492394E-03  0.00000000E+000
  3.502260E-03  0.00000000E+000
  3.512181E-03  0.00000000E+000
  3.517163E-03  0.00000000E+000
  3.518161E-03  0.00000000E+000
  3.518660E-03  0.00000000E+000
  3.518960E-03  0.00000000E+000
  3.519060E-03  0.00000000E+000
  3.519260E-03  0.00000000E+000
  3.519360E-03  0.00000000E+000
  3.519659E-03  0.00000000E+000
  3.520159E-03  0.00000000E+000
  3.521159E-03  0.00000000E+000
  3.522159E-03  0.00000000E+000
  3.532194E-03  0.00000000E+000
  3.542286E-03  0.00000000E+000
  3.593623E-03  0.00000000E+000
  3.646471E-03  0.00000000E+000
  3.874375E-03  0.00000000E+000
  4.132667E-03  4.72326757E-321
  4.202712E-03  6.76679937E-316
  4.231399E-03  7.21827009E-314
  4.245890E-03  7.06664149E-313
  4.253173E-03  1.94999897E-312
  4.257555E-03  2.88598691E-312
  4.259018E-03  3.21710902E-312
  4.259749E-03  3.48178408E-312
  4.260188E-03  3.66439748E-312
  4.260335E-03  3.72737810E-312
  4.260628E-03  3.85741060E-312
  4.260774E-03  3.94973583E-312
  4.261213E-03  4.24081764E-312
  4.261946E-03  4.77523520E-312
  4.263411E-03  6.05268338E-312
  4.267814E-03  1.23264089E-311
  4.275172E-03  4.02962553E-311
  4.289965E-03  4.75858302E-310
  4.427857E-03  2.92595865E-302
  4.591852E-03  3.33086673E-292
  4.768462E-03  3.77918913E-282
  4.959200E-03  4.30195865E-272
  5.165833E-03  4.81993186E-262
  5.209244E-03  4.94942899E-260
  5.253390E-03  5.07801374E-258
  5.264544E-03  1.61599586E-257
  5.271259E-03  3.23646212E-257
  5.273501E-03  4.07949040E-257
  5.274622E-03  4.57974442E-257
  5.275296E-03  4.90947211E-257
  5.275520E-03  5.02420934E-257
  5.276194E-03  5.38580844E-257
  5.278440E-03  6.78852541E-257
  5.279114E-03  7.27653987E-257
  5.280239E-03  8.17017316E-257
  5.286994E-03  1.63620723E-256
  5.298291E-03  5.20604378E-256
  5.390435E-03  5.45897899E-252
  5.635455E-03  6.06892264E-242
  5.903810E-03  6.83163065E-232
  6.199000E-03  7.52285696E-222
  6.525263E-03  8.31416893E-212
  6.887778E-03  9.14265818E-202
  7.084571E-03  9.56516082E-197
  7.208140E-03  9.83076597E-194
  7.250292E-03  9.91401049E-193
  7.271554E-03  3.14806111E-192
  7.284371E-03  6.29650227E-192
  7.288654E-03  7.93347141E-192
  7.290797E-03  8.90503423E-192
  7.292083E-03  9.54397639E-192
  7.292512E-03  9.76710874E-192
  7.293370E-03  1.02291524E-191
  7.293799E-03  1.04684244E-191
  7.295087E-03  1.12207671E-191
  7.297234E-03  1.25962643E-191
  7.301531E-03  1.58730532E-191
  7.314454E-03  3.17646410E-191
  7.336095E-03  1.00941104E-190
  7.379762E-03  1.01898050E-189
  7.513939E-03  1.04603435E-186
  7.748750E-03  1.08537305E-181
  7.846835E-03  1.10519078E-179
  7.896815E-03  1.11458997E-178
  7.922045E-03  3.53915046E-178
  7.937260E-03  7.07845291E-178
  7.942345E-03  8.91842250E-178
  7.944889E-03  1.00102206E-177
  7.946417E-03  1.07288436E-177
  7.946926E-03  1.09794393E-177
  7.947945E-03  1.14987452E-177
  7.948455E-03  1.17677514E-177
  7.949984E-03  1.26123226E-177
  7.952534E-03  1.41569959E-177
  7.957638E-03  1.78362689E-177
  7.972990E-03  3.56701241E-177
  7.998710E-03  1.13230502E-176
  8.265333E-03  1.16987398E-171
  8.855714E-03  1.24968496E-161
  9.536923E-03  1.32163444E-151
  9.762205E-03  1.34757882E-148
  9.839683E-03  1.35472877E-147
  9.855326E-03  2.14919697E-147
  9.863166E-03  2.70696248E-147
  9.867091E-03  3.03800434E-147
  9.869448E-03  3.25580330E-147
  9.870233E-03  3.33172902E-147
  9.871805E-03  3.48909940E-147
  9.872591E-03  3.57053049E-147
  9.874950E-03  3.82643179E-147
  9.878884E-03  4.29430932E-147
  9.886762E-03  5.40875887E-147
  9.902556E-03  8.58028660E-147
  9.910472E-03  1.08068943E-146
  9.914434E-03  1.21280246E-146
  9.916813E-03  1.29971100E-146
  9.917607E-03  1.33007178E-146
  9.919194E-03  1.39288136E-146
  9.919987E-03  1.42536109E-146
  9.922369E-03  1.52751440E-146
  9.926341E-03  1.71426776E-146
  9.934295E-03  2.15908215E-146
  9.958233E-03  4.31337687E-146
  9.998387E-03  1.36672375E-145
  1.033167E-02  1.38181967E-141
  1.078087E-02  1.41488609E-136
  1.127091E-02  1.42470348E-131
  1.147963E-02  1.43793748E-129
  1.158692E-02  1.44291737E-128
  1.164131E-02  4.56836918E-128
  1.167420E-02  9.12270373E-128
  1.168520E-02  1.14866891E-127
  1.169071E-02  1.28898950E-127
  1.169402E-02  1.38132326E-127
  1.169512E-02  1.41343730E-127
  1.169733E-02  1.48021210E-127
  1.169843E-02  1.51460512E-127
  1.170175E-02  1.62328815E-127
  1.170727E-02  1.82136337E-127
  1.171834E-02  2.29364244E-127
  1.175166E-02  4.57876837E-127
  1.180762E-02  1.44904780E-126
  1.186411E-02  4.58439480E-126
  1.189827E-02  9.14979332E-126
  1.190970E-02  1.15197711E-125
  1.191543E-02  1.29276000E-125
  1.191886E-02  1.38506127E-125
  1.192001E-02  1.41744745E-125
  1.192230E-02  1.48419092E-125
  1.192345E-02  1.51887438E-125
  1.192689E-02  1.62749299E-125
  1.193263E-02  1.82613771E-125
  1.194412E-02  2.29880685E-125
  1.197874E-02  4.58706215E-125
  1.203689E-02  1.45056251E-124
  1.215490E-02  1.44972526E-123
  1.239800E-02  1.44472093E-121
  1.265102E-02  1.44899829E-119
  1.291458E-02  1.44785899E-117
  1.305053E-02  1.44553234E-116
  1.311958E-02  4.57402807E-116
  1.317535E-02  1.14934197E-115
  1.318235E-02  1.28952597E-115
  1.318656E-02  1.38185951E-115
  1.318796E-02  1.41399229E-115
  1.319076E-02  1.48049465E-115
  1.319217E-02  1.51514695E-115
  1.319638E-02  1.62346495E-115
  1.320341E-02  1.82169064E-115
  1.333118E-02  1.44681339E-114
  1.377556E-02  1.43813431E-111
  1.458588E-02  1.42139326E-106
  1.493735E-02  1.41673206E-104
  1.502788E-02  4.47284656E-104
  1.510110E-02  1.12184793E-103
  1.511030E-02  1.25843853E-103
  1.511583E-02  1.34832683E-103
  1.511767E-02  1.37962124E-103
  1.512136E-02  1.44456120E-103
  1.512320E-02  1.47806383E-103
  1.512874E-02  1.58364637E-103
  1.513797E-02  1.77636451E-103
  1.515648E-02  2.23543946E-103
  1.530617E-02  1.40484272E-102
  1.538213E-02  3.52075483E-102
  1.540124E-02  4.42981149E-102
  1.541081E-02  4.96870628E-102
  1.541656E-02  5.32315912E-102
  1.541848E-02  5.44699648E-102
  1.542232E-02  5.70328097E-102
  1.542423E-02  5.83516074E-102
  1.542999E-02  6.25140638E-102
  1.543960E-02  7.01219157E-102
  1.545885E-02  8.82208189E-102
  1.549750E-02  1.39642921E-101
  1.569367E-02  1.39341096E-100
  1.653067E-02  1.36199100E-096
  1.771143E-02  1.31707942E-091
  1.864361E-02  4.06204350E-088
  1.872810E-02  8.07920025E-088
  1.875643E-02  1.01597012E-087
  1.877063E-02  1.13931613E-087
  1.877916E-02  1.22039430E-087
  1.878200E-02  1.24863155E-087
  1.878770E-02  1.30726382E-087
  1.879054E-02  1.33748253E-087
  1.879909E-02  1.43267942E-087
  1.881335E-02  1.60653502E-087
  1.884195E-02  2.02031411E-087
  1.892824E-02  4.01644160E-087
  2.066333E-02  1.19742959E-081
  2.213929E-02  1.13870026E-077
  2.233874E-02  3.57922756E-077
  2.250091E-02  8.94316124E-077
  2.254182E-02  1.12430594E-076
  2.256233E-02  1.26059278E-076
  2.257465E-02  1.35013785E-076
  2.257877E-02  1.38145680E-076
  2.258699E-02  1.44609276E-076
  2.259111E-02  1.47959931E-076
  2.260346E-02  1.58467954E-076
  2.262409E-02  1.77681158E-076
  2.266545E-02  2.23357687E-076
  2.274862E-02  3.52916938E-076
  2.295926E-02  1.10712466E-075
  2.479600E-02  1.03975112E-071
  2.530204E-02  1.02318501E-070
  2.556289E-02  3.20578572E-070
  2.561570E-02  4.02786788E-070
  2.564219E-02  4.51487837E-070
  2.565811E-02  4.83488643E-070
  2.566342E-02  4.94649327E-070
  2.567405E-02  5.17756594E-070
  2.567937E-02  5.29715520E-070
  2.569534E-02  5.67266327E-070
  2.572199E-02  6.35825402E-070
  2.577547E-02  7.98830479E-070
  2.582917E-02  1.00358025E-069
  2.755111E-02  9.49302026E-067
  3.099500E-02  8.46926382E-062
  3.542286E-02  5.76767993E-057
  3.593623E-02  1.77238379E-056
  3.598839E-02  1.98289894E-056
  3.599884E-02  2.02790870E-056
  3.601976E-02  2.12102173E-056
  3.603022E-02  2.16912558E-056
  3.625146E-02  3.47476526E-056
  3.646471E-02  5.44183190E-056
  3.756970E-02  5.16666220E-055
  3.874375E-02  4.89936579E-054
  3.999355E-02  4.70196405E-053
  4.132667E-02  4.49947158E-052
  4.275172E-02  4.31938943E-051
  4.334965E-02  1.09554165E-050
  4.350175E-02  1.38183704E-050
  4.351702E-02  1.41428070E-050
  4.354759E-02  1.48145725E-050
  4.356290E-02  1.51624862E-050
  4.427857E-02  4.39873563E-050
  4.591852E-02  4.33071912E-049
  4.768462E-02  4.37823315E-048
  4.959200E-02  4.35247409E-047
  5.165833E-02  4.33605580E-046
  5.390435E-02  4.31579289E-045
  5.635455E-02  4.28373370E-044
  5.766512E-02  1.33365580E-043
  5.815197E-02  1.88385293E-043
  5.817926E-02  1.93195321E-043
  5.823391E-02  2.03177569E-043
  5.826128E-02  2.08357605E-043
  5.903810E-02  4.19489615E-043
  6.199000E-02  4.80133218E-042
  6.387429E-02  1.95753717E-041
  6.390722E-02  2.00440436E-041
  6.397317E-02  2.10148148E-041
  6.400620E-02  2.15176019E-041
  6.525263E-02  5.14306638E-041
  6.887778E-02  5.28795978E-040
  7.084571E-02  1.65637201E-039
  7.284371E-02  4.62993022E-039
  7.288654E-02  4.72572657E-039
  7.297234E-02  4.92270392E-039
  7.301531E-02  5.02394373E-039
  7.513939E-02  1.28114080E-038
  7.748750E-02  3.21376070E-038
  7.998710E-02  7.96414663E-038
  8.161949E-02  1.40393324E-037
  8.167325E-02  1.42996752E-037
  8.178100E-02  1.48351835E-037
  8.183498E-02  1.51105614E-037
  8.264782E-02  1.98894425E-037
  8.265884E-02  1.99631305E-037
  8.550345E-02  5.06311467E-037
  8.855714E-02  1.30649713E-036
  9.119088E-02  2.83974681E-036
  9.120000E-02  2.84720343E-036
  9.226000E-02  3.85030611E-036
  9.332000E-02  5.17523561E-036
  9.441000E-02  6.97031402E-036
  9.550000E-02  9.32774567E-036
  9.661000E-02  1.24666562E-035
  9.772000E-02  1.65531784E-035
  9.886000E-02  2.20026956E-035
  1.000000E-01  2.90602408E-035
  1.012000E-01  3.81917418E-035
  1.023000E-01  4.89584131E-035
  1.035000E-01  6.37314197E-035
  1.047000E-01  8.23629498E-035
  1.059000E-01  1.05702885E-034
  1.072000E-01  1.37455659E-034
  1.084000E-01  1.73974994E-034
  1.097000E-01  2.22939567E-034
  1.109000E-01  2.78465984E-034
  1.122000E-01  3.51957541E-034
  1.135000E-01  4.41928508E-034
  1.148000E-01  5.51484113E-034
  1.161000E-01  6.84196445E-034
  1.175000E-01  8.57705462E-034
  1.189000E-01  1.06865209E-033
  1.202000E-01  1.30388717E-033
  1.216000E-01  1.60678039E-033
  1.230000E-01  1.96955071E-033
  1.244000E-01  2.40209797E-033
  1.259000E-01  2.95579759E-033
  1.274000E-01  3.61842520E-033
  1.288000E-01  4.35115511E-033
  1.303000E-01  5.20982235E-033
  1.318000E-01  6.32607033E-033
  1.333000E-01  7.65691381E-033
  1.349000E-01  9.35539376E-033
  1.365000E-01  1.13941733E-032
  1.380000E-01  1.36700484E-032
  1.396000E-01  1.65557684E-032
  1.412000E-01  1.99980870E-032
  1.429000E-01  2.43774174E-032
  1.445000E-01  2.93022503E-032
  1.462000E-01  3.55457216E-032
  1.479000E-01  4.30219055E-032
  1.496000E-01  5.19605940E-032
  1.514000E-01  6.33202601E-032
  1.531000E-01  7.61753397E-032
  1.549000E-01  9.24671339E-032
  1.567000E-01  1.12040115E-031
  1.585000E-01  1.35526698E-031
  1.603000E-01  1.63677941E-031
  1.622000E-01  1.99442076E-031
  1.641000E-01  2.42653312E-031
  1.660000E-01  2.94814043E-031
  1.679000E-01  3.57728972E-031
  1.698000E-01  4.33563773E-031
  1.718000E-01  5.29923386E-031
  1.738000E-01  6.46547740E-031
  1.758000E-01  7.87670988E-031
  1.778000E-01  9.58440840E-031
  1.799000E-01  1.17657277E-030
  1.820000E-01  1.44327715E-030
  1.841000E-01  1.76959223E-030
  1.862000E-01  2.16906171E-030
  1.884000E-01  2.68419149E-030
  1.905000E-01  3.28923535E-030
  1.928000E-01  4.10852117E-030
  1.950000E-01  5.07979091E-030
  1.972000E-01  6.27404606E-030
  1.995000E-01  7.80811156E-030
  2.018000E-01  9.68495778E-030
  2.042000E-01  1.20606020E-029
  2.065000E-01  1.47736145E-029
  2.089000E-01  1.80718518E-029
  2.113000E-01  2.18187471E-029
  2.138000E-01  2.61153021E-029
  2.163000E-01  3.06781689E-029
  2.188000E-01  3.53445866E-029
  2.213000E-01  3.99615725E-029
  2.239000E-01  4.45955068E-029
  2.265000E-01  4.90075999E-029
  2.291000E-01  5.32154756E-029
  2.317000E-01  5.72852300E-029
  2.344000E-01  6.14658834E-029
  2.371000E-01  6.57118801E-029
  2.399000E-01  7.02996414E-029
  2.427000E-01  7.51828068E-029
  2.455000E-01  8.04557256E-029
  2.483000E-01  8.62018642E-029
  2.512000E-01  9.27302908E-029
  2.541000E-01  9.99210117E-029
  2.570000E-01  1.07844759E-028
  2.600000E-01  1.16888642E-028
  2.630000E-01  1.26868533E-028
  2.661000E-01  1.38250112E-028
  2.691000E-01  1.50381874E-028
  2.723000E-01  1.64633765E-028
  2.754000E-01  1.79829284E-028
  2.786000E-01  1.97064216E-028
  2.818000E-01  2.15991286E-028
  2.851000E-01  2.37421194E-028
  2.884000E-01  2.60937379E-028
  2.917000E-01  2.86700771E-028
  2.951000E-01  3.15769425E-028
  2.985000E-01  3.47594501E-028
  3.020000E-01  3.83449091E-028
  3.055000E-01  4.08309315E-028
  3.090000E-01  4.44256661E-028
  3.126000E-01  4.83525184E-028
  3.162000E-01  5.25177731E-028
  3.199000E-01  5.70534098E-028
  3.236000E-01  6.18523270E-028
  3.273000E-01  6.69193555E-028
  3.311000E-01  7.24059351E-028
  3.350000E-01  7.83370508E-028
  3.388000E-01  8.44096137E-028
  3.428000E-01  9.11133579E-028
  3.467000E-01  9.79527723E-028
  3.507000E-01  1.05270054E-027
  3.548000E-01  1.13073551E-027
  3.589000E-01  1.21161676E-027
  3.631000E-01  1.29707564E-027
  3.673000E-01  1.38465483E-027
  3.715000E-01  1.47361314E-027
  3.758000E-01  1.56502760E-027
  3.802000E-01  1.65733688E-027
  3.846000E-01  1.74625008E-027
  3.891000E-01  1.83101657E-027
  3.936000E-01  1.90713147E-027
  3.981000E-01  1.97393737E-027
  4.027000E-01  2.03500630E-027
  4.074000E-01  2.09442369E-027
  4.121000E-01  2.15485231E-027
  4.169000E-01  2.22027698E-027
  4.217000E-01  2.29262428E-027
  4.266000E-01  2.37719484E-027
  4.315000E-01  2.47442536E-027
  4.365000E-01  2.58505708E-027
  4.416000E-01  2.70511802E-027
  4.467000E-01  2.82566663E-027
  4.519000E-01  2.94061955E-027
  4.571000E-01  3.03804526E-027
  4.624000E-01  3.11012786E-027
  4.677000E-01  3.14826040E-027
  4.732000E-01  3.15200914E-027
  4.786000E-01  3.12676403E-027
  4.842000E-01  3.08086358E-027
  4.898000E-01  3.02407451E-027
  4.954000E-01  2.96398337E-027
  5.012000E-01  2.90629732E-027
  5.070000E-01  2.86096735E-027
  5.129000E-01  2.83277294E-027
  5.188000E-01  2.82275049E-027
  5.248000E-01  2.82685846E-027
  5.309000E-01  2.83903377E-027
  5.370000E-01  2.85151799E-027
  5.433000E-01  2.85652662E-027
  5.495000E-01  2.84703087E-027
  5.559000E-01  2.81919620E-027
  5.623000E-01  2.77515347E-027
  5.688000E-01  2.71919717E-027
  5.754000E-01  2.65607735E-027
  5.821000E-01  2.58975318E-027
  5.888000E-01  2.52514753E-027
  5.957000E-01  2.46348831E-027
  6.026000E-01  2.40811737E-027
  6.095000E-01  2.35914810E-027
  6.166000E-01  2.31457381E-027
  6.237000E-01  2.27461262E-027
  6.310000E-01  2.23650869E-027
  6.383000E-01  2.20065078E-027
  6.457000E-01  2.16592967E-027
  6.531000E-01  2.13316874E-027
  6.607000E-01  2.10220444E-027
  6.683000E-01  2.07519209E-027
  6.761000E-01  2.05335634E-027
  6.839000E-01  2.03930895E-027
  6.918000E-01  2.03425153E-027
  6.998000E-01  2.03958167E-027
  7.079000E-01  2.05609041E-027
  7.161000E-01  2.08368103E-027
  7.244000E-01  2.12165303E-027
  7.328000E-01  2.16807403E-027
  7.413000E-01  2.22139381E-027
  7.499000E-01  2.27997766E-027
  7.586000E-01  2.34301343E-027
  7.674000E-01  2.41002020E-027
  7.763000E-01  2.48181169E-027
  7.852000E-01  2.55816313E-027
  7.943000E-01  2.64087946E-027
  8.035000E-01  2.73044065E-027
  8.128000E-01  2.82697006E-027
  8.222000E-01  2.93099724E-027
  8.318000E-01  3.04429212E-027
  8.414000E-01  3.16532895E-027
  8.511000E-01  3.29580428E-027
  8.610000E-01  3.43806447E-027
  8.710000E-01  3.59200179E-027
  8.810000E-01  3.75767190E-027
  8.913000E-01  3.94204749E-027
  9.016000E-01  4.14253006E-027
  9.120000E-01  4.36506432E-027
  9.226000E-01  4.61832791E-027
  9.333000E-01  4.90883964E-027
  9.441000E-01  5.25028429E-027
  9.550000E-01  5.66409864E-027
  9.661000E-01  6.19094658E-027
  9.772000E-01  6.88166790E-027
  9.886000E-01  7.86721000E-027
  1.000000E+00  9.32608293E-027
  1.012000E+00  1.17591917E-026
  1.023000E+00  1.53323320E-026
  1.035000E+00  2.10149497E-026
  1.047000E+00  2.62343453E-026
  1.059000E+00  2.60350348E-026
  1.071000E+00  2.17681745E-026
  1.084000E+00  1.75155631E-026
  1.097000E+00  1.48762556E-026
  1.109000E+00  1.34960287E-026
  1.122000E+00  1.27157454E-026
  1.135000E+00  1.24168999E-026
  1.148000E+00  1.24582310E-026
  1.161000E+00  1.27763738E-026
  1.175000E+00  1.34104249E-026
  1.189000E+00  1.43595101E-026
  1.202000E+00  1.55458194E-026
  1.216000E+00  1.71397397E-026
  1.230000E+00  1.89490775E-026
  1.245000E+00  2.07892073E-026
  1.259000E+00  2.19549979E-026
  1.273000E+00  2.22836599E-026
  1.288000E+00  2.17812228E-026
  1.303000E+00  2.07931881E-026
  1.318000E+00  1.97028659E-026
  1.334000E+00  1.86678231E-026
  1.349000E+00  1.78904044E-026
  1.365000E+00  1.72565365E-026
  1.380000E+00  1.68233269E-026
  1.396000E+00  1.64930913E-026
  1.413000E+00  1.62596730E-026
  1.429000E+00  1.61241574E-026
  1.445000E+00  1.60509827E-026
  1.462000E+00  1.60229298E-026
  1.479000E+00  1.60370135E-026
  1.496000E+00  1.60793666E-026
  1.514000E+00  1.61511549E-026
  1.531000E+00  1.62359610E-026
  1.549000E+00  1.63370526E-026
  1.567000E+00  1.64535124E-026
  1.585000E+00  1.65741164E-026
  1.603000E+00  1.67013272E-026
  1.622000E+00  1.68401937E-026
  1.641000E+00  1.69763176E-026
  1.660000E+00  1.71129562E-026
  1.679000E+00  1.72441979E-026
  1.698000E+00  1.73646118E-026
  1.718000E+00  1.74885106E-026
  1.738000E+00  1.75915496E-026
  1.758000E+00  1.76773757E-026
  1.778000E+00  1.77370715E-026
  1.799000E+00  1.77490686E-026
  1.820000E+00  1.77158268E-026
  1.841000E+00  1.76075563E-026
  1.862000E+00  1.74486406E-026
  1.884000E+00  1.72963766E-026
  1.906000E+00  1.72785123E-026
  1.928000E+00  1.74803780E-026
  1.950000E+00  1.78416605E-026
  1.972000E+00  1.82342622E-026
  1.995000E+00  1.86143784E-026
  2.018000E+00  1.89397188E-026
  2.042000E+00  1.92284039E-026
  2.065000E+00  1.94510640E-026
  2.089000E+00  1.96552912E-026
  2.114000E+00  1.98436094E-026
  2.138000E+00  1.99976511E-026
  2.163000E+00  2.01446620E-026
  2.188000E+00  2.02851553E-026
  2.213000E+00  2.03988632E-026
  2.239000E+00  2.05123755E-026
  2.265000E+00  2.06166193E-026
  2.291000E+00  2.07181871E-026
  2.317000E+00  2.08040547E-026
  2.344000E+00  2.08784977E-026
  2.371000E+00  2.09680220E-026
  2.399000E+00  2.10310327E-026
  2.427000E+00  2.11035532E-026
  2.455000E+00  2.11621047E-026
  2.483000E+00  2.12241463E-026
  2.512000E+00  2.12751152E-026
  2.541000E+00  2.13300418E-026
  2.570000E+00  2.13738453E-026
  2.600000E+00  2.14167665E-026
  2.630000E+00  2.14482270E-026
  2.661000E+00  2.14982019E-026
  2.691000E+00  2.15371279E-026
  2.723000E+00  2.15773863E-026
  2.754000E+00  2.16194438E-026
  2.786000E+00  2.16690575E-026
  2.818000E+00  2.17241378E-026
  2.851000E+00  2.17951135E-026
  2.884000E+00  2.18807029E-026
  2.917000E+00  2.19936611E-026
  2.951000E+00  2.21498882E-026
  2.985000E+00  2.23688297E-026
  3.020000E+00  2.26962999E-026
  3.055000E+00  2.31908011E-026
  3.090000E+00  2.39796633E-026
  3.126000E+00  2.53724778E-026
  3.162000E+00  2.80399974E-026
  3.199000E+00  3.42693014E-026
  3.236000E+00  5.33005273E-026
  3.273000E+00  1.54527180E-025
  3.311000E+00  3.19882900E-025
  3.350000E+00  7.53873943E-026
  3.388000E+00  4.06647518E-026
  3.428000E+00  3.05945724E-026
  3.467000E+00  2.66374616E-026
  3.507000E+00  2.45821490E-026
  3.548000E+00  2.33663960E-026
  3.589000E+00  2.25926581E-026
  3.631000E+00  2.20493008E-026
  3.673000E+00  2.16539739E-026
  3.715000E+00  2.13537399E-026
  3.758000E+00  2.11095486E-026
  3.802000E+00  2.09093211E-026
  3.846000E+00  2.07416899E-026
  3.891000E+00  2.05957193E-026
  3.935000E+00  2.04784003E-026
  3.981000E+00  2.03699008E-026
  4.027000E+00  2.02790727E-026
  4.074000E+00  2.01997199E-026
  4.121000E+00  2.01368609E-026
  4.169000E+00  2.00813839E-026
  4.217000E+00  2.00441975E-026
  4.266000E+00  2.00155597E-026
  4.315000E+00  2.00047623E-026
  4.365000E+00  2.00095899E-026
  4.416000E+00  2.00274112E-026
  4.467000E+00  2.00687951E-026
  4.519000E+00  2.01320541E-026
  4.571000E+00  2.02206915E-026
  4.624000E+00  2.03401380E-026
  4.677000E+00  2.04962505E-026
  4.732000E+00  2.07069823E-026
  4.786000E+00  2.09700448E-026
  4.842000E+00  2.13285603E-026
  4.898000E+00  2.18020871E-026
  4.955000E+00  2.24692301E-026
  5.012000E+00  2.34415686E-026
  5.070000E+00  2.50222079E-026
  5.129000E+00  2.79121635E-026
  5.188000E+00  3.36632909E-026
  5.248000E+00  4.25655482E-026
  5.309000E+00  4.19276885E-026
  5.370000E+00  3.58174329E-026
  5.432000E+00  3.39403517E-026
  5.495000E+00  3.56541750E-026
  5.559000E+00  4.12703959E-026
  5.623000E+00  5.33038331E-026
  5.688000E+00  6.88692580E-026
  5.754000E+00  6.51950210E-026
  5.821000E+00  5.75432321E-026
  5.888000E+00  5.93602609E-026
  5.957000E+00  7.10401950E-026
  6.026000E+00  9.81635047E-026
  6.095000E+00  1.60795443E-025
  6.166000E+00  3.06771371E-025
  6.237000E+00  3.93340596E-025
  6.310000E+00  2.36144514E-025
  6.383000E+00  1.44502975E-025
  6.457000E+00  1.11722855E-025
  6.531000E+00  1.04102184E-025
  6.607000E+00  1.07394473E-025
  6.683000E+00  1.11950309E-025
  6.761000E+00  1.11426463E-025
  6.839000E+00  1.08444530E-025
  6.918000E+00  1.08652032E-025
  6.998000E+00  1.14565099E-025
  7.080000E+00  1.26937639E-025
  7.161000E+00  1.45611163E-025
  7.244000E+00  1.72256091E-025
  7.328000E+00  2.09842635E-025
  7.413000E+00  2.66844017E-025
  7.499000E+00  3.55615813E-025
  7.586000E+00  4.44969967E-025
  7.674000E+00  4.50463701E-025
  7.762000E+00  4.36122590E-025
  7.852000E+00  4.20235885E-025
  7.943000E+00  3.46570350E-025
  8.035000E+00  2.58847152E-025
  8.128000E+00  1.99831203E-025
  8.222000E+00  1.69348676E-025
  8.318000E+00  1.57462240E-025
  8.414000E+00  1.58406623E-025
  8.511000E+00  1.79826045E-025
  8.610000E+00  1.99148672E-025
  8.710000E+00  1.58468028E-025
  8.811000E+00  1.11796521E-025
  8.913000E+00  8.50085794E-026
  9.016000E+00  7.00862148E-026
  9.120000E+00  6.10837389E-026
  9.226000E+00  5.51899307E-026
  9.333000E+00  5.11828289E-026
  9.441000E+00  4.83802260E-026
  9.550000E+00  4.64185378E-026
  9.660000E+00  4.50779181E-026
  9.772000E+00  4.42379683E-026
  9.885000E+00  4.38420314E-026
  1.000000E+01  4.38652174E-026
  1.012000E+01  4.43534141E-026
  1.023000E+01  4.52677444E-026
  1.035000E+01  4.69089322E-026
  1.047000E+01  4.95292618E-026
  1.059000E+01  5.39166804E-026
  1.072000E+01  6.10402388E-026
  1.084000E+01  7.08351045E-026
  1.097000E+01  9.41784840E-026
  1.109000E+01  1.50845366E-025
  1.122000E+01  3.75413206E-025
  1.135000E+01  2.93660717E-025
  1.148000E+01  1.91653202E-025
  1.161000E+01  1.35799741E-025
  1.175000E+01  1.24504395E-025
  1.189000E+01  1.38070313E-025
  1.202000E+01  1.45678082E-025
  1.216000E+01  1.34197106E-025
  1.230000E+01  1.32069637E-025
  1.244000E+01  1.54100751E-025
  1.259000E+01  1.89063811E-025
  1.273000E+01  1.77570697E-025
  1.288000E+01  1.27550334E-025
  1.303000E+01  1.02719595E-025
  1.318000E+01  9.45522459E-026
  1.334000E+01  9.81502461E-026
  1.349000E+01  1.01532334E-025
  1.365000E+01  9.03778525E-026
  1.380000E+01  8.01027833E-026
  1.396000E+01  7.60190923E-026
  1.412000E+01  7.89413796E-026
  1.429000E+01  7.59693170E-026
  1.445000E+01  6.96465852E-026
  1.462000E+01  6.71362445E-026
  1.479000E+01  6.63258499E-026
  1.496000E+01  6.62109035E-026
  1.514000E+01  6.65083657E-026
  1.531000E+01  6.70935859E-026
  1.549000E+01  6.80716958E-026
  1.567000E+01  6.96733264E-026
  1.585000E+01  7.26232777E-026
  1.603000E+01  7.52284889E-026
  1.622000E+01  8.20456024E-026
  1.641000E+01  1.10727584E-025
  1.660000E+01  9.95030595E-026
  1.679000E+01  9.85174935E-026
  1.698000E+01  1.03152729E-025
  1.718000E+01  1.02961015E-025
  1.738000E+01  1.03583816E-025
  1.758000E+01  8.83324426E-026
  1.778000E+01  8.38271714E-026
  1.799000E+01  7.89534177E-026
  1.820000E+01  7.40982248E-026
  1.841000E+01  7.18812405E-026
  1.862000E+01  7.05267102E-026
  1.884000E+01  6.94744485E-026
  1.906000E+01  6.85204098E-026
  1.927000E+01  6.76132938E-026
  1.950000E+01  6.66562413E-026
  1.972000E+01  6.58248887E-026
  1.995000E+01  6.50631335E-026
  2.018000E+01  6.44042418E-026
  2.042000E+01  6.38083131E-026
  2.065000E+01  6.33072750E-026
  2.089000E+01  6.28433283E-026
  2.114000E+01  6.24108368E-026
  2.138000E+01  6.20356549E-026
  2.163000E+01  6.16809559E-026
  2.188000E+01  6.13572209E-026
  2.213000E+01  6.10610944E-026
  2.239000E+01  6.07795157E-026
  2.265000E+01  6.05214389E-026
  2.291000E+01  6.02848760E-026
  2.317000E+01  6.00684185E-026
  2.344000E+01  5.98636386E-026
  2.371000E+01  5.96766345E-026
  2.399000E+01  5.95004676E-026
  2.427000E+01  5.93429052E-026
  2.455000E+01  5.92017691E-026
  2.483000E+01  5.90745722E-026
  2.512000E+01  5.89590236E-026
  2.541000E+01  5.88557640E-026
  2.570000E+01  5.87670806E-026
  2.600000E+01  5.86871897E-026
  2.630000E+01  5.86209444E-026
  2.661000E+01  5.85638051E-026
  2.692000E+01  5.85172769E-026
  2.723000E+01  5.84814093E-026
  2.754000E+01  5.84560652E-026
  2.786000E+01  5.84372780E-026
  2.818000E+01  5.84275848E-026
  2.851000E+01  5.84269730E-026
  2.884000E+01  5.84350024E-026
  2.917000E+01  5.84479238E-026
  2.951000E+01  5.84667117E-026
  2.985000E+01  5.84936174E-026
  3.020000E+01  5.85275773E-026
  3.055000E+01  5.85650787E-026
  3.090000E+01  5.86078160E-026
  3.126000E+01  5.86545527E-026
  3.162000E+01  5.87047575E-026
  3.199000E+01  5.87615215E-026
  3.236000E+01  5.88164019E-026
  3.273000E+01  5.88786533E-026
  3.311000E+01  5.89427836E-026
  3.350000E+01  5.90090891E-026
  3.388000E+01  5.90738980E-026
  3.428000E+01  5.91452743E-026
  3.467000E+01  5.92132999E-026
  3.508000E+01  5.92853748E-026
  3.548000E+01  5.93517994E-026
  3.589000E+01  5.94213114E-026
  3.631000E+01  5.94939050E-026
  3.673000E+01  5.95606892E-026
  3.715000E+01  5.96249743E-026
  3.758000E+01  5.96936743E-026
  3.802000E+01  5.97543211E-026
  3.846000E+01  5.98168216E-026
  3.890000E+01  5.98725508E-026
  3.935000E+01  5.99253383E-026
  3.981000E+01  5.99828030E-026
  4.027000E+01  6.00261575E-026
  4.074000E+01  6.00683096E-026
  4.121000E+01  6.01128245E-026
  4.169000E+01  6.01456924E-026
  4.217000E+01  6.01747523E-026
  4.266000E+01  6.02018698E-026
  4.315000E+01  6.02166629E-026
  4.365000E+01  6.02290024E-026
  4.416000E+01  6.02342710E-026
  4.467000E+01  6.02378317E-026
  4.519000E+01  6.02240562E-026
  4.571000E+01  6.02178559E-026
  4.624000E+01  6.01890872E-026
  4.677000E+01  6.01615543E-026
  4.731000E+01  6.01253186E-026
  4.786000E+01  6.00815160E-026
  4.842000E+01  6.00184534E-026
  4.898000E+01  5.99634867E-026
  4.954000E+01  5.98871245E-026
  5.012000E+01  5.98065117E-026
  5.070000E+01  5.97156684E-026
  5.129000E+01  5.96144199E-026
  5.188000E+01  5.95036267E-026
  5.248000E+01  5.93867081E-026
  5.309000E+01  5.92464707E-026
  5.370000E+01  5.91153165E-026
  5.433000E+01  5.89521538E-026
  5.495000E+01  5.87898181E-026
  5.559000E+01  5.86198964E-026
  5.623000E+01  5.84282661E-026
  5.688000E+01  5.82411492E-026
  5.754000E+01  5.80211145E-026
  5.821000E+01  5.78034237E-026
  5.888000E+01  5.75726363E-026
  5.957000E+01  5.73256518E-026
  6.026000E+01  5.70634255E-026
  6.095000E+01  5.68016005E-026
  6.166000E+01  5.65207490E-026
  6.237000E+01  5.62341699E-026
  6.310000E+01  5.59254399E-026
  6.383000E+01  5.55985325E-026
  6.457000E+01  5.52684481E-026
  6.531000E+01  5.49316188E-026
  6.607000E+01  5.45865609E-026
  6.683000E+01  5.42248531E-026
  6.761000E+01  5.38452804E-026
  6.839000E+01  5.34532562E-026
  6.918000E+01  5.30478597E-026
  6.998000E+01  5.26450311E-026
  7.079000E+01  5.22166743E-026
  7.161000E+01  5.17821357E-026
  7.244000E+01  5.13345903E-026
  7.328000E+01  5.08796371E-026
  7.413000E+01  5.04060187E-026
  7.499000E+01  4.99308221E-026
  7.586000E+01  4.94443925E-026
  7.674000E+01  4.89477525E-026
  7.762000E+01  4.84425224E-026
  7.852000E+01  4.79185784E-026
  7.943000E+01  4.73885946E-026
  8.035000E+01  4.68601445E-026
  8.128000E+01  4.63157902E-026
  8.222000E+01  4.57604599E-026
  8.318000E+01  4.52002284E-026
  8.414000E+01  4.46298071E-026
  8.511000E+01  4.40589881E-026
  8.610000E+01  4.34767071E-026
  8.710000E+01  4.28876929E-026
  8.811000E+01  4.22911358E-026
  8.912000E+01  4.16967670E-026
  9.016000E+01  4.10871050E-026
  9.120000E+01  4.04819114E-026
  9.226000E+01  3.98644641E-026
  9.332000E+01  3.92548218E-026
  9.441000E+01  3.86286455E-026
  9.550000E+01  3.80060212E-026
  9.661000E+01  3.73784152E-026
  9.772000E+01  3.67560779E-026
  9.886000E+01  3.61192945E-026
  1.000000E+02  3.54916667E-026
  1.012000E+02  3.48385883E-026
  1.023000E+02  3.42420550E-026
  1.035000E+02  3.36030576E-026
  1.047000E+02  3.29673996E-026
  1.059000E+02  3.23420968E-026
  1.072000E+02  3.16757968E-026
  1.084000E+02  3.10681314E-026
  1.097000E+02  3.04232660E-026
  1.109000E+02  2.98311896E-026
  1.122000E+02  2.92022349E-026
  1.135000E+02  2.85846452E-026
  1.148000E+02  2.79797264E-026
  1.161000E+02  2.73816824E-026
  1.175000E+02  2.67512441E-026
  1.188000E+02  2.61769861E-026
  1.202000E+02  2.55700086E-026
  1.216000E+02  2.49757451E-026
  1.230000E+02  2.43927059E-026
  1.244000E+02  2.38235896E-026
  1.259000E+02  2.32246223E-026
  1.273000E+02  2.26798554E-026
  1.288000E+02  2.21085889E-026
  1.303000E+02  2.15520322E-026
  1.318000E+02  2.10084943E-026
  1.334000E+02  2.04432502E-026
  1.349000E+02  1.99271025E-026
  1.365000E+02  1.93867695E-026
  1.380000E+02  1.88975548E-026
  1.396000E+02  1.83888166E-026
  1.412000E+02  1.78898086E-026
  1.429000E+02  1.73792635E-026
  1.445000E+02  1.69096915E-026
  1.462000E+02  1.64254737E-026
  1.479000E+02  1.59567801E-026
  1.496000E+02  1.55003100E-026
  1.514000E+02  1.50316982E-026
  1.531000E+02  1.46036819E-026
  1.549000E+02  1.41642348E-026
  1.567000E+02  1.37380915E-026
  1.585000E+02  1.33258073E-026
  1.603000E+02  1.29252465E-026
  1.622000E+02  1.25169789E-026
  1.641000E+02  1.21245145E-026
  1.660000E+02  1.17435973E-026
  1.679000E+02  1.13755123E-026
  1.698000E+02  1.10185266E-026
  1.718000E+02  1.06598742E-026
  1.738000E+02  1.03107588E-026
  1.758000E+02  9.97531880E-027
  1.778000E+02  9.65137833E-027
  1.799000E+02  9.32308569E-027
  1.820000E+02  9.00745026E-027
  1.841000E+02  8.70353373E-027
  1.862000E+02  8.41130034E-027
  1.884000E+02  8.11685882E-027
  1.906000E+02  7.83359104E-027
  1.928000E+02  7.56150239E-027
  1.950000E+02  7.29893572E-027
  1.972000E+02  7.04818606E-027
  1.995000E+02  6.79550767E-027
  2.018000E+02  6.55281456E-027
  2.042000E+02  6.30969569E-027
  2.065000E+02  6.08731975E-027
  2.089000E+02  5.86385019E-027
  2.114000E+02  5.64158151E-027
  2.138000E+02  5.43633999E-027
  2.163000E+02  5.23192680E-027
  2.188000E+02  5.03638520E-027
  2.213000E+02  4.84913164E-027
  2.239000E+02  4.66276585E-027
  2.265000E+02  4.48412819E-027
  2.291000E+02  4.31362383E-027
  2.317000E+02  4.15047742E-027
  2.344000E+02  3.98866808E-027
  2.371000E+02  3.83367678E-027
  2.399000E+02  3.68040490E-027
  2.427000E+02  3.53444763E-027
  2.455000E+02  3.39532738E-027
  2.483000E+02  3.26195183E-027
  2.512000E+02  3.13021539E-027
  2.541000E+02  3.00456219E-027
  2.570000E+02  2.88483483E-027
  2.600000E+02  2.76722423E-027
  2.630000E+02  2.65450810E-027
  2.661000E+02  2.54403885E-027
  2.691000E+02  2.44174242E-027
  2.723000E+02  2.33833066E-027
  2.754000E+02  2.24249630E-027
  2.786000E+02  2.14895378E-027
  2.818000E+02  2.05984271E-027
  2.851000E+02  1.97236112E-027
  2.884000E+02  1.88899606E-027
  2.917000E+02  1.80995505E-027
  2.951000E+02  1.73193381E-027
  2.985000E+02  1.65852260E-027
  3.020000E+02  1.58668854E-027
  3.055000E+02  1.51808550E-027
  3.090000E+02  1.45344039E-027
  3.126000E+02  1.38989812E-027
  3.162000E+02  1.32977655E-027
  3.199000E+02  1.27093981E-027
  3.236000E+02  1.21529232E-027
  3.273000E+02  1.16246026E-027
  3.311000E+02  1.11123750E-027
  3.350000E+02  1.06107879E-027
  3.388000E+02  1.01482796E-027
  3.428000E+02  9.68705152E-028
  3.467000E+02  9.26127003E-028
  3.508000E+02  8.83742780E-028
  3.548000E+02  8.44538918E-028
  3.589000E+02  8.06535488E-028
  3.631000E+02  7.69592364E-028
  3.673000E+02  7.34763063E-028
  3.715000E+02  7.01706008E-028
  3.758000E+02  6.69599772E-028
  3.802000E+02  6.38622629E-028
  3.846000E+02  6.09317277E-028
  3.890000E+02  5.81599918E-028
  3.935000E+02  5.54757638E-028
  3.981000E+02  5.28855780E-028
  4.027000E+02  5.04352520E-028
  4.074000E+02  4.80681923E-028
  4.121000E+02  4.58348237E-028
  4.169000E+02  4.36797615E-028
  4.217000E+02  4.16440455E-028
  4.266000E+02  3.96785642E-028
  4.315000E+02  3.78234508E-028
  4.365000E+02  3.60364501E-028
  4.416000E+02  3.43167646E-028
  4.467000E+02  3.26909741E-028
  4.519000E+02  3.11316545E-028
  4.571000E+02  2.96556734E-028
  4.624000E+02  2.82389650E-028
  4.677000E+02  2.69017636E-028
  4.731000E+02  2.56138753E-028
  4.786000E+02  2.43797007E-028
  4.842000E+02  2.31941218E-028
  4.898000E+02  2.20758201E-028
  4.955000E+02  2.10030112E-028
  5.012000E+02  1.99931221E-028
  5.070000E+02  1.90231589E-028
  5.129000E+02  1.80944622E-028
  5.188000E+02  1.72188522E-028
  5.248000E+02  1.63797144E-028
  5.309000E+02  1.55757697E-028
  5.370000E+02  1.48182644E-028
  5.432000E+02  1.40936754E-028
  5.495000E+02  1.33998905E-028
  5.559000E+02  1.27367954E-028
  5.623000E+02  1.21118453E-028
  5.688000E+02  1.15148791E-028
  5.754000E+02  1.09451255E-028
  5.821000E+02  1.03988910E-028
  5.888000E+02  9.88635430E-029
  5.957000E+02  9.38896528E-029
  6.026000E+02  8.92173545E-029
  6.095000E+02  8.48158590E-029
  6.166000E+02  8.05456741E-029
  6.237000E+02  7.65445730E-029
  6.310000E+02  7.26728196E-029
  6.383000E+02  6.90332248E-029
  6.457000E+02  6.55615569E-029
  6.531000E+02  6.22986746E-029
  6.607000E+02  5.91429578E-029
  6.683000E+02  5.61816876E-029
  6.761000E+02  5.33187359E-029
  6.839000E+02  5.06376445E-029
  6.918000E+02  4.80830318E-029
  6.998000E+02  4.56483938E-029
  7.080000E+02  4.33037425E-029
  7.161000E+02  4.11293764E-029
  7.244000E+02  3.90319219E-029
  7.328000E+02  3.70450346E-029
  7.413000E+02  3.51562916E-029
  7.499000E+02  3.33560750E-029
  7.586000E+02  3.16483033E-029
  7.674000E+02  3.00232293E-029
  7.762000E+02  2.84978319E-029
  7.852000E+02  2.70374631E-029
  7.943000E+02  2.56456417E-029
  8.035000E+02  2.43270663E-029
  8.128000E+02  2.30758451E-029
  8.222000E+02  2.18930111E-029
  8.318000E+02  2.07544079E-029
  8.414000E+02  1.96854143E-029
  8.511000E+02  1.86731546E-029
  8.610000E+02  1.77060020E-029
  8.710000E+02  1.67833530E-029
  8.810000E+02  1.59221362E-029
  8.912000E+02  1.50928058E-029
  9.016000E+02  1.43055595E-029
  9.120000E+02  1.35666785E-029
  9.226000E+02  1.28576897E-029
  9.333000E+02  1.21858131E-029
  9.441000E+02  1.15534857E-029
  9.550000E+02  1.09513411E-029
  9.660000E+02  1.03831565E-029
  9.772000E+02  9.84266376E-030
  9.885000E+02  9.32750336E-030
  1.000000E+03  8.83585871E-030
  1.012000E+03  8.35755299E-030
  1.023000E+03  7.94583982E-030
  1.035000E+03  7.52430100E-030
  1.047000E+03  7.12795605E-030
  1.059000E+03  6.75737860E-030
  1.072000E+03  6.38153056E-030
  1.084000E+03  6.05693505E-030
  1.096000E+03  5.75256131E-030
  1.109000E+03  5.44168691E-030
  1.122000E+03  5.15146395E-030
  1.135000E+03  4.87944753E-030
  1.148000E+03  4.62501729E-030
  1.161000E+03  4.38546685E-030
  1.175000E+03  4.14445602E-030
  1.188000E+03  3.93463066E-030
  1.202000E+03  3.72302767E-030
  1.216000E+03  3.52461803E-030
  1.230000E+03  3.33888975E-030
  1.244000E+03  3.16462064E-030
  1.259000E+03  2.98959912E-030
  1.274000E+03  2.82655884E-030
  1.288000E+03  2.68352262E-030
  1.303000E+03  2.54043706E-030
  1.318000E+03  2.40603112E-030
  1.334000E+03  2.27190776E-030
  1.349000E+03  2.15435611E-030
  1.365000E+03  2.03658879E-030
  1.380000E+03  1.93345208E-030
  1.396000E+03  1.83022655E-030
  1.412000E+03  1.73328877E-030
  1.429000E+03  1.63726228E-030
  1.445000E+03  1.55249588E-030
  1.462000E+03  1.46814726E-030
  1.479000E+03  1.38930710E-030
  1.496000E+03  1.31549487E-030
  1.514000E+03  1.24237420E-030
  1.531000E+03  1.17780354E-030
  1.549000E+03  1.11365324E-030
  1.567000E+03  1.05370980E-030
  1.585000E+03  9.97555007E-031
  1.603000E+03  9.45005424E-031
  1.622000E+03  8.93110946E-031
  1.641000E+03  8.44593051E-031
  1.660000E+03  7.99155245E-031
  1.679000E+03  7.56637105E-031
  1.698000E+03  7.16786925E-031
  1.718000E+03  6.77584765E-031
  1.738000E+03  6.40882277E-031
  1.758000E+03  6.06572500E-031
  1.778000E+03  5.74419543E-031
  1.799000E+03  5.42824702E-031
  1.820000E+03  5.13288063E-031
  1.841000E+03  4.85654519E-031
  1.862000E+03  4.59830352E-031
  1.884000E+03  4.34474571E-031
  1.906000E+03  4.10814484E-031
  1.928000E+03  3.88677348E-031
  1.950000E+03  3.67882480E-031
  1.972000E+03  3.48518178E-031
  1.995000E+03  3.29517945E-031
  2.018000E+03  3.11726879E-031
  2.042000E+03  2.94398169E-031
  2.065000E+03  2.78862816E-031
  2.089000E+03  2.63692670E-031
  2.114000E+03  2.48940711E-031
  2.138000E+03  2.35684952E-031
  2.163000E+03  2.22768341E-031
  2.188000E+03  2.10699605E-031
  2.213000E+03  1.99397040E-031
  2.239000E+03  1.88394382E-031
  2.265000E+03  1.78132474E-031
  2.291000E+03  1.68558465E-031
  2.317000E+03  1.59542132E-031
  2.344000E+03  1.50808191E-031
  2.371000E+03  1.42655504E-031
  2.399000E+03  1.34726315E-031
  2.427000E+03  1.27326096E-031
  2.455000E+03  1.20424983E-031
  2.483000E+03  1.13950113E-031
  2.512000E+03  1.07697027E-031
  2.541000E+03  1.01837669E-031
  2.570000E+03  9.63491770E-032
  2.600000E+03  9.10546529E-032
  2.630000E+03  8.61104950E-032
  2.661000E+03  8.13298307E-032
  2.692000E+03  7.68640158E-032
  2.723000E+03  7.26840369E-032
  2.754000E+03  6.87815059E-032
  2.786000E+03  6.50053527E-032
  2.818000E+03  6.14827446E-032
  2.851000E+03  5.80869574E-032
  2.884000E+03  5.49042249E-032
  2.917000E+03  5.19392033E-032
  2.951000E+03  4.90789052E-032
  2.985000E+03  4.63962845E-032
  3.020000E+03  4.38236330E-032
  3.055000E+03  4.14278936E-032
  3.090000E+03  3.91850959E-032
  3.126000E+03  3.70252450E-032
  3.162000E+03  3.50022947E-032
  3.199000E+03  3.30634305E-032
  3.236000E+03  3.12556637E-032
  3.273000E+03  2.95634647E-032
  3.311000E+03  2.79366695E-032
  3.350000E+03  2.63808898E-032
  3.388000E+03  2.49561153E-032
  3.428000E+03  2.35623901E-032
  3.467000E+03  2.22925412E-032
  3.508000E+03  2.10414908E-032
  3.548000E+03  1.99032336E-032
  3.589000E+03  1.88116411E-032
  3.631000E+03  1.77676268E-032
  3.673000E+03  1.67919601E-032
  3.715000E+03  1.58813112E-032
  3.758000E+03  1.50076411E-032
  3.802000E+03  1.41716503E-032
  3.846000E+03  1.33934984E-032
  3.890000E+03  1.26650955E-032
  3.936000E+03  1.19546288E-032
  3.981000E+03  1.13045954E-032
  4.027000E+03  1.06832899E-032
  4.074000E+03  1.00904698E-032
  4.121000E+03  9.53746901E-033
  4.169000E+03  9.00820141E-033
  4.217000E+03  8.51526431E-033
  4.266000E+03  8.04447943E-033
  4.315000E+03  7.60445311E-033
  4.365000E+03  7.18523174E-033
  4.416000E+03  6.78551773E-033
  4.467000E+03  6.41217647E-033
  4.519000E+03  6.05703941E-033
  4.571000E+03  5.72504922E-033
  4.624000E+03  5.40891549E-033
  4.677000E+03  5.11344254E-033
  4.732000E+03  4.82665881E-033
  4.786000E+03  4.56408931E-033
  4.842000E+03  4.30972796E-033
  4.898000E+03  4.07195733E-033
  4.954000E+03  3.84994664E-033
  5.012000E+03  3.63508353E-033
  5.070000E+03  3.43449138E-033
  5.129000E+03  3.24371434E-033
  5.188000E+03  3.06579152E-033
  5.248000E+03  2.89663371E-033
  5.309000E+03  2.73577273E-033
  5.370000E+03  2.58575297E-033
  5.432000E+03  2.44318903E-033
  5.495000E+03  2.30798363E-033
  5.559000E+03  2.17964510E-033
  5.623000E+03  2.05970843E-033
  5.688000E+03  1.94602346E-033
  5.754000E+03  1.83809761E-033
  5.821000E+03  1.73587490E-033
  5.888000E+03  1.64045455E-033
  5.957000E+03  1.54861685E-033
  6.026000E+03  1.46295762E-033
  6.095000E+03  1.38286776E-033
  6.166000E+03  1.30572311E-033
  6.237000E+03  1.23384629E-033
  6.310000E+03  1.16486147E-033
  6.383000E+03  1.10027365E-033
  6.456000E+03  1.04016102E-033
  6.531000E+03  9.82407281E-034
  6.607000E+03  9.27634554E-034
  6.683000E+03  8.76503368E-034
  6.761000E+03  8.27687674E-034
  6.839000E+03  7.81979498E-034
  6.918000E+03  7.38686814E-034
  6.998000E+03  6.97856895E-034
  7.080000E+03  6.58764388E-034
  7.161000E+03  6.22638010E-034
  7.244000E+03  5.88067433E-034
  7.328000E+03  5.55376413E-034
  7.413000E+03  5.24506043E-034
  7.499000E+03  4.95428492E-034
  7.586000E+03  4.67875066E-034
  7.674000E+03  4.41880498E-034
  7.762000E+03  4.17604805E-034
  7.852000E+03  3.94388066E-034
  7.943000E+03  3.72529991E-034
  8.035000E+03  3.51853329E-034
  8.128000E+03  3.32278360E-034
  8.222000E+03  3.13871306E-034
  8.318000E+03  2.96338866E-034
  8.414000E+03  2.79926337E-034
  8.511000E+03  2.64443085E-034
  8.610000E+03  2.49693117E-034
  8.710000E+03  2.35777807E-034
  8.810000E+03  2.22787028E-034
  8.912000E+03  2.10465016E-034
  9.016000E+03  1.98663643E-034
  9.120000E+03  1.87654767E-034
  9.226000E+03  1.77195093E-034
  9.332000E+03  1.67391963E-034
  9.441000E+03  1.58049140E-034
  9.550000E+03  1.49307835E-034
  9.660000E+03  1.41054114E-034
  9.772000E+03  1.33201058E-034
  9.886000E+03  1.25730296E-034
  1.000000E+04  1.18777313E-034
  1.012000E+04  1.14504950E-034
  1.023000E+04  1.10767967E-034
  1.035000E+04  1.06875623E-034
  1.047000E+04  1.03164696E-034
  1.059000E+04  9.96246781E-035
  1.072000E+04  9.59711986E-035
  1.084000E+04  9.27566015E-035
  1.096000E+04  8.96848384E-035
  1.109000E+04  8.65091438E-035
  1.122000E+04  8.34824899E-035
  1.135000E+04  8.05961905E-035
  1.148000E+04  7.78421626E-035
  1.161000E+04  7.52128779E-035
  1.175000E+04  7.25128072E-035
  1.188000E+04  7.01207196E-035
  1.202000E+04  6.76614514E-035
  1.216000E+04  6.53164334E-035
  1.230000E+04  6.30790774E-035
  1.244000E+04  6.09432475E-035
  1.259000E+04  5.87610312E-035
  1.274000E+04  5.66822557E-035
  1.288000E+04  5.48300191E-035
  1.303000E+04  5.29343566E-035
  1.318000E+04  5.11254684E-035
  1.334000E+04  4.92860853E-035
  1.349000E+04  4.76412871E-035
  1.365000E+04  4.59668533E-035
  1.380000E+04  4.44678863E-035
  1.396000E+04  4.29402534E-035
  1.412000E+04  4.14820744E-035
  1.429000E+04  4.00044836E-035
  1.445000E+04  3.86774766E-035
  1.462000E+04  3.73313004E-035
  1.479000E+04  3.60471043E-035
  1.496000E+04  3.48213500E-035
  1.514000E+04  3.35835306E-035
  1.531000E+04  3.24679590E-035
  1.549000E+04  3.13401511E-035
  1.567000E+04  3.02641490E-035
  1.585000E+04  2.92370029E-035
  1.603000E+04  2.82559627E-035
  1.622000E+04  2.72676072E-035
  1.641000E+04  2.63249533E-035
  1.660000E+04  2.54253821E-035
  1.679000E+04  2.45664536E-035
  1.698000E+04  2.37458918E-035
  1.718000E+04  2.29212584E-035
  1.738000E+04  2.21344740E-035
  1.758000E+04  2.13833862E-035
  1.778000E+04  2.06659883E-035
  1.799000E+04  1.99469320E-035
  1.820000E+04  1.92609344E-035
  1.841000E+04  1.86061127E-035
  1.862000E+04  1.79807117E-035
  1.884000E+04  1.73553025E-035
  1.906000E+04  1.67586307E-035
  1.928000E+04  1.61890611E-035
  1.950000E+04  1.56450689E-035
  1.972000E+04  1.51252313E-035
  1.995000E+04  1.46061502E-035
  2.018000E+04  1.41106013E-035
  2.042000E+04  1.36171679E-035
  2.065000E+04  1.31656934E-035
  2.089000E+04  1.27156595E-035
  2.114000E+04  1.22684628E-035
  2.138000E+04  1.18587051E-035
  2.163000E+04  1.14510843E-035
  2.188000E+04  1.10619662E-035
  2.213000E+04  1.06903108E-035
  2.239000E+04  1.03212715E-035
  2.265000E+04  9.96905288E-036
  2.291000E+04  9.63270584E-036
  2.317000E+04  9.31134500E-036
  2.344000E+04  8.99260034E-036
  2.371000E+04  8.68826166E-036
  2.399000E+04  8.38700613E-036
  2.427000E+04  8.09953900E-036
  2.455000E+04  7.82507924E-036
  2.483000E+04  7.56289840E-036
  2.512000E+04  7.30357356E-036
  2.541000E+04  7.05598630E-036
  2.570000E+04  6.81947913E-036
  2.600000E+04  6.58582344E-036
  2.630000E+04  6.36273462E-036
  2.661000E+04  6.14268277E-036
  2.692000E+04  5.93267432E-036
  2.723000E+04  5.73214211E-036
  2.754000E+04  5.54055701E-036
  2.786000E+04  5.35165296E-036
  2.818000E+04  5.17124913E-036
  2.851000E+04  4.99360989E-036
  2.884000E+04  4.82402305E-036
  2.917000E+04  4.66203701E-036
  2.951000E+04  4.50264698E-036
  2.985000E+04  4.35044785E-036
  3.020000E+04  4.20086038E-036
  3.055000E+04  4.05805942E-036
  3.090000E+04  3.92166408E-036
  3.126000E+04  3.78768026E-036
  3.162000E+04  3.65973634E-036
  3.199000E+04  3.53417823E-036
  3.236000E+04  3.41430337E-036
  3.273000E+04  3.29979356E-036
  3.311000E+04  3.18746154E-036
  3.350000E+04  3.07741709E-036
  3.388000E+04  2.97501726E-036
  3.428000E+04  2.87208103E-036
  3.467000E+04  2.77624370E-036
  3.508000E+04  2.68003750E-036
  3.548000E+04  2.59041760E-036
  3.589000E+04  2.50265925E-036
  3.631000E+04  2.41682568E-036
  3.673000E+04  2.33487533E-036
  3.715000E+04  2.25659091E-036
  3.758000E+04  2.18002874E-036
  3.802000E+04  2.10523178E-036
  3.846000E+04  2.03381982E-036
  3.890000E+04  1.96560339E-036
  3.936000E+04  1.89751112E-036
  3.981000E+04  1.83391057E-036
