# THEMIS (Jones et al. 2013 / Koehler et al. 2014) model SED (this work), Mathis ISRF U =  1.00
# solver = heuristic
# columns: lambda[um]  lamI_total/NH  lamI_CM20/NH  lamI_CM20/NH  lamI_aPyM5/NH  lamI_aOlM5/NH
#          [erg s^-1 cm^-2 sr^-1 H^-1]
  9.033300E-02  6.49869106E-044  6.49869106E-044  2.71726444E-062  8.79214161E-177  1.11903752E-176
  9.181700E-02  1.50767938E-043  1.50767938E-043  6.55508686E-062  1.63341174E-174  2.07302260E-174
  9.332500E-02  3.44097286E-043  3.44097286E-043  1.55481221E-061  2.77421770E-172  3.51123439E-172
  9.485800E-02  7.73327619E-043  7.73327619E-043  3.63052815E-061  4.32583080E-170  5.45992321E-170
  9.641600E-02  1.71079754E-042  1.71079754E-042  8.34376377E-061  6.19003821E-168  7.79225796E-168
  9.799900E-02  3.72800132E-042  3.72800132E-042  1.88892358E-060  8.13783841E-166  1.02177204E-165
  9.960900E-02  8.00823535E-042  8.00823535E-042  4.21618361E-060  9.88730663E-164  1.23816598E-163
  1.012500E-01  1.69929147E-041  1.69929147E-041  9.29961756E-060  1.12297000E-161  1.40273003E-161
  1.029100E-01  3.54377097E-041  3.54377097E-041  2.01624993E-059  1.15275591E-159  1.43633668E-159
  1.046000E-01  7.29813645E-041  7.29813645E-041  4.31939690E-059  1.10350314E-157  1.37161821E-157
  1.063200E-01  1.48486777E-040  1.48486777E-040  9.14866408E-059  9.84971124E-156  1.22132814E-155
  1.080600E-01  2.97224168E-040  2.97224168E-040  1.90781706E-058  7.99133707E-154  9.88581304E-154
  1.098400E-01  5.90117549E-040  5.90117549E-040  3.95272326E-058  6.19823820E-152  7.64975241E-152
  1.116400E-01  1.15363938E-039  1.15363938E-039  8.07684653E-058  4.37696500E-150  5.38967544E-150
  1.134800E-01  2.23585389E-039  2.23585389E-039  1.64103585E-057  2.94874084E-148  3.62263173E-148
  1.153400E-01  4.27128507E-039  4.27128507E-039  3.29839415E-057  1.81293977E-146  2.22216863E-146
  1.172300E-01  8.05773447E-039  8.05773447E-039  6.58231748E-057  1.03929254E-144  1.27103891E-144
  1.191600E-01  1.51044173E-038  1.51044173E-038  1.31547050E-056  5.68710748E-143  6.93973897E-143
  1.211200E-01  2.79463575E-038  2.79463575E-038  2.62192207E-056  2.89813772E-141  3.52877104E-141
  1.231100E-01  5.12518635E-038  5.12518635E-038  5.25167185E-056  1.38156867E-139  1.67856093E-139
  1.251300E-01  9.28262720E-038  9.28262720E-038  1.05751118E-055  6.14337158E-138  7.44870595E-138
  1.271800E-01  1.66623774E-037  1.66623774E-037  2.15692667E-055  2.55630450E-136  3.09350669E-136
  1.292700E-01  2.96560460E-037  2.96560460E-037  4.47857563E-055  1.01136954E-134  1.22171131E-134
  1.314000E-01  5.24266586E-037  5.24266586E-037  9.50969131E-055  3.80603912E-133  4.59141691E-133
  1.335600E-01  9.17564138E-037  9.17564138E-037  2.05837109E-054  1.34075967E-131  1.61350369E-131
  1.357500E-01  1.58998415E-036  1.58998415E-036  4.53584704E-054  4.41611261E-130  5.30613998E-130
  1.379800E-01  2.73854352E-036  2.73854352E-036  1.01956425E-053  1.38518483E-128  1.66153357E-128
  1.402500E-01  4.67809152E-036  4.67809152E-036  2.32290268E-053  4.12627682E-127  4.94115789E-127
  1.425500E-01  7.93419436E-036  7.93419436E-036  5.33721277E-053  1.15404211E-125  1.37972649E-125
  1.448900E-01  1.33359565E-035  1.33359565E-035  1.23025451E-052  3.06374993E-124  3.65694429E-124
  1.472700E-01  2.23323042E-035  2.23323042E-035  2.84830401E-052  7.75732464E-123  9.24340125E-123
  1.496900E-01  3.70696074E-035  3.70696074E-035  6.56756929E-052  1.86398232E-121  2.21739533E-121
  1.521500E-01  6.12592046E-035  6.12592046E-035  1.51042952E-051  4.26724228E-120  5.06724483E-120
  1.546500E-01  1.00478952E-034  1.00478952E-034  3.44714549E-051  9.28035350E-119  1.10014780E-118
  1.571900E-01  1.64016084E-034  1.64016084E-034  7.81540783E-051  1.92194885E-117  2.27449848E-117
  1.597700E-01  2.66339207E-034  2.66339207E-034  1.75722377E-050  3.78857377E-116  4.47581218E-116
  1.623900E-01  4.30572879E-034  4.30572879E-034  3.91764175E-050  7.11303138E-115  8.38905415E-115
  1.650600E-01  6.96724539E-034  6.96724539E-034  8.70821284E-050  1.28890940E-113  1.51741206E-113
  1.677700E-01  1.12280418E-033  1.12280418E-033  1.91787770E-049  2.22383677E-112  2.61468299E-112
  1.705300E-01  1.82499217E-033  1.82499217E-033  4.23547527E-049  3.71910207E-111  4.36542518E-111
  1.733300E-01  2.95210303E-033  2.95210303E-033  9.25740038E-049  5.92378482E-110  6.94329970E-110
  1.761800E-01  4.86034777E-033  4.86034777E-033  2.04502220E-048  9.20020394E-109  1.07672168E-108
  1.790700E-01  7.95978676E-033  7.95978676E-033  4.46902780E-048  1.36182023E-107  1.59134602E-107
  1.820100E-01  1.32530376E-032  1.32530376E-032  9.86669142E-048  1.96708194E-106  2.29488642E-106
  1.850000E-01  2.19829130E-032  2.19829130E-032  2.16130247E-047  2.73570353E-105  3.18733658E-105
  1.880400E-01  3.66567312E-032  3.66567312E-032  4.73893759E-047  3.69090957E-104  4.29359510E-104
  1.911300E-01  6.06588772E-032  6.06588772E-032  1.02799753E-046  4.78776751E-103  5.56183577E-103
  1.942700E-01  9.96016472E-032  9.96016472E-032  2.20718214E-046  5.97638716E-102  6.93395730E-102
  1.974600E-01  1.60808635E-031  1.60808635E-031  4.65457295E-046  7.14109591E-101  8.27511098E-101
  2.007000E-01  2.55177926E-031  2.55177926E-031  9.63413479E-046  8.16125447E-100  9.44565886E-100
  2.040000E-01  3.93907658E-031  3.93907658E-031  1.94334652E-045  8.93649711E-099  1.03299786E-098
  2.073500E-01  5.95598991E-031  5.95598991E-031  3.83385856E-045  9.33414020E-098  1.07768905E-097
  2.107600E-01  8.68085209E-031  8.68085209E-031  7.30614692E-045  9.27960435E-097  1.07008591E-096
  2.142200E-01  1.24231259E-030  1.24231259E-030  1.36272890E-044  8.80145760E-096  1.01387660E-095
  2.177400E-01  1.71834469E-030  1.71834469E-030  2.45445463E-044  7.93029457E-095  9.12506502E-095
  2.213100E-01  2.34178866E-030  2.34178866E-030  4.33390531E-044  6.82009306E-094  7.83981557E-094
  2.249500E-01  3.12353754E-030  3.12353754E-030  7.46427766E-044  5.62745287E-093  6.46245015E-093
  2.286400E-01  4.11595579E-030  4.11595579E-030  1.26252719E-043  4.43296797E-092  5.08573443E-092
  2.324000E-01  5.35603290E-030  5.35603290E-030  2.09931190E-043  3.36489890E-091  3.85669468E-091
  2.362200E-01  6.90798237E-030  6.90798237E-030  3.44095170E-043  2.45447249E-090  2.81053512E-090
  2.401000E-01  8.83421217E-030  8.83421217E-030  5.56484861E-043  1.72225533E-089  1.97032256E-089
  2.440400E-01  1.12209762E-029  1.12209762E-029  8.89045485E-043  1.16320597E-088  1.32956260E-088
  2.480500E-01  1.41630759E-029  1.41630759E-029  1.40658352E-042  7.61338003E-088  8.69387118E-088
  2.521200E-01  1.77828759E-029  1.77828759E-029  2.20193365E-042  4.80310847E-087  5.47975836E-087
  2.562700E-01  2.21940723E-029  2.21940723E-029  3.41907419E-042  2.95225448E-086  3.36532166E-086
  2.604700E-01  2.75773241E-029  2.75773241E-029  5.25403971E-042  1.74349547E-085  1.98582510E-085
  2.647500E-01  3.40504109E-029  3.40504109E-029  8.00862736E-042  1.00348877E-084  1.14206399E-084
  2.691000E-01  4.18854089E-029  4.18854089E-029  1.21108633E-041  5.60208245E-084  6.37065310E-084
  2.735200E-01  5.11880573E-029  5.11880573E-029  1.81494844E-041  3.03535674E-083  3.44903576E-083
  2.780200E-01  6.22912973E-029  6.22912973E-029  2.69990897E-041  1.60194264E-082  1.81885073E-082
  2.825800E-01  7.53292308E-029  7.53292308E-029  3.97810468E-041  8.17753131E-082  9.27809495E-082
  2.872200E-01  9.05875850E-029  9.05875850E-029  5.81511734E-041  4.06756523E-081  4.61160059E-081
  2.919400E-01  1.08452743E-028  1.08452743E-028  8.43808137E-041  1.97149929E-080  2.23366619E-080
  2.967400E-01  1.28893738E-028  1.28893738E-028  1.21361755E-040  9.31166584E-080  1.05425376E-079
  3.016100E-01  1.52659732E-028  1.52659732E-028  1.73262611E-040  4.27370173E-079  4.83532539E-079
  3.065700E-01  1.79176773E-028  1.79176773E-028  2.45089257E-040  1.91792326E-078  2.16860276E-078
  3.116000E-01  2.09970661E-028  2.09970661E-028  3.44481192E-040  8.37128016E-078  9.45922478E-078
  3.167200E-01  2.43577011E-028  2.43577011E-028  4.79466954E-040  3.57417952E-077  4.03605689E-077
  3.219200E-01  2.82058676E-028  2.82058676E-028  6.63357392E-040  1.48982766E-076  1.68134494E-076
  3.272100E-01  3.23577020E-028  3.23577020E-028  9.09202465E-040  6.07910862E-076  6.85612461E-076
  3.325800E-01  3.69901067E-028  3.69901067E-028  1.23757449E-039  2.42408999E-075  2.73213430E-075
  3.380500E-01  4.19749956E-028  4.19749956E-028  1.67126655E-039  9.49787567E-075  1.06982213E-074
  3.436000E-01  4.73595655E-028  4.73595655E-028  2.23873988E-039  3.64074076E-074  4.09825375E-074
  3.492400E-01  5.31546099E-028  5.31546099E-028  2.97737189E-039  1.37030152E-073  1.54137630E-073
  3.549800E-01  5.91798858E-028  5.91798858E-028  3.92599860E-039  5.07650849E-073  5.70626545E-073
  3.608100E-01  6.57350953E-028  6.57350953E-028  5.14792632E-039  1.85014620E-072  2.07795031E-072
  3.667400E-01  7.21893403E-028  7.21893403E-028  6.68049380E-039  6.64238955E-072  7.45364959E-072
  3.727600E-01  7.93940536E-028  7.93940536E-028  8.63824362E-039  2.35716439E-071  2.64274398E-071
  3.788800E-01  8.61117208E-028  8.61117208E-028  1.10394858E-038  8.25672210E-071  9.24836607E-071
  3.851100E-01  9.36943899E-028  9.36943899E-028  1.40802424E-038  2.89534445E-070  3.23980766E-070
  3.914300E-01  1.00606391E-027  1.00606391E-027  1.77504070E-038  1.00066429E-069  1.11841394E-069
  3.978600E-01  1.08078162E-027  1.08078162E-027  2.22988486E-038  3.42304596E-069  3.82153354E-069
  4.044000E-01  1.14989886E-027  1.14989886E-027  2.77593855E-038  1.15974090E-068  1.29324945E-068
  4.110400E-01  1.21975238E-027  1.21975238E-027  3.43591628E-038  3.88590612E-068  4.32796800E-068
  4.177900E-01  1.28658698E-027  1.28658698E-027  4.22405376E-038  1.28886668E-067  1.43371878E-067
  4.246600E-01  1.34785102E-027  1.34785102E-027  5.15476473E-038  4.23552026E-067  4.70571473E-067
  4.316300E-01  1.41062406E-027  1.41062406E-027  6.26442360E-038  1.37414007E-066  1.52482668E-066
  4.387200E-01  1.45953953E-027  1.45953953E-027  7.53805270E-038  4.40859660E-066  4.88619985E-066
  4.459300E-01  1.51703055E-027  1.51703055E-027  9.09973021E-038  1.39911530E-065  1.54889148E-065
  4.532500E-01  1.55148154E-027  1.55148154E-027  1.08623044E-037  4.37458380E-065  4.83755838E-065
  4.607000E-01  1.60183737E-027  1.60183737E-027  1.30021590E-037  1.35311773E-064  1.49472615E-064
  4.682600E-01  1.62736130E-027  1.62736130E-027  1.54752114E-037  4.11734972E-064  4.54370044E-064
  4.759600E-01  1.66261701E-027  1.66261701E-027  1.90181990E-037  1.23877027E-063  1.36574764E-063
  4.837700E-01  1.67927217E-027  1.67927217E-027  2.32077907E-037  3.66310515E-063  4.03497071E-063
  4.917200E-01  1.69824971E-027  1.69824971E-027  2.81870841E-037  1.06925929E-062  1.17681081E-062
  4.998000E-01  1.70685809E-027  1.70685809E-027  3.40639794E-037  3.07384084E-062  3.38032855E-062
  5.080100E-01  1.70894408E-027  1.70894408E-027  4.09720407E-037  8.69964929E-062  9.55972514E-062
  5.163500E-01  1.71075641E-027  1.71075641E-027  4.90789740E-037  2.42382441E-061  2.66156673E-061
  5.248300E-01  1.69685764E-027  1.69685764E-027  5.84738259E-037  6.65040539E-061  7.29783957E-061
  5.334500E-01  1.76733119E-027  1.76733119E-027  6.94704852E-037  1.79794398E-060  1.97173411E-060
  5.422200E-01  1.85319683E-027  1.85319683E-027  8.20400852E-037  4.78830797E-060  5.24802245E-060
  5.511200E-01  1.94964264E-027  1.94964264E-027  9.66864353E-037  1.25497332E-059  1.37471658E-059
  5.601800E-01  2.03754142E-027  2.03754142E-027  1.13267353E-036  3.24228406E-059  3.54975887E-059
  5.693800E-01  2.13446106E-027  2.13446106E-027  1.32387202E-036  8.24910224E-059  9.02684782E-059
  5.787300E-01  2.22603237E-027  2.22603237E-027  1.53897752E-036  2.06662030E-058  2.26038982E-058
  5.882400E-01  2.32644375E-027  2.32644375E-027  1.78405542E-036  5.10652406E-058  5.58294270E-058
  5.979000E-01  2.42356886E-027  2.42356886E-027  2.05880759E-036  1.24265224E-057  1.35800837E-057
  6.077200E-01  2.52065887E-027  2.52065886E-027  2.36731462E-036  2.98128583E-057  3.25672672E-057
  6.177000E-01  2.61761852E-027  2.61761851E-027  2.71276652E-036  7.05194534E-057  7.70053181E-057
  6.278500E-01  2.70970640E-027  2.70970639E-027  3.09520247E-036  1.64535002E-056  1.79602921E-056
  6.381600E-01  2.80511857E-027  2.80511857E-027  3.52263205E-036  3.78570494E-056  4.13111249E-056
  6.486400E-01  2.89026444E-027  2.89026444E-027  3.98850887E-036  8.58927269E-056  9.37025038E-056
  6.593000E-01  2.98279545E-027  2.98279544E-027  4.51003257E-036  1.92540999E-055  2.09984527E-055
  6.701300E-01  3.06153822E-027  3.06153822E-027  5.07126344E-036  4.25537804E-055  4.63974567E-055
  6.811300E-01  3.14761625E-027  3.14761625E-027  5.69453816E-036  9.28548710E-055  1.01215206E-054
  6.923200E-01  3.22094276E-027  3.22094276E-027  6.36361133E-036  2.00093966E-054  2.18063737E-054
  7.036900E-01  3.29698928E-027  3.29698927E-027  7.09624659E-036  4.25936560E-054  4.64099487E-054
  7.152500E-01  3.36386338E-027  3.36386337E-027  7.88165190E-036  8.95732109E-054  9.75817460E-054
  7.270000E-01  3.42847882E-027  3.42847881E-027  8.73036669E-036  1.86183308E-053  2.02780748E-053
  7.389400E-01  3.48820058E-027  3.48820057E-027  9.64041365E-036  3.82473838E-053  4.16509194E-053
  7.510800E-01  3.54041504E-027  3.54041502E-027  1.06085303E-035  7.77029687E-053  8.46063897E-053
  7.634200E-01  3.59268447E-027  3.59268446E-027  1.16495389E-035  1.56213572E-052  1.70063701E-052
  7.759600E-01  3.63208341E-027  3.63208340E-027  1.27385274E-035  3.10595922E-052  3.38111491E-052
  7.887000E-01  3.67649161E-027  3.67649159E-027  1.39125069E-035  6.11587350E-052  6.65660923E-052
  8.016600E-01  3.70388464E-027  3.70388462E-027  1.51229332E-035  1.19277661E-051  1.29815530E-051
  8.148300E-01  3.73990821E-027  3.73990819E-027  1.64318847E-035  2.30703450E-051  2.51041241E-051
  8.282100E-01  3.75929621E-027  3.75929619E-027  1.77712468E-035  4.42118610E-051  4.81025295E-051
  8.418100E-01  3.78317644E-027  3.78317642E-027  1.91991155E-035  8.41304635E-051  9.15130149E-051
  8.556400E-01  3.79584671E-027  3.79584669E-027  2.06672754E-035  1.58996325E-050  1.72911593E-050
  8.697000E-01  3.80821730E-027  3.80821728E-027  2.22083376E-035  2.98779236E-050  3.24841140E-050
  8.839800E-01  3.81494970E-027  3.81494967E-027  2.37995392E-035  5.58341105E-050  6.06840495E-050
  8.985000E-01  3.81694796E-027  3.81694794E-027  2.54422675E-035  1.03921776E-049  1.12901534E-049
  9.132600E-01  3.81900362E-027  3.81900359E-027  2.71550409E-035  1.92845854E-049  2.09401639E-049
  9.282600E-01  3.81191384E-027  3.81191381E-027  2.88900252E-035  3.56913027E-049  3.87284375E-049
  9.435100E-01  3.81078696E-027  3.81078693E-027  3.07191942E-035  6.59907704E-049  7.15588174E-049
  9.590100E-01  3.79615713E-027  3.79615710E-027  3.25379658E-035  1.21847086E-048  1.32015218E-048
  9.747600E-01  3.79351467E-027  3.79351463E-027  3.44811833E-035  2.25037239E-048  2.43561387E-048
  9.907700E-01  3.77742116E-027  3.77742112E-027  3.64024467E-035  4.15353339E-048  4.49063915E-048
  1.007000E+00  3.77059885E-027  3.77059881E-027  3.84311048E-035  7.65866189E-048  8.27072838E-048
  1.023600E+00  3.75541860E-027  3.75541856E-027  4.04706462E-035  1.41690438E-047  1.52827057E-047
  1.040400E+00  3.74544229E-027  3.74544224E-027  4.25910152E-035  2.61387371E-047  2.81577701E-047
  1.057500E+00  3.73288797E-027  3.73288792E-027  4.47470654E-035  4.82054988E-047  5.18607325E-047
  1.074900E+00  3.72168531E-027  3.72168526E-027  4.69688338E-035  8.88096308E-047  9.54210080E-047
  1.092500E+00  3.71333988E-027  3.71333983E-027  4.92599909E-035  1.62748773E-046  1.74645676E-046
  1.110500E+00  3.70251801E-027  3.70251796E-027  5.16008017E-035  2.98319164E-046  3.19735059E-046
  1.128700E+00  3.69991799E-027  3.69991794E-027  5.40689699E-035  5.43074902E-046  5.81391428E-046
  1.147200E+00  3.69104899E-027  3.69104893E-027  5.65434145E-035  9.83499309E-046  1.05172809E-045
  1.166100E+00  3.69532885E-027  3.69532879E-027  5.92459753E-035  1.77776331E-045  1.89910603E-045
  1.185200E+00  3.69191292E-027  3.69191285E-027  6.19343987E-035  3.18116567E-045  3.39498813E-045
  1.204700E+00  3.70193078E-027  3.70193071E-027  6.48915806E-035  5.67271091E-045  6.04854622E-045
  1.224500E+00  3.70698784E-027  3.70698777E-027  6.78974693E-035  1.00333168E-044  1.06889587E-044
  1.244600E+00  3.72147473E-027  3.72147466E-027  7.11483535E-035  1.76073931E-044  1.87431575E-044
  1.265100E+00  3.73574935E-027  3.73574928E-027  7.45589187E-035  3.07106962E-044  3.26680867E-044
  1.285800E+00  3.75528567E-027  3.75528560E-027  7.81858649E-035  5.29520644E-044  5.62895758E-044
  1.307000E+00  3.77890735E-027  3.77890726E-027  8.20928094E-035  9.09318825E-044  9.66031158E-044
  1.328400E+00  3.80393808E-027  3.80393799E-027  8.62105587E-035  1.54263991E-043  1.63788327E-043
  1.350200E+00  3.83685452E-027  3.83685442E-027  9.07155994E-035  2.59911055E-043  2.75805506E-043
  1.372400E+00  3.86727571E-027  3.86727562E-027  9.54573175E-035  4.34467245E-043  4.60805991E-043
  1.395000E+00  3.90951059E-027  3.90951048E-027  1.00725629E-034  7.21049848E-043  7.64419438E-043
  1.417900E+00  3.94587282E-027  3.94587271E-027  1.06208039E-034  1.18402334E-042  1.25466988E-042
  1.441200E+00  3.99573670E-027  3.99573659E-027  1.12342474E-034  1.93017734E-042  2.04451079E-042
  1.464800E+00  4.04022289E-027  4.04022277E-027  1.18764826E-034  3.11332267E-042  3.29648479E-042
  1.488900E+00  4.09428545E-027  4.09428533E-027  1.25871931E-034  4.99335599E-042  5.28522711E-042
  1.513400E+00  4.14643012E-027  4.14642998E-027  1.33437364E-034  7.94059791E-042  8.40190454E-042
  1.538200E+00  4.20346606E-027  4.20346592E-027  1.41631634E-034  1.25031812E-041  1.32253698E-041
  1.563500E+00  4.26202491E-027  4.26202476E-027  1.50465248E-034  1.95605121E-041  2.06836280E-041
  1.589200E+00  4.32141850E-027  4.32141834E-027  1.59947522E-034  3.03460117E-041  3.20793416E-041
  1.615300E+00  4.38524636E-027  4.38524619E-027  1.70205743E-034  4.66987367E-041  4.93542916E-041
  1.641800E+00  4.44558087E-027  4.44558069E-027  1.81067299E-034  7.12503928E-041  7.52811604E-041
  1.668800E+00  4.51372424E-027  4.51372404E-027  1.92939712E-034  1.08031755E-040  1.14119505E-040
  1.696200E+00  4.57397500E-027  4.57397480E-027  2.05351745E-034  1.62360224E-040  1.71465883E-040
  1.724000E+00  4.64506576E-027  4.64506554E-027  2.18935289E-034  2.42182202E-040  2.55718475E-040
  1.752400E+00  4.70768487E-027  4.70768463E-027  2.33189237E-034  3.59095601E-040  3.79090757E-040
  1.781100E+00  4.77733398E-027  4.77733373E-027  2.48546126E-034  5.27655833E-040  5.56932119E-040
  1.810400E+00  4.84138056E-027  4.84138030E-027  2.64734799E-034  7.70806843E-040  8.13429919E-040
  1.840100E+00  4.90875876E-027  4.90875847E-027  2.82025865E-034  1.11723321E-039  1.17881523E-039
  1.870400E+00  4.97343126E-027  4.97343096E-027  3.00343957E-034  1.61005268E-039  1.69853195E-039
  1.901100E+00  5.03727284E-027  5.03727252E-027  3.19683441E-034  2.30174835E-039  2.42787930E-039
  1.932300E+00  5.10199763E-027  5.10199729E-027  3.40212727E-034  3.26861091E-039  3.44738833E-039
  1.964100E+00  5.16198814E-027  5.16198778E-027  3.61779535E-034  4.61440058E-039  4.86595154E-039
  1.996300E+00  5.22610063E-027  5.22610024E-027  3.84743902E-034  6.46551537E-039  6.81745648E-039
  2.029100E+00  5.28171748E-027  5.28171707E-027  4.08611388E-034  9.00350207E-039  9.49253644E-039
  2.062400E+00  5.34544992E-027  5.34544949E-027  4.34263169E-034  1.24615456E-038  1.31370599E-038
  2.096300E+00  5.39871564E-027  5.39871518E-027  4.60802296E-034  1.71386302E-038  1.80659546E-038
  2.130700E+00  5.45982500E-027  5.45982451E-027  4.89247154E-034  2.34278540E-038  2.46945932E-038
  2.165700E+00  5.51317528E-027  5.51317476E-027  5.18807737E-034  3.18290551E-038  3.35455916E-038
  2.201300E+00  5.57061439E-027  5.57061384E-027  5.50312272E-034  4.30069243E-038  4.53255614E-038
  2.237500E+00  5.62406579E-027  5.62406520E-027  5.83322140E-034  5.77700283E-038  6.08807385E-038
  2.274200E+00  5.67848407E-027  5.67848345E-027  6.18147248E-034  7.71008556E-038  8.12479214E-038
  2.311600E+00  5.73381159E-027  5.73381093E-027  6.55033596E-034  1.02401363E-037  1.07904092E-037
  2.349600E+00  5.78654307E-027  5.78654238E-027  6.93795507E-034  1.35204829E-037  1.42473665E-037
  2.388100E+00  5.84535467E-027  5.84535393E-027  7.35039629E-034  1.77447594E-037  1.86968737E-037
  2.427400E+00  5.89827649E-027  5.89827571E-027  7.78325905E-034  2.31794961E-037  2.44242527E-037
  2.467200E+00  5.96380749E-027  5.96380666E-027  8.24833557E-034  3.01061108E-037  3.17245685E-037
  2.507800E+00  6.02120414E-027  6.02120326E-027  8.73499589E-034  3.89128994E-037  4.10044259E-037
  2.549000E+00  6.09679529E-027  6.09679436E-027  9.26199938E-034  5.00532087E-037  5.27392776E-037
  2.590800E+00  6.16744370E-027  6.16744272E-027  9.81340582E-034  6.39895519E-037  6.74290741E-037
  2.633400E+00  6.25663326E-027  6.25663222E-027  1.04103716E-033  8.15004003E-037  8.58822077E-037
  2.676600E+00  6.35135187E-027  6.35135076E-027  1.10419555E-033  1.03198905E-036  1.08759026E-036
  2.720600E+00  6.46611046E-027  6.46610929E-027  1.17226714E-033  1.30143721E-036  1.37159222E-036
  2.765300E+00  6.60690408E-027  6.60690283E-027  1.24524903E-033  1.63335698E-036  1.72146576E-036
  2.810700E+00  6.77086000E-027  6.77085867E-027  1.32346606E-033  2.04009032E-036  2.15024921E-036
  2.856900E+00  7.01003912E-027  7.01003771E-027  1.40882451E-033  2.53795082E-036  2.67520733E-036
  2.903800E+00  7.27807486E-027  7.27807335E-027  1.49995932E-033  3.14152097E-036  3.31167015E-036
  2.951500E+00  7.77121594E-027  7.77121433E-027  1.60237148E-033  3.87543484E-036  4.08573253E-036
  3.000000E+00  8.29799145E-027  8.29798973E-027  1.71160263E-033  4.75823045E-036  5.01690270E-036
  3.015900E+00  8.57411002E-027  8.57410826E-027  1.75083778E-033  5.08258123E-036  5.35908013E-036
  3.032000E+00  8.90362335E-027  8.90362154E-027  1.79212514E-033  5.42978553E-036  5.72539525E-036
  3.048100E+00  9.29959284E-027  9.29959100E-027  1.83542313E-033  5.79682022E-036  6.11256269E-036
  3.064300E+00  9.78417988E-027  9.78417798E-027  1.88143440E-033  6.18725953E-036  6.52460134E-036
  3.080600E+00  1.03851856E-026  1.03851837E-026  1.93056646E-033  6.60300374E-036  6.96321714E-036
  3.096900E+00  1.11468961E-026  1.11468941E-026  1.98371331E-033  7.04326293E-036  7.42787498E-036
  3.113400E+00  1.21336928E-026  1.21336907E-026  2.04264810E-033  7.51605268E-036  7.92671398E-036
  3.130000E+00  1.34583606E-026  1.34583585E-026  2.10941398E-033  8.02248748E-036  8.46107119E-036
  3.146600E+00  1.52623229E-026  1.52623207E-026  2.18666802E-033  8.56396641E-036  9.03243829E-036
  3.163300E+00  1.78385084E-026  1.78385061E-026  2.28089351E-033  9.15119723E-036  9.65220899E-036
  3.180100E+00  2.17174900E-026  2.17174876E-026  2.40302765E-033  9.79755541E-036  1.03342684E-035
  3.197000E+00  2.78169008E-026  2.78168982E-026  2.57242888E-033  1.05260417E-035  1.11031365E-035
  3.214000E+00  3.84755541E-026  3.84755512E-026  2.83759481E-033  1.13922726E-035  1.20175057E-035
  3.231100E+00  5.81699402E-026  5.81699368E-026  3.29326831E-033  1.25079531E-035  1.31948982E-035
  3.248300E+00  9.80383387E-026  9.80383345E-026  4.17597281E-033  1.41537773E-035  1.49318897E-035
  3.265500E+00  1.65331603E-025  1.65331597E-025  5.65635055E-033  1.65811317E-035  1.74935017E-035
  3.282900E+00  1.93713974E-025  1.93713967E-025  6.36270098E-033  1.83025892E-035  1.93105486E-035
  3.300300E+00  1.31878532E-025  1.31878527E-025  5.14256907E-033  1.77848299E-035  1.87647716E-035
  3.317900E+00  8.02466847E-026  8.02466805E-026  4.10697408E-033  1.74219110E-035  1.83824268E-035
  3.335500E+00  5.89043601E-026  5.89043563E-026  3.71580614E-033  1.78524092E-035  1.88373448E-035
  3.353200E+00  5.91401404E-026  5.91401366E-026  3.80421461E-033  1.89726748E-035  2.00201867E-035
  3.371100E+00  9.14925796E-026  9.14925749E-026  4.64079993E-033  2.13050121E-035  2.24820416E-035
  3.389000E+00  9.07957181E-026  9.07957133E-026  4.75413986E-033  2.26854197E-035  2.39396428E-035
  3.407000E+00  9.36583156E-026  9.36583105E-026  5.04553821E-033  2.46573686E-035  2.60214922E-035
  3.425100E+00  1.04346015E-025  1.04346009E-025  5.47564409E-033  2.68422510E-035  2.83281738E-035
  3.443300E+00  7.61485189E-026  7.61485140E-026  4.79855243E-033  2.67556448E-035  2.82377695E-035
  3.461600E+00  6.98422214E-026  6.98422166E-026  4.71357803E-033  2.79082692E-035  2.94552502E-035
  3.480000E+00  7.50137627E-026  7.50137577E-026  4.90617520E-033  2.96377578E-035  3.12814461E-035
  3.498500E+00  6.68747555E-026  6.68747506E-026  4.78785640E-033  3.08491646E-035  3.25607567E-035
  3.517100E+00  5.38872777E-026  5.38872731E-026  4.52239589E-033  3.17143761E-035  3.34751766E-035
  3.535800E+00  3.33608043E-026  3.33608002E-026  3.99393578E-033  3.18108868E-035  3.35779600E-035
  3.554600E+00  2.24088386E-026  2.24088348E-026  3.74096543E-033  3.26201539E-035  3.44328472E-035
  3.573500E+00  1.71001456E-026  1.71001419E-026  3.65577273E-033  3.39196224E-035  3.58050377E-035
  3.592500E+00  1.42960191E-026  1.42960153E-026  3.64656696E-033  3.54876357E-035  3.74613093E-035
  3.611500E+00  1.26164423E-026  1.26164386E-026  3.67190936E-033  3.72129804E-035  3.92837391E-035
  3.630700E+00  1.15088197E-026  1.15088159E-026  3.71619790E-033  3.90771875E-035  4.12521140E-035
  3.650000E+00  1.07445326E-026  1.07445287E-026  3.77244414E-033  4.10551673E-035  4.33422163E-035
  3.669400E+00  1.01840415E-026  1.01840375E-026  3.83646022E-033  4.31411884E-035  4.55440856E-035
  3.688900E+00  9.76580852E-027  9.76580452E-027  3.90655186E-033  4.53324973E-035  4.78587723E-035
  3.708500E+00  9.44156117E-027  9.44155710E-027  3.98130422E-033  4.76296800E-035  5.02844300E-035
  3.728300E+00  9.18564889E-027  9.18564473E-027  4.06042719E-033  5.00462187E-035  5.28371811E-035
  3.748100E+00  8.98291392E-027  8.98290967E-027  4.14270205E-033  5.25618820E-035  5.54925062E-035
  3.768000E+00  8.81902340E-027  8.81901906E-027  4.22811385E-033  5.51887540E-035  5.82674806E-035
  3.788000E+00  8.68687766E-027  8.68687322E-027  4.31658779E-033  5.79325025E-035  6.11659991E-035
  3.808100E+00  8.57863514E-027  8.57863061E-027  4.40791478E-033  6.07942583E-035  6.41892530E-035
  3.828400E+00  8.49041066E-027  8.49040603E-027  4.50247394E-033  6.37947617E-035  6.73591925E-035
  3.848700E+00  8.41891803E-027  8.41891329E-027  4.59934188E-033  6.69078820E-035  7.06482316E-035
  3.869200E+00  8.36078001E-027  8.36077517E-027  4.69937053E-033  7.01674702E-035  7.40920940E-035
  3.889700E+00  8.31480138E-027  8.31479643E-027  4.80162145E-033  7.35466954E-035  7.76624562E-035
  3.910400E+00  8.27829889E-027  8.27829383E-027  4.90706517E-033  7.70812193E-035  8.13987992E-035
  3.931200E+00  8.25073559E-027  8.25073041E-027  5.01531137E-033  8.07615855E-035  8.52877205E-035
  3.952100E+00  8.23060288E-027  8.23059758E-027  5.12625623E-033  8.45912040E-035  8.93344506E-035
  3.973100E+00  8.21704201E-027  8.21703659E-027  5.24003378E-033  8.85769656E-035  9.35464364E-035
  3.994200E+00  8.20936490E-027  8.20935936E-027  5.35663359E-033  9.27205163E-035  9.79250894E-035
  4.015400E+00  8.20682060E-027  8.20681492E-027  5.47608018E-033  9.70267574E-035  1.02478218E-034
  4.036800E+00  8.20909952E-027  8.20909372E-027  5.59913065E-033  1.01525757E-034  1.07233097E-034
  4.058200E+00  8.21574491E-027  8.21573896E-027  5.72451121E-033  1.06179063E-034  1.12151129E-034
  4.079800E+00  8.22628556E-027  8.22627947E-027  5.85350030E-033  1.11033099E-034  1.17281472E-034
  4.101500E+00  8.24061703E-027  8.24061080E-027  5.98565288E-033  1.16076273E-034  1.22611933E-034
  4.123300E+00  8.25832928E-027  8.25832291E-027  6.12096781E-033  1.21309177E-034  1.28145997E-034
  4.145200E+00  8.27916990E-027  8.27916338E-027  6.25952740E-033  1.26743638E-034  1.33890588E-034
  4.167200E+00  8.30293088E-027  8.30292420E-027  6.40140285E-033  1.32380069E-034  1.39852266E-034
  4.189400E+00  8.32970527E-027  8.32969844E-027  6.54731599E-033  1.38255309E-034  1.46063388E-034
  4.211700E+00  8.35918201E-027  8.35917501E-027  6.69665975E-033  1.44350264E-034  1.52506991E-034
  4.234000E+00  8.39109834E-027  8.39109118E-027  6.84891928E-033  1.50643149E-034  1.59159940E-034
  4.256500E+00  8.42559358E-027  8.42558625E-027  7.00549193E-033  1.57194123E-034  1.66090243E-034
  4.279200E+00  8.46282296E-027  8.46281545E-027  7.16644873E-033  1.64012819E-034  1.73299749E-034
  4.301900E+00  8.50237548E-027  8.50236780E-027  7.33051660E-033  1.71054675E-034  1.80745568E-034
  4.324800E+00  8.54422305E-027  8.54421518E-027  7.49929743E-033  1.78376539E-034  1.88497611E-034
  4.347700E+00  8.58822967E-027  8.58822161E-027  7.67125041E-033  1.85931593E-034  1.96487232E-034
  4.370900E+00  8.63495753E-027  8.63494928E-027  7.84880953E-033  1.93821998E-034  2.04837168E-034
  4.394100E+00  8.68371335E-027  8.68370491E-027  8.02972421E-033  2.01957867E-034  2.13446903E-034
  4.417400E+00  8.73477639E-027  8.73476775E-027  8.21498494E-033  2.10379585E-034  2.22360574E-034
  4.440900E+00  8.78837842E-027  8.78836956E-027  8.40542295E-033  2.19139130E-034  2.31632373E-034
  4.464500E+00  8.84420794E-027  8.84419887E-027  8.60041112E-033  2.28199031E-034  2.41229244E-034
  4.488200E+00  8.90239336E-027  8.90238407E-027  8.80002695E-033  2.37580831E-034  2.51154686E-034
  4.512100E+00  8.96351848E-027  8.96350897E-027  9.00523652E-033  2.47320312E-034  2.61473728E-034
  4.536100E+00  9.02674809E-027  9.02673835E-027  9.21531349E-033  2.57404608E-034  2.72151650E-034
  4.560200E+00  9.09261575E-027  9.09260577E-027  9.43034311E-033  2.67837108E-034  2.83199099E-034
  4.584400E+00  9.16112305E-027  9.16111282E-027  9.65061057E-033  2.78621180E-034  2.94619356E-034
  4.608800E+00  9.23226674E-027  9.23225627E-027  9.87699279E-033  2.89817650E-034  3.06487163E-034
  4.633300E+00  9.30629900E-027  9.30628827E-027  1.01087897E-032  3.01406676E-034  3.18754161E-034
  4.657900E+00  9.38317735E-027  9.38316636E-027  1.03460357E-032  3.13374178E-034  3.31440836E-034
  4.682700E+00  9.46324828E-027  9.46323702E-027  1.05901626E-032  3.25814608E-034  3.44621813E-034
  4.707600E+00  9.54659967E-027  9.54658813E-027  1.08400345E-032  3.38659040E-034  3.58243195E-034
  4.732600E+00  9.63285854E-027  9.63284672E-027  1.10959486E-032  3.51941986E-034  3.72317951E-034
  4.757700E+00  9.72250658E-027  9.72249447E-027  1.13580771E-032  3.65675127E-034  3.86872332E-034
  4.783000E+00  9.81635706E-027  9.81634465E-027  1.16275500E-032  3.79923593E-034  4.01988116E-034
  4.808400E+00  9.91359693E-027  9.91358421E-027  1.19035248E-032  3.94658296E-034  4.17606188E-034
  4.834000E+00  1.00153231E-026  1.00153100E-026  1.21873965E-032  4.09941488E-034  4.33825448E-034
  4.859700E+00  1.01209149E-026  1.01209016E-026  1.24781038E-032  4.25732818E-034  4.50582002E-034
  4.885500E+00  1.02310247E-026  1.02310110E-026  1.27761594E-032  4.42058404E-034  4.67896097E-034
  4.911500E+00  1.03463606E-026  1.03463466E-026  1.30825807E-032  4.58995049E-034  4.85870764E-034
  4.937600E+00  1.04664681E-026  1.04664537E-026  1.33966607E-032  4.76503800E-034  5.04463082E-034
  4.963800E+00  1.05920647E-026  1.05920500E-026  1.37188068E-032  4.94611821E-034  5.23673392E-034
  4.990200E+00  1.07239030E-026  1.07238879E-026  1.40499199E-032  5.13393228E-034  5.43621271E-034
  5.016700E+00  1.08615871E-026  1.08615716E-026  1.43894841E-032  5.32797808E-034  5.64234083E-034
  5.043400E+00  1.10063063E-026  1.10062904E-026  1.47390109E-032  5.52944030E-034  5.85635040E-034
  5.070200E+00  1.11585131E-026  1.11584968E-026  1.50974106E-032  5.73777838E-034  6.07774837E-034
  5.097100E+00  1.13182068E-026  1.13181901E-026  1.54651537E-032  5.95330924E-034  6.30658260E-034
  5.124200E+00  1.14868547E-026  1.14868376E-026  1.58439508E-032  6.17708953E-034  6.54442629E-034
  5.151500E+00  1.16653154E-026  1.16652979E-026  1.62340803E-032  6.40945709E-034  6.79124436E-034
  5.178800E+00  1.18529340E-026  1.18529160E-026  1.66331416E-032  6.64928696E-034  7.04621950E-034
  5.206400E+00  1.20530638E-026  1.20530453E-026  1.70460589E-032  6.89927668E-034  7.31205119E-034
  5.234000E+00  1.22638870E-026  1.22638681E-026  1.74687004E-032  7.15735455E-034  7.58630579E-034
  5.261800E+00  1.24895465E-026  1.24895270E-026  1.79048023E-032  7.42575563E-034  7.87151769E-034
  5.289800E+00  1.27302441E-026  1.27302241E-026  1.83550080E-032  7.70460849E-034  8.16846363E-034
  5.317900E+00  1.29871759E-026  1.29871555E-026  1.88183238E-032  7.99425699E-034  8.47642802E-034
  5.346200E+00  1.32638396E-026  1.32638186E-026  1.92969841E-032  8.29565211E-034  8.79718441E-034
  5.374600E+00  1.35609327E-026  1.35609111E-026  1.97902884E-032  8.60857623E-034  9.12993332E-034
  5.403200E+00  1.38822464E-026  1.38822243E-026  2.03007382E-032  8.93531015E-034  9.47775932E-034
  5.431900E+00  1.42293784E-026  1.42293557E-026  2.08281005E-032  9.27509852E-034  9.83927708E-034
  5.460800E+00  1.46088286E-026  1.46088052E-026  2.13752910E-032  9.63008917E-034  1.02176998E-033
  5.489800E+00  1.50219855E-026  1.50219615E-026  2.19412749E-032  1.00007312E-033  1.06120959E-033
  5.519000E+00  1.54761653E-026  1.54761407E-026  2.25307623E-032  1.03885085E-033  1.10253099E-033
  5.548300E+00  1.59771851E-026  1.59771598E-026  2.31426672E-032  1.07946411E-033  1.14579380E-033
  5.577800E+00  1.65325312E-026  1.65325051E-026  2.37819894E-032  1.12220941E-033  1.19135949E-033
  5.607400E+00  1.71529446E-026  1.71529177E-026  2.44501206E-032  1.16714788E-033  1.23921127E-033
  5.637200E+00  1.78491810E-026  1.78491534E-026  2.51516384E-032  1.21465375E-033  1.28990057E-033
  5.667200E+00  1.86405306E-026  1.86405021E-026  2.58927406E-032  1.26517251E-033  1.34371286E-033
  5.697300E+00  1.95402740E-026  1.95402447E-026  2.66749745E-032  1.31884082E-033  1.40095519E-033
  5.727600E+00  2.05762125E-026  2.05761821E-026  2.75087313E-032  1.37642448E-033  1.46235157E-033
  5.758000E+00  2.17808435E-026  2.17808121E-026  2.84008010E-032  1.43838368E-033  1.52839938E-033
  5.788600E+00  2.31905612E-026  2.31905287E-026  2.93651641E-032  1.50570895E-033  1.60021345E-033
  5.819400E+00  2.48788659E-026  2.48788322E-026  3.04204264E-032  1.57988243E-033  1.67927852E-033
  5.850300E+00  2.68986574E-026  2.68986224E-026  3.15831218E-032  1.66190497E-033  1.76680525E-033
  5.881400E+00  2.93738319E-026  2.93737954E-026  3.28878711E-032  1.75445575E-033  1.86554972E-033
  5.912700E+00  3.24524507E-026  3.24524125E-026  3.43789870E-032  1.86070680E-033  1.97891047E-033
  5.944100E+00  3.63215426E-026  3.63215024E-026  3.61080921E-032  1.98460302E-033  2.11110172E-033
  5.975700E+00  4.13446241E-026  4.13445815E-026  3.81825746E-032  2.13373075E-033  2.27031441E-033
  6.007400E+00  4.78890105E-026  4.78889650E-026  4.07096813E-032  2.31660195E-033  2.46542632E-033
  6.039400E+00  5.67846786E-026  5.67846294E-026  4.39329465E-032  2.55108912E-033  2.71570864E-033
  6.071500E+00  6.88994838E-026  6.88994298E-026  4.81113536E-032  2.85737244E-033  3.04259014E-033
  6.103700E+00  8.56307591E-026  8.56306987E-026  5.36662177E-032  3.26809542E-033  3.48098151E-033
  6.136200E+00  1.08767386E-025  1.08767317E-025  6.11560076E-032  3.82816986E-033  4.07883109E-033
  6.168800E+00  1.38552083E-025  1.38552003E-025  7.07236521E-032  4.55520539E-033  4.85503907E-033
  6.201600E+00  1.71313863E-025  1.71313770E-025  8.13965356E-032  5.38657663E-033  5.74281608E-033
  6.234500E+00  1.94470361E-025  1.94470258E-025  8.95638957E-032  6.05833676E-033  6.46043354E-033
  6.267700E+00  1.93200164E-025  1.93200060E-025  9.07569926E-032  6.22335787E-033  6.63745351E-033
  6.301000E+00  1.69402797E-025  1.69402700E-025  8.52411240E-032  5.87387050E-033  6.26541692E-033
  6.334500E+00  1.38057149E-025  1.38057061E-025  7.72722974E-032  5.31643178E-033  5.67116290E-033
  6.368100E+00  1.10696959E-025  1.10696878E-025  7.02880901E-032  4.81447210E-033  5.13578888E-033
  6.402000E+00  8.99594592E-026  8.99593849E-026  6.51578159E-032  4.44239945E-033  4.73911842E-033
  6.436000E+00  7.55505180E-026  7.55504475E-026  6.18646000E-032  4.20568101E-033  4.48684886E-033
  6.470200E+00  6.56065957E-026  6.56065274E-026  5.98933375E-032  4.06868458E-033  4.34113190E-033
  6.504600E+00  5.90208845E-026  5.90208173E-026  5.89410717E-032  4.01086092E-033  4.27985274E-033
  6.539200E+00  5.49525296E-026  5.49524625E-026  5.87725587E-032  4.01596796E-033  4.28580960E-033
  6.573900E+00  5.28987537E-026  5.28986860E-026  5.92465327E-032  4.07445892E-033  4.34891533E-033
  6.608900E+00  5.26703713E-026  5.26703024E-026  6.03262543E-032  4.18561551E-033  4.46822363E-033
  6.644000E+00  5.36760396E-026  5.36759689E-026  6.18071446E-032  4.33337371E-033  4.62672927E-033
  6.679300E+00  5.48366389E-026  5.48365663E-026  6.32836644E-032  4.48238868E-033  4.78679414E-033
  6.714800E+00  5.60680871E-026  5.60680129E-026  6.46874813E-032  4.62554830E-033  4.94049453E-033
  6.750500E+00  5.88437818E-026  5.88437053E-026  6.64999395E-032  4.80724867E-033  5.13548753E-033
  6.786400E+00  6.37062584E-026  6.37061790E-026  6.89530779E-032  5.05128936E-033  5.39740509E-033
  6.822400E+00  6.89374676E-026  6.89373849E-026  7.16871483E-032  5.32685675E-033  5.69315103E-033
  6.858700E+00  7.50767974E-026  7.50767109E-026  7.48362397E-032  5.64820253E-033  6.03782129E-033
  6.895100E+00  8.32669508E-026  8.32668597E-026  7.86092511E-032  6.03595437E-033  6.45386826E-033
  6.931800E+00  9.17986772E-026  9.17985813E-026  8.25770911E-032  6.45160584E-033  6.89992388E-033
  6.968600E+00  9.87222289E-026  9.87221284E-026  8.63421835E-032  6.85626053E-033  7.33438105E-033
  7.005700E+00  1.01615446E-025  1.01615341E-025  8.93648607E-032  7.19581351E-033  7.69901302E-033
  7.042900E+00  9.96347501E-026  9.96346432E-026  9.14036774E-032  7.44176894E-033  7.96351706E-033
  7.080300E+00  9.56173930E-026  9.56172840E-026  9.31275771E-032  7.65785103E-033  8.19627060E-033
  7.118000E+00  9.25248424E-026  9.25247307E-026  9.53026248E-032  7.92371115E-033  8.48196927E-033
  7.155800E+00  9.18735282E-026  9.18734127E-026  9.83458880E-032  8.28441112E-033  8.86986742E-033
  7.193800E+00  9.41137808E-026  9.41136602E-026  1.02450738E-031  8.76560195E-033  9.38704959E-033
  7.232000E+00  9.93736172E-026  9.93734900E-026  1.07739969E-031  9.38593526E-033  1.00533362E-032
  7.270500E+00  1.07346374E-025  1.07346239E-025  1.14225171E-031  1.01515295E-032  1.08758893E-032
  7.309100E+00  1.16444636E-025  1.16444491E-025  1.21556278E-031  1.10292076E-032  1.18182382E-032
  7.348000E+00  1.25865195E-025  1.25865040E-025  1.29599605E-031  1.20085293E-032  1.28687353E-032
  7.387000E+00  1.37479896E-025  1.37479730E-025  1.38959934E-031  1.31611414E-032  1.41052369E-032
  7.426300E+00  1.52195792E-025  1.52195612E-025  1.50046579E-031  1.45416424E-032  1.55866191E-032
  7.465700E+00  1.70070539E-025  1.70070343E-025  1.63008495E-031  1.61752879E-032  1.73399820E-032
  7.505400E+00  1.91631224E-025  1.91631008E-025  1.78281337E-031  1.81246514E-032  1.94327673E-032
  7.545300E+00  2.17079530E-025  2.17079291E-025  1.96098010E-031  2.04296912E-032  2.19078932E-032
  7.585400E+00  2.46295164E-025  2.46294900E-025  2.16484850E-031  2.31070421E-032  2.47835296E-032
  7.625700E+00  2.76411233E-025  2.76410941E-025  2.37886002E-031  2.59742020E-032  2.78637961E-032
  7.666300E+00  3.01421817E-025  3.01421501E-025  2.56804928E-031  2.85938293E-032  3.06789410E-032
  7.707000E+00  3.14460911E-025  3.14460579E-025  2.69035208E-031  3.04081222E-032  3.26294860E-032
  7.748000E+00  3.14677937E-025  3.14677599E-025  2.73803722E-031  3.12852110E-032  3.35737623E-032
  7.789100E+00  3.05280299E-025  3.05279961E-025  2.72736467E-031  3.14188392E-032  3.36998524E-032
  7.830500E+00  2.88683904E-025  2.88683572E-025  2.67061817E-031  3.09330242E-032  3.31568264E-032
  7.872200E+00  2.63662367E-025  2.63662049E-025  2.55789863E-031  2.96697279E-032  3.17756298E-032
  7.914000E+00  2.32232702E-025  2.32232405E-025  2.39976917E-031  2.77437207E-032  2.96800447E-032
  7.956100E+00  1.99254049E-025  1.99253773E-025  2.22681108E-031  2.55529298E-032  2.72976233E-032
  7.998300E+00  1.69690300E-025  1.69690044E-025  2.07130650E-031  2.35410100E-032  2.51049280E-032
  8.040900E+00  1.45200380E-025  1.45200140E-025  1.94549471E-031  2.18914047E-032  2.32986984E-032
  8.083600E+00  1.26360713E-025  1.26360484E-025  1.85448738E-031  2.06901286E-032  2.19727503E-032
  8.126500E+00  1.12086688E-025  1.12086468E-025  1.79220320E-031  1.98694443E-032  2.10526745E-032
  8.169700E+00  1.01724428E-025  1.01724212E-025  1.75555653E-031  1.93956277E-032  2.05045224E-032
  8.213200E+00  9.46331289E-026  9.46329153E-026  1.74112651E-031  1.92318153E-032  2.02862947E-032
  8.256800E+00  9.04550327E-026  9.04548183E-026  1.74719050E-031  1.93619023E-032  2.03823177E-032
  8.300700E+00  8.92135005E-026  8.92132823E-026  1.77522859E-031  1.98600533E-032  2.08513426E-032
  8.344800E+00  9.10014883E-026  9.10012632E-026  1.82687132E-031  2.07308981E-032  2.17152330E-032
  8.389200E+00  9.65477439E-026  9.65475078E-026  1.90899717E-031  2.20827425E-032  2.30934249E-032
  8.433700E+00  1.06420170E-025  1.06419918E-025  2.02715498E-031  2.40174950E-032  2.50950293E-032
  8.478600E+00  1.21040216E-025  1.21039943E-025  2.18629078E-031  2.66326323E-032  2.78257322E-032
  8.523600E+00  1.38332745E-025  1.38332447E-025  2.37005689E-031  2.96944556E-032  3.10361623E-032
  8.568900E+00  1.51867937E-025  1.51867619E-025  2.52553213E-031  3.23760121E-032  3.38348786E-032
  8.614500E+00  1.51887860E-025  1.51887535E-025  2.56911177E-031  3.33134420E-032  3.47519788E-032
  8.660300E+00  1.37674904E-025  1.37674589E-025  2.49126755E-031  3.22856280E-032  3.35443782E-032
  8.706300E+00  1.16757811E-025  1.16757514E-025  2.35364142E-031  3.02363741E-032  3.12277619E-032
  8.752600E+00  9.70263198E-026  9.70260403E-026  2.22348709E-031  2.82540356E-032  2.89721723E-032
  8.799100E+00  8.12767483E-026  8.12764817E-026  2.12564137E-031  2.67616681E-032  2.72371430E-032
  8.845800E+00  6.95598047E-026  6.95595467E-026  2.06160130E-031  2.58041048E-032  2.60705471E-032
  8.892800E+00  6.08122651E-026  6.08120121E-026  2.02289520E-031  2.53127471E-032  2.53990477E-032
  8.940100E+00  5.43378186E-026  5.43375680E-026  2.00403784E-031  2.51605876E-032  2.50943048E-032
  8.987600E+00  4.94053204E-026  4.94050702E-026  1.99879346E-031  2.52445160E-032  2.50340768E-032
  9.035400E+00  4.56006206E-026  4.56003695E-026  2.00384219E-031  2.55141550E-032  2.51634794E-032
  9.083400E+00  4.26182024E-026  4.26179494E-026  2.01654695E-031  2.59280610E-032  2.54371490E-032
  9.131700E+00  4.02274942E-026  4.02272384E-026  2.03510176E-031  2.64576614E-032  2.58238780E-032
  9.180200E+00  3.83097289E-026  3.83094696E-026  2.05840177E-031  2.70879180E-032  2.63064719E-032
  9.229000E+00  3.67328595E-026  3.67325963E-026  2.08543282E-031  2.78033097E-032  2.68663151E-032
  9.278100E+00  3.54388273E-026  3.54385596E-026  2.11575016E-031  2.85971079E-032  2.74977722E-032
  9.327400E+00  3.43664070E-026  3.43661345E-026  2.14878784E-031  2.94617892E-032  2.81900295E-032
  9.376900E+00  3.34763775E-026  3.34760998E-026  2.18412372E-031  3.03927086E-032  2.89384633E-032
  9.426800E+00  3.27375372E-026  3.27372538E-026  2.22181114E-031  3.13921585E-032  2.97432350E-032
  9.476900E+00  3.21242024E-026  3.21239132E-026  2.26137628E-031  3.24531335E-032  3.05978251E-032
  9.527200E+00  3.16256748E-026  3.16253795E-026  2.30284116E-031  3.35697134E-032  3.15018918E-032
  9.577900E+00  3.12199910E-026  3.12196892E-026  2.34616355E-031  3.46311660E-032  3.24883200E-032
  9.628800E+00  3.09020821E-026  3.09017737E-026  2.39112368E-031  3.57368400E-032  3.35339505E-032
  9.680000E+00  3.06624971E-026  3.06621818E-026  2.43778308E-031  3.68865671E-032  3.46342989E-032
  9.731400E+00  3.04946837E-026  3.04943612E-026  2.48600353E-031  3.80780549E-032  3.57879460E-032
  9.783100E+00  3.03976737E-026  3.03973438E-026  2.53589188E-031  3.93139618E-032  3.69987174E-032
  9.835100E+00  3.03649609E-026  3.03646232E-026  2.58744344E-031  4.05933985E-032  3.82671599E-032
  9.887400E+00  3.03998008E-026  3.03994552E-026  2.64068101E-031  4.19164719E-032  3.95964247E-032
  9.939900E+00  3.05006243E-026  3.05002708E-026  2.69555245E-031  4.29923935E-032  4.09306474E-032
  9.992800E+00  3.06706519E-026  3.06702905E-026  2.75224468E-031  4.39995556E-032  4.22417750E-032
  1.004600E+01  3.09141012E-026  3.09137315E-026  2.81076484E-031  4.50352738E-032  4.36081867E-032
  1.009900E+01  3.12313821E-026  3.12310039E-026  2.87062530E-031  4.60919414E-032  4.50180997E-032
  1.015300E+01  3.16430205E-026  3.16426335E-026  2.93331249E-031  4.71955329E-032  4.65075912E-032
  1.020700E+01  3.21485074E-026  3.21481113E-026  2.99777214E-031  4.83301228E-032  4.80526353E-032
  1.026100E+01  3.27630706E-026  3.27626650E-026  3.06417921E-031  4.94985127E-032  4.96582306E-032
  1.031600E+01  3.35176508E-026  3.35172354E-026  3.13395257E-031  5.07186248E-032  5.13601439E-032
  1.037100E+01  3.44216844E-026  3.44212588E-026  3.20606717E-031  5.19102554E-032  5.29891256E-032
  1.042600E+01  3.55126873E-026  3.55122514E-026  3.28094257E-031  5.31566724E-032  5.46307356E-032
  1.048100E+01  3.68186993E-026  3.68182526E-026  3.35884349E-031  5.44642103E-032  5.63516689E-032
  1.053700E+01  3.84385122E-026  3.84380539E-026  3.44194513E-031  5.58747348E-032  5.82037802E-032
  1.059300E+01  4.04125735E-026  4.04121030E-026  3.52944933E-031  5.73592410E-032  6.01743844E-032
  1.064900E+01  4.28500291E-026  4.28495460E-026  3.62245799E-031  5.88672646E-032  6.20662597E-032
  1.070600E+01  4.59636115E-026  4.59631143E-026  3.72417523E-031  6.05644485E-032  6.41582774E-032
  1.076300E+01  4.99064083E-026  4.99058958E-026  3.83501756E-031  6.24717270E-032  6.64905159E-032
  1.082000E+01  5.50722484E-026  5.50717187E-026  3.95867222E-031  6.46860155E-032  6.91677404E-032
  1.087700E+01  6.18811550E-026  6.18806055E-026  4.09921528E-031  6.73162308E-032  7.23061824E-032
  1.093500E+01  7.14211542E-026  7.14205805E-026  4.26847848E-031  7.06472669E-032  7.62289270E-032
  1.099300E+01  8.49314276E-026  8.49308236E-026  4.47706206E-031  7.49777461E-032  8.12548219E-032
  1.105200E+01  1.05143877E-025  1.05143232E-025  4.75276591E-031  8.10201944E-032  8.81653511E-032
  1.111000E+01  1.35286721E-025  1.35286022E-025  5.12404312E-031  8.95765429E-032  9.78334890E-032
  1.116900E+01  1.77565496E-025  1.77564722E-025  5.61744811E-031  1.01372649E-031  1.11063067E-031
  1.122900E+01  2.14874423E-025  2.14873580E-025  6.07481934E-031  1.12410906E-031  1.23470783E-031
  1.128800E+01  2.17518848E-025  2.17517985E-025  6.20607476E-031  1.15180642E-031  1.26660389E-031
  1.134800E+01  1.99235810E-025  1.99234960E-025  6.13629649E-031  1.12653906E-031  1.23833021E-031
  1.140900E+01  1.77213146E-025  1.77212314E-025  6.02782623E-031  1.08976668E-031  1.19747070E-031
  1.146900E+01  1.54028350E-025  1.54027540E-025  5.90187414E-031  1.04719282E-031  1.15028002E-031
  1.153000E+01  1.31363757E-025  1.31362969E-025  5.77931633E-031  1.00403699E-031  1.10241095E-031
  1.159200E+01  1.11880853E-025  1.11880081E-025  5.68812457E-031  9.67843768E-032  1.06218260E-031
  1.165300E+01  9.72342133E-026  9.72334512E-026  5.64337186E-031  9.43358691E-032  1.03475181E-031
  1.171500E+01  8.63872989E-026  8.63865403E-026  5.63907501E-031  9.28813480E-032  1.01817120E-031
  1.177700E+01  7.88888839E-026  7.88881234E-026  5.66974703E-031  9.23157690E-032  1.01135728E-031
  1.184000E+01  7.39634253E-026  7.39626586E-026  5.73002694E-031  9.24832159E-032  1.01251819E-031
  1.190300E+01  7.11247387E-026  7.11239621E-026  5.81352831E-031  9.32467728E-032  1.02020830E-031
  1.196600E+01  7.01195802E-026  7.01187905E-026  5.91819429E-031  9.45590331E-032  1.03391628E-031
  1.203000E+01  7.06532508E-026  7.06524447E-026  6.04354771E-031  9.63837626E-032  1.05321607E-031
  1.209400E+01  7.27302600E-026  7.27294346E-026  6.18804641E-031  9.87230735E-032  1.07814455E-031
  1.215800E+01  7.63346229E-026  7.63337751E-026  6.35222125E-031  1.01596537E-031  1.10893949E-031
  1.222300E+01  8.16004414E-026  8.15995676E-026  6.54011165E-031  1.05104639E-031  1.14666974E-031
  1.228800E+01  8.85914660E-026  8.85905624E-026  6.75132576E-031  1.09270975E-031  1.19163133E-031
  1.235300E+01  9.71488299E-026  9.71478930E-026  6.98416977E-031  1.14071190E-031  1.24354952E-031
  1.241900E+01  1.07114023E-025  1.07113049E-025  7.23939968E-031  1.20020942E-031  1.30517211E-031
  1.248500E+01  1.17331909E-025  1.17330895E-025  7.50144504E-031  1.26497079E-031  1.37552786E-031
  1.255100E+01  1.26163621E-025  1.26162569E-025  7.75011494E-031  1.32625942E-031  1.44203667E-031
  1.261800E+01  1.31548121E-025  1.31547038E-025  7.96134267E-031  1.37647711E-031  1.49637482E-031
  1.268500E+01  1.31916686E-025  1.31915581E-025  8.11210173E-031  1.40844558E-031  1.53064157E-031
  1.275200E+01  1.26876860E-025  1.26875744E-025  8.19548640E-031  1.41958975E-031  1.54203532E-031
  1.282000E+01  1.17983316E-025  1.17982198E-025  8.23228264E-031  1.41555729E-031  1.53669843E-031
  1.288800E+01  1.07217888E-025  1.07216771E-025  8.24460912E-031  1.40318515E-031  1.52212773E-031
  1.295600E+01  9.63823291E-026  9.63812140E-026  8.25576238E-031  1.38956606E-031  1.50614772E-031
  1.302500E+01  8.63287099E-026  8.63275948E-026  8.27933149E-031  1.37874182E-031  1.49314880E-031
  1.309500E+01  7.75503737E-026  7.75492556E-026  8.32239998E-031  1.37302125E-031  1.48568530E-031
  1.316400E+01  7.02726772E-026  7.02715532E-026  8.38367031E-031  1.37270226E-031  1.48410176E-031
  1.323400E+01  6.42143422E-026  6.42132092E-026  8.46445283E-031  1.37777546E-031  1.48835438E-031
  1.330400E+01  5.92170702E-026  5.92159257E-026  8.56083953E-031  1.38728924E-031  1.49744164E-031
  1.337500E+01  5.50661791E-026  5.50650207E-026  8.67238582E-031  1.40099716E-031  1.51104321E-031
  1.344600E+01  5.16504326E-026  5.16492584E-026  8.79556646E-031  1.41803894E-031  1.52825738E-031
  1.351800E+01  4.87790950E-026  4.87779032E-026  8.93048974E-031  1.43821748E-031  1.54880810E-031
  1.359000E+01  4.64036904E-026  4.64024797E-026  9.07408838E-031  1.46091518E-031  1.57207265E-031
  1.366200E+01  4.44067065E-026  4.44054756E-026  9.22503719E-031  1.48568522E-031  1.59758229E-031
  1.373400E+01  4.27298806E-026  4.27286286E-026  9.38272645E-031  1.51234772E-031  1.62505540E-031
  1.380700E+01  4.12863849E-026  4.12851101E-026  9.54820452E-031  1.54337721E-031  1.65691278E-031
  1.388100E+01  4.00405269E-026  4.00392276E-026  9.72157959E-031  1.57750674E-031  1.69401691E-031
  1.395500E+01  3.89776430E-026  3.89763184E-026  9.90007593E-031  1.61321626E-031  1.73291657E-031
  1.402900E+01  3.83235953E-026  3.83222438E-026  1.00882468E-030  1.65197903E-031  1.77517542E-031
  1.410300E+01  3.81192521E-026  3.81178718E-026  1.02874301E-030  1.69425389E-031  1.82126246E-031
  1.417800E+01  3.79096415E-026  3.79082317E-026  1.04918198E-030  1.73793616E-031  1.86893969E-031
  1.425400E+01  3.76946345E-026  3.76931942E-026  1.07014851E-030  1.78305243E-031  1.91818404E-031
  1.432900E+01  3.74802844E-026  3.74788137E-026  1.09113239E-030  1.82843981E-031  1.96771598E-031
  1.440500E+01  3.72596390E-026  3.72581369E-026  1.11264364E-030  1.87532188E-031  2.01889057E-031
  1.448200E+01  3.70327581E-026  3.70312238E-026  1.13471378E-030  1.92373062E-031  2.07179563E-031
  1.455900E+01  3.68040463E-026  3.68024794E-026  1.15705898E-030  1.97308362E-031  2.12571006E-031
  1.463600E+01  3.65717531E-026  3.65701530E-026  1.17969740E-030  2.02339042E-031  2.18069171E-031
  1.471400E+01  3.63331707E-026  3.63315365E-026  1.20288879E-030  2.07534289E-031  2.23746198E-031
  1.479200E+01  3.60916016E-026  3.60899328E-026  1.22640410E-030  2.12827098E-031  2.29535306E-031
  1.487100E+01  3.58440715E-026  3.58423672E-026  1.25050411E-030  2.18293718E-031  2.35517166E-031
  1.495000E+01  3.55923072E-026  3.55905668E-026  1.27488829E-030  2.23867873E-031  2.41616165E-031
  1.502900E+01  3.53380829E-026  3.53363059E-026  1.29959579E-030  2.29544723E-031  2.47831625E-031
  1.510900E+01  3.50769844E-026  3.50751699E-026  1.32490676E-030  2.35404965E-031  2.54248106E-031
  1.519000E+01  3.48086965E-026  3.48068433E-026  1.35089226E-030  2.41457677E-031  2.60873554E-031
  1.527000E+01  3.45395832E-026  3.45376913E-026  1.37683722E-030  2.47546648E-031  2.67548659E-031
  1.535200E+01  3.42610443E-026  3.42591121E-026  1.40374726E-030  2.53909833E-031  2.74523868E-031
  1.543300E+01  3.39823267E-026  3.39803541E-026  1.43069060E-030  2.60314113E-031  2.81547406E-031
  1.551500E+01  3.36954251E-026  3.36934102E-026  1.45829727E-030  2.67606181E-031  2.88922494E-031
  1.559800E+01  3.34011310E-026  3.33990713E-026  1.48655622E-030  2.76107493E-031  2.97023572E-031
  1.568100E+01  3.31031540E-026  3.31010487E-026  1.51517225E-030  2.84833217E-031  3.05314562E-031
  1.576400E+01  3.28007974E-026  3.27986457E-026  1.54414379E-030  2.93798826E-031  3.13796028E-031
  1.584800E+01  3.24911102E-026  3.24889107E-026  1.57380524E-030  3.03123926E-031  3.22588600E-031
  1.593200E+01  3.21777866E-026  3.21755385E-026  1.60383651E-030  3.12700700E-031  3.31580704E-031
  1.601700E+01  3.18553422E-026  3.18530440E-026  1.63460142E-030  3.22664171E-031  3.40901009E-031
  1.610200E+01  3.17849487E-026  3.17825978E-026  1.66683600E-030  3.33239850E-031  3.50812538E-031
  1.618700E+01  3.18332614E-026  3.18308559E-026  1.69999156E-030  3.44286520E-031  3.61145362E-031
  1.627300E+01  3.18791387E-026  3.18766771E-026  1.73397324E-030  3.55782271E-031  3.71859101E-031
  1.636000E+01  3.19233018E-026  3.19207823E-026  1.76878473E-030  3.67744286E-031  3.82968510E-031
  1.644700E+01  3.19645167E-026  3.19619382E-026  1.80407167E-030  3.80065127E-031  3.94363803E-031
  1.653400E+01  3.20028948E-026  3.20002563E-026  1.83978765E-030  3.92746604E-031  4.06035075E-031
  1.662200E+01  3.20390363E-026  3.20363358E-026  1.87638367E-030  4.05962126E-031  4.18147199E-031
  1.671000E+01  3.20722355E-026  3.20694719E-026  1.91345712E-030  4.19571609E-031  4.30571321E-031
  1.679900E+01  3.21029595E-026  3.21001309E-026  1.95141227E-030  4.33756243E-031  4.43454649E-031
  1.688800E+01  3.21306566E-026  3.21277617E-026  1.98985394E-030  4.48374996E-031  4.56665686E-031
  1.697800E+01  3.21558931E-026  3.21529299E-026  2.02922589E-030  4.63611492E-031  4.70382804E-031
  1.706800E+01  3.21781714E-026  3.21751385E-026  2.06911924E-030  4.79329598E-031  4.84453664E-031
  1.715900E+01  3.21974668E-026  3.21943621E-026  2.10993659E-030  4.95722095E-031  4.99055072E-031
  1.725000E+01  3.22138119E-026  3.22106339E-026  2.15129295E-030  5.12645342E-031  5.14046841E-031
  1.734200E+01  3.22272258E-026  3.22239723E-026  2.19361629E-030  5.30306326E-031  5.29611060E-031
  1.743400E+01  3.22378729E-026  3.22345423E-026  2.23649009E-030  5.48546980E-031  5.45589908E-031
  1.752700E+01  3.22453037E-026  3.22418935E-026  2.28036276E-030  5.67595353E-031  5.62188744E-031
  1.762000E+01  3.22494307E-026  3.22459394E-026  2.32480442E-030  5.87275788E-031  5.79240173E-031
  1.771400E+01  3.22505708E-026  3.22469977E-026  2.37031191E-030  6.05861911E-031  5.96902200E-031
  1.780800E+01  3.22484396E-026  3.22447874E-026  2.41636621E-030  6.22861048E-031  6.13008729E-031
  1.790200E+01  3.22431076E-026  3.22393748E-026  2.46298665E-030  6.40264129E-031  6.29505600E-031
  1.799800E+01  3.22344870E-026  3.22306705E-026  2.51120700E-030  6.58455211E-031  6.46758962E-031
  1.809300E+01  3.22225989E-026  3.22186982E-026  2.55952210E-030  6.76894705E-031  6.64212037E-031
  1.818900E+01  3.22071301E-026  3.22031429E-026  2.60897858E-030  6.95979186E-031  6.82281350E-031
  1.828600E+01  3.21884878E-026  3.21844115E-026  2.65956209E-030  7.15714321E-031  7.00979133E-031
  1.838300E+01  3.21663620E-026  3.21621950E-026  2.71084153E-030  7.35949480E-031  7.20135730E-031
  1.848100E+01  3.22309967E-026  3.22267341E-026  2.76474609E-030  7.57340525E-031  7.40438207E-031
  1.857900E+01  3.22966726E-026  3.22923126E-026  2.81948655E-030  7.79283614E-031  7.61284648E-031
  1.867800E+01  3.23603510E-026  3.23558907E-026  2.87548187E-030  8.02009184E-031  7.82855044E-031
  1.877700E+01  3.24212505E-026  3.24166879E-026  2.93221179E-030  8.25314928E-031  8.05000433E-031
  1.887700E+01  3.24801310E-026  3.24754633E-026  2.99032376E-030  8.49462796E-031  8.27924655E-031
  1.897700E+01  3.25360868E-026  3.25313119E-026  3.04913328E-030  8.74224888E-031  8.51449367E-031
  1.907800E+01  3.25896851E-026  3.25848000E-026  3.10935287E-030  8.99883645E-031  8.75832274E-031
  1.918000E+01  3.26408837E-026  3.26358852E-026  3.17097156E-030  9.26462579E-031  9.01106881E-031
  1.928100E+01  3.26889841E-026  3.26838710E-026  3.23277097E-030  9.53475564E-031  9.26791629E-031
  1.938400E+01  3.27351117E-026  3.27298796E-026  3.29662518E-030  9.81737973E-031  9.53701489E-031
  1.948700E+01  3.27785510E-026  3.27731976E-026  3.36131272E-030  1.01075114E-030  9.81323448E-031
  1.959100E+01  3.28190010E-026  3.28135227E-026  3.42754828E-030  1.04083545E-030  1.00998241E-030
  1.969500E+01  3.28568249E-026  3.28512191E-026  3.49466895E-030  1.07173283E-030  1.03943188E-030
  1.979900E+01  3.28919045E-026  3.28861688E-026  3.56256182E-030  1.10344063E-030  1.06970179E-030
  1.990500E+01  3.29243556E-026  3.29184848E-026  3.63273163E-030  1.13665498E-030  1.10140910E-030
  2.001000E+01  3.29537573E-026  3.29477499E-026  3.70325593E-030  1.17043373E-030  1.13370802E-030
  2.011700E+01  3.29806879E-026  3.29745385E-026  3.77599449E-030  1.20582835E-030  1.16757814E-030
  2.022400E+01  3.30045402E-026  3.29982460E-026  3.84966969E-030  1.24218884E-030  1.20241256E-030
  2.033100E+01  3.30257101E-026  3.30192679E-026  3.92440893E-030  1.27954379E-030  1.23827423E-030
  2.043900E+01  3.30439105E-026  3.30373158E-026  4.00084504E-030  1.31831470E-030  1.27551789E-030
  2.054800E+01  3.30590821E-026  3.30523303E-026  4.07900539E-030  1.35855805E-030  1.31422866E-030
  2.065700E+01  3.30712623E-026  3.30643512E-026  4.15817212E-030  1.39886958E-030  1.35411455E-030
  2.076700E+01  3.30808226E-026  3.30737524E-026  4.23915970E-030  1.43871854E-030  1.39231989E-030
  2.087700E+01  3.30872320E-026  3.30799997E-026  4.32132203E-030  1.47965333E-030  1.43130650E-030
  2.098800E+01  3.30907201E-026  3.30833210E-026  4.40525560E-030  1.52210674E-030  1.47173055E-030
  2.110000E+01  3.31052865E-026  3.30977147E-026  4.49166523E-030  1.56630920E-030  1.51379391E-030
  2.121200E+01  3.31608401E-026  3.31530892E-026  4.58092144E-030  1.61230874E-030  1.55762767E-030
  2.132400E+01  3.32133825E-026  3.32054488E-026  4.67147669E-030  1.65959228E-030  1.60266623E-030
  2.143800E+01  3.32644947E-026  3.32563708E-026  4.76487266E-030  1.70915908E-030  1.64982834E-030
  2.155200E+01  3.33130326E-026  3.33047144E-026  4.85971457E-030  1.76015212E-030  1.69830824E-030
  2.166600E+01  3.33585511E-026  3.33500344E-026  4.95585919E-030  1.81265302E-030  1.74820927E-030
  2.178100E+01  3.34021630E-026  3.33934415E-026  5.05429694E-030  1.86724840E-030  1.79997387E-030
  2.189700E+01  3.34429875E-026  3.34340549E-026  5.15484968E-030  1.92391955E-030  1.85374786E-030
  2.201400E+01  3.34816529E-026  3.34725026E-026  5.25789677E-030  1.98281864E-030  1.90960861E-030
  2.213100E+01  3.35179796E-026  3.35086065E-026  5.36242156E-030  2.04356519E-030  1.96712410E-030
  2.224800E+01  3.35510475E-026  3.35414465E-026  5.46849674E-030  2.10616875E-030  2.02637081E-030
  2.236600E+01  3.35820581E-026  3.35722219E-026  5.57702265E-030  2.17127807E-030  2.08790452E-030
  2.248500E+01  3.36105514E-026  3.36004723E-026  5.68824561E-030  2.23896625E-030  2.15190607E-030
  2.260500E+01  3.36365984E-026  3.36262687E-026  5.80181751E-030  2.30947046E-030  2.21840548E-030
  2.272500E+01  3.36599382E-026  3.36493516E-026  5.91732926E-030  2.38222167E-030  2.28700694E-030
  2.284600E+01  3.36804870E-026  3.36696351E-026  6.03550714E-030  2.45799119E-030  2.35832500E-030
  2.296700E+01  3.36987641E-026  3.36876403E-026  6.15560650E-030  2.53621719E-030  2.43198509E-030
  2.308900E+01  3.37143709E-026  3.37029663E-026  6.27834298E-030  2.61768452E-030  2.50859489E-030
  2.321200E+01  3.37271086E-026  3.37154136E-026  6.40411055E-030  2.70259768E-030  2.58833466E-030
  2.333500E+01  3.37371943E-026  3.37252015E-026  6.53177854E-030  2.79034905E-030  2.67066062E-030
  2.345900E+01  3.37448467E-026  3.37325456E-026  6.66276157E-030  2.88189593E-030  2.75641390E-030
  2.358400E+01  3.37499597E-026  3.37373400E-026  6.79659748E-030  2.97728209E-030  2.84575399E-030
  2.370900E+01  3.37519665E-026  3.37390196E-026  6.93273120E-030  3.07609552E-030  2.93808694E-030
  2.383500E+01  3.37516021E-026  3.37383164E-026  7.07223026E-030  3.17910904E-030  3.03433836E-030
  2.396200E+01  3.37485155E-026  3.37348790E-026  7.21515052E-030  3.28669452E-030  3.13467908E-030
  2.408900E+01  3.37425786E-026  3.37285816E-026  7.36033866E-030  3.39816724E-030  3.23848391E-030
  2.421700E+01  3.37583068E-026  3.37439334E-026  7.51073912E-030  3.51516274E-030  3.34744147E-030
  2.434600E+01  3.37939420E-026  3.37791756E-026  7.66669385E-030  3.63798711E-030  3.46172611E-030
  2.447600E+01  3.38271045E-026  3.38119306E-026  7.82643044E-030  3.76638924E-030  3.58108842E-030
  2.460600E+01  3.38580185E-026  3.38424248E-026  7.98914242E-030  3.89969127E-030  3.70486779E-030
  2.473600E+01  3.38860812E-026  3.38700556E-026  8.15451236E-030  4.03803644E-030  3.83304587E-030
  2.486800E+01  3.39124779E-026  3.38960034E-026  8.32592285E-030  4.18166600E-030  3.96691189E-030
  2.500000E+01  3.39364268E-026  3.39194913E-026  8.50023224E-030  4.33039503E-030  4.10491475E-030
  2.659600E+01  3.40458847E-026  3.40220720E-026  1.08955968E-029  6.66953491E-030  6.24759003E-030
  2.829500E+01  3.40058868E-026  3.39708944E-026  1.42369840E-029  1.08122621E-029  9.94313834E-030
  3.010100E+01  3.39847124E-026  3.39302788E-026  1.92079045E-029  1.85755758E-029  1.66501831E-029
  3.202300E+01  3.37683901E-026  3.36780277E-026  2.70863288E-029  3.39485076E-029  2.93275752E-029
  3.406800E+01  3.36825630E-026  3.35226324E-026  4.04592441E-029  6.54135110E-029  5.40579290E-029
  3.624300E+01  3.34411675E-026  3.31455485E-026  6.39087482E-029  1.29229118E-028  1.02481105E-028
  3.855700E+01  3.34668780E-026  3.29089203E-026  1.05933186E-028  2.55782529E-028  1.96241981E-028
  4.101900E+01  3.35735585E-026  3.25241155E-026  1.80297296E-028  4.96832586E-028  3.72313049E-028
  4.363800E+01  3.41645561E-026  3.22293062E-026  3.09319978E-028  9.29407662E-028  6.96522280E-028
  4.642500E+01  3.53553045E-026  3.19012485E-026  5.25487011E-028  1.66540012E-027  1.26316895E-027
  4.938900E+01  3.75525323E-026  3.16318731E-026  8.74100715E-028  2.84478408E-027  2.20177438E-027
  5.254300E+01  4.11276390E-026  3.14194564E-026  1.41351972E-027  4.62111621E-027  3.67354669E-027
  5.589800E+01  4.64289161E-026  3.12370819E-026  2.21226083E-027  7.12874245E-027  5.85083096E-027
  5.946700E+01  5.38388042E-026  3.11646422E-026  3.34687823E-027  1.04418086E-026  8.88547520E-027
  6.326400E+01  6.38759774E-026  3.10777891E-026  4.88647667E-027  1.49839200E-026  1.29277916E-026
  6.730300E+01  7.75020571E-026  3.11063901E-026  6.89692856E-027  2.13658825E-026  1.81328559E-026
  7.160100E+01  9.37347673E-026  3.10589270E-026  9.40156449E-027  2.87999245E-026  2.44743514E-026
  7.617300E+01  1.12514698E-025  3.10677415E-026  1.24136685E-026  3.71748918E-026  3.18583960E-026
  8.103600E+01  1.33241994E-025  3.09456341E-026  1.58666512E-026  4.64695845E-026  3.99601245E-026
  8.621100E+01  1.55896939E-025  3.07564964E-026  1.96863628E-026  5.65430892E-026  4.89109904E-026
  9.171500E+01  1.77936856E-025  3.03954139E-026  2.37182277E-026  6.61496722E-026  5.76735421E-026
  9.757200E+01  1.98519542E-025  2.98656193E-026  2.78029709E-026  7.49253189E-026  6.59256327E-026
  1.038000E+02  2.17695577E-025  2.91401854E-026  3.17462334E-026  8.30834575E-026  7.37257002E-026
  1.104300E+02  2.34958356E-025  2.81900403E-026  3.53508402E-026  9.03029667E-026  8.11145087E-026
  1.174800E+02  2.47086362E-025  2.70588910E-026  3.84598538E-026  9.51552485E-026  8.64123691E-026
  1.249800E+02  2.52893045E-025  2.57049724E-026  4.08937383E-026  9.70556717E-026  8.92386622E-026
  1.329600E+02  2.52103173E-025  2.42253881E-026  4.26055525E-026  9.59330322E-026  8.93392006E-026
  1.414500E+02  2.44998492E-025  2.25759786E-026  4.34783342E-026  9.23416197E-026  8.66025591E-026
  1.504800E+02  2.33551938E-025  2.08718571E-026  4.35797387E-026  8.71033532E-026  8.19969888E-026
  1.600900E+02  2.23864644E-025  1.90879416E-026  4.28883947E-026  8.34634500E-026  7.84248573E-026
  1.703100E+02  2.09176913E-025  1.73091167E-026  4.15314433E-026  7.66717963E-026  7.36645569E-026
  1.811900E+02  1.93649603E-025  1.55434503E-026  3.95815399E-026  7.10336251E-026  6.74909881E-026
  1.927600E+02  1.74323593E-025  1.38388588E-026  3.71819118E-026  6.27734408E-026  6.05293815E-026
  2.050700E+02  1.56106965E-025  1.22183562E-026  3.44554992E-026  5.56998066E-026  5.37333027E-026
  2.181600E+02  1.40645889E-025  1.06960585E-026  3.15177944E-026  5.04282709E-026  4.80037653E-026
  2.320900E+02  1.23878039E-025  9.29663407E-027  2.84979807E-026  4.39449991E-026  4.21384252E-026
  2.469100E+02  1.07271167E-025  8.01256450E-027  2.54689798E-026  3.74649038E-026  3.63247189E-026
  2.626800E+02  9.07147998E-026  6.86632989E-027  2.25429375E-026  3.05396112E-026  3.07659212E-026
  2.794500E+02  7.70642772E-026  5.83753876E-027  1.97486306E-026  2.59159028E-026  2.55622051E-026
  2.972900E+02  6.33957065E-026  4.93790217E-027  1.71584228E-026  2.04504977E-026  2.08488838E-026
  3.162700E+02  5.25997020E-026  4.14762804E-027  1.47758235E-026  1.67123946E-026  1.69638559E-026
  3.364700E+02  4.36207175E-026  3.46698319E-027  1.26313096E-026  1.36347010E-026  1.38877237E-026
  3.579500E+02  3.57536142E-026  2.88179201E-027  1.07193616E-026  1.09565358E-026  1.11959248E-026
  3.808100E+02  2.92380492E-026  2.38383883E-027  9.03751556E-027  8.79873108E-027  9.01796372E-027
  4.051200E+02  2.37989226E-026  1.96323775E-027  7.57436084E-027  7.03296110E-027  7.22836291E-027
  4.309900E+02  1.91958681E-026  1.60891676E-027  6.31026847E-027  5.55376366E-027  5.72291917E-027
  4.585100E+02  1.54404916E-026  1.31392525E-027  5.23119564E-027  4.37563430E-027  4.51973644E-027
  4.877900E+02  1.23856468E-026  1.06782666E-027  4.31338157E-027  3.44158094E-027  3.56285759E-027
  5.189300E+02  9.86664200E-027  8.65614342E-028  3.54324399E-027  2.67889712E-027  2.77888655E-027
  5.520700E+02  7.84643895E-027  6.99816750E-028  2.89891568E-027  2.08282349E-027  2.16488303E-027
  5.873200E+02  6.21938166E-027  5.63968222E-028  2.36263507E-027  1.61304950E-027  1.67972887E-027
  6.248200E+02  4.91481203E-027  4.53120985E-028  1.91867659E-027  1.24466339E-027  1.29835107E-027
  6.647100E+02  3.87331340E-027  3.63036664E-028  1.55300869E-027  9.57187967E-028  1.00008008E-027
  7.071600E+02  3.04464322E-027  2.90069512E-028  1.25306257E-027  7.33743705E-028  7.67767438E-028
  7.523100E+02  2.38797431E-027  2.31206157E-028  1.00822791E-027  5.60856876E-028  5.87683367E-028
  8.003500E+02  1.86901096E-027  1.83853651E-028  8.09054260E-028  4.27537855E-028  4.48565192E-028
  8.514500E+02  1.46016467E-027  1.45887123E-028  6.47656665E-028  3.25112103E-028  3.41508781E-028
  9.058200E+02  1.13879126E-027  1.15521219E-028  5.17259775E-028  2.46639812E-028  2.59370456E-028
  9.636600E+02  8.86811576E-028  9.13045704E-029  4.12246347E-028  1.86708586E-028  1.96552073E-028
  1.025200E+03  6.89621573E-028  7.20336585E-029  3.27898997E-028  1.41053952E-028  1.48634965E-028
  1.090600E+03  5.35758220E-028  5.67493660E-029  2.60395177E-028  1.06396905E-028  1.12216772E-028
  1.160300E+03  4.15579771E-028  4.46204423E-029  2.06353769E-028  8.00765331E-029  8.45290272E-029
  1.234400E+03  3.22097694E-028  3.50388444E-029  1.63296664E-028  6.01823340E-029  6.35798519E-029
  1.313200E+03  2.49448978E-028  2.74802443E-029  1.29045626E-028  4.51686314E-029  4.77544760E-029
  1.397000E+03  1.93052218E-028  2.15265553E-029  1.01848673E-028  3.38568964E-029  3.58200932E-029
  1.486200E+03  1.49279332E-028  1.68406693E-029  8.02696960E-029  2.53409478E-029  2.68280189E-029
  1.581100E+03  1.15360420E-028  1.31602514E-029  6.31879090E-029  1.89441512E-029  2.00681080E-029
  1.682100E+03  8.90916981E-029  1.02724177E-029  4.96821856E-029  1.41446106E-029  1.49924842E-029
  1.789500E+03  6.87795711E-029  8.01153957E-030  3.90266538E-029  1.05513525E-029  1.11900252E-029
  1.903800E+03  5.30718057E-029  6.24207054E-030  3.06246152E-029  7.86245945E-030  8.34266050E-030
  2.025300E+03  4.09451076E-029  4.86026609E-030  2.40145056E-029  5.85491075E-030  6.21542520E-030
  2.154600E+03  3.15770354E-029  3.78106357E-030  1.88141073E-029  4.35578536E-030  4.62607917E-030
  2.292200E+03  2.43439599E-029  2.93909695E-030  1.47271619E-029  3.23764071E-030  3.44006033E-030
  2.438600E+03  1.87630428E-029  2.28301717E-030  1.15193206E-029  2.40466707E-030  2.55603803E-030
  2.594300E+03  1.44602438E-029  1.77238971E-030  9.00486895E-030  1.78494084E-030  1.89804430E-030
  2.759900E+03  1.11432211E-029  1.37522866E-030  7.03521640E-030  1.32418407E-030  1.40859199E-030
  2.936200E+03  8.58448304E-030  1.06628012E-030  5.49216195E-030  9.81550152E-031  1.04449082E-030
  3.123600E+03  6.61418062E-030  8.26469220E-031  4.28610888E-030  7.27353288E-031  7.74249235E-031
  3.323100E+03  5.09482301E-030  6.40173072E-031  3.34256565E-030  5.38589869E-031  5.73494418E-031
  3.535300E+03  3.92451784E-030  4.95667170E-031  2.60560797E-030  3.98641507E-031  4.24601195E-031
  3.761000E+03  3.02314667E-030  3.83638228E-031  2.03033199E-030  2.94941237E-031  3.14235220E-031
  4.001200E+03  2.32855799E-030  2.96783713E-031  1.58124849E-030  2.18098141E-031  2.32427643E-031
  4.256600E+03  1.79382612E-030  2.29536669E-031  1.23117792E-030  1.61236565E-031  1.71874962E-031
  4.528400E+03  1.38179288E-030  1.77447700E-031  9.58170661E-031  1.19140912E-031  1.27033609E-031
  4.817600E+03  1.06439820E-030  1.37131653E-031  7.45412541E-031  8.80014845E-032  9.38525272E-032
  5.125200E+03  8.19991261E-031  1.05947580E-031  5.79739935E-031  6.49838683E-032  6.93198777E-032
  5.452400E+03  6.31766310E-031  8.18337442E-032  4.50774796E-031  4.79728553E-032  5.11849145E-032
  5.800600E+03  4.86733324E-031  6.31869249E-032  3.50365495E-031  3.54013889E-032  3.77795147E-032
  6.171000E+03  3.75032185E-031  4.87778266E-032  2.72258374E-031  2.61179128E-032  2.78780714E-032
  6.565000E+03  2.88996687E-031  3.76471542E-032  2.11517784E-031  1.92648652E-032  2.05668832E-032
  6.984200E+03  2.22711933E-031  2.90491635E-032  1.64287686E-031  1.42059730E-032  1.51691105E-032
  7.430100E+03  1.71651144E-031  2.24111332E-032  1.27580591E-031  1.04736894E-032  1.11857302E-032
  7.904600E+03  1.32297235E-031  1.72851547E-032  9.90463142E-032  7.71981432E-033  8.24595163E-033
  8.409300E+03  1.01982512E-031  1.33301961E-032  7.68852027E-032  5.68916918E-033  6.07794386E-033
  8.946200E+03  7.86216920E-032  1.02785470E-032  5.96720920E-032  4.19194500E-033  4.47910798E-033
  9.517400E+03  6.06160412E-032  7.92407006E-033  4.63035476E-032  3.08818164E-033  3.30024185E-033
  1.012500E+04  4.67407482E-032  6.10830553E-033  3.59263535E-032  2.27476390E-033  2.43132519E-033
  1.077200E+04  3.60363362E-032  4.70683914E-033  2.78642246E-032  1.67486642E-033  1.79040600E-033
  1.145900E+04  2.77996593E-032  3.62827185E-033  2.16186690E-032  1.23371270E-033  1.31900578E-033
  1.219100E+04  2.14389241E-032  2.79533539E-033  1.67642618E-032  9.08200649E-034  9.71126237E-034
  1.297000E+04  1.65338066E-032  2.15322338E-033  1.29973217E-032  6.68426495E-034  7.14835028E-034
  1.379800E+04  1.27552349E-032  1.65884616E-033  1.00780848E-032  4.92037451E-034  5.26266456E-034
  1.467900E+04  9.84068290E-033  1.27779719E-033  7.81337261E-033  3.62137229E-034  3.87375871E-034
  1.561600E+04  7.59332153E-033  9.84246258E-034  6.05741755E-033  2.66522067E-034  2.85135646E-034
  1.661300E+04  5.85948110E-033  7.58037846E-034  4.69547249E-033  1.96124272E-034  2.09846491E-034
  1.767400E+04  4.52158356E-033  5.83731540E-034  3.63915116E-033  1.44293194E-034  1.54407662E-034
  1.880200E+04  3.49003276E-033  4.49546534E-034  2.82068563E-033  1.06172003E-034  1.13628595E-034
  2.000300E+04  2.69349716E-033  3.46107149E-034  2.18570189E-033  7.80969791E-035  8.35911438E-035
  2.128000E+04  2.07921951E-033  2.66489507E-034  1.69378034E-033  5.74501390E-035  6.14995283E-035
  2.263900E+04  1.60503257E-033  2.05159982E-034  1.31237953E-033  4.22552282E-035  4.52378282E-035
  2.408400E+04  1.23925046E-033  1.57957216E-034  1.01693148E-033  3.10818837E-035  3.32798854E-035
  2.562200E+04  9.56797045E-034  1.21593261E-034  7.87868378E-034  2.28582101E-035  2.44771970E-035
  2.725800E+04  7.38792250E-034  9.35986593E-035  6.10380568E-034  1.68102999E-035  1.80027225E-035
  2.899900E+04  5.70462240E-034  7.20410844E-035  4.72821803E-034  1.23605866E-035  1.32387668E-035
  3.085000E+04  4.40588773E-034  5.54552932E-035  3.66306584E-034  9.09000599E-036  9.73688967E-036
  3.282000E+04  3.40271024E-034  4.26819114E-035  2.83745451E-034  6.68363007E-036  7.16003137E-036
  3.491600E+04  2.62807041E-034  3.28486457E-035  2.19779671E-034  4.91395242E-036  5.26477205E-036
  3.714500E+04  2.03011031E-034  2.52823586E-035  1.70244151E-034  3.61311358E-036  3.87140694E-036
  3.951700E+04  1.56819151E-034  1.94570029E-035  1.31859383E-034  2.65628819E-036  2.84647680E-036
  4.204000E+04  1.21150302E-034  1.49740482E-035  1.02130419E-034  1.95289765E-036  2.09293712E-036
  4.472500E+04  9.35935640E-035  1.15227043E-035  7.90966468E-035  1.43556503E-036  1.53864789E-036
  4.758000E+04  7.23176739E-035  8.86789378E-036  6.12630595E-035  1.05541199E-036  1.13130868E-036
  5.061800E+04  5.58784560E-035  6.82410954E-036  4.74467851E-035  7.75841506E-037  8.31719913E-037
  5.385000E+04  4.31786766E-035  5.25123427E-036  3.67456828E-035  5.70313673E-037  6.11445930E-037
  5.728900E+04  3.33653939E-035  4.04069935E-036  2.84560284E-035  4.19193019E-037  4.49473101E-037
  6.094700E+04  2.57851080E-035  3.10921743E-036  2.20373454E-035  3.08128263E-037  3.30416940E-037
  6.483800E+04  1.99284962E-035  2.39256790E-036  1.70665363E-035  2.26493717E-037  2.42898247E-037
  6.897800E+04  1.54025651E-035  1.84099134E-036  1.32165428E-035  1.66478450E-037  1.78552524E-037
  7.338300E+04  1.19045630E-035  1.41651258E-036  1.02344516E-035  1.22355945E-037  1.31242902E-037
  7.806800E+04  9.20207718E-036  1.08996752E-036  7.92570022E-036  8.99342887E-038  9.64751485E-038
  8.305300E+04  7.11305937E-036  8.38652187E-037  6.13739639E-036  6.60985112E-038  7.09122796E-038
  8.835600E+04  5.49870219E-036  6.45289912E-037  4.75270816E-036  4.85805975E-038  5.21235180E-038
  9.399800E+04  4.25081799E-036  4.96490289E-037  3.68031297E-036  3.57036492E-038  3.83110874E-038
  1.000000E+05  3.28630197E-036  3.82007015E-037  2.84989551E-036  2.62401865E-038  2.81592555E-038
