# DL07 model SED (this work), mw31_60, Mathis ISRF U =  1.00
# silicate (D03) + carbonaceous (DL07 PAH Nc=470 + D03 graphite blend)
# PAH ionization computed via WD01b grain charging (pah_ionfrac)
# columns: lambda[um]  lamI_total/NH  lamI_sil/NH  lamI_carb/NH
#          [erg s^-1 cm^-2 sr^-1 H^-1]
  9.120000E-02  9.23950673E-041  9.23950642E-041  3.16133145E-048
  9.226000E-02  3.29852050E-040  3.29852043E-040  6.42890973E-048
  9.332000E-02  4.75978856E-040  4.75978844E-040  1.24873941E-047
  9.441000E-02  6.85192809E-040  6.85192785E-040  2.43429246E-047
  9.550000E-02  1.25540654E-039  1.25540649E-039  4.72438052E-047
  9.661000E-02  1.78900150E-039  1.78900141E-039  9.04458660E-047
  9.772000E-02  2.52602263E-039  2.52602246E-039  1.71401019E-046
  9.886000E-02  3.95039426E-039  3.95039393E-039  3.24189830E-046
  1.000000E-01  5.53760822E-039  5.53760761E-039  6.05554666E-046
  1.012000E-01  7.79254374E-039  7.79254261E-039  1.13415318E-045
  1.023000E-01  1.10781342E-038  1.10781322E-038  1.99667278E-045
  1.035000E-01  1.52244253E-038  1.52244217E-038  3.64752458E-045
  1.047000E-01  2.11627008E-038  2.11626942E-038  6.55692640E-045
  1.059000E-01  2.88264349E-038  2.88264232E-038  1.16188396E-044
  1.072000E-01  4.00361050E-038  4.00360838E-038  2.12443516E-044
  1.084000E-01  5.44645810E-038  5.44645445E-038  3.65658997E-044
  1.097000E-01  7.47625973E-038  7.47625324E-038  6.48741291E-044
  1.109000E-01  9.93616138E-038  9.93615051E-038  1.08691895E-043
  1.122000E-01  1.35312840E-037  1.35312652E-037  1.87579101E-043
  1.135000E-01  1.81910523E-037  1.81910204E-037  3.19275749E-043
  1.148000E-01  2.43193166E-037  2.43192629E-037  5.36289938E-043
  1.161000E-01  3.22747095E-037  3.22746205E-037  8.89477240E-043
  1.175000E-01  4.34119461E-037  4.34117948E-037  1.51297047E-042
  1.189000E-01  5.80609078E-037  5.80606539E-037  2.53881091E-042
  1.202000E-01  7.54853397E-037  7.54849339E-037  4.05780903E-042
  1.216000E-01  9.93976789E-037  9.93970146E-037  6.64308120E-042
  1.230000E-01  1.30176681E-036  1.30175606E-036  1.07460065E-041
  1.244000E-01  1.69155494E-036  1.69153776E-036  1.71838169E-041
  1.259000E-01  2.22474291E-036  2.22471484E-036  2.80705909E-041
  1.274000E-01  2.90412027E-036  2.90407497E-036  4.53044258E-041
  1.288000E-01  3.69975215E-036  3.69968206E-036  7.00905372E-041
  1.303000E-01  4.76343989E-036  4.76333066E-036  1.09237250E-040
  1.318000E-01  6.09234400E-036  6.09217239E-036  1.71609555E-040
  1.333000E-01  7.74030497E-036  7.74003785E-036  2.67119175E-040
  1.349000E-01  9.91654545E-036  9.91612135E-036  4.24100997E-040
  1.365000E-01  1.26108544E-035  1.26101874E-035  6.66910297E-040
  1.380000E-01  1.56878461E-035  1.56868351E-035  1.01103651E-039
  1.396000E-01  1.96567026E-035  1.96551401E-035  1.56250847E-039
  1.412000E-01  2.44079992E-035  2.44056046E-035  2.39460401E-039
  1.429000E-01  3.02605441E-035  3.02568080E-035  3.73610327E-039
  1.445000E-01  3.63989552E-035  3.63933214E-035  5.63384086E-039
  1.462000E-01  4.35733673E-035  4.35647207E-035  8.64668251E-039
  1.479000E-01  5.15659669E-035  5.15528009E-035  1.31660020E-038
  1.496000E-01  6.05303949E-035  6.05104993E-035  1.98955961E-038
  1.514000E-01  7.11513862E-035  7.11208253E-035  3.05609234E-038
  1.531000E-01  8.18815250E-035  8.18360161E-035  4.55089183E-038
  1.549000E-01  9.36903972E-035  9.36215272E-035  6.88699972E-038
  1.567000E-01  1.08407104E-034  1.08303625E-034  1.03478598E-037
  1.585000E-01  1.23903389E-034  1.23748978E-034  1.54410588E-037
  1.603000E-01  1.40171570E-034  1.39942675E-034  2.28895304E-037
  1.622000E-01  1.61181875E-034  1.60837422E-034  3.44453738E-037
  1.641000E-01  1.82660005E-034  1.82145139E-034  5.14866003E-037
  1.660000E-01  2.05977385E-034  2.05212729E-034  7.64656338E-037
  1.679000E-01  2.33669650E-034  2.32540944E-034  1.12870598E-036
  1.698000E-01  2.61558949E-034  2.59902645E-034  1.65630441E-036
  1.718000E-01  3.00121623E-034  2.97657726E-034  2.46389691E-036
  1.738000E-01  3.41951189E-034  3.38310249E-034  3.64094005E-036
  1.758000E-01  3.85206630E-034  3.79859689E-034  5.34694133E-036
  1.778000E-01  4.28630951E-034  4.20823899E-034  7.80705179E-036
  1.799000E-01  4.72555989E-034  4.61005945E-034  1.15500434E-035
  1.820000E-01  5.38991211E-034  5.21995186E-034  1.69960246E-035
  1.841000E-01  6.11317275E-034  5.86433361E-034  2.48839137E-035
  1.862000E-01  6.87894004E-034  6.51632174E-034  3.62618307E-035
  1.884000E-01  7.71944042E-034  7.18399877E-034  5.35441647E-035
  1.905000E-01  8.62354886E-034  7.85015510E-034  7.73393768E-035
  1.928000E-01  9.96992438E-034  8.81856820E-034  1.15135617E-034
  1.950000E-01  1.14349569E-033  9.75849144E-034  1.67646541E-034
  1.972000E-01  1.31138832E-033  1.06853415E-033  2.42854170E-034
  1.995000E-01  1.51594758E-033  1.16039628E-033  3.55551299E-034
  2.018000E-01  1.80440061E-033  1.28778982E-033  5.16610789E-034
  2.042000E-01  2.19330529E-033  1.43779523E-033  7.55510059E-034
  2.065000E-01  2.66001940E-033  1.58477952E-033  1.07523987E-033
  2.089000E-01  3.27016773E-033  1.73826598E-033  1.53190175E-033
  2.113000E-01  4.06472212E-033  1.91932860E-033  2.14539352E-033
  2.138000E-01  5.12772981E-033  2.14308347E-033  2.98464634E-033
  2.163000E-01  6.46929129E-033  2.41101214E-033  4.05827915E-033
  2.188000E-01  8.10034851E-033  2.71008844E-033  5.39026007E-033
  2.213000E-01  1.00620233E-032  3.06301444E-033  6.99900887E-033
  2.239000E-01  1.24884533E-032  3.50350733E-033  8.98494600E-033
  2.265000E-01  1.53290279E-032  4.01304290E-033  1.13159850E-032
  2.291000E-01  1.86443203E-032  4.61280245E-033  1.40315179E-032
  2.317000E-01  2.24873084E-032  5.29910773E-033  1.71882006E-032
  2.344000E-01  2.71289241E-032  6.11251006E-033  2.10164140E-032
  2.371000E-01  3.25658524E-032  7.05146379E-033  2.55143887E-032
  2.399000E-01  3.91898891E-032  8.15650606E-033  3.10333830E-032
  2.427000E-01  4.70410348E-032  9.43695588E-033  3.76040789E-032
  2.455000E-01  5.63245717E-032  1.08821226E-032  4.54424491E-032
  2.483000E-01  6.73095184E-032  1.25070589E-032  5.48024594E-032
  2.512000E-01  8.07754430E-032  1.43570004E-032  6.64184426E-032
  2.541000E-01  9.67295853E-032  1.63595482E-032  8.03700371E-032
  2.570000E-01  1.15685335E-031  1.85832327E-032  9.71021019E-032
  2.600000E-01  1.39015112E-031  2.11227247E-032  1.17892387E-031
  2.630000E-01  1.66804835E-031  2.39241059E-032  1.42880729E-031
  2.661000E-01  2.01053121E-031  2.71242551E-032  1.73928866E-031
  2.691000E-01  2.40488199E-031  3.05383838E-032  2.09949815E-031
  2.723000E-01  2.90570129E-031  3.45489307E-032  2.56021198E-031
  2.754000E-01  3.48326282E-031  3.88055235E-032  3.09520759E-031
  2.786000E-01  4.19114554E-031  4.35998254E-032  3.75514728E-031
  2.818000E-01  5.03158937E-031  4.88477830E-032  4.54311154E-031
  2.851000E-01  6.06036971E-031  5.47649318E-032  5.51272039E-031
  2.884000E-01  7.28105796E-031  6.12145274E-032  6.66891269E-031
  2.917000E-01  8.72480490E-031  6.82392910E-032  8.04241199E-031
  2.951000E-01  1.04830093E-030  7.60842239E-032  9.72216710E-031
  2.985000E-01  1.25596082E-030  8.46053439E-032  1.17135548E-030
  3.020000E-01  1.50823129E-030  9.41226049E-032  1.41410869E-030
  3.055000E-01  1.72271585E-030  1.04436702E-031  1.61827915E-030
  3.090000E-01  2.02686355E-030  1.15589061E-031  1.91127449E-030
  3.126000E-01  2.38393457E-030  1.27902628E-031  2.25603194E-030
  3.162000E-01  2.78970933E-030  1.41147178E-031  2.64856215E-030
  3.199000E-01  3.26116745E-030  1.55802092E-031  3.10536536E-030
  3.236000E-01  3.79067934E-030  1.71561237E-031  3.61911810E-030
  3.273000E-01  4.37971124E-030  1.88467725E-031  4.19124351E-030
  3.311000E-01  5.04560440E-030  2.07065520E-031  4.83853888E-030
  3.350000E-01  5.78753139E-030  2.27519521E-031  5.56001187E-030
  3.388000E-01  6.55527253E-030  2.48833224E-031  6.30643930E-030
  3.428000E-01  7.38791963E-030  2.72801184E-031  7.11511845E-030
  3.467000E-01  8.18973600E-030  2.97644071E-031  7.89209193E-030
  3.507000E-01  8.95992948E-030  3.24724757E-031  8.63520472E-030
  3.548000E-01  9.66514616E-030  3.54264813E-031  9.31088135E-030
  3.589000E-01  1.03046828E-029  3.85667544E-031  9.91901529E-030
  3.631000E-01  1.09767596E-029  4.19827914E-031  1.05569317E-029
  3.673000E-01  1.17767915E-029  4.56022065E-031  1.13207694E-029
  3.715000E-01  1.27894078E-029  4.94307666E-031  1.22951001E-029
  3.758000E-01  1.40907666E-029  5.35763790E-031  1.35550028E-029
  3.802000E-01  1.57090900E-029  5.80611678E-031  1.51284783E-029
  3.846000E-01  1.75973765E-029  6.27884011E-031  1.69694925E-029
  3.891000E-01  1.97590728E-029  6.78839347E-031  1.90802334E-029
  3.936000E-01  2.20795549E-029  7.32529107E-031  2.13470258E-029
  3.981000E-01  2.44645374E-029  7.89011372E-031  2.36755260E-029
  4.027000E-01  2.68473897E-029  8.49479461E-031  2.59979103E-029
  4.074000E-01  2.90548814E-029  9.14204493E-031  2.81406769E-029
  4.121000E-01  3.08111884E-029  9.82094650E-031  2.98290937E-029
  4.169000E-01  3.18976891E-029  1.05474869E-030  3.08429404E-029
  4.217000E-01  3.21242655E-029  1.13080745E-030  3.09934580E-029
  4.266000E-01  3.15607113E-029  1.21201185E-030  3.03486995E-029
  4.315000E-01  3.05455683E-029  1.29686058E-030  2.92487077E-029
  4.365000E-01  2.94767386E-029  1.38726722E-030  2.80894713E-029
  4.416000E-01  2.86458098E-029  1.48336080E-030  2.71624490E-029
  4.467000E-01  2.81571312E-029  1.58317945E-030  2.65739517E-029
  4.519000E-01  2.79365192E-029  1.68913272E-030  2.62473865E-029
  4.571000E-01  2.78438722E-029  1.79933478E-030  2.60445374E-029
  4.624000E-01  2.77103277E-029  1.91605542E-030  2.57942723E-029
  4.677000E-01  2.74197342E-029  2.03724043E-030  2.53824938E-029
  4.732000E-01  2.69480839E-029  2.16773907E-030  2.47803448E-029
  4.786000E-01  2.64264627E-029  2.30057808E-030  2.41258846E-029
  4.842000E-01  2.59695202E-029  2.44328086E-030  2.35262394E-029
  4.898000E-01  2.56947132E-029  2.59085961E-030  2.31038536E-029
  4.954000E-01  2.56206007E-029  2.74337733E-030  2.28772234E-029
  5.012000E-01  2.57298857E-029  2.90662279E-030  2.28232629E-029
  5.070000E-01  2.59984159E-029  3.07523172E-030  2.29231842E-029
  5.129000E-01  2.64236027E-029  3.25223437E-030  2.31713684E-029
  5.188000E-01  2.70095243E-029  3.43474970E-030  2.35747746E-029
  5.248000E-01  2.77695976E-029  3.62598416E-030  2.41436134E-029
  5.309000E-01  2.86800542E-029  3.82618752E-030  2.48538667E-029
  5.370000E-01  2.96670890E-029  4.03218066E-030  2.56349083E-029
  5.433000E-01  3.06896235E-029  4.25095705E-030  2.64386665E-029
  5.495000E-01  3.16435618E-029  4.47218937E-030  2.71713725E-029
  5.559000E-01  3.25863565E-029  4.70583145E-030  2.78805251E-029
  5.623000E-01  3.35336578E-029  4.94544109E-030  2.85882167E-029
  5.688000E-01  3.45712041E-029  5.19490201E-030  2.93763021E-029
  5.754000E-01  3.57381653E-029  5.45441151E-030  3.02837538E-029
  5.821000E-01  3.70251776E-029  5.72415808E-030  3.13010195E-029
  5.888000E-01  3.83692980E-029  6.00015528E-030  3.23691428E-029
  5.957000E-01  3.97619957E-029  6.29081131E-030  3.34711844E-029
  6.026000E-01  4.11383325E-029  6.58786210E-030  3.45504705E-029
  6.095000E-01  4.25175326E-029  6.89118281E-030  3.56263498E-029
  6.166000E-01  4.39888538E-029  7.20970414E-030  3.67791497E-029
  6.237000E-01  4.55470260E-029  7.53458367E-030  3.80124423E-029
  6.310000E-01  4.72319584E-029  7.87508901E-030  3.93568694E-029
  6.383000E-01  4.89638787E-029  8.22199686E-030  4.07418819E-029
  6.457000E-01  5.07274452E-029  8.58002122E-030  4.21474240E-029
  6.531000E-01  5.24784684E-029  8.94427850E-030  4.35341899E-029
  6.607000E-01  5.43008764E-029  9.32480532E-030  4.49760711E-029
  6.683000E-01  5.62276328E-029  9.71163093E-030  4.65160019E-029
  6.761000E-01  5.84122094E-029  1.01148878E-029  4.82973215E-029
  6.839000E-01  6.08838463E-029  1.05242672E-029  5.03595791E-029
  6.918000E-01  6.37036510E-029  1.09449179E-029  5.27587332E-029
  6.998000E-01  6.68662143E-029  1.13768432E-029  5.54893712E-029
  7.079000E-01  7.03531342E-029  1.18202880E-029  5.85328462E-029
  7.161000E-01  7.41217961E-029  1.22750046E-029  6.18467914E-029
  7.244000E-01  7.81330031E-029  1.27409447E-029  6.53920583E-029
  7.328000E-01  8.23486556E-029  1.32180572E-029  6.91305984E-029
  7.413000E-01  8.67387346E-029  1.37062726E-029  7.30324621E-029
  7.499000E-01  9.12959150E-029  1.42055092E-029  7.70904057E-029
  7.586000E-01  9.60498147E-029  1.47156716E-029  8.13341430E-029
  7.674000E-01  1.01060393E-028  1.52366474E-029  8.58237461E-029
  7.763000E-01  1.06387869E-028  1.57683140E-029  9.06195549E-029
  7.852000E-01  1.12005077E-028  1.63044807E-029  9.57005961E-029
  7.943000E-01  1.18056387E-028  1.68570476E-029  1.01199339E-028
  8.035000E-01  1.24506097E-028  1.74185683E-029  1.07087529E-028
  8.128000E-01  1.31387385E-028  1.79879696E-029  1.13399415E-028
  8.222000E-01  1.38717820E-028  1.85669781E-029  1.20150842E-028
  8.318000E-01  1.46619017E-028  1.91615892E-029  1.27457428E-028
  8.414000E-01  1.54967899E-028  1.97591878E-029  1.35208711E-028
  8.511000E-01  1.63895411E-028  2.03657128E-029  1.43529699E-028
  8.610000E-01  1.73569701E-028  2.09872064E-029  1.52582495E-028
  8.710000E-01  1.83994660E-028  2.16171580E-029  1.62377502E-028
  8.810000E-01  1.95180415E-028  2.22489641E-029  1.72931451E-028
  8.913000E-01  2.07648289E-028  2.29013158E-029  1.84746973E-028
  9.016000E-01  2.21300607E-028  2.35544256E-029  1.97746182E-028
  9.120000E-01  2.36635808E-028  2.42124031E-029  2.12423405E-028
  9.226000E-01  2.54289892E-028  2.48835001E-029  2.29406392E-028
  9.333000E-01  2.74887111E-028  2.55610537E-029  2.49326057E-028
  9.441000E-01  2.99599610E-028  2.62447269E-029  2.73354883E-028
  9.550000E-01  3.30284115E-028  2.69341653E-029  3.03349950E-028
  9.661000E-01  3.70402299E-028  2.76353290E-029  3.42766970E-028
  9.772000E-01  4.24484387E-028  2.83352233E-029  3.96149164E-028
  9.886000E-01  5.03813205E-028  2.90523707E-029  4.74760835E-028
  1.000000E+00  6.24335579E-028  2.97675268E-029  5.94568053E-028
  1.012000E+00  8.30363368E-028  3.05202929E-029  7.99843075E-028
  1.023000E+00  1.13923783E-027  3.12078522E-029  1.10802998E-027
  1.035000E+00  1.64071741E-027  3.19549021E-029  1.60876250E-027
  1.047000E+00  2.11684583E-027  3.26984860E-029  2.08414734E-027
  1.059000E+00  2.12203718E-027  3.34383006E-029  2.08859888E-027
  1.071000E+00  1.75646556E-027  3.41740530E-029  1.72229151E-027
  1.084000E+00  1.38048708E-027  3.49662142E-029  1.34552087E-027
  1.097000E+00  1.14241918E-027  3.57529578E-029  1.10666622E-027
  1.109000E+00  1.01567165E-027  3.64741039E-029  9.79197549E-028
  1.122000E+00  9.42533191E-028  3.72495733E-029  9.05283617E-028
  1.135000E+00  9.13769105E-028  3.80172699E-029  8.75751835E-028
  1.148000E+00  9.17449656E-028  3.87773862E-029  8.78672270E-028
  1.161000E+00  9.48519666E-028  3.95306543E-029  9.08989012E-028
  1.175000E+00  1.01199945E-027  4.03339579E-029  9.71665487E-028
  1.189000E+00  1.10927818E-027  4.11288145E-029  1.06814937E-027
  1.202000E+00  1.23317719E-027  4.18591358E-029  1.19131805E-027
  1.216000E+00  1.40308716E-027  4.26370789E-029  1.36045008E-027
  1.230000E+00  1.59989460E-027  4.34059637E-029  1.55648864E-027
  1.245000E+00  1.80458972E-027  4.42321401E-029  1.76035758E-027
  1.259000E+00  1.93907898E-027  4.50118908E-029  1.89406709E-027
  1.273000E+00  1.98234946E-027  4.57803364E-029  1.93656912E-027
  1.288000E+00  1.93263499E-027  4.65938777E-029  1.88604112E-027
  1.303000E+00  1.82513645E-027  4.73971331E-029  1.77773932E-027
  1.318000E+00  1.70279122E-027  4.81937609E-029  1.65459746E-027
  1.334000E+00  1.58331123E-027  4.90326677E-029  1.53427856E-027
  1.349000E+00  1.49067917E-027  4.98082706E-029  1.44087090E-027
  1.365000E+00  1.41300489E-027  5.06238819E-029  1.36238101E-027
  1.380000E+00  1.35734910E-027  5.13772153E-029  1.30597189E-027
  1.396000E+00  1.31294893E-027  5.21674801E-029  1.26078145E-027
  1.413000E+00  1.27879945E-027  5.29936350E-029  1.22580582E-027
  1.429000E+00  1.25610111E-027  5.37584456E-029  1.20234267E-027
  1.445000E+00  1.24045746E-027  5.45108726E-029  1.18594659E-027
  1.462000E+00  1.22992464E-027  5.52965735E-029  1.17462806E-027
  1.479000E+00  1.22459909E-027  5.60675583E-029  1.16853153E-027
  1.496000E+00  1.22302025E-027  5.68245452E-029  1.16619571E-027
  1.514000E+00  1.22452998E-027  5.76108416E-029  1.16691914E-027
  1.531000E+00  1.22830374E-027  5.83391312E-029  1.16996461E-027
  1.549000E+00  1.23423138E-027  5.90951653E-029  1.17513622E-027
  1.567000E+00  1.24214305E-027  5.98274797E-029  1.18231557E-027
  1.585000E+00  1.25125483E-027  6.05439019E-029  1.19071093E-027
  1.603000E+00  1.26123073E-027  6.12449334E-029  1.19998579E-027
  1.622000E+00  1.27239305E-027  6.19683523E-029  1.21042470E-027
  1.641000E+00  1.28391158E-027  6.26749286E-029  1.22123666E-027
  1.660000E+00  1.29547805E-027  6.33682767E-029  1.23210977E-027
  1.679000E+00  1.30678391E-027  6.40483455E-029  1.24273556E-027
  1.698000E+00  1.31748901E-027  6.47122398E-029  1.25277677E-027
  1.718000E+00  1.32762988E-027  6.53938072E-029  1.26223607E-027
  1.738000E+00  1.33596566E-027  6.60578971E-029  1.26990776E-027
  1.758000E+00  1.34160431E-027  6.67047548E-029  1.27489956E-027
  1.778000E+00  1.34348008E-027  6.73462613E-029  1.27613382E-027
  1.799000E+00  1.33977787E-027  6.80259272E-029  1.27175195E-027
  1.820000E+00  1.32773389E-027  6.86879885E-029  1.25904590E-027
  1.841000E+00  1.30565924E-027  6.93327145E-029  1.23632652E-027
  1.862000E+00  1.27520483E-027  6.99603842E-029  1.20524444E-027
  1.884000E+00  1.24493107E-027  7.05999604E-029  1.17433111E-027
  1.906000E+00  1.23642346E-027  7.12214559E-029  1.16520200E-027
  1.928000E+00  1.26335905E-027  7.18309134E-029  1.19152813E-027
  1.950000E+00  1.31617113E-027  7.24234150E-029  1.24374772E-027
  1.972000E+00  1.37667661E-027  7.29988949E-029  1.30367771E-027
  1.995000E+00  1.43583658E-027  7.35826857E-029  1.36225389E-027
  2.018000E+00  1.48705199E-027  7.41486050E-029  1.41290339E-027
  2.042000E+00  1.53254800E-027  7.47204784E-029  1.45782752E-027
  2.065000E+00  1.57015546E-027  7.52510464E-029  1.49490441E-027
  2.089000E+00  1.60488127E-027  7.57846074E-029  1.52909666E-027
  2.114000E+00  1.63737313E-027  7.63213344E-029  1.56105180E-027
  2.138000E+00  1.66608374E-027  7.68330628E-029  1.58925068E-027
  2.163000E+00  1.69403083E-027  7.73555351E-029  1.61667530E-027
  2.188000E+00  1.72040117E-027  7.78602614E-029  1.64254091E-027
  2.213000E+00  1.74561185E-027  7.83423886E-029  1.66726946E-027
  2.239000E+00  1.77086651E-027  7.88208646E-029  1.69204565E-027
  2.265000E+00  1.79556051E-027  7.92827920E-029  1.71627772E-027
  2.291000E+00  1.81998046E-027  7.97292366E-029  1.74025122E-027
  2.317000E+00  1.84385412E-027  8.01588213E-029  1.76369529E-027
  2.344000E+00  1.86817261E-027  8.05875782E-029  1.78758503E-027
  2.371000E+00  1.89210089E-027  8.09991659E-029  1.81110172E-027
  2.399000E+00  1.91658895E-027  8.14084041E-029  1.83518054E-027
  2.427000E+00  1.94095911E-027  8.18009356E-029  1.85915817E-027
  2.455000E+00  1.96623643E-027  8.21821376E-029  1.88405429E-027
  2.483000E+00  1.99138424E-027  8.25487431E-029  1.90883550E-027
  2.512000E+00  2.01696178E-027  8.29244671E-029  1.93403731E-027
  2.541000E+00  2.04265695E-027  8.32838658E-029  1.95937309E-027
  2.570000E+00  2.06859102E-027  8.36274558E-029  1.98496357E-027
  2.600000E+00  2.09582043E-027  8.39668088E-029  2.01185362E-027
  2.630000E+00  2.12364103E-027  8.42903681E-029  2.03935067E-027
  2.661000E+00  2.15325010E-027  8.46086834E-029  2.06864141E-027
  2.691000E+00  2.18302539E-027  8.49017630E-029  2.09812363E-027
  2.723000E+00  2.21640310E-027  8.51987522E-029  2.13120435E-027
  2.754000E+00  2.25084108E-027  8.54716119E-029  2.16536947E-027
  2.786000E+00  2.28997050E-027  8.57554940E-029  2.20421500E-027
  2.818000E+00  2.33302104E-027  8.60256752E-029  2.24699536E-027
  2.851000E+00  2.38289983E-027  8.62898164E-029  2.29661001E-027
  2.884000E+00  2.44037441E-027  8.65398390E-029  2.35383457E-027
  2.917000E+00  2.50842020E-027  8.67762877E-029  2.42164391E-027
  2.951000E+00  2.59430307E-027  8.70062824E-029  2.50729679E-027
  2.985000E+00  2.70377164E-027  8.72230397E-029  2.61654860E-027
  3.020000E+00  2.85438928E-027  8.74328968E-029  2.76695638E-027
  3.055000E+00  3.06738807E-027  8.76298772E-029  2.97975819E-027
  3.090000E+00  3.38845485E-027  8.78145600E-029  3.30064029E-027
  3.126000E+00  3.93349952E-027  8.80580102E-029  3.84544151E-027
  3.162000E+00  4.94577948E-027  8.83132090E-029  4.85746627E-027
  3.199000E+00  7.26502474E-027  8.85632752E-029  7.17646146E-027
  3.236000E+00  1.42771406E-026  8.88015102E-029  1.41883391E-026
  3.273000E+00  5.14448552E-026  8.90082684E-029  5.13558469E-026
  3.311000E+00  1.12289275E-025  8.91556261E-029  1.12200119E-025
  3.350000E+00  2.25865144E-026  8.92960495E-029  2.24972184E-026
  3.388000E+00  9.86868655E-027  8.94229066E-029  9.77926364E-027
  3.428000E+00  6.20915416E-027  8.95033318E-029  6.11965082E-027
  3.467000E+00  4.79740113E-027  8.95513995E-029  4.70784973E-027
  3.507000E+00  4.08548409E-027  8.95920006E-029  3.99589209E-027
  3.548000E+00  3.68386882E-027  8.96250447E-029  3.59424378E-027
  3.589000E+00  3.44507449E-027  8.96499895E-029  3.35542450E-027
  3.631000E+00  3.29225606E-027  8.96676435E-029  3.20258841E-027
  3.673000E+00  3.19491445E-027  8.96665822E-029  3.10524787E-027
  3.715000E+00  3.13243522E-027  8.96521400E-029  3.04278308E-027
  3.758000E+00  3.09215249E-027  8.96308570E-029  3.00252163E-027
  3.802000E+00  3.06809023E-027  8.96028669E-029  2.97848737E-027
  3.846000E+00  3.05650969E-027  8.95690458E-029  2.96694064E-027
  3.891000E+00  3.05460442E-027  8.95289760E-029  2.96507544E-027
  3.935000E+00  3.06057642E-027  8.94850308E-029  2.97109139E-027
  3.981000E+00  3.07302240E-027  8.94344348E-029  2.98358796E-027
  4.027000E+00  3.09075965E-027  8.93795738E-029  3.00138008E-027
  4.074000E+00  3.11362577E-027  8.93196409E-029  3.02430613E-027
  4.121000E+00  3.14078766E-027  8.92561611E-029  3.05153150E-027
  4.169000E+00  3.17277293E-027  8.91270276E-029  3.08364590E-027
  4.217000E+00  3.20882292E-027  8.89759569E-029  3.11984697E-027
  4.266000E+00  3.24977184E-027  8.88200501E-029  3.16095179E-027
  4.315000E+00  3.29502631E-027  8.86629682E-029  3.20636334E-027
  4.365000E+00  3.34584204E-027  8.85017751E-029  3.25734026E-027
  4.416000E+00  3.40288534E-027  8.83368372E-029  3.31454851E-027
  4.467000E+00  3.46642177E-027  8.82307035E-029  3.37819107E-027
  4.519000E+00  3.53809154E-027  8.81406344E-029  3.44995091E-027
  4.571000E+00  3.61745091E-027  8.80505635E-029  3.52940035E-027
  4.624000E+00  3.70757352E-027  8.79592076E-029  3.61961431E-027
  4.677000E+00  3.80889425E-027  8.78685196E-029  3.72102573E-027
  4.732000E+00  3.92862054E-027  8.77755671E-029  3.84084497E-027
  4.786000E+00  4.06517366E-027  8.77245351E-029  3.97744913E-027
  4.842000E+00  4.23378029E-027  8.77577706E-029  4.14602252E-027
  4.898000E+00  4.43960208E-027  8.77922994E-029  4.35180978E-027
  4.955000E+00  4.70732433E-027  8.78289817E-029  4.61949535E-027
  5.012000E+00  5.07266643E-027  8.78879908E-029  4.98477844E-027
  5.070000E+00  5.63121971E-027  8.80230026E-029  5.54319670E-027
  5.129000E+00  6.60970507E-027  8.81622515E-029  6.52154282E-027
  5.188000E+00  8.50531711E-027  8.83760722E-029  8.41694103E-027
  5.248000E+00  1.14255559E-026  8.87187102E-029  1.13368372E-026
  5.309000E+00  1.13171457E-026  8.90689081E-029  1.12280768E-026
  5.370000E+00  9.44053150E-027  8.94213404E-029  9.35111016E-027
  5.432000E+00  8.91680486E-027  8.97819798E-029  8.82702288E-027
  5.495000E+00  9.55757309E-027  9.01514393E-029  9.46742165E-027
  5.559000E+00  1.14824511E-026  9.06693737E-029  1.13917817E-026
  5.623000E+00  1.55387287E-026  9.12342734E-029  1.54474945E-026
  5.688000E+00  2.08052584E-026  9.19466210E-029  2.07133118E-026
  5.754000E+00  1.97274594E-026  9.27061742E-029  1.96347532E-026
  5.821000E+00  1.73068855E-026  9.34811601E-029  1.72134044E-026
  5.888000E+00  1.80416074E-026  9.42605257E-029  1.79473469E-026
  5.957000E+00  2.21191174E-026  9.51827647E-029  2.20239346E-026
  6.026000E+00  3.14797230E-026  9.61451984E-029  3.13835778E-026
  6.095000E+00  5.30562287E-026  9.71136078E-029  5.29591151E-026
  6.166000E+00  1.03455124E-025  9.81164893E-029  1.03357007E-025
  6.237000E+00  1.33883816E-025  9.90345776E-029  1.33784782E-025
  6.310000E+00  8.03600843E-026  9.99045756E-029  8.02601798E-026
  6.383000E+00  4.86330510E-026  1.00718040E-028  4.85323329E-026
  6.457000E+00  3.74268297E-026  1.01423943E-028  3.73254058E-026
  6.531000E+00  3.49618451E-026  1.02131424E-028  3.48597136E-026
  6.607000E+00  3.63346388E-026  1.02745353E-028  3.62318935E-026
  6.683000E+00  3.81685438E-026  1.03373112E-028  3.80651706E-026
  6.761000E+00  3.82036569E-026  1.03971594E-028  3.80996853E-026
  6.839000E+00  3.73517026E-026  1.04565504E-028  3.72471371E-026
  6.918000E+00  3.76394018E-026  1.05230329E-028  3.75341714E-026
  6.998000E+00  3.99944521E-026  1.06430239E-028  3.98880219E-026
  7.080000E+00  4.47276281E-026  1.07679416E-028  4.46199487E-026
  7.161000E+00  5.18057878E-026  1.10951015E-028  5.16948368E-026
  7.244000E+00  6.18783671E-026  1.14479211E-028  6.17638879E-026
  7.328000E+00  7.60912323E-026  1.20833870E-028  7.59703985E-026
  7.413000E+00  9.76375520E-026  1.31323820E-028  9.75062281E-026
  7.499000E+00  1.31221039E-025  1.42133993E-028  1.31078905E-025
  7.586000E+00  1.65344981E-025  1.66494062E-028  1.65178487E-025
  7.674000E+00  1.68251914E-025  1.94569004E-028  1.68057345E-025
  7.762000E+00  1.63688916E-025  2.26567218E-028  1.63462349E-025
  7.852000E+00  1.58511622E-025  2.79661959E-028  1.58231960E-025
  7.943000E+00  1.31273866E-025  3.34665183E-028  1.30939201E-025
  8.035000E+00  9.84342439E-026  4.01173346E-028  9.80330705E-026
  8.128000E+00  7.63904579E-026  4.84848869E-028  7.59056090E-026
  8.222000E+00  6.52357217E-026  5.71101118E-028  6.46646206E-026
  8.318000E+00  6.12303287E-026  6.57405142E-028  6.05729235E-026
  8.414000E+00  6.22129334E-026  7.37573273E-028  6.14753601E-026
  8.511000E+00  7.13967758E-026  8.12094478E-028  7.05846813E-026
  8.610000E+00  7.97145970E-026  8.87436820E-028  7.88271602E-026
  8.710000E+00  6.35873773E-026  9.75711773E-028  6.26116655E-026
  8.811000E+00  4.49025034E-026  1.08021871E-027  4.38222847E-026
  8.913000E+00  3.42577421E-026  1.19898069E-027  3.30587614E-026
  9.016000E+00  2.84271057E-026  1.32693380E-027  2.71001718E-026
  9.120000E+00  2.49900119E-026  1.45606048E-027  2.35339514E-026
  9.226000E+00  2.27951084E-026  1.56773120E-027  2.12273772E-026
  9.333000E+00  2.13300996E-026  1.64940837E-027  1.96806912E-026
  9.441000E+00  2.03185872E-026  1.69814494E-027  1.86204423E-026
  9.550000E+00  1.96150993E-026  1.71526604E-027  1.78998332E-026
  9.660000E+00  1.91343829E-026  1.70285619E-027  1.74315268E-026
  9.772000E+00  1.88439287E-026  1.67644089E-027  1.71674878E-026
  9.885000E+00  1.87345968E-026  1.64943364E-027  1.70851632E-026
  1.000000E+01  1.88014116E-026  1.62431014E-027  1.71771014E-026
  1.012000E+01  1.90716638E-026  1.60409033E-027  1.74675734E-026
  1.023000E+01  1.95124062E-026  1.58133502E-027  1.79310712E-026
  1.035000E+01  2.02619254E-026  1.54926577E-027  1.87126596E-026
  1.047000E+01  2.14131488E-026  1.49565247E-027  1.99174963E-026
  1.059000E+01  2.33234525E-026  1.43201284E-027  2.18914396E-026
  1.072000E+01  2.64276715E-026  1.36307827E-027  2.50645932E-026
  1.084000E+01  3.07115567E-026  1.30717911E-027  2.94043776E-026
  1.097000E+01  4.09389322E-026  1.25596336E-027  3.96829689E-026
  1.109000E+01  6.57827735E-026  1.21258542E-027  6.45701880E-026
  1.122000E+01  1.64285133E-025  1.16536815E-027  1.63119765E-025
  1.135000E+01  1.28470711E-025  1.12238797E-027  1.27348323E-025
  1.148000E+01  8.37116079E-026  1.08238869E-027  8.26292192E-026
  1.161000E+01  5.92927017E-026  1.04767758E-027  5.82450241E-026
  1.175000E+01  5.43136589E-026  1.00903903E-027  5.33046199E-026
  1.189000E+01  6.02686205E-026  9.67694001E-028  5.93009265E-026
  1.202000E+01  6.35907047E-026  9.30199938E-028  6.26605048E-026
  1.216000E+01  5.84960869E-026  8.90676220E-028  5.76054107E-026
  1.230000E+01  5.75105809E-026  8.58437339E-028  5.66521435E-026
  1.244000E+01  6.71243258E-026  8.28041554E-028  6.62962843E-026
  1.259000E+01  8.23718512E-026  7.94890764E-028  8.15769604E-026
  1.273000E+01  7.72298955E-026  7.64966687E-028  7.64649288E-026
  1.288000E+01  5.52315086E-026  7.33263267E-028  5.44982453E-026
  1.303000E+01  4.42792021E-026  7.07733541E-028  4.35714686E-026
  1.318000E+01  4.06217170E-026  6.83339535E-028  3.99383775E-026
  1.334000E+01  4.20743311E-026  6.60507291E-028  4.14138238E-026
  1.349000E+01  4.34312196E-026  6.38957365E-028  4.27922622E-026
  1.365000E+01  3.84973634E-026  6.22722548E-028  3.78746409E-026
  1.380000E+01  3.39638715E-026  6.08730851E-028  3.33551406E-026
  1.396000E+01  3.21049782E-026  6.07866983E-028  3.14971112E-026
  1.412000E+01  3.32267604E-026  6.09679105E-028  3.26170813E-026
  1.429000E+01  3.18820218E-026  6.27401510E-028  3.12546203E-026
  1.445000E+01  2.91531913E-026  6.47052433E-028  2.85061388E-026
  1.462000E+01  2.80384073E-026  6.79072326E-028  2.73593349E-026
  1.479000E+01  2.76339876E-026  7.13075246E-028  2.69209123E-026
  1.496000E+01  2.75200673E-026  7.50705527E-028  2.67693618E-026
  1.514000E+01  2.75697809E-026  7.92856458E-028  2.67769244E-026
  1.531000E+01  2.77408896E-026  8.36737146E-028  2.69041524E-026
  1.549000E+01  2.80637027E-026  8.85169348E-028  2.71785334E-026
  1.567000E+01  2.86333386E-026  9.37356670E-028  2.76959819E-026
  1.585000E+01  2.97362107E-026  9.91603913E-028  2.87446068E-026
  1.603000E+01  3.06882041E-026  1.04857230E-027  2.96396318E-026
  1.622000E+01  3.32962540E-026  1.11103140E-027  3.21852226E-026
  1.641000E+01  4.45144701E-026  1.17530367E-027  4.33391664E-026
  1.660000E+01  3.99012438E-026  1.24094458E-027  3.86602992E-026
  1.679000E+01  3.93390736E-026  1.30727112E-027  3.80318025E-026
  1.698000E+01  4.09564797E-026  1.37081723E-027  3.95856624E-026
  1.718000E+01  4.06750743E-026  1.43880735E-027  3.92362670E-026
  1.738000E+01  4.07017401E-026  1.50386041E-027  3.91978797E-026
  1.758000E+01  3.47050271E-026  1.56806745E-027  3.31369596E-026
  1.778000E+01  3.28338618E-026  1.62827174E-027  3.12055901E-026
  1.799000E+01  3.08307837E-026  1.68289289E-027  2.91478908E-026
  1.820000E+01  2.88663888E-026  1.73684784E-027  2.71295410E-026
  1.841000E+01  2.78881268E-026  1.77949893E-027  2.61086278E-026
  1.862000E+01  2.72325887E-026  1.81899333E-027  2.54135953E-026
  1.884000E+01  2.66885218E-026  1.85459314E-027  2.48339287E-026
  1.906000E+01  2.61765260E-026  1.87600766E-027  2.43005183E-026
  1.927000E+01  2.56971146E-026  1.89562330E-027  2.38014913E-026
  1.950000E+01  2.51892315E-026  1.90744972E-027  2.32817818E-026
  1.972000E+01  2.47337776E-026  1.91159241E-027  2.28221852E-026
  1.995000E+01  2.43004733E-026  1.91547760E-027  2.23849957E-026
  2.018000E+01  2.39060185E-026  1.91331014E-027  2.19927084E-026
  2.042000E+01  2.35384594E-026  1.91366655E-027  2.16247928E-026
  2.065000E+01  2.32207438E-026  1.92013262E-027  2.13006111E-026
  2.089000E+01  2.29176971E-026  1.92577049E-027  2.09919266E-026
  2.114000E+01  2.26263533E-026  1.93086649E-027  2.06954868E-026
  2.138000E+01  2.23678047E-026  1.93514490E-027  2.04326598E-026
  2.163000E+01  2.21259464E-026  1.94462512E-027  2.01813212E-026
  2.188000E+01  2.19011866E-026  1.95399182E-027  1.99471948E-026
  2.213000E+01  2.16959887E-026  1.96320003E-027  1.97327886E-026
  2.239000E+01  2.14942771E-026  1.96549021E-027  1.95287869E-026
  2.265000E+01  2.13088918E-026  1.96961696E-027  1.93392748E-026
  2.291000E+01  2.11455611E-026  1.97674135E-027  1.91688198E-026
  2.317000E+01  2.10031690E-026  1.98879517E-027  1.90143738E-026
  2.344000E+01  2.08715324E-026  2.00186359E-027  1.88696688E-026
  2.371000E+01  2.07518818E-026  2.01181123E-027  1.87400706E-026
  2.399000E+01  2.06504810E-026  2.02382331E-027  1.86266577E-026
  2.427000E+01  2.05633363E-026  2.03729688E-027  1.85260394E-026
  2.455000E+01  2.04937096E-026  2.05190567E-027  1.84418039E-026
  2.483000E+01  2.04440779E-026  2.06622015E-027  1.83778577E-026
  2.512000E+01  2.03985096E-026  2.07806808E-027  1.83204415E-026
  2.541000E+01  2.03709941E-026  2.09202074E-027  1.82789733E-026
  2.570000E+01  2.03622249E-026  2.10601080E-027  1.82562141E-026
  2.600000E+01  2.03684122E-026  2.12037952E-027  1.82480327E-026
  2.630000E+01  2.03913884E-026  2.13471457E-027  1.82566739E-026
  2.661000E+01  2.04325131E-026  2.14954207E-027  1.82829710E-026
  2.692000E+01  2.04871467E-026  2.16425237E-027  1.83228943E-026
  2.723000E+01  2.05613081E-026  2.17893880E-027  1.83823693E-026
  2.754000E+01  2.06548626E-026  2.19358649E-027  1.84612761E-026
  2.786000E+01  2.07545990E-026  2.21194178E-027  1.85426572E-026
  2.818000E+01  2.08704046E-026  2.23044758E-027  1.86399570E-026
  2.851000E+01  2.10067246E-026  2.24949572E-027  1.87572289E-026
  2.884000E+01  2.11580288E-026  2.26844680E-027  1.88895820E-026
  2.917000E+01  2.13279835E-026  2.28739117E-027  1.90405923E-026
  2.951000E+01  2.15172680E-026  2.30690980E-027  1.92103582E-026
  2.985000E+01  2.17201218E-026  2.32630230E-027  1.93938195E-026
  3.020000E+01  2.19286223E-026  2.34810134E-027  1.95805210E-026
  3.055000E+01  2.21329053E-026  2.37132617E-027  1.97615791E-026
  3.090000E+01  2.23537278E-026  2.39446547E-027  1.99592624E-026
  3.126000E+01  2.25891168E-026  2.41821257E-027  2.01709043E-026
  3.162000E+01  2.28352869E-026  2.44196734E-027  2.03933195E-026
  3.199000E+01  2.31008804E-026  2.46630792E-027  2.06345724E-026
  3.236000E+01  2.33751877E-026  2.49060974E-027  2.08845780E-026
  3.273000E+01  2.36611456E-026  2.51495822E-027  2.11461874E-026
  3.311000E+01  2.39617858E-026  2.53991447E-027  2.14218713E-026
  3.350000E+01  2.42808199E-026  2.56551200E-027  2.17153079E-026
  3.388000E+01  2.45536972E-026  2.59778330E-027  2.19559139E-026
  3.428000E+01  2.48462453E-026  2.63213204E-027  2.22141132E-026
  3.467000E+01  2.51394790E-026  2.66576468E-027  2.24737143E-026
  3.508000E+01  2.54518733E-026  2.70141881E-027  2.27504544E-026
  3.548000E+01  2.57628393E-026  2.73642990E-027  2.30264094E-026
  3.589000E+01  2.60910480E-026  2.77263511E-027  2.33184129E-026
  3.631000E+01  2.64286821E-026  2.81007827E-027  2.36186039E-026
  3.673000E+01  2.67723769E-026  2.84787594E-027  2.39245009E-026
  3.715000E+01  2.71230783E-026  2.88611110E-027  2.42369672E-026
  3.758000E+01  2.74880689E-026  2.92580567E-027  2.45622632E-026
  3.802000E+01  2.78426416E-026  2.96720444E-027  2.48754372E-026
  3.846000E+01  2.82048453E-026  3.00928725E-027  2.51955581E-026
  3.890000E+01  2.85788848E-026  3.05211827E-027  2.55267665E-026
  3.935000E+01  2.89730472E-026  3.09673129E-027  2.58763160E-026
  3.981000E+01  2.93883339E-026  3.14329344E-027  2.62450404E-026
  4.027000E+01  2.98206459E-026  3.19096542E-027  2.66296805E-026
  4.074000E+01  3.02751517E-026  3.24083944E-027  2.70343123E-026
  4.121000E+01  3.07460496E-026  3.29208821E-027  2.74539614E-026
  4.169000E+01  3.12492296E-026  3.34763523E-027  2.79015943E-026
  4.217000E+01  3.17753603E-026  3.40535499E-027  2.83700053E-026
  4.266000E+01  3.23368528E-026  3.46620979E-027  2.88706430E-026
  4.315000E+01  3.29194374E-026  3.52918219E-027  2.93902552E-026
  4.365000E+01  3.35392695E-026  3.59567266E-027  2.99435969E-026
  4.416000E+01  3.42028973E-026  3.66613308E-027  3.05367643E-026
  4.467000E+01  3.48903188E-026  3.73948303E-027  3.11508358E-026
  4.519000E+01  3.56259439E-026  3.81830417E-027  3.18076397E-026
  4.571000E+01  3.64234632E-026  3.90447831E-027  3.25189849E-026
  4.624000E+01  3.72707507E-026  3.99627126E-027  3.32744794E-026
  4.677000E+01  3.81556803E-026  4.09235021E-027  3.40633301E-026
  4.731000E+01  3.90905518E-026  4.19489067E-027  3.48956612E-026
  4.786000E+01  4.00788789E-026  4.30452352E-027  3.57743553E-026
  4.842000E+01  4.11282948E-026  4.42185944E-027  3.67064354E-026
  4.898000E+01  4.22130891E-026  4.54523804E-027  3.76678511E-026
  4.954000E+01  4.33353178E-026  4.67506416E-027  3.86602537E-026
  5.012000E+01  4.45497264E-026  4.81783553E-027  3.97318909E-026
  5.070000E+01  4.58395453E-026  4.97261549E-027  4.08669298E-026
  5.129000E+01  4.71992079E-026  5.13864593E-027  4.20605619E-026
  5.188000E+01  4.86092627E-026  5.31497204E-027  4.32942906E-026
  5.248000E+01  5.01031282E-026  5.50618996E-027  4.45969383E-026
  5.309000E+01  5.16644132E-026  5.71120648E-027  4.59532067E-026
  5.370000E+01  5.32706765E-026  5.92736916E-027  4.73433074E-026
  5.433000E+01  5.49954352E-026  6.16527241E-027  4.88301628E-026
  5.495000E+01  5.67499969E-026  6.41324282E-027  5.03367541E-026
  5.559000E+01  5.86006077E-026  6.68277746E-027  5.19178303E-026
  5.623000E+01  6.04903703E-026  6.96644736E-027  5.35239229E-026
  5.688000E+01  6.24893308E-026  7.27469121E-027  5.52146396E-026
  5.754000E+01  6.45657409E-026  7.60511363E-027  5.69606273E-026
  5.821000E+01  6.67114993E-026  7.95753836E-027  5.87539609E-026
  5.888000E+01  6.88916720E-026  8.32730242E-027  6.05643696E-026
  5.957000E+01  7.12172289E-026  8.73374667E-027  6.24834822E-026
  6.026000E+01  7.35849568E-026  9.16203055E-027  6.44229263E-026
  6.095000E+01  7.59816007E-026  9.61011705E-027  6.63714836E-026
  6.166000E+01  7.84724727E-026  1.00919019E-026  6.83805709E-026
  6.237000E+01  8.10099216E-026  1.05983640E-026  7.04115576E-026
  6.310000E+01  8.36648068E-026  1.11447433E-026  7.25200636E-026
  6.383000E+01  8.63489693E-026  1.17168351E-026  7.46321341E-026
  6.457000E+01  8.91085075E-026  1.23264747E-026  7.67820327E-026
  6.531000E+01  9.18835965E-026  1.29600996E-026  7.89234969E-026
  6.607000E+01  9.47738442E-026  1.36412183E-026  8.11326259E-026
  6.683000E+01  9.76675453E-026  1.43467893E-026  8.33207560E-026
  6.761000E+01  1.00664492E-025  1.51015933E-026  8.55628987E-026
  6.839000E+01  1.03665899E-025  1.58832034E-026  8.77826957E-026
  6.918000E+01  1.06710815E-025  1.67055977E-026  9.00052177E-026
  6.998000E+01  1.09810379E-025  1.75739905E-026  9.22363880E-026
  7.079000E+01  1.12935944E-025  1.84713289E-026  9.44646154E-026
  7.161000E+01  1.16125509E-025  1.94231849E-026  9.67023243E-026
  7.244000E+01  1.19322583E-025  2.04130273E-026  9.89095558E-026
  7.328000E+01  1.22546412E-025  2.14439834E-026  1.01102429E-025
  7.413000E+01  1.25802379E-025  2.25183539E-026  1.03284025E-025
  7.499000E+01  1.29043562E-025  2.36276993E-026  1.05415863E-025
  7.586000E+01  1.32323339E-025  2.47837526E-026  1.07539587E-025
  7.674000E+01  1.35591585E-025  2.59762070E-026  1.09615378E-025
  7.762000E+01  1.38806934E-025  2.71904674E-026  1.11616467E-025
  7.852000E+01  1.42085418E-025  2.84724993E-026  1.13612918E-025
  7.943000E+01  1.45323482E-025  2.97851053E-026  1.15538377E-025
  8.035000E+01  1.48545993E-025  3.11345824E-026  1.17411411E-025
  8.128000E+01  1.51769658E-025  3.25250792E-026  1.19244579E-025
  8.222000E+01  1.54933913E-025  3.39405593E-026  1.20993354E-025
  8.318000E+01  1.58122179E-025  3.54115704E-026  1.22710609E-025
  8.414000E+01  1.61255013E-025  3.69037074E-026  1.24351305E-025
  8.511000E+01  1.64307984E-025  3.84142664E-026  1.25893718E-025
  8.610000E+01  1.67378206E-025  3.99752673E-026  1.27402938E-025
  8.710000E+01  1.70411270E-025  4.15633338E-026  1.28847936E-025
  8.811000E+01  1.73349367E-025  4.31614497E-026  1.30187918E-025
  8.912000E+01  1.76234750E-025  4.47764450E-026  1.31458305E-025
  9.016000E+01  1.79136623E-025  4.64504263E-026  1.32686196E-025
  9.120000E+01  1.81904147E-025  4.81096923E-026  1.33794455E-025
  9.226000E+01  1.84631328E-025  4.97979561E-026  1.34833372E-025
  9.332000E+01  1.87287666E-025  5.14899905E-026  1.35797676E-025
  9.441000E+01  1.89871475E-025  5.32042941E-026  1.36667181E-025
  9.550000E+01  1.92318651E-025  5.48957978E-026  1.37422853E-025
  9.661000E+01  1.94783066E-025  5.66439225E-026  1.38139144E-025
  9.772000E+01  1.97096320E-025  5.83572179E-026  1.38739102E-025
  9.886000E+01  1.99306053E-025  6.00762231E-026  1.39229830E-025
  1.000000E+02  2.01358335E-025  6.17506657E-026  1.39607669E-025
  1.012000E+02  2.03514779E-025  6.35335018E-026  1.39981277E-025
  1.023000E+02  2.05336175E-025  6.51207463E-026  1.40215429E-025
  1.035000E+02  2.07201247E-025  6.68126201E-026  1.40388627E-025
  1.047000E+02  2.09159514E-025  6.85353866E-026  1.40624128E-025
  1.059000E+02  2.10962478E-025  7.02005454E-026  1.40761932E-025
  1.072000E+02  2.12742425E-025  7.19355484E-026  1.40806877E-025
  1.084000E+02  2.14229043E-025  7.34701349E-026  1.40758908E-025
  1.097000E+02  2.15670073E-025  7.50567436E-026  1.40613329E-025
  1.109000E+02  2.16847891E-025  7.64485224E-026  1.40399369E-025
  1.122000E+02  2.17962441E-025  7.78747605E-026  1.40087680E-025
  1.135000E+02  2.19171859E-025  7.92930830E-026  1.39878776E-025
  1.148000E+02  2.20410242E-025  8.06796286E-026  1.39730613E-025
  1.161000E+02  2.21514689E-025  8.19823771E-026  1.39532312E-025
  1.175000E+02  2.22568604E-025  8.32896143E-026  1.39278990E-025
  1.188000E+02  2.23594764E-025  8.44738225E-026  1.39120942E-025
  1.202000E+02  2.24736275E-025  8.57076265E-026  1.39028649E-025
  1.216000E+02  2.25776954E-025  8.68440942E-026  1.38932859E-025
  1.230000E+02  2.26731732E-025  8.78824426E-026  1.38849289E-025
  1.244000E+02  2.27736433E-025  8.88640307E-026  1.38872402E-025
  1.259000E+02  2.29055425E-025  8.99167944E-026  1.39138631E-025
  1.273000E+02  2.30198748E-025  9.08034520E-026  1.39395296E-025
  1.288000E+02  2.31322118E-025  9.16509160E-026  1.39671202E-025
  1.303000E+02  2.32329921E-025  9.23927818E-026  1.39937139E-025
  1.318000E+02  2.33201891E-025  9.30299975E-026  1.40171893E-025
  1.334000E+02  2.33949864E-025  9.35957178E-026  1.40354146E-025
  1.349000E+02  2.34434321E-025  9.40204315E-026  1.40413890E-025
  1.365000E+02  2.33858590E-025  9.45906664E-026  1.39267924E-025
  1.380000E+02  2.32775645E-025  9.50442112E-026  1.37731434E-025
  1.396000E+02  2.31127591E-025  9.54284335E-026  1.35699158E-025
  1.412000E+02  2.29026126E-025  9.57119639E-026  1.33314162E-025
  1.429000E+02  2.26377335E-025  9.59054950E-026  1.30471840E-025
  1.445000E+02  2.23559106E-025  9.59889141E-026  1.27570192E-025
  1.462000E+02  2.20302751E-025  9.59756987E-026  1.24327053E-025
  1.479000E+02  2.16844996E-025  9.58608043E-026  1.20984191E-025
  1.496000E+02  2.13254255E-025  9.56477441E-026  1.17606511E-025
  1.514000E+02  2.09932231E-025  9.55689748E-026  1.14363256E-025
  1.531000E+02  2.06941236E-025  9.54717775E-026  1.11469459E-025
  1.549000E+02  2.03775835E-025  9.52789522E-026  1.08496883E-025
  1.567000E+02  2.00612972E-025  9.49974687E-026  1.05615504E-025
  1.585000E+02  1.97451556E-025  9.46310757E-026  1.02820481E-025
  1.603000E+02  1.94298865E-025  9.41835493E-026  1.00115315E-025
  1.622000E+02  1.90966714E-025  9.36274178E-026  9.73392965E-026
  1.641000E+02  1.87637958E-025  9.29897025E-026  9.46482552E-026
  1.660000E+02  1.84312850E-025  9.22748480E-026  9.20380017E-026
  1.679000E+02  1.80992608E-025  9.14872156E-026  8.95053928E-026
  1.698000E+02  1.77679209E-025  9.06313267E-026  8.70478822E-026
  1.718000E+02  1.74198289E-025  8.96610932E-026  8.45371959E-026
  1.738000E+02  1.70727086E-025  8.86247618E-026  8.21023238E-026
  1.758000E+02  1.67478982E-025  8.76514971E-026  7.98274846E-026
  1.778000E+02  1.64544204E-025  8.68064742E-026  7.77377296E-026
  1.799000E+02  1.61458965E-025  8.58627846E-026  7.55961801E-026
  1.820000E+02  1.58383414E-025  8.48656942E-026  7.35177194E-026
  1.841000E+02  1.55300846E-025  8.38194233E-026  7.14814229E-026
  1.862000E+02  1.52225963E-025  8.27281456E-026  6.94978174E-026
  1.884000E+02  1.49014303E-025  8.15409847E-026  6.74733188E-026
  1.906000E+02  1.45817094E-025  8.03132237E-026  6.55038704E-026
  1.928000E+02  1.42638250E-025  7.90491470E-026  6.35891033E-026
  1.950000E+02  1.39479225E-025  7.77525579E-026  6.17266668E-026
  1.972000E+02  1.36343719E-025  7.64274173E-026  5.99163020E-026
  1.995000E+02  1.33093717E-025  7.50154743E-026  5.80782428E-026
  2.018000E+02  1.30135900E-025  7.37553736E-026  5.63805264E-026
  2.042000E+02  1.27158399E-025  7.24685910E-026  5.46898081E-026
  2.065000E+02  1.24322498E-025  7.12159356E-026  5.31065620E-026
  2.089000E+02  1.21392091E-025  6.98918406E-026  5.15002503E-026
  2.114000E+02  1.18373543E-025  6.84975624E-026  4.98759805E-026
  2.138000E+02  1.15511018E-025  6.71478079E-026  4.83632105E-026
  2.163000E+02  1.12567401E-025  6.57331838E-026  4.68342172E-026
  2.188000E+02  1.09665373E-025  6.43128584E-026  4.53525148E-026
  2.213000E+02  1.06806232E-025  6.28893497E-026  4.39168821E-026
  2.239000E+02  1.03880425E-025  6.14084431E-026  4.24719822E-026
  2.265000E+02  1.01086329E-025  6.00119774E-026  4.10743511E-026
  2.291000E+02  9.84024960E-026  5.86794092E-026  3.97230868E-026
  2.317000E+02  9.57671652E-026  5.73502769E-026  3.84168883E-026
  2.344000E+02  9.30872033E-026  5.59758004E-026  3.71114029E-026
  2.371000E+02  9.04562884E-026  5.46092020E-026  3.58470865E-026
  2.399000E+02  8.77852143E-026  5.32022906E-026  3.45829237E-026
  2.427000E+02  8.51756449E-026  5.18105637E-026  3.33650812E-026
  2.455000E+02  8.26252797E-026  5.04332782E-026  3.21920015E-026
  2.483000E+02  8.01314753E-026  4.90692756E-026  3.10621997E-026
  2.512000E+02  7.75935457E-026  4.76362806E-026  2.99572651E-026
  2.541000E+02  7.51191369E-026  4.61963891E-026  2.89227478E-026
  2.570000E+02  7.27046136E-026  4.47788842E-026  2.79257294E-026
  2.600000E+02  7.02698695E-026  4.33376682E-026  2.69322012E-026
  2.630000E+02  6.79729363E-026  4.19969291E-026  2.59760072E-026
  2.661000E+02  6.56647290E-026  4.06365902E-026  2.50281388E-026
  2.691000E+02  6.34887910E-026  3.93450349E-026  2.41437561E-026
  2.723000E+02  6.12322700E-026  3.79950298E-026  2.32372402E-026
  2.754000E+02  5.91253154E-026  3.67313845E-026  2.23939309E-026
  2.786000E+02  5.71169306E-026  3.55589189E-026  2.15580117E-026
  2.818000E+02  5.51672011E-026  3.44113486E-026  2.07558525E-026
  2.851000E+02  5.32168930E-026  3.32543539E-026  1.99625391E-026
  2.884000E+02  5.13266639E-026  3.21243799E-026  1.92022840E-026
  2.917000E+02  4.94951145E-026  3.10215068E-026  1.84736077E-026
  2.951000E+02  4.76691676E-026  2.99135434E-026  1.77556242E-026
  2.985000E+02  4.59014859E-026  2.88342564E-026  1.70672295E-026
  3.020000E+02  4.42336017E-026  2.78319193E-026  1.64016824E-026
  3.055000E+02  4.26865959E-026  2.69131642E-026  1.57734316E-026
  3.090000E+02  4.11901085E-026  2.60184300E-026  1.51716784E-026
  3.126000E+02  3.97022097E-026  2.51230565E-026  1.45791532E-026
  3.162000E+02  3.82647192E-026  2.42524871E-026  1.40122321E-026
  3.199000E+02  3.68383943E-026  2.33833637E-026  1.34550306E-026
  3.236000E+02  3.54622682E-026  2.25398108E-026  1.29224574E-026
  3.273000E+02  3.41347899E-026  2.17214236E-026  1.24133662E-026
  3.311000E+02  3.28204195E-026  2.09066091E-026  1.19138105E-026
  3.350000E+02  3.15217672E-026  2.00969096E-026  1.14248576E-026
  3.388000E+02  3.03029972E-026  1.93332691E-026  1.09697281E-026
  3.428000E+02  2.90684216E-026  1.85558036E-026  1.05126180E-026
  3.467000E+02  2.79107394E-026  1.78231781E-026  1.00875614E-026
  3.508000E+02  2.67870935E-026  1.71255309E-026  9.66156260E-027
  3.548000E+02  2.57837469E-026  1.65168065E-026  9.26694039E-027
  3.589000E+02  2.48033459E-026  1.59134837E-026  8.88986221E-027
  3.631000E+02  2.38379005E-026  1.53163525E-026  8.52154797E-027
  3.673000E+02  2.29103424E-026  1.47398486E-026  8.17049383E-027
  3.715000E+02  2.20193175E-026  1.41833892E-026  7.83592827E-027
  3.758000E+02  2.11431956E-026  1.36338045E-026  7.50939117E-027
  3.802000E+02  2.02831250E-026  1.30918707E-026  7.19125432E-027
  3.846000E+02  1.94583587E-026  1.25699118E-026  6.88844693E-027
  3.890000E+02  1.86674504E-026  1.20672854E-026  6.60016505E-027
  3.935000E+02  1.78920902E-026  1.15725363E-026  6.31955389E-027
  3.981000E+02  1.71330402E-026  1.10862644E-026  6.04677585E-027
  4.027000E+02  1.64481894E-026  1.06607358E-026  5.78745359E-027
  4.074000E+02  1.57837815E-026  1.02481513E-026  5.53563026E-027
  4.121000E+02  1.51476537E-026  9.85129792E-027  5.29635577E-027
  4.169000E+02  1.45302626E-026  9.46165165E-027  5.06861091E-027
  4.217000E+02  1.39406335E-026  9.08720869E-027  4.85342478E-027
  4.266000E+02  1.33646283E-026  8.72005885E-027  4.64456945E-027
  4.315000E+02  1.28135983E-026  8.36755681E-027  4.44604146E-027
  4.365000E+02  1.22758783E-026  8.02235729E-027  4.25352105E-027
  4.416000E+02  1.17517623E-026  7.68473059E-027  4.06703172E-027
  4.467000E+02  1.12510731E-026  7.36110993E-027  3.88996316E-027
  4.519000E+02  1.07795247E-026  7.06095241E-027  3.71857225E-027
  4.571000E+02  1.03376805E-026  6.78178411E-027  3.55589641E-027
  4.624000E+02  9.90749949E-027  6.50895148E-027  3.39854800E-027
  4.677000E+02  9.49667870E-027  6.24743079E-027  3.24924791E-027
  4.731000E+02  9.09704624E-027  5.99211443E-027  3.10493181E-027
  4.786000E+02  8.70867555E-027  5.74310149E-027  2.96557406E-027
  4.842000E+02  8.33162425E-027  5.50050549E-027  2.83111877E-027
  4.898000E+02  7.97217411E-027  5.26844389E-027  2.70373021E-027
  4.955000E+02  7.62346221E-027  5.04256978E-027  2.58089243E-027
  5.012000E+02  7.29498295E-027  4.82958200E-027  2.46540094E-027
  5.070000E+02  6.98960916E-027  4.63262817E-027  2.35698099E-027
  5.129000E+02  6.69334908E-027  4.44097396E-027  2.25237512E-027
  5.188000E+02  6.41089591E-027  4.25772821E-027  2.15316770E-027
  5.248000E+02  6.13709112E-027  4.07959947E-027  2.05749165E-027
  5.309000E+02  5.87188523E-027  3.90659184E-027  1.96529339E-027
  5.370000E+02  5.61926136E-027  3.74135363E-027  1.87790773E-027
  5.432000E+02  5.37471468E-027  3.58098443E-027  1.79373025E-027
  5.495000E+02  5.13989412E-027  3.42719434E-027  1.71269978E-027
  5.559000E+02  4.91893418E-027  3.28417929E-027  1.63475489E-027
  5.623000E+02  4.70858868E-027  3.14763797E-027  1.56095071E-027
  5.688000E+02  4.50527823E-027  3.01530263E-027  1.48997560E-027
  5.754000E+02  4.30882263E-027  2.88705673E-027  1.42176589E-027
  5.821000E+02  4.11915551E-027  2.76290010E-027  1.35625540E-027
  5.888000E+02  3.93879190E-027  2.64451661E-027  1.29427530E-027
  5.957000E+02  3.76222884E-027  2.52832147E-027  1.23390738E-027
  6.026000E+02  3.59667811E-027  2.41984262E-027  1.17683549E-027
  6.095000E+02  3.44042343E-027  2.31756792E-027  1.12285551E-027
  6.166000E+02  3.28760832E-027  2.21727064E-027  1.07033768E-027
  6.237000E+02  3.14324324E-027  2.12254418E-027  1.02069906E-027
  6.310000E+02  3.00296233E-027  2.03048688E-027  9.72475448E-028
  6.383000E+02  2.86984802E-027  1.94292347E-027  9.26924548E-028
  6.457000E+02  2.74293796E-027  1.85963315E-027  8.83304812E-028
  6.531000E+02  2.62236689E-027  1.78027171E-027  8.42095173E-028
  6.607000E+02  2.50515201E-027  1.70303070E-027  8.02121307E-028
  6.683000E+02  2.39442835E-027  1.63005129E-027  7.64377060E-028
  6.761000E+02  2.28657786E-027  1.55876846E-027  7.27809401E-028
  6.839000E+02  2.18498788E-027  1.49168905E-027  6.93298828E-028
  6.918000E+02  2.08755796E-027  1.42725037E-027  6.60307588E-028
  6.998000E+02  1.99394616E-027  1.36516514E-027  6.28781020E-028
  7.080000E+02  1.90521095E-027  1.30589005E-027  5.99320902E-028
  7.161000E+02  1.82207769E-027  1.25022864E-027  5.71849054E-028
  7.244000E+02  1.74122033E-027  1.19598388E-027  5.45236454E-028
  7.328000E+02  1.66355522E-027  1.14376711E-027  5.19788112E-028
  7.413000E+02  1.58900124E-027  1.09354022E-027  4.95461016E-028
  7.499000E+02  1.51745931E-027  1.04524629E-027  4.72213023E-028
  7.586000E+02  1.44977245E-027  9.99769533E-028  4.50002917E-028
  7.674000E+02  1.38485889E-027  9.56068469E-028  4.28790422E-028
  7.762000E+02  1.32329062E-027  9.14533177E-028  4.08757445E-028
  7.852000E+02  1.26357848E-027  8.74167484E-028  3.89411000E-028
  7.943000E+02  1.20635016E-027  8.35402030E-028  3.70948128E-028
  8.035000E+02  1.15202988E-027  7.98697211E-028  3.53332669E-028
  8.128000E+02  1.10023897E-027  7.63709430E-028  3.36529538E-028
  8.222000E+02  1.05061877E-027  7.30114054E-028  3.20504712E-028
  8.318000E+02  1.00261108E-027  6.97541964E-028  3.05069115E-028
  8.414000E+02  9.57137043E-028  6.66624992E-028  2.90512052E-028
  8.511000E+02  9.13606921E-028  6.36969663E-028  2.76637258E-028
  8.610000E+02  8.71533437E-028  6.08249367E-028  2.63284070E-028
  8.710000E+02  8.31301469E-028  5.80731675E-028  2.50569793E-028
  8.810000E+02  7.93208995E-028  5.54627044E-028  2.38581950E-028
  8.912000E+02  7.56423158E-028  5.29369807E-028  2.27053351E-028
  9.016000E+02  7.21040663E-028  5.05063274E-028  2.15977388E-028
  9.120000E+02  6.88032220E-028  4.82491058E-028  2.05541162E-028
  9.226000E+02  6.56187904E-028  4.60669278E-028  1.95518626E-028
  9.333000E+02  6.25774837E-028  4.39786220E-028  1.85988618E-028
  9.441000E+02  5.96732236E-028  4.19804600E-028  1.76927636E-028
  9.550000E+02  5.69001737E-028  4.00688533E-028  1.68313204E-028
  9.660000E+02  5.42527031E-028  3.82403204E-028  1.60123826E-028
  9.772000E+02  5.17032603E-028  3.64761683E-028  1.52270919E-028
  9.885000E+02  4.92711822E-028  3.47901000E-028  1.44810822E-028
  1.000000E+03  4.69322526E-028  3.31657277E-028  1.37665249E-028
  1.012000E+03  4.46941621E-028  3.16162223E-028  1.30779398E-028
  1.023000E+03  4.27520563E-028  3.02693947E-028  1.24826615E-028
  1.035000E+03  4.07452343E-028  2.88753770E-028  1.18698573E-028
  1.047000E+03  3.88480028E-028  2.75552777E-028  1.12927251E-028
  1.059000E+03  3.70534883E-028  2.63046115E-028  1.07488767E-028
  1.072000E+03  3.52179430E-028  2.50232329E-028  1.01947101E-028
  1.084000E+03  3.36174143E-028  2.39041133E-028  9.71330100E-029
  1.096000E+03  3.21012976E-028  2.28424170E-028  9.25888058E-029
  1.109000E+03  3.05481696E-028  2.17531391E-028  8.79503055E-029
  1.122000E+03  2.90820733E-028  2.07233080E-028  8.35876532E-029
  1.135000E+03  2.76974020E-028  1.97492057E-028  7.94819628E-029
  1.148000E+03  2.63889806E-028  1.88273992E-028  7.56158137E-029
  1.161000E+03  2.51519666E-028  1.79546558E-028  7.19731087E-029
  1.175000E+03  2.38945459E-028  1.70662411E-028  6.82830484E-029
  1.188000E+03  2.27919336E-028  1.62861164E-028  6.50581726E-029
  1.202000E+03  2.16722592E-028  1.54934657E-028  6.17879356E-029
  1.216000E+03  2.06310859E-028  1.47594865E-028  5.87159939E-029
  1.230000E+03  1.96479333E-028  1.40654019E-028  5.58253143E-029
  1.244000E+03  1.87249000E-028  1.34138769E-028  5.31102313E-029
  1.259000E+03  1.78058193E-028  1.27667389E-028  5.03908038E-029
  1.274000E+03  1.69394334E-028  1.21557606E-028  4.78367275E-029
  1.288000E+03  1.61752742E-028  1.16160869E-028  4.55918738E-029
  1.303000E+03  1.54011218E-028  1.10685778E-028  4.33254397E-029
  1.318000E+03  1.46701695E-028  1.05508791E-028  4.11929041E-029
  1.334000E+03  1.39349778E-028  1.00294255E-028  3.90555231E-029
  1.349000E+03  1.32847318E-028  9.56757175E-029  3.71716005E-029
  1.365000E+03  1.26299950E-028  9.10189096E-029  3.52810400E-029
  1.380000E+03  1.20502830E-028  8.68902053E-029  3.36126250E-029
  1.396000E+03  1.14659510E-028  8.27231892E-029  3.19363206E-029
  1.412000E+03  1.09144965E-028  7.87854960E-029  3.03594689E-029
  1.429000E+03  1.03622223E-028  7.48367915E-029  2.87854319E-029
  1.445000E+03  9.87203070E-029  7.13275114E-029  2.73927956E-029
  1.462000E+03  9.38056973E-029  6.78048041E-029  2.60008932E-029
  1.479000E+03  8.91738646E-029  6.44806887E-029  2.46931759E-029
  1.496000E+03  8.48061173E-029  6.13423481E-029  2.34637692E-029
  1.514000E+03  8.05784075E-029  5.83343312E-029  2.22440763E-029
  1.531000E+03  7.68446533E-029  5.56825833E-029  2.11620700E-029
  1.549000E+03  7.31125017E-029  5.30279870E-029  2.00845147E-029
  1.567000E+03  6.95930468E-029  5.05208898E-029  1.90721570E-029
  1.585000E+03  6.62722775E-029  4.81518316E-029  1.81204460E-029
  1.603000E+03  6.31372278E-029  4.59120380E-029  1.72251898E-029
  1.622000E+03  6.00162422E-029  4.36790637E-029  1.63371785E-029
  1.641000E+03  5.70757649E-029  4.15721828E-029  1.55035821E-029
  1.660000E+03  5.43037404E-029  3.95831862E-029  1.47205542E-029
  1.679000E+03  5.16890271E-029  3.77044723E-029  1.39845547E-029
  1.698000E+03  4.92213192E-029  3.59289949E-029  1.32923243E-029
  1.718000E+03  4.67720703E-029  3.41644235E-029  1.26076469E-029
  1.738000E+03  4.44648583E-029  3.24999436E-029  1.19649147E-029
  1.758000E+03  4.22901843E-029  3.09290216E-029  1.13611626E-029
  1.778000E+03  4.02392707E-029  2.94456086E-029  1.07936621E-029
  1.799000E+03  3.82101329E-029  2.79760772E-029  1.02340557E-029
  1.820000E+03  3.62998119E-029  2.65908392E-029  9.70897272E-030
  1.841000E+03  3.45002950E-029  2.52843402E-029  9.21595474E-030
  1.862000E+03  3.28041825E-029  2.40514409E-029  8.75274161E-030
  1.884000E+03  3.11307645E-029  2.28335907E-029  8.29717380E-030
  1.906000E+03  2.95560699E-029  2.16862339E-029  7.86983596E-030
  1.928000E+03  2.80734007E-029  2.06046917E-029  7.46870894E-030
  1.950000E+03  2.66765737E-029  1.95846374E-029  7.09193628E-030
  1.972000E+03  2.53598771E-029  1.86220667E-029  6.73781043E-030
  1.995000E+03  2.40632791E-029  1.76731819E-029  6.39009724E-030
  2.018000E+03  2.28801277E-029  1.68181281E-029  6.06199961E-030
  2.042000E+03  2.17285228E-029  1.59879648E-029  5.74055799E-030
  2.065000E+03  2.06888532E-029  1.52372452E-029  5.45160799E-030
  2.089000E+03  1.96661995E-029  1.44976197E-029  5.16857979E-030
  2.114000E+03  1.86639228E-029  1.37715466E-029  4.89237626E-030
  2.138000E+03  1.77580902E-029  1.31142978E-029  4.64379238E-030
  2.163000E+03  1.68692086E-029  1.24683552E-029  4.40085336E-030
  2.188000E+03  1.60323679E-029  1.18593029E-029  4.17306493E-030
  2.213000E+03  1.52440426E-029  1.12847115E-029  3.95933112E-030
  2.239000E+03  1.44721543E-029  1.07212776E-029  3.75087672E-030
  2.265000E+03  1.37458466E-029  1.01903480E-029  3.55549859E-030
  2.291000E+03  1.30620093E-029  9.68976378E-030  3.37224554E-030
  2.317000E+03  1.24177725E-029  9.21752742E-030  3.20024503E-030
  2.344000E+03  1.17878348E-029  8.75515376E-030  3.03268100E-030
  2.371000E+03  1.11950106E-029  8.31944580E-030  2.87556482E-030
  2.399000E+03  1.06167350E-029  7.89387688E-030  2.72285812E-030
  2.427000E+03  1.00730682E-029  7.49326416E-030  2.57980408E-030
  2.455000E+03  9.56162258E-030  7.11592690E-030  2.44569568E-030
  2.483000E+03  9.08197960E-030  6.76209484E-030  2.31988476E-030
  2.512000E+03  8.62765940E-030  6.42996556E-030  2.19769383E-030
  2.541000E+03  8.20001810E-030  6.11685842E-030  2.08315968E-030
  2.570000E+03  7.79724049E-030  5.82151392E-030  1.97572657E-030
  2.600000E+03  7.40495756E-030  5.53343849E-030  1.87151907E-030
  2.630000E+03  7.03578223E-030  5.26193462E-030  1.77384760E-030
  2.661000E+03  6.67690473E-030  4.99762173E-030  1.67928300E-030
  2.692000E+03  6.33941854E-030  4.74870763E-030  1.59071091E-030
  2.723000E+03  6.02184923E-030  4.51415739E-030  1.50769184E-030
  2.754000E+03  5.72283805E-030  4.29301526E-030  1.42982279E-030
  2.786000E+03  5.43231927E-030  4.07786728E-030  1.35445198E-030
  2.818000E+03  5.15896916E-030  3.87516727E-030  1.28380189E-030
  2.851000E+03  4.89381981E-030  3.67829334E-030  1.21552647E-030
  2.884000E+03  4.64449991E-030  3.49293607E-030  1.15156384E-030
  2.917000E+03  4.40991938E-030  3.31832052E-030  1.09159886E-030
  2.951000E+03  4.18258547E-030  3.14889262E-030  1.03369285E-030
  2.985000E+03  3.96881890E-030  2.98938488E-030  9.79434021E-031
  3.020000E+03  3.76633802E-030  2.83922907E-030  9.27108953E-031
  3.055000E+03  3.57901941E-030  2.70091753E-030  8.78101881E-031
  3.090000E+03  3.40267232E-030  2.57050277E-030  8.32169554E-031
  3.126000E+03  3.23194839E-030  2.44405044E-030  7.87897950E-031
  3.162000E+03  3.07129611E-030  2.32487510E-030  7.46421016E-031
  3.199000E+03  2.91595253E-030  2.20946268E-030  7.06489850E-031
  3.236000E+03  2.76983189E-030  2.10073921E-030  6.69092682E-031
  3.273000E+03  2.63230000E-030  1.99825628E-030  6.34043715E-031
  3.311000E+03  2.49937745E-030  1.89906451E-030  6.00312938E-031
  3.350000E+03  2.37112411E-030  1.80321826E-030  5.67905856E-031
  3.388000E+03  2.25356814E-030  1.71524209E-030  5.38326050E-031
  3.428000E+03  2.13717667E-030  1.62801589E-030  5.09160779E-031
  3.467000E+03  2.03045606E-030  1.54792701E-030  4.82529050E-031
  3.508000E+03  1.92495879E-030  1.46864868E-030  4.56310110E-031
  3.548000E+03  1.82819308E-030  1.39583442E-030  4.32358660E-031
  3.589000E+03  1.73488278E-030  1.32552873E-030  4.09354049E-031
  3.631000E+03  1.64503644E-030  1.25774495E-030  3.87291487E-031
  3.673000E+03  1.56059508E-030  1.19395732E-030  3.66637758E-031
  3.715000E+03  1.48118366E-030  1.13389461E-030  3.47289052E-031
  3.758000E+03  1.40473192E-030  1.07599957E-030  3.28732345E-031
  3.802000E+03  1.33122912E-030  1.02026984E-030  3.10959275E-031
  3.846000E+03  1.26217353E-030  9.67849246E-031  2.94324281E-031
  3.890000E+03  1.19725534E-030  9.18512044E-031  2.78743300E-031
  3.936000E+03  1.13350077E-030  8.70003253E-031  2.63497516E-031
  3.981000E+03  1.07491806E-030  8.25379057E-031  2.49538998E-031
  4.027000E+03  1.02002110E-030  7.83846186E-031  2.36174910E-031
  4.074000E+03  9.68213382E-031  7.44818265E-031  2.23395117E-031
  4.121000E+03  9.19496694E-031  7.08062688E-031  2.11434006E-031
  4.169000E+03  8.72711880E-031  6.72711298E-031  2.00000582E-031
  4.217000E+03  8.28718774E-031  6.39419750E-031  1.89299024E-031
  4.266000E+03  7.86488502E-031  6.07415155E-031  1.79073347E-031
  4.315000E+03  7.46777679E-031  5.77276202E-031  1.69501478E-031
  4.365000E+03  7.08673147E-031  5.48314907E-031  1.60358241E-031
  4.416000E+03  6.72146266E-031  5.20513078E-031  1.51633188E-031
  4.467000E+03  6.37817364E-031  4.94347450E-031  1.43469914E-031
  4.519000E+03  6.04920052E-031  4.69238240E-031  1.35681812E-031
  4.571000E+03  5.73999826E-031  4.45605848E-031  1.28393978E-031
  4.624000E+03  5.44377433E-031  4.22934978E-031  1.21442454E-031
  4.677000E+03  5.16532703E-031  4.01596423E-031  1.14936279E-031
  4.732000E+03  4.89385099E-031  3.80764799E-031  1.08620301E-031
  4.786000E+03  4.64342236E-031  3.61523426E-031  1.02818811E-031
  4.842000E+03  4.39939525E-031  3.42750130E-031  9.71893946E-032
  4.898000E+03  4.17021301E-031  3.25096695E-031  9.19246065E-032
  4.954000E+03  3.95483577E-031  3.08486333E-031  8.69972449E-032
  5.012000E+03  3.74689982E-031  2.92466906E-031  8.22230759E-032
  5.070000E+03  3.55711487E-031  2.77952653E-031  7.77588346E-032
  5.129000E+03  3.37564275E-031  2.64052560E-031  7.35117147E-032
  5.188000E+03  3.20504036E-031  2.50965013E-031  6.95390226E-032
  5.248000E+03  3.04191660E-031  2.38432266E-031  6.57593941E-032
  5.309000E+03  2.88604662E-031  2.26438841E-031  6.21658204E-032
  5.370000E+03  2.73952996E-031  2.15148427E-031  5.88045691E-032
  5.432000E+03  2.59952725E-031  2.04344252E-031  5.56084728E-032
  5.495000E+03  2.46583085E-031  1.94011821E-031  5.25712638E-032
  5.559000E+03  2.33823210E-031  1.84136489E-031  4.96867209E-032
  5.623000E+03  2.21833698E-031  1.74844273E-031  4.69894245E-032
  5.688000E+03  2.10390098E-031  1.65962847E-031  4.44272504E-032
  5.754000E+03  1.99473555E-031  1.57478825E-031  4.19947301E-032
  5.821000E+03  1.89065290E-031  1.49378812E-031  3.96864787E-032
  5.888000E+03  1.79288049E-031  1.41759704E-031  3.75283450E-032
  5.957000E+03  1.69831957E-031  1.34381117E-031  3.54508398E-032
  6.026000E+03  1.60954028E-031  1.27444615E-031  3.35094131E-032
  6.095000E+03  1.52613523E-031  1.20919717E-031  3.16938062E-032
  6.166000E+03  1.44552806E-031  1.14605775E-031  2.99470305E-032
  6.237000E+03  1.37096288E-031  1.08782100E-031  2.83141886E-032
  6.310000E+03  1.29992929E-031  1.03247780E-031  2.67451488E-032
  6.383000E+03  1.23320386E-031  9.80413705E-032  2.52790155E-032
  6.456000E+03  1.17048439E-031  9.31404168E-032  2.39080221E-032
  6.531000E+03  1.10992648E-031  8.84015587E-032  2.25910893E-032
  6.607000E+03  1.05229090E-031  8.38849190E-032  2.13441711E-032
  6.683000E+03  9.98145527E-032  7.96358168E-032  2.01787358E-032
  6.761000E+03  9.45948533E-032  7.55339193E-032  1.90609340E-032
  6.839000E+03  8.96928108E-032  7.16763593E-032  1.80164515E-032
  6.918000E+03  8.50288787E-032  6.80012294E-032  1.70276492E-032
  6.998000E+03  8.05928434E-032  6.45010312E-032  1.60918122E-032
  7.080000E+03  7.64448040E-032  6.12490374E-032  1.51957666E-032
  7.161000E+03  7.25980741E-032  5.82293854E-032  1.43686887E-032
  7.244000E+03  6.88925031E-032  5.53160169E-032  1.35764862E-032
  7.328000E+03  6.53686111E-032  5.25411984E-032  1.28274127E-032
  7.413000E+03  6.20182308E-032  4.98989713E-032  1.21192595E-032
  7.499000E+03  5.88334858E-032  4.73835731E-032  1.14499127E-032
  7.586000E+03  5.58067872E-032  4.49894339E-032  1.08173533E-032
  7.674000E+03  5.29308341E-032  4.27111816E-032  1.02196525E-032
  7.762000E+03  5.02283641E-032  4.05672593E-032  9.66110478E-033
  7.852000E+03  4.76313043E-032  3.85040197E-032  9.12728466E-033
  7.943000E+03  4.51648566E-032  3.65417701E-032  8.62308652E-033
  8.035000E+03  4.28228027E-032  3.46758842E-032  8.14691851E-033
  8.128000E+03  4.05991842E-032  3.29019177E-032  7.69726653E-033
  8.222000E+03  3.84882933E-032  3.12156021E-032  7.27269120E-033
  8.318000E+03  3.64642350E-032  2.95964863E-032  6.86774877E-033
  8.414000E+03  3.45638874E-032  2.80743258E-032  6.48956164E-033
  8.511000E+03  3.27605049E-032  2.66279694E-032  6.13253554E-033
  8.610000E+03  3.10324019E-032  2.52402217E-032  5.79218017E-033
  8.710000E+03  2.93940048E-032  2.39228558E-032  5.47114897E-033
  8.810000E+03  2.78556765E-032  2.26844296E-032  5.17124695E-033
  8.912000E+03  2.63823741E-032  2.14969207E-032  4.88545343E-033
  9.016000E+03  2.49792193E-032  2.03658544E-032  4.61336493E-033
  9.120000E+03  2.36907645E-032  1.93314846E-032  4.35927993E-033
  9.226000E+03  2.24573685E-032  1.83399547E-032  4.11741383E-033
  9.332000E+03  2.12988885E-032  1.74073908E-032  3.89149768E-033
  9.441000E+03  2.01802143E-032  1.65056686E-032  3.67454572E-033
  9.550000E+03  1.91299428E-032  1.56579684E-032  3.47197442E-033
  9.660000E+03  1.81344714E-032  1.48534646E-032  3.28100677E-033
  9.772000E+03  1.71827069E-032  1.40833075E-032  3.09939938E-033
  9.886000E+03  1.62734456E-032  1.33466200E-032  2.92682557E-033
  1.000000E+04  1.54196533E-032  1.26539674E-032  2.76568596E-033
  1.012000E+04  1.45511466E-032  1.19436877E-032  2.60745895E-033
  1.023000E+04  1.38039196E-032  1.13320169E-032  2.47190272E-033
  1.035000E+04  1.30383113E-032  1.07047315E-032  2.33357978E-033
  1.047000E+04  1.23207607E-032  1.01162856E-032  2.20447511E-033
  1.059000E+04  1.16478202E-032  9.56394011E-033  2.08388011E-033
  1.072000E+04  1.09654742E-032  9.00338505E-033  1.96208916E-033
  1.084000E+04  1.03755901E-032  8.51838180E-033  1.85720833E-033
  1.096000E+04  9.82133864E-033  8.06232457E-033  1.75901408E-033
  1.109000E+04  9.26873819E-033  7.60912553E-033  1.65961266E-033
  1.122000E+04  8.75592117E-033  7.18901135E-033  1.56690982E-033
  1.135000E+04  8.27527721E-033  6.79489265E-033  1.48038456E-033
  1.148000E+04  7.82449792E-033  6.42493638E-033  1.39956154E-033
  1.161000E+04  7.40146212E-033  6.07745533E-033  1.32400680E-033
  1.175000E+04  6.97467795E-033  5.72660031E-033  1.24807764E-033
  1.188000E+04  6.60320830E-033  5.42097252E-033  1.18223578E-033
  1.202000E+04  6.22797110E-033  5.11200757E-033  1.11596353E-033
  1.216000E+04  5.87661983E-033  4.82248981E-033  1.05413003E-033
  1.230000E+04  5.54742314E-033  4.55103138E-033  9.96391759E-034
  1.244000E+04  5.24304259E-033  4.30069266E-033  9.42349928E-034
  1.259000E+04  4.94795777E-033  4.05982515E-033  8.88132624E-034
  1.274000E+04  4.67183605E-033  3.83418898E-033  8.37647074E-034
  1.288000E+04  4.42999562E-033  3.63636519E-033  7.93630431E-034
  1.303000E+04  4.18667299E-033  3.43713562E-033  7.49537371E-034
  1.318000E+04  3.95853262E-033  3.25015742E-033  7.08375200E-034
  1.334000E+04  3.73069568E-033  3.06325103E-033  6.67444645E-034
  1.349000E+04  3.53059109E-033  2.89894656E-033  6.31644527E-034
  1.365000E+04  3.33048766E-033  2.73450197E-033  5.95985686E-034
  1.380000E+04  3.15451336E-033  2.58976836E-033  5.64744991E-034
  1.396000E+04  2.97831852E-033  2.44474103E-033  5.33577492E-034
  1.412000E+04  2.81316557E-033  2.30869913E-033  5.04466441E-034
  1.429000E+04  2.64890732E-033  2.17329420E-033  4.75613120E-034
  1.445000E+04  2.50410640E-033  2.05384544E-033  4.50260960E-034
  1.462000E+04  2.35990478E-033  1.93481309E-033  4.25091692E-034
  1.479000E+04  2.22492865E-033  1.82332539E-033  4.01603251E-034
  1.496000E+04  2.09850700E-033  1.71884170E-033  3.79665298E-034
  1.514000E+04  1.98044077E-033  1.62244584E-033  3.57994925E-034
  1.531000E+04  1.87770056E-033  1.53881419E-033  3.38886366E-034
  1.549000E+04  1.77558845E-033  1.45560863E-033  3.19979816E-034
  1.567000E+04  1.67984996E-033  1.37751749E-033  3.02332462E-034
  1.585000E+04  1.59002758E-033  1.30418063E-033  2.85846958E-034
  1.603000E+04  1.50570115E-033  1.23526665E-033  2.70434496E-034
  1.622000E+04  1.42222591E-033  1.16698549E-033  2.55240428E-034
  1.641000E+04  1.34402698E-033  1.10296228E-033  2.41064702E-034
  1.660000E+04  1.27072181E-033  1.04289368E-033  2.27828132E-034
  1.679000E+04  1.20195933E-033  9.86500816E-034  2.15458513E-034
  1.698000E+04  1.13741704E-033  9.33527080E-034  2.03889964E-034
  1.718000E+04  1.07371132E-033  8.81199466E-034  1.92511857E-034
  1.738000E+04  1.01403565E-033  8.32145023E-034  1.81890631E-034
  1.758000E+04  9.58098599E-034  7.86130711E-034  1.71967888E-034
  1.778000E+04  9.05632628E-034  7.42942270E-034  1.62690358E-034
  1.799000E+04  8.54010328E-034  7.00420160E-034  1.53590168E-034
  1.820000E+04  8.05682686E-034  6.60586368E-034  1.45096318E-034
  1.841000E+04  7.60410092E-034  6.23248120E-034  1.37161971E-034
  1.862000E+04  7.17972639E-034  5.88228233E-034  1.29744406E-034
  1.884000E+04  6.76335319E-034  5.53849896E-034  1.22485423E-034
  1.906000E+04  6.37374859E-034  5.21664978E-034  1.15709880E-034
  1.928000E+04  6.00895814E-034  4.91515350E-034  1.09380464E-034
  1.950000E+04  5.66718876E-034  4.63255736E-034  1.03463140E-034
  1.972000E+04  5.34679335E-034  4.36752515E-034  9.79268201E-035
  1.995000E+04  5.03304597E-034  4.10789200E-034  9.25153970E-035
  2.018000E+04  4.75790435E-034  3.88330758E-034  8.74596770E-035
  2.042000E+04  4.49413575E-034  3.66879458E-034  8.25341177E-035
  2.065000E+04  4.25704897E-034  3.47581308E-034  7.81235887E-035
  2.089000E+04  4.02485372E-034  3.28665535E-034  7.38198377E-035
  2.114000E+04  3.79830391E-034  3.10194254E-034  6.96361372E-035
  2.138000E+04  3.59446276E-034  2.93561166E-034  6.58851096E-035
  2.163000E+04  3.39531557E-034  2.77298651E-034  6.22329058E-035
  2.188000E+04  3.20866202E-034  2.62044978E-034  5.88212237E-035
  2.213000E+04  3.03360576E-034  2.47728840E-034  5.56317369E-035
  2.239000E+04  2.86296497E-034  2.33764108E-034  5.25323887E-035
  2.265000E+04  2.70312676E-034  2.20674607E-034  4.96380689E-035
  2.291000E+04  2.55331078E-034  2.08397990E-034  4.69330881E-035
  2.317000E+04  2.41280031E-034  1.96876910E-034  4.44031213E-035
  2.344000E+04  2.27602929E-034  1.85655869E-034  4.19470596E-035
  2.371000E+04  2.14790581E-034  1.75138365E-034  3.96522154E-035
  2.399000E+04  2.02350623E-034  1.64921033E-034  3.74295905E-035
  2.427000E+04  1.90710163E-034  1.55355419E-034  3.53547438E-035
  2.455000E+04  1.79810845E-034  1.46394525E-034  3.34163198E-035
  2.483000E+04  1.69675225E-034  1.38071272E-034  3.16039529E-035
  2.512000E+04  1.60402472E-034  1.30552822E-034  2.98496499E-035
  2.541000E+04  1.51708012E-034  1.23497215E-034  2.82107971E-035
  2.570000E+04  1.43550490E-034  1.16871873E-034  2.66786166E-035
  2.600000E+04  1.35636288E-034  1.10438963E-034  2.51973243E-035
  2.630000E+04  1.28217407E-034  1.04403910E-034  2.38134974E-035
  2.661000E+04  1.21033935E-034  9.85558603E-035  2.24780744E-035
  2.692000E+04  1.14305572E-034  9.30742108E-035  2.12313617E-035
  2.723000E+04  1.07999375E-034  8.79328189E-035  2.00665559E-035
  2.754000E+04  1.02085093E-034  8.31076468E-035  1.89774457E-035
  2.786000E+04  9.63616579E-035  7.84350739E-035  1.79265840E-035
  2.818000E+04  9.09981386E-035  7.40535141E-035  1.69446245E-035
  2.851000E+04  8.58166954E-035  6.98180646E-035  1.59986308E-035
  2.884000E+04  8.09646372E-035  6.58494876E-035  1.51151496E-035
  2.917000E+04  7.64181468E-035  6.21287307E-035  1.42894161E-035
  2.951000E+04  7.20303832E-035  5.85359213E-035  1.34944619E-035
  2.985000E+04  6.79218113E-035  5.51699742E-035  1.27518371E-035
  3.020000E+04  6.41782726E-035  5.21404289E-035  1.20378437E-035
  3.055000E+04  6.08214394E-035  4.94503003E-035  1.13711391E-035
  3.090000E+04  5.76691685E-035  4.69210561E-035  1.07481124E-035
  3.126000E+04  5.46250850E-035  4.44757051E-035  1.01493799E-035
  3.162000E+04  5.17677876E-035  4.21776990E-035  9.59008856E-036
  3.199000E+04  4.90118563E-035  3.99586426E-035  9.05321366E-036
  3.236000E+04  4.64260706E-035  3.78741996E-035  8.55187101E-036
  3.273000E+04  4.39983169E-035  3.59149660E-035  8.08335093E-036
  3.311000E+04  4.16577580E-035  3.40240239E-035  7.63373403E-036
  3.350000E+04  3.94051052E-035  3.22021048E-035  7.20300039E-036
  3.388000E+04  3.73454837E-035  3.05345301E-035  6.81095358E-036
  3.428000E+04  3.53113444E-035  2.88858597E-035  6.42548465E-036
  3.467000E+04  3.34508750E-035  2.73763918E-035  6.07448320E-036
  3.508000E+04  3.16163266E-035  2.58864454E-035  5.72988120E-036
  3.548000E+04  2.99378287E-035  2.45218777E-035  5.41595103E-036
  3.589000E+04  2.83232771E-035  2.32080281E-035  5.11524904E-036
  3.631000E+04  2.67725694E-035  2.19449206E-035  4.82764882E-036
  3.673000E+04  2.53188200E-035  2.07596749E-035  4.55914518E-036
  3.715000E+04  2.39550794E-035  1.96468006E-035  4.30827874E-036
  3.758000E+04  2.26454516E-035  1.85771320E-035  4.06831961E-036
  3.802000E+04  2.13895373E-035  1.75504300E-035  3.83910728E-036
  3.846000E+04  2.02126188E-035  1.65874771E-035  3.62514170E-036
  3.890000E+04  1.91090135E-035  1.56837575E-035  3.42525600E-036
  3.936000E+04  1.80279716E-035  1.47977886E-035  3.23018293E-036
  3.981000E+04  1.70371885E-035  1.39851425E-035  3.05204607E-036
