# DL07 model SED (this work), mw31_60, Mathis ISRF U =  3.16
# silicate (D03) + carbonaceous (DL07 PAH Nc=470 + D03 graphite blend)
# PAH ionization computed via WD01b grain charging (pah_ionfrac)
# columns: lambda[um]  lamI_total/NH  lamI_sil/NH  lamI_carb/NH
#          [erg s^-1 cm^-2 sr^-1 H^-1]
  9.120000E-02  0.00000000E+000  0.00000000E+000  0.00000000E+000
  9.226000E-02  0.00000000E+000  0.00000000E+000  0.00000000E+000
  9.332000E-02  0.00000000E+000  0.00000000E+000  0.00000000E+000
  9.441000E-02  0.00000000E+000  0.00000000E+000  0.00000000E+000
  9.550000E-02  0.00000000E+000  0.00000000E+000  0.00000000E+000
  9.661000E-02  0.00000000E+000  0.00000000E+000  0.00000000E+000
  9.772000E-02  0.00000000E+000  0.00000000E+000  0.00000000E+000
  9.886000E-02  0.00000000E+000  0.00000000E+000  0.00000000E+000
  1.000000E-01  0.00000000E+000  0.00000000E+000  0.00000000E+000
  1.012000E-01  0.00000000E+000  0.00000000E+000  0.00000000E+000
  1.023000E-01  0.00000000E+000  0.00000000E+000  0.00000000E+000
  1.035000E-01  0.00000000E+000  0.00000000E+000  0.00000000E+000
  1.047000E-01  0.00000000E+000  0.00000000E+000  0.00000000E+000
  1.059000E-01  0.00000000E+000  0.00000000E+000  0.00000000E+000
  1.072000E-01  0.00000000E+000  0.00000000E+000  0.00000000E+000
  1.084000E-01  0.00000000E+000  0.00000000E+000  0.00000000E+000
  1.097000E-01  0.00000000E+000  0.00000000E+000  0.00000000E+000
  1.109000E-01  0.00000000E+000  0.00000000E+000  0.00000000E+000
  1.122000E-01  0.00000000E+000  0.00000000E+000  0.00000000E+000
  1.135000E-01  0.00000000E+000  0.00000000E+000  0.00000000E+000
  1.148000E-01  0.00000000E+000  0.00000000E+000  0.00000000E+000
  1.161000E-01  0.00000000E+000  0.00000000E+000  0.00000000E+000
  1.175000E-01  0.00000000E+000  0.00000000E+000  0.00000000E+000
  1.189000E-01  0.00000000E+000  0.00000000E+000  0.00000000E+000
  1.202000E-01  0.00000000E+000  0.00000000E+000  0.00000000E+000
  1.216000E-01  0.00000000E+000  0.00000000E+000  0.00000000E+000
  1.230000E-01  0.00000000E+000  0.00000000E+000  0.00000000E+000
  1.244000E-01  0.00000000E+000  0.00000000E+000  0.00000000E+000
  1.259000E-01  0.00000000E+000  0.00000000E+000  0.00000000E+000
  1.274000E-01  0.00000000E+000  0.00000000E+000  0.00000000E+000
  1.288000E-01  0.00000000E+000  0.00000000E+000  0.00000000E+000
  1.303000E-01  0.00000000E+000  0.00000000E+000  0.00000000E+000
  1.318000E-01  0.00000000E+000  0.00000000E+000  0.00000000E+000
  1.333000E-01  0.00000000E+000  0.00000000E+000  0.00000000E+000
  1.349000E-01  0.00000000E+000  0.00000000E+000  0.00000000E+000
  1.365000E-01  0.00000000E+000  0.00000000E+000  0.00000000E+000
  1.380000E-01  0.00000000E+000  0.00000000E+000  0.00000000E+000
  1.396000E-01  0.00000000E+000  0.00000000E+000  0.00000000E+000
  1.412000E-01  0.00000000E+000  0.00000000E+000  0.00000000E+000
  1.429000E-01  0.00000000E+000  0.00000000E+000  0.00000000E+000
  1.445000E-01  0.00000000E+000  0.00000000E+000  0.00000000E+000
  1.462000E-01  0.00000000E+000  0.00000000E+000  0.00000000E+000
  1.479000E-01  0.00000000E+000  0.00000000E+000  0.00000000E+000
  1.496000E-01  0.00000000E+000  0.00000000E+000  0.00000000E+000
  1.514000E-01  0.00000000E+000  0.00000000E+000  0.00000000E+000
  1.531000E-01  0.00000000E+000  0.00000000E+000  0.00000000E+000
  1.549000E-01  0.00000000E+000  0.00000000E+000  0.00000000E+000
  1.567000E-01  0.00000000E+000  0.00000000E+000  0.00000000E+000
  1.585000E-01  0.00000000E+000  0.00000000E+000  0.00000000E+000
  1.603000E-01  0.00000000E+000  0.00000000E+000  0.00000000E+000
  1.622000E-01  0.00000000E+000  0.00000000E+000  0.00000000E+000
  1.641000E-01  0.00000000E+000  0.00000000E+000  0.00000000E+000
  1.660000E-01  0.00000000E+000  0.00000000E+000  0.00000000E+000
  1.679000E-01  0.00000000E+000  0.00000000E+000  0.00000000E+000
  1.698000E-01  0.00000000E+000  0.00000000E+000  0.00000000E+000
  1.718000E-01  0.00000000E+000  0.00000000E+000  0.00000000E+000
  1.738000E-01  0.00000000E+000  0.00000000E+000  0.00000000E+000
  1.758000E-01  0.00000000E+000  0.00000000E+000  0.00000000E+000
  1.778000E-01  0.00000000E+000  0.00000000E+000  0.00000000E+000
  1.799000E-01  0.00000000E+000  0.00000000E+000  0.00000000E+000
  1.820000E-01  0.00000000E+000  0.00000000E+000  0.00000000E+000
  1.841000E-01  0.00000000E+000  0.00000000E+000  0.00000000E+000
  1.862000E-01  0.00000000E+000  0.00000000E+000  0.00000000E+000
  1.884000E-01  0.00000000E+000  0.00000000E+000  0.00000000E+000
  1.905000E-01  0.00000000E+000  0.00000000E+000  0.00000000E+000
  1.928000E-01  0.00000000E+000  0.00000000E+000  0.00000000E+000
  1.950000E-01  0.00000000E+000  0.00000000E+000  0.00000000E+000
  1.972000E-01  0.00000000E+000  0.00000000E+000  0.00000000E+000
  1.995000E-01  0.00000000E+000  0.00000000E+000  0.00000000E+000
  2.018000E-01  0.00000000E+000  0.00000000E+000  0.00000000E+000
  2.042000E-01  0.00000000E+000  0.00000000E+000  0.00000000E+000
  2.065000E-01  0.00000000E+000  0.00000000E+000  0.00000000E+000
  2.089000E-01  0.00000000E+000  0.00000000E+000  0.00000000E+000
  2.113000E-01  0.00000000E+000  0.00000000E+000  0.00000000E+000
  2.138000E-01  0.00000000E+000  0.00000000E+000  0.00000000E+000
  2.163000E-01  0.00000000E+000  0.00000000E+000  0.00000000E+000
  2.188000E-01  0.00000000E+000  0.00000000E+000  0.00000000E+000
  2.213000E-01  0.00000000E+000  0.00000000E+000  0.00000000E+000
  2.239000E-01  0.00000000E+000  0.00000000E+000  0.00000000E+000
  2.265000E-01  0.00000000E+000  0.00000000E+000  0.00000000E+000
  2.291000E-01  0.00000000E+000  0.00000000E+000  0.00000000E+000
  2.317000E-01  0.00000000E+000  0.00000000E+000  0.00000000E+000
  2.344000E-01  0.00000000E+000  0.00000000E+000  0.00000000E+000
  2.371000E-01  0.00000000E+000  0.00000000E+000  0.00000000E+000
  2.399000E-01  0.00000000E+000  0.00000000E+000  0.00000000E+000
  2.427000E-01  0.00000000E+000  0.00000000E+000  0.00000000E+000
  2.455000E-01  0.00000000E+000  0.00000000E+000  0.00000000E+000
  2.483000E-01  0.00000000E+000  0.00000000E+000  0.00000000E+000
  2.512000E-01  0.00000000E+000  0.00000000E+000  0.00000000E+000
  2.541000E-01  0.00000000E+000  0.00000000E+000  0.00000000E+000
  2.570000E-01  0.00000000E+000  0.00000000E+000  0.00000000E+000
  2.600000E-01  0.00000000E+000  0.00000000E+000  0.00000000E+000
  2.630000E-01  0.00000000E+000  0.00000000E+000  0.00000000E+000
  2.661000E-01  0.00000000E+000  0.00000000E+000  0.00000000E+000
  2.691000E-01  0.00000000E+000  0.00000000E+000  0.00000000E+000
  2.723000E-01  0.00000000E+000  0.00000000E+000  0.00000000E+000
  2.754000E-01  0.00000000E+000  0.00000000E+000  0.00000000E+000
  2.786000E-01  0.00000000E+000  0.00000000E+000  0.00000000E+000
  2.818000E-01  0.00000000E+000  0.00000000E+000  0.00000000E+000
  2.851000E-01  0.00000000E+000  0.00000000E+000  0.00000000E+000
  2.884000E-01  0.00000000E+000  0.00000000E+000  0.00000000E+000
  2.917000E-01  0.00000000E+000  0.00000000E+000  0.00000000E+000
  2.951000E-01  0.00000000E+000  0.00000000E+000  0.00000000E+000
  2.985000E-01  0.00000000E+000  0.00000000E+000  0.00000000E+000
  3.020000E-01  0.00000000E+000  0.00000000E+000  0.00000000E+000
  3.055000E-01  0.00000000E+000  0.00000000E+000  0.00000000E+000
  3.090000E-01  0.00000000E+000  0.00000000E+000  0.00000000E+000
  3.126000E-01  0.00000000E+000  0.00000000E+000  0.00000000E+000
  3.162000E-01  0.00000000E+000  0.00000000E+000  0.00000000E+000
  3.199000E-01  0.00000000E+000  0.00000000E+000  0.00000000E+000
  3.236000E-01  0.00000000E+000  0.00000000E+000  0.00000000E+000
  3.273000E-01  0.00000000E+000  0.00000000E+000  0.00000000E+000
  3.311000E-01  0.00000000E+000  0.00000000E+000  0.00000000E+000
  3.350000E-01  0.00000000E+000  0.00000000E+000  0.00000000E+000
  3.388000E-01  0.00000000E+000  0.00000000E+000  0.00000000E+000
  3.428000E-01  0.00000000E+000  0.00000000E+000  0.00000000E+000
  3.467000E-01  0.00000000E+000  0.00000000E+000  0.00000000E+000
  3.507000E-01  0.00000000E+000  0.00000000E+000  0.00000000E+000
  3.548000E-01  0.00000000E+000  0.00000000E+000  0.00000000E+000
  3.589000E-01  0.00000000E+000  0.00000000E+000  0.00000000E+000
  3.631000E-01  0.00000000E+000  0.00000000E+000  0.00000000E+000
  3.673000E-01  0.00000000E+000  0.00000000E+000  0.00000000E+000
  3.715000E-01  0.00000000E+000  0.00000000E+000  0.00000000E+000
  3.758000E-01  0.00000000E+000  0.00000000E+000  0.00000000E+000
  3.802000E-01  0.00000000E+000  0.00000000E+000  0.00000000E+000
  3.846000E-01  0.00000000E+000  0.00000000E+000  0.00000000E+000
  3.891000E-01  0.00000000E+000  0.00000000E+000  0.00000000E+000
  3.936000E-01  0.00000000E+000  0.00000000E+000  0.00000000E+000
  3.981000E-01  0.00000000E+000  0.00000000E+000  0.00000000E+000
  4.027000E-01  0.00000000E+000  0.00000000E+000  0.00000000E+000
  4.074000E-01  3.77009024E-312  0.00000000E+000  3.77009024E-312
  4.121000E-01  9.57812361E-309  0.00000000E+000  9.57812361E-309
  4.169000E-01  2.39211395E-305  0.00000000E+000  2.39211395E-305
  4.217000E-01  4.99291258E-302  0.00000000E+000  4.99291258E-302
  4.266000E-01  1.02194676E-298  0.00000000E+000  1.02194676E-298
  4.315000E-01  1.75667783E-295  0.00000000E+000  1.75667783E-295
  4.365000E-01  2.95442656E-292  0.00000000E+000  2.95442656E-292
  4.416000E-01  4.84002302E-289  0.00000000E+000  4.84002302E-289
  4.467000E-01  6.68549092E-286  0.00000000E+000  6.68549092E-286
  4.519000E-01  8.98011564E-283  0.00000000E+000  8.98011564E-283
  4.571000E-01  1.02213495E-279  0.00000000E+000  1.02213495E-279
  4.624000E-01  1.12983016E-276  0.00000000E+000  1.12983016E-276
  4.677000E-01  1.06367402E-273  0.00000000E+000  1.06367402E-273
  4.732000E-01  1.10066681E-270  0.00000000E+000  1.10066681E-270
  4.786000E-01  8.58124390E-268  0.00000000E+000  8.58124390E-268
  4.842000E-01  7.30504298E-265  0.00000000E+000  7.30504298E-265
  4.898000E-01  5.31899920E-262  0.00000000E+000  5.31899920E-262
  4.954000E-01  3.32978175E-259  0.00000000E+000  3.32978175E-259
  5.012000E-01  2.24927547E-256  0.00000000E+000  2.24927547E-256
  5.070000E-01  1.30620962E-253  0.00000000E+000  1.30620962E-253
  5.129000E-01  7.28774359E-251  0.00000000E+000  7.28774359E-251
  5.188000E-01  3.51344614E-248  0.00000000E+000  3.51344614E-248
  5.248000E-01  1.62688277E-245  0.00000000E+000  1.62688277E-245
  5.309000E-01  7.21707712E-243  0.00000000E+000  7.21707712E-243
  5.370000E-01  2.77932970E-240  0.00000000E+000  2.77932970E-240
  5.433000E-01  1.12758289E-237  0.00000000E+000  1.12758289E-237
  5.495000E-01  3.62728671E-235  0.00000000E+000  3.62728671E-235
  5.559000E-01  1.22566585E-232  0.00000000E+000  1.22566585E-232
  5.623000E-01  3.62084137E-230  0.00000000E+000  3.62084137E-230
  5.688000E-01  1.02380555E-227  0.00000000E+000  1.02380555E-227
  5.754000E-01  2.76693044E-225  0.00000000E+000  2.76693044E-225
  5.821000E-01  7.13763146E-223  0.00000000E+000  7.13763146E-223
  5.888000E-01  1.61979316E-220  0.00000000E+000  1.61979316E-220
  5.957000E-01  3.79585596E-218  0.00000000E+000  3.79585596E-218
  6.026000E-01  7.82959178E-216  0.00000000E+000  7.82959178E-216
  6.095000E-01  1.42742731E-213  0.00000000E+000  1.42742731E-213
  6.166000E-01  2.67134783E-211  0.00000000E+000  2.67134783E-211
  6.237000E-01  4.42207300E-209  0.00000000E+000  4.42207300E-209
  6.310000E-01  7.46796668E-207  0.00000000E+000  7.46796668E-207
  6.383000E-01  1.11735501E-204  0.00000000E+000  1.11735501E-204
  6.457000E-01  1.59051502E-202  0.00000000E+000  1.59051502E-202
  6.531000E-01  2.01927039E-200  0.00000000E+000  2.01927039E-200
  6.607000E-01  2.60511507E-198  0.00000000E+000  2.60511507E-198
  6.683000E-01  3.00324371E-196  0.00000000E+000  3.00324371E-196
  6.761000E-01  3.50436863E-194  0.00000000E+000  3.50436863E-194
  6.839000E-01  3.66364644E-192  0.00000000E+000  3.66364644E-192
  6.918000E-01  3.65011748E-190  0.00000000E+000  3.65011748E-190
  6.998000E-01  3.46385381E-188  0.00000000E+000  3.46385381E-188
  7.079000E-01  3.12810395E-186  0.00000000E+000  3.12810395E-186
  7.161000E-01  2.68654398E-184  0.00000000E+000  2.68654398E-184
  7.244000E-01  2.19434404E-182  0.00000000E+000  2.19434404E-182
  7.328000E-01  1.70493168E-180  0.00000000E+000  1.70493168E-180
  7.413000E-01  1.25994461E-178  0.00000000E+000  1.25994461E-178
  7.499000E-01  8.85469571E-177  0.00000000E+000  8.85469571E-177
  7.586000E-01  5.92047233E-175  0.00000000E+000  5.92047233E-175
  7.674000E-01  3.76932974E-173  0.00000000E+000  3.76932974E-173
  7.763000E-01  2.28627507E-171  0.00000000E+000  2.28627507E-171
  7.852000E-01  1.26365302E-169  0.00000000E+000  1.26365302E-169
  7.943000E-01  6.96566076E-168  0.00000000E+000  6.96566076E-168
  8.035000E-01  3.66040340E-166  0.00000000E+000  3.66040340E-166
  8.128000E-01  1.83494512E-164  0.00000000E+000  1.83494512E-164
  8.222000E-01  8.78080150E-163  0.00000000E+000  8.78080150E-163
  8.318000E-01  4.17630005E-161  0.00000000E+000  4.17630005E-161
  8.414000E-01  1.82266011E-159  0.00000000E+000  1.82266011E-159
  8.511000E-01  7.60875102E-158  0.00000000E+000  7.60875102E-158
  8.610000E-01  3.15730528E-156  0.00000000E+000  3.15730528E-156
  8.710000E-01  1.25437660E-154  0.00000000E+000  1.25437660E-154
  8.810000E-01  4.61013591E-153  0.00000000E+000  4.61013591E-153
  8.913000E-01  1.74672907E-151  0.00000000E+000  1.74672907E-151
  9.016000E-01  6.14114448E-150  0.00000000E+000  6.14114448E-150
  9.120000E-01  2.08063678E-148  0.00000000E+000  2.08063678E-148
  9.226000E-01  7.03730905E-147  0.00000000E+000  7.03730905E-147
  9.333000E-01  2.30347345E-145  0.00000000E+000  2.30347345E-145
  9.441000E-01  7.32581063E-144  0.00000000E+000  7.32581063E-144
  9.550000E-01  2.27504284E-142  4.33972095E-317  2.27504284E-142
  9.661000E-01  7.15920863E-141  1.25944159E-313  7.15920863E-141
  9.772000E-01  2.16166431E-139  3.01010759E-310  2.16166431E-139
  9.886000E-01  6.92643994E-138  7.39727800E-307  6.92643994E-138
  1.000000E+00  2.16983614E-136  1.52058545E-303  2.16983614E-136
  1.012000E+00  8.01717300E-135  3.87662064E-300  8.01717300E-135
  1.023000E+00  2.14865765E-133  4.37110354E-297  2.14865765E-133
  1.035000E+00  7.22597953E-132  7.86972702E-294  7.22597953E-132
  1.047000E+00  1.96306609E-130  1.19249529E-290  1.96306609E-130
  1.059000E+00  3.73358146E-129  1.52978449E-287  3.73358146E-129
  1.071000E+00  5.32499666E-128  1.67076078E-284  5.32499666E-128
  1.084000E+00  8.32900548E-127  2.74293381E-281  8.32900548E-127
  1.097000E+00  1.26662982E-125  3.77610092E-278  1.26662982E-125
  1.109000E+00  1.56019862E-124  2.56375656E-275  1.56019862E-124
  1.122000E+00  2.36529659E-123  2.55914553E-272  2.36529659E-123
  1.135000E+00  3.56084218E-122  2.17942710E-269  3.56084218E-122
  1.148000E+00  5.29639446E-121  1.59209994E-266  5.29639446E-121
  1.161000E+00  7.75443299E-120  1.00283734E-263  7.75443299E-120
  1.175000E+00  1.36666668E-118  8.83663074E-261  1.36666668E-118
  1.189000E+00  2.34723280E-117  6.63323975E-258  2.34723280E-117
  1.202000E+00  3.19636875E-116  2.70127838E-255  3.19636875E-116
  1.216000E+00  5.10173995E-115  1.51189310E-252  5.10173995E-115
  1.230000E+00  7.65860125E-114  7.32271175E-250  7.65860125E-114
  1.245000E+00  1.26891936E-112  4.72566921E-247  1.26891936E-112
  1.259000E+00  1.55887894E-111  1.72370123E-244  1.55887894E-111
  1.273000E+00  1.70187932E-110  5.51899337E-242  1.70187932E-110
  1.288000E+00  1.95197811E-109  2.32023654E-239  1.95197811E-109
  1.303000E+00  2.02266756E-108  8.48305824E-237  2.02266756E-108
  1.318000E+00  1.94220139E-107  2.71036904E-234  1.94220139E-107
  1.334000E+00  2.03553357E-106  1.10189041E-231  2.03553357E-106
  1.349000E+00  1.75597050E-105  2.70230111E-229  1.75597050E-105
  1.365000E+00  1.67265472E-104  8.36571943E-227  1.67265472E-104
  1.380000E+00  1.33110537E-103  1.60294271E-224  1.33110537E-103
  1.396000E+00  1.16858339E-102  3.84755372E-222  1.16858339E-102
  1.413000E+00  1.12375361E-101  1.13473699E-219  1.12375361E-101
  1.429000E+00  9.07330996E-101  2.11549899E-217  9.07330996E-101
  1.445000E+00  7.03815129E-100  3.51094537E-215  7.03815129E-100
  1.462000E+00  5.94133297E-099  7.09091644E-213  5.94133297E-099
  1.479000E+00  4.79884522E-098  1.26688741E-210  4.79884522E-098
  1.496000E+00  3.71082002E-097  2.01073215E-208  3.71082002E-097
  1.514000E+00  3.08888496E-096  3.79578040E-206  3.08888496E-096
  1.531000E+00  2.18901970E-095  4.78007196E-204  2.18901970E-095
  1.549000E+00  1.66454402E-094  7.12230279E-202  1.66454402E-094
  1.567000E+00  1.21022630E-093  9.45319070E-200  1.21022630E-093
  1.585000E+00  8.42134299E-093  1.12222065E-197  8.42134299E-093
  1.603000E+00  5.61430754E-092  1.19607339E-195  5.61430754E-092
  1.622000E+00  3.97462172E-091  1.47576586E-193  3.97462172E-091
  1.641000E+00  2.68879984E-090  1.62781447E-191  2.68879984E-090
  1.660000E+00  1.73992206E-089  1.61145421E-189  1.73992206E-089
  1.679000E+00  1.07794183E-088  1.43698674E-187  1.07794183E-088
  1.698000E+00  6.39814607E-088  1.15828293E-185  6.39814607E-088
  1.718000E+00  3.98385898E-087  1.05856414E-183  3.98385898E-087
  1.738000E+00  2.36644113E-086  8.71462489E-182  2.36644113E-086
  1.758000E+00  1.33983823E-085  6.48575612E-180  1.33983823E-085
  1.778000E+00  7.21574547E-085  4.37934834E-178  7.21574547E-085
  1.799000E+00  3.98845530E-084  3.29962695E-176  3.98845530E-084
  1.820000E+00  2.06098446E-083  2.24888099E-174  2.06098446E-083
  1.841000E+00  9.84969914E-083  1.39125818E-172  9.84969914E-083
  1.862000E+00  4.32137194E-082  7.83816750E-171  4.32137194E-082
  1.884000E+00  1.89988256E-081  4.85616697E-169  1.89988256E-081
  1.906000E+00  8.61284961E-081  2.73379659E-167  8.61284961E-081
  1.928000E+00  4.47543118E-080  1.40311762E-165  4.47543118E-080
  1.950000E+00  2.52263215E-079  6.58578661E-164  2.52263215E-079
  1.972000E+00  1.38324535E-078  2.83534764E-162  1.38324535E-078
  1.995000E+00  7.60981459E-078  1.32469563E-160  7.60981459E-078
  2.018000E+00  3.88554490E-077  5.66684069E-159  3.88554490E-077
  2.042000E+00  1.99156149E-076  2.60659211E-157  1.99156149E-076
  2.065000E+00  9.03716016E-076  9.39798083E-156  9.03716016E-076
  2.089000E+00  4.17413174E-075  3.63829163E-154  4.17413174E-075
  2.114000E+00  1.96216229E-074  1.50086560E-152  1.96216229E-074
  2.138000E+00  8.32890854E-074  4.91451126E-151  8.32890854E-074
  2.163000E+00  3.61273024E-073  1.71320521E-149  3.61273024E-073
  2.188000E+00  1.51029389E-072  5.50385800E-148  1.51029389E-072
  2.213000E+00  6.09778835E-072  1.63391529E-146  6.09778835E-072
  2.239000E+00  2.51359299E-071  5.12335062E-145  2.51359299E-071
  2.265000E+00  1.00146100E-070  1.48355795E-143  1.00146100E-070
  2.291000E+00  3.86231676E-070  3.97799381E-142  3.86231676E-070
  2.317000E+00  1.44360294E-069  9.90261404E-141  1.44360294E-069
  2.344000E+00  5.49823999E-069  2.58538767E-139  5.49823999E-069
  2.371000E+00  2.02967753E-068  6.26340804E-138  2.02967753E-068
  2.399000E+00  7.61800853E-068  1.58206173E-136  7.61800853E-068
  2.427000E+00  2.77171753E-067  3.70725072E-135  2.77171753E-067
  2.455000E+00  9.79015012E-067  8.08052583E-134  9.79015012E-067
  2.483000E+00  3.35935467E-066  1.64222855E-132  3.35935467E-066
  2.512000E+00  1.16948591E-065  3.46134297E-131  1.16948591E-065
  2.541000E+00  3.95547329E-065  6.80170690E-130  3.95547329E-065
  2.570000E+00  1.30110084E-064  1.24906947E-128  1.30110084E-064
  2.600000E+00  4.33493897E-064  2.36726855E-127  4.33493897E-064
  2.630000E+00  1.40481560E-063  4.19315104E-126  1.40481560E-063
  2.661000E+00  4.60352161E-063  7.63217928E-125  4.60352161E-063
  2.691000E+00  1.41437757E-062  1.18645761E-123  1.41437757E-062
  2.723000E+00  4.55691047E-062  2.07076389E-122  4.55691047E-062
  2.754000E+00  1.37927361E-061  3.10072110E-121  1.37927361E-061
  2.786000E+00  4.21778192E-061  4.75490075E-120  4.21778192E-061
  2.818000E+00  1.25787832E-060  6.84984825E-119  1.25787832E-060
  2.851000E+00  3.78540524E-060  1.00685463E-117  3.78540524E-060
  2.884000E+00  1.11179325E-059  1.39098464E-116  1.11179325E-059
  2.917000E+00  3.19102725E-059  1.80994083E-115  3.19102725E-059
  2.951000E+00  9.24502177E-059  2.39602470E-114  9.24502177E-059
  2.985000E+00  2.62266159E-058  2.98915339E-113  2.62266159E-058
  3.020000E+00  7.52425196E-058  3.78307512E-112  7.52425196E-058
  3.055000E+00  2.12457714E-057  4.51511195E-111  2.12457714E-057
  3.090000E+00  5.94031480E-057  5.09198608E-110  5.94031480E-057
  3.126000E+00  1.71277172E-056  5.81698119E-109  1.71277172E-056
  3.162000E+00  5.06118205E-056  6.28537286E-108  5.06118205E-056
  3.199000E+00  1.67191291E-055  6.85842846E-107  1.67191291E-055
  3.236000E+00  6.93027171E-055  7.08233785E-106  6.93027171E-055
  3.273000E+00  5.24587226E-054  6.93271319E-105  5.24587226E-054
  3.311000E+00  2.77612195E-053  6.83736995E-104  2.77612195E-053
  3.350000E+00  1.62617924E-053  6.78216698E-103  1.62617924E-053
  3.388000E+00  2.08409346E-053  6.02594644E-102  2.08409346E-053
  3.428000E+00  3.85684453E-053  5.69465858E-101  3.85684453E-053
  3.467000E+00  7.97651687E-053  4.83661467E-100  7.97651687E-053
  3.507000E+00  1.75993639E-052  4.12821396E-099  1.75993639E-052
  3.548000E+00  4.01568984E-052  3.53392143E-098  4.01568984E-052
  3.589000E+00  9.14960477E-052  2.87894563E-097  9.14960477E-052
  3.631000E+00  2.10806914E-051  2.34899475E-096  2.10806914E-051
  3.673000E+00  4.79660637E-051  1.82563703E-095  4.79660637E-051
  3.715000E+00  1.07587083E-050  1.35385091E-094  1.07587083E-050
  3.758000E+00  2.42157246E-050  1.00481108E-093  2.42157246E-050
  3.802000E+00  5.46193294E-050  7.45151062E-093  5.46193294E-050
  3.846000E+00  1.21130992E-049  5.27572073E-092  1.21130992E-049
  3.891000E+00  2.68894809E-049  3.72854278E-091  2.68894809E-049
  3.935000E+00  5.76924310E-049  2.41512066E-090  5.76924310E-049
  3.981000E+00  1.25998964E-048  1.62866775E-089  1.25998964E-048
  4.027000E+00  2.70594940E-048  1.05094406E-088  2.70594940E-048
  4.074000E+00  5.81033690E-048  6.75821516E-088  5.81033690E-048
  4.121000E+00  1.22736243E-047  4.16332003E-087  1.22736243E-047
  4.169000E+00  2.59177656E-047  2.55249201E-086  2.59177656E-047
  4.217000E+00  5.38705955E-047  1.50055819E-085  5.38705955E-047
  4.266000E+00  1.11921743E-046  8.78005851E-085  1.11921743E-046
  4.315000E+00  2.29022121E-046  4.93293648E-084  2.29022121E-046
  4.365000E+00  4.68463372E-046  2.75709025E-083  4.68463372E-046
  4.416000E+00  9.57682820E-046  1.53141574E-082  9.57682820E-046
  4.467000E+00  1.93022535E-045  8.18105592E-082  1.93022535E-045
  4.519000E+00  3.88965575E-045  4.34275700E-081  3.88965575E-045
  4.571000E+00  7.73461731E-045  2.21832039E-080  7.73461731E-045
  4.624000E+00  1.53870490E-044  1.12540117E-079  1.53870490E-044
  4.677000E+00  3.02484483E-044  5.50053719E-079  3.02484483E-044
  4.732000E+00  6.03118421E-044  2.74775861E-078  6.03118421E-044
  4.786000E+00  1.17613031E-043  1.28594562E-077  1.17613031E-043
  4.842000E+00  2.33232152E-043  6.14777786E-077  2.33232152E-043
  4.898000E+00  4.60073142E-043  2.83454458E-076  4.60073142E-043
  4.955000E+00  9.18052179E-043  1.29568889E-075  9.18052179E-043
  5.012000E+00  1.84577673E-042  5.72027582E-075  1.84577673E-042
  5.070000E+00  3.84397936E-042  2.50572300E-074  3.84397936E-042
  5.129000E+00  8.54717245E-042  1.08752229E-073  8.54717245E-042
  5.188000E+00  2.08221734E-041  4.56684152E-073  2.08221734E-041
  5.248000E+00  5.21364377E-041  1.90287766E-072  5.21364377E-041
  5.309000E+00  8.99462415E-041  7.85237684E-072  8.99462415E-041
  5.370000E+00  1.24543080E-040  3.13643059E-071  1.24543080E-040
  5.432000E+00  1.98924387E-040  1.24084571E-070  1.98924387E-040
  5.495000E+00  3.69721998E-040  4.86022077E-070  3.69721998E-040
  5.559000E+00  7.82973555E-040  1.88685757E-069  7.82973555E-040
  5.623000E+00  1.86212037E-039  7.10326346E-069  1.86212037E-039
  5.688000E+00  4.30190736E-039  2.65086300E-068  4.30190736E-039
  5.754000E+00  6.74865703E-039  9.79240306E-068  6.74865703E-039
  5.821000E+00  9.66070539E-039  3.57821803E-067  9.66070539E-039
  5.888000E+00  1.65451856E-038  1.26905118E-066  1.65451856E-038
  5.957000E+00  3.39440000E-038  4.54088552E-066  3.39440000E-038
  6.026000E+00  8.03804479E-038  1.57805750E-065  8.03804479E-038
  6.095000E+00  2.22522511E-037  5.32971692E-065  2.22522511E-037
  6.166000E+00  7.08886118E-037  1.81176596E-064  7.08886118E-037
  6.237000E+00  1.46208894E-036  5.98196775E-064  1.46208894E-036
  6.310000E+00  1.38197530E-036  1.98386729E-063  1.38197530E-036
  6.383000E+00  1.29375042E-036  6.39490929E-063  1.29375042E-036
  6.457000E+00  1.53856335E-036  2.03554372E-062  1.53856335E-036
  6.531000E+00  2.21615734E-036  6.30867959E-062  2.21615734E-036
  6.607000E+00  3.57655866E-036  1.96035901E-061  3.57655866E-036
  6.683000E+00  5.77622759E-036  5.93440750E-061  5.77622759E-036
  6.761000E+00  8.87356528E-036  1.80063353E-060  8.87356528E-036
  6.839000E+00  1.31673332E-035  5.32398985E-060  1.31673332E-035
  6.918000E+00  2.00836676E-035  1.55704744E-059  2.00836676E-035
  6.998000E+00  3.22408259E-035  4.52350825E-059  3.22408259E-035
  7.080000E+00  5.45982958E-035  1.31589680E-058  5.45982958E-035
  7.161000E+00  9.44208227E-035  3.75597446E-058  9.44208227E-035
  7.244000E+00  1.68407882E-034  1.07449427E-057  1.68407882E-034
  7.328000E+00  3.07621548E-034  3.10733959E-057  3.07621548E-034
  7.413000E+00  5.83424232E-034  9.14316883E-057  5.83424232E-034
  7.499000E+00  1.15251442E-033  2.64743729E-056  1.15251442E-033
  7.586000E+00  2.11672947E-033  8.19815127E-056  2.11672947E-033
  7.674000E+00  3.10813680E-033  2.50266972E-055  3.10813680E-033
  7.762000E+00  4.31919382E-033  7.44369743E-055  4.31919382E-033
  7.852000E+00  5.96667487E-033  2.34425305E-054  5.96667487E-033
  7.943000E+00  6.98003338E-033  7.07303749E-054  6.98003338E-033
  8.035000E+00  7.30737705E-033  2.11255835E-053  7.30737705E-033
  8.128000E+00  7.83667046E-033  6.28704040E-053  7.83667046E-033
  8.222000E+00  9.18508498E-033  1.80225774E-052  9.18508498E-033
  8.318000E+00  1.18460889E-032  5.03600914E-052  1.18460889E-032
  8.414000E+00  1.64950172E-032  1.34308916E-051  1.64950172E-032
  8.511000E+00  2.60214427E-032  3.47482707E-051  2.60214427E-032
  8.610000E+00  3.99966414E-032  8.89597840E-051  3.99966414E-032
  8.710000E+00  4.31749168E-032  2.26455102E-050  4.31749168E-032
  8.811000E+00  4.04409961E-032  5.73703849E-050  4.04409961E-032
  8.913000E+00  4.03958084E-032  1.44032180E-049  4.03958084E-032
  9.016000E+00  4.35517472E-032  3.56428455E-049  4.35517472E-032
  9.120000E+00  4.94998885E-032  8.64610112E-049  4.94998885E-032
  9.226000E+00  5.83330010E-032  2.04985647E-048  5.83330010E-032
  9.333000E+00  7.03780263E-032  4.69439040E-048  7.03780263E-032
  9.441000E+00  8.63190113E-032  1.04008430E-047  8.63190113E-032
  9.550000E+00  1.07157932E-031  2.23546251E-047  1.07157932E-031
  9.660000E+00  1.34274061E-031  4.66990556E-047  1.34274061E-031
  9.772000E+00  1.69899189E-031  9.63063703E-047  1.69899189E-031
  9.885000E+00  2.16418839E-031  1.96277703E-046  2.16418839E-031
  1.000000E+01  2.78027365E-031  3.98442939E-046  2.78027365E-031
  1.012000E+01  3.62776576E-031  8.21762727E-046  3.62776576E-031
  1.023000E+01  4.65316411E-031  1.56594987E-045  4.65316411E-031
  1.035000E+01  6.15169273E-031  3.09621243E-045  6.15169273E-031
  1.047000E+01  8.23596354E-031  5.93087421E-045  8.23596354E-031
  1.059000E+01  1.12926879E-030  1.10840933E-044  1.12926879E-030
  1.072000E+01  1.63185582E-030  2.13893115E-044  1.63185582E-030
  1.084000E+01  2.36038988E-030  3.87631984E-044  2.36038988E-030
  1.097000E+01  3.95226871E-030  7.29921449E-044  3.95226871E-030
  1.109000E+01  7.78914779E-030  1.29213602E-043  7.78914779E-030
  1.122000E+01  2.42531470E-029  2.35808403E-043  2.42531470E-029
  1.135000E+01  2.40723290E-029  4.24584696E-043  2.40723290E-029
  1.148000E+01  1.98334492E-029  7.54033159E-043  1.98334492E-029
  1.161000E+01  1.76270521E-029  1.32465126E-042  1.76270521E-029
  1.175000E+01  2.03228539E-029  2.38640768E-042  2.03228539E-029
  1.189000E+01  2.80873983E-029  4.21412287E-042  2.80873983E-029
  1.202000E+01  3.63039940E-029  7.04426576E-042  3.63039940E-029
  1.216000E+01  4.15853147E-029  1.20675654E-041  4.15853147E-029
  1.230000E+01  5.05770848E-029  2.05160958E-041  5.05770848E-029
  1.244000E+01  7.23582107E-029  3.44336367E-041  7.23582107E-029
  1.259000E+01  1.09865181E-028  5.89660567E-041  1.09865181E-028
  1.273000E+01  1.25553165E-028  9.61194132E-041  1.25553165E-028
  1.288000E+01  1.10520121E-028  1.59853088E-040  1.10520121E-028
  1.303000E+01  1.08547923E-028  2.64054885E-040  1.08547923E-028
  1.318000E+01  1.21205753E-028  4.30635212E-040  1.21205753E-028
  1.334000E+01  1.53827506E-028  7.17951723E-040  1.53827506E-028
  1.349000E+01  1.90900065E-028  1.14321916E-039  1.90900065E-028
  1.365000E+01  2.04312587E-028  1.87138082E-039  2.04312587E-028
  1.380000E+01  2.13793866E-028  2.93967278E-039  2.13793866E-028
  1.396000E+01  2.41034101E-028  4.80989183E-039  2.41034101E-028
  1.412000E+01  2.95824496E-028  7.80938433E-039  2.95824496E-028
  1.429000E+01  3.39455272E-028  1.32358436E-038  3.39455272E-028
  1.445000E+01  3.66165712E-028  2.15790808E-038  3.66165712E-028
  1.462000E+01  4.17097819E-028  3.64034517E-038  4.17097819E-028
  1.479000E+01  4.84432387E-028  6.07205323E-038  4.84432387E-028
  1.496000E+01  5.65879586E-028  1.00384048E-037  5.65879586E-028
  1.514000E+01  6.68069603E-028  1.68919849E-037  6.68069603E-028
  1.531000E+01  7.81566277E-028  2.73751086E-037  7.81566276E-028
  1.549000E+01  9.23421199E-028  4.50979692E-037  9.23421198E-028
  1.567000E+01  1.09565581E-027  7.35465322E-037  1.09565581E-027
  1.585000E+01  1.31791474E-027  1.18535675E-036  1.31791473E-027
  1.603000E+01  1.56910224E-027  1.89000251E-036  1.56910224E-027
  1.622000E+01  1.97246812E-027  3.05584754E-036  1.97246812E-027
  1.641000E+01  3.04955551E-027  4.87997358E-036  3.04955551E-027
  1.660000E+01  3.13825335E-027  7.69802049E-036  3.13825334E-027
  1.679000E+01  3.54089726E-027  1.19947820E-035  3.54089725E-027
  1.698000E+01  4.20660970E-027  1.84252973E-035  4.20660968E-027
  1.718000E+01  4.77830753E-027  2.86150681E-035  4.77830750E-027
  1.738000E+01  5.44856915E-027  4.38137526E-035  5.44856910E-027
  1.758000E+01  5.25323952E-027  6.62849263E-035  5.25323946E-027
  1.778000E+01  5.61078946E-027  9.89436431E-035  5.61078936E-027
  1.799000E+01  5.96050886E-027  1.48254231E-034  5.96050871E-027
  1.820000E+01  6.28624130E-027  2.19725069E-034  6.28624108E-027
  1.841000E+01  6.82592298E-027  3.20323511E-034  6.82592266E-027
  1.862000E+01  7.46916715E-027  4.61774768E-034  7.46916669E-027
  1.884000E+01  8.21740501E-027  6.68799090E-034  8.21740435E-027
  1.906000E+01  9.01799464E-027  9.52340544E-034  9.01799369E-027
  1.927000E+01  9.82119203E-027  1.32290568E-033  9.82119070E-027
  1.950000E+01  1.07492716E-026  1.86978960E-033  1.07492697E-026
  1.972000E+01  1.16939668E-026  2.57192560E-033  1.16939643E-026
  1.995000E+01  1.27484511E-026  3.55862940E-033  1.27484476E-026
  2.018000E+01  1.38746081E-026  4.86788507E-033  1.38746033E-026
  2.042000E+01  1.51273622E-026  6.70199194E-033  1.51273555E-026
  2.065000E+01  1.64024505E-026  9.06283817E-033  1.64024414E-026
  2.089000E+01  1.78103112E-026  1.23120083E-032  1.78102989E-026
  2.114000E+01  1.93606723E-026  1.67941231E-032  1.93606555E-026
  2.138000E+01  2.09293160E-026  2.24453976E-032  2.09292936E-026
  2.163000E+01  2.26472117E-026  3.02077850E-032  2.26471815E-026
  2.188000E+01  2.44504663E-026  4.03440653E-032  2.44504260E-026
  2.213000E+01  2.63390381E-026  5.34839624E-032  2.63389846E-026
  2.239000E+01  2.83930643E-026  7.09076462E-032  2.83929934E-026
  2.265000E+01  3.05385790E-026  9.34069768E-032  3.05384856E-026
  2.291000E+01  3.27754321E-026  1.22361087E-031  3.27753097E-026
  2.317000E+01  3.51036110E-026  1.59587463E-031  3.51034514E-026
  2.344000E+01  3.76170522E-026  2.08866364E-031  3.76168433E-026
  2.371000E+01  4.02276441E-026  2.71060157E-031  4.02273730E-026
  2.399000E+01  4.30364795E-026  3.52990781E-031  4.30361265E-026
  2.427000E+01  4.59478447E-026  4.56862418E-031  4.59473879E-026
  2.455000E+01  4.89585044E-026  5.87701222E-031  4.89579166E-026
  2.483000E+01  5.20688794E-026  7.51033059E-031  5.20681284E-026
  2.512000E+01  5.53916584E-026  9.60556497E-031  5.53906979E-026
  2.541000E+01  5.88142613E-026  1.22191663E-030  5.88130394E-026
  2.570000E+01  6.23390647E-026  1.54478929E-030  6.23375199E-026
  2.600000E+01  6.60915167E-026  1.95648100E-030  6.60895602E-026
  2.630000E+01  6.99504219E-026  2.46263748E-030  6.99479592E-026
  2.661000E+01  7.40482990E-026  3.10412210E-030  7.40451948E-026
  2.692000E+01  7.82568980E-026  3.88877636E-030  7.82530092E-026
  2.723000E+01  8.25749137E-026  4.84303130E-030  8.25700707E-026
  2.754000E+01  8.70012069E-026  5.99710506E-030  8.69952098E-026
  2.786000E+01  9.16426123E-026  7.44577251E-030  9.16351665E-026
  2.818000E+01  9.63868814E-026  9.19260671E-030  9.63776888E-026
  2.851000E+01  1.01386685E-025  1.13589230E-029  1.01375326E-025
  2.884000E+01  1.06493606E-025  1.39571137E-029  1.06479649E-025
  2.917000E+01  1.11705981E-025  1.70568921E-029  1.11688924E-025
  2.951000E+01  1.17185021E-025  2.08577726E-029  1.17164164E-025
  2.985000E+01  1.22772931E-025  2.53693476E-029  1.22747562E-025
  3.020000E+01  1.28563250E-025  3.08926353E-029  1.28532358E-025
  3.055000E+01  1.34393554E-025  3.74415936E-029  1.34356112E-025
  3.090000E+01  1.40310521E-025  4.51471096E-029  1.40265374E-025
  3.126000E+01  1.46483079E-025  5.44488964E-029  1.46428630E-025
  3.162000E+01  1.52739203E-025  6.53367342E-029  1.52673866E-025
  3.199000E+01  1.59251430E-025  7.84011368E-029  1.59173029E-025
  3.236000E+01  1.65841828E-025  9.36123309E-029  1.65748215E-025
  3.273000E+01  1.72504554E-025  1.11241040E-028  1.72393313E-025
  3.311000E+01  1.79415900E-025  1.32170385E-028  1.79283729E-025
  3.350000E+01  1.86573367E-025  1.56982325E-028  1.86416384E-025
  3.388000E+01  1.93344963E-025  1.85299736E-028  1.93159663E-025
  3.428000E+01  2.00491858E-025  2.19616001E-028  2.00272242E-025
  3.467000E+01  2.07476669E-025  2.58016509E-028  2.07218653E-025
  3.508000E+01  2.14827960E-025  3.04232806E-028  2.14523727E-025
  3.548000E+01  2.21998705E-025  3.55712755E-028  2.21642992E-025
  3.589000E+01  2.29337524E-025  4.15710900E-028  2.28921813E-025
  3.631000E+01  2.36833060E-025  4.85524399E-028  2.36347536E-025
  3.673000E+01  2.44295283E-025  5.64615230E-028  2.43730668E-025
  3.715000E+01  2.51713487E-025  6.53855521E-028  2.51059632E-025
  3.758000E+01  2.59247402E-025  7.56688526E-028  2.58490713E-025
  3.802000E+01  2.66683434E-025  8.75052718E-028  2.65808381E-025
  3.846000E+01  2.74050845E-025  1.00777818E-027  2.73043067E-025
  3.890000E+01  2.81342881E-025  1.15603773E-027  2.80186843E-025
  3.935000E+01  2.88716125E-025  1.32499179E-027  2.87391133E-025
  3.981000E+01  2.96158466E-025  1.51717460E-027  2.94641292E-025
  4.027000E+01  3.03498988E-025  1.73047499E-027  3.01768513E-025
  4.074000E+01  3.10888205E-025  1.97174407E-027  3.08916461E-025
  4.121000E+01  3.18160146E-025  2.23815950E-027  3.15921986E-025
  4.169000E+01  3.25436840E-025  2.53911293E-027  3.22897727E-025
  4.217000E+01  3.32597041E-025  2.87037834E-027  3.29726663E-025
  4.266000E+01  3.39795158E-025  3.24121213E-027  3.36553946E-025
  4.315000E+01  3.46878849E-025  3.64684378E-027  3.43232006E-025
  4.365000E+01  3.53987418E-025  4.09846622E-027  3.49888952E-025
  4.416000E+01  3.61112142E-025  4.60026097E-027  3.56511881E-025
  4.467000E+01  3.68108468E-025  5.14548145E-027  3.62962987E-025
  4.519000E+01  3.75136640E-025  5.74942399E-027  3.69387216E-025
  4.571000E+01  3.82157293E-025  6.40886134E-027  3.75748432E-025
  4.624000E+01  3.89204422E-025  7.13478216E-027  3.82069640E-025
  4.677000E+01  3.96142041E-025  7.91688269E-027  3.88225159E-025
  4.731000E+01  4.03098067E-025  8.77331794E-027  3.94324749E-025
  4.786000E+01  4.10066403E-025  9.70915000E-027  4.00357253E-025
  4.842000E+01  4.17040890E-025  1.07294994E-026  4.06311390E-025
  4.898000E+01  4.23894013E-025  1.18194009E-026  4.12074613E-025
  4.954000E+01  4.30626059E-025  1.29800739E-026  4.17645986E-025
  5.012000E+01  4.37521370E-025  1.42613135E-026  4.23260057E-025
  5.070000E+01  4.44478699E-025  1.56345668E-026  4.28844132E-025
  5.129000E+01  4.51441998E-025  1.71150439E-026  4.34326954E-025
  5.188000E+01  4.58344606E-025  1.86846632E-026  4.39659942E-025
  5.248000E+01  4.65346128E-025  2.03769297E-026  4.44969198E-025
  5.309000E+01  4.72350382E-025  2.21894423E-026  4.50160940E-025
  5.370000E+01  4.79237968E-025  2.40943003E-026  4.55143667E-025
  5.433000E+01  4.86361973E-025  2.61685358E-026  4.60193437E-025
  5.495000E+01  4.93320881E-025  2.83111987E-026  4.65009682E-025
  5.559000E+01  5.00381595E-025  3.06217852E-026  4.69759809E-025
  5.623000E+01  5.07314219E-025  3.30305953E-026  4.74283624E-025
  5.688000E+01  5.14417664E-025  3.56008833E-026  4.78816781E-025
  5.754000E+01  5.21546570E-025  3.83192546E-026  4.83227315E-025
  5.821000E+01  5.28643398E-025  4.11809746E-026  4.87462424E-025
  5.888000E+01  5.35593763E-025  4.41414504E-026  4.91452312E-025
  5.957000E+01  5.42823472E-025  4.73282035E-026  4.95495269E-025
  6.026000E+01  5.49967910E-025  5.06276031E-026  4.99340307E-025
  6.095000E+01  5.56952399E-025  5.40228012E-026  5.02929597E-025
  6.166000E+01  5.63965301E-025  5.76099103E-026  5.06355390E-025
  6.237000E+01  5.70921709E-025  6.13060645E-026  5.09615645E-025
  6.310000E+01  5.77996499E-025  6.52133658E-026  5.12783133E-025
  6.383000E+01  5.84938195E-025  6.92212591E-026  5.15716936E-025
  6.457000E+01  5.91901466E-025  7.34000472E-026  5.18501419E-025
  6.531000E+01  5.98664680E-025  7.76544324E-026  5.21010248E-025
  6.607000E+01  6.05562069E-025  8.21275302E-026  5.23434539E-025
  6.683000E+01  6.12223056E-025  8.66615986E-026  5.25561458E-025
  6.761000E+01  6.18965637E-025  9.14030458E-026  5.27562591E-025
  6.839000E+01  6.25498934E-025  9.62018758E-026  5.29297058E-025
  6.918000E+01  6.31931239E-025  1.01135519E-025  5.30795719E-025
  6.998000E+01  6.38310721E-025  1.06225307E-025  5.32085415E-025
  7.079000E+01  6.44515495E-025  1.11358292E-025  5.33157203E-025
  7.161000E+01  6.50722854E-025  1.16679081E-025  5.34043773E-025
  7.244000E+01  6.56707900E-025  1.22077824E-025  5.34630076E-025
  7.328000E+01  6.62541830E-025  1.27563899E-025  5.34977932E-025
  7.413000E+01  6.68258941E-025  1.33142366E-025  5.35116575E-025
  7.499000E+01  6.73688912E-025  1.38754632E-025  5.34934280E-025
  7.586000E+01  6.79047465E-025  1.44461331E-025  5.34586135E-025
  7.674000E+01  6.84141363E-025  1.50194468E-025  5.33946895E-025
  7.762000E+01  6.88899165E-025  1.55879668E-025  5.33019497E-025
  7.852000E+01  6.93651274E-025  1.61744546E-025  5.31906728E-025
  7.943000E+01  6.98049718E-025  1.67583273E-025  5.30466445E-025
  8.035000E+01  7.02212298E-025  1.73427380E-025  5.28784918E-025
  8.128000E+01  7.06209395E-025  1.79295026E-025  5.26914369E-025
  8.222000E+01  7.09817989E-025  1.85094010E-025  5.24723979E-025
  8.318000E+01  7.13282847E-025  1.90965012E-025  5.22317835E-025
  8.414000E+01  7.16494321E-025  1.96762776E-025  5.19731545E-025
  8.511000E+01  7.19291081E-025  2.02451468E-025  5.16839613E-025
  8.610000E+01  7.21950987E-025  2.08173549E-025  5.13777438E-025
  8.710000E+01  7.24357609E-025  2.13828089E-025  5.10529520E-025
  8.811000E+01  7.26322313E-025  2.19329206E-025  5.06993107E-025
  8.912000E+01  7.28112141E-025  2.24742400E-025  5.03369742E-025
  9.016000E+01  7.29724760E-025  2.30196604E-025  4.99528156E-025
  9.120000E+01  7.30867369E-025  2.35409185E-025  4.95458184E-025
  9.226000E+01  7.31726600E-025  2.40543356E-025  4.91183244E-025
  9.332000E+01  7.32379618E-025  2.45538195E-025  4.86841423E-025
  9.441000E+01  7.32571441E-025  2.50397557E-025  4.82173885E-025
  9.550000E+01  7.32346759E-025  2.55003893E-025  4.77342866E-025
  9.661000E+01  7.32117663E-025  2.59671582E-025  4.72446081E-025
  9.772000E+01  7.31423852E-025  2.64044798E-025  4.67379054E-025
  9.886000E+01  7.30237911E-025  2.68224536E-025  4.62013374E-025
  1.000000E+02  7.28589977E-025  2.72087785E-025  4.56502192E-025
  1.012000E+02  7.26968037E-025  2.76125576E-025  4.50842460E-025
  1.023000E+02  7.25064830E-025  2.79524024E-025  4.45540807E-025
  1.035000E+02  7.22694994E-025  2.82965308E-025  4.39729685E-025
  1.047000E+02  7.20733376E-025  2.86443705E-025  4.34289671E-025
  1.059000E+02  7.18371142E-025  2.89594971E-025  4.28776171E-025
  1.072000E+02  7.15377376E-025  2.92640620E-025  4.22736756E-025
  1.084000E+02  7.12229100E-025  2.95114009E-025  4.17115091E-025
  1.097000E+02  7.08420147E-025  2.97430592E-025  4.10989554E-025
  1.109000E+02  7.04553410E-025  2.99237769E-025  4.05315641E-025
  1.122000E+02  7.00003379E-025  3.00841881E-025  3.99161498E-025
  1.135000E+02  6.95853596E-025  3.02386608E-025  3.93466988E-025
  1.148000E+02  6.91891011E-025  3.03786323E-025  3.88104688E-025
  1.161000E+02  6.87653621E-025  3.04854248E-025  3.82799372E-025
  1.175000E+02  6.82810170E-025  3.05641812E-025  3.77168358E-025
  1.188000E+02  6.78568166E-025  3.06264644E-025  3.72303522E-025
  1.202000E+02  6.74217989E-025  3.06790076E-025  3.67427913E-025
  1.216000E+02  6.69689394E-025  3.06979445E-025  3.62709949E-025
  1.230000E+02  6.65015249E-025  3.06843369E-025  3.58171880E-025
  1.244000E+02  6.60585835E-025  3.06537322E-025  3.54048512E-025
  1.259000E+02  6.56606730E-025  3.06246441E-025  3.50360289E-025
  1.273000E+02  6.52750126E-025  3.05682601E-025  3.47067525E-025
  1.288000E+02  6.48458840E-025  3.04777779E-025  3.43681061E-025
  1.303000E+02  6.43982295E-025  3.03575014E-025  3.40407281E-025
  1.318000E+02  6.39281906E-025  3.02087861E-025  3.37194045E-025
  1.334000E+02  6.33953999E-025  3.00203433E-025  3.33750567E-025
  1.349000E+02  6.28576460E-025  2.98171643E-025  3.30404817E-025
  1.365000E+02  6.20783241E-025  2.96451097E-025  3.24332144E-025
  1.380000E+02  6.12445057E-025  2.94650756E-025  3.17794300E-025
  1.396000E+02  6.02644512E-025  2.92496776E-025  3.10147736E-025
  1.412000E+02  5.92052666E-025  2.90115498E-025  3.01937168E-025
  1.429000E+02  5.80115212E-025  2.87351903E-025  2.92763309E-025
  1.445000E+02  5.68409684E-025  2.84545481E-025  2.83864203E-025
  1.462000E+02  5.55646407E-025  2.81360637E-025  2.74285770E-025
  1.479000E+02  5.42701495E-025  2.77981875E-025  2.64719620E-025
  1.496000E+02  5.29703481E-025  2.74424304E-025  2.55279177E-025
  1.514000E+02  5.17401378E-025  2.71187752E-025  2.46213626E-025
  1.531000E+02  5.06337644E-025  2.68161257E-025  2.38176387E-025
  1.549000E+02  4.94825529E-025  2.64804413E-025  2.30021116E-025
  1.567000E+02  4.83515576E-025  2.61304508E-025  2.22211068E-025
  1.585000E+02  4.72401846E-025  2.57674853E-025  2.14726992E-025
  1.603000E+02  4.61478865E-025  2.53928207E-025  2.07550657E-025
  1.622000E+02  4.50150553E-025  2.49859956E-025  2.00290597E-025
  1.641000E+02  4.39024205E-025  2.45688581E-025  1.93335624E-025
  1.660000E+02  4.28095441E-025  2.41427048E-025  1.86668392E-025
  1.679000E+02  4.17360524E-025  2.37087634E-025  1.80272890E-025
  1.698000E+02  4.06816283E-025  2.32681938E-025  1.74134345E-025
  1.718000E+02  3.95920127E-025  2.27984780E-025  1.67935347E-025
  1.738000E+02  3.85229618E-025  2.23238291E-025  1.61991326E-025
  1.758000E+02  3.75214616E-025  2.18764386E-025  1.56450230E-025
  1.778000E+02  3.66063087E-025  2.14714752E-025  1.51348335E-025
  1.799000E+02  3.56612328E-025  2.10428557E-025  1.46183770E-025
  1.820000E+02  3.47325698E-025  2.06117023E-025  1.41208675E-025
  1.841000E+02  3.38204839E-025  2.01789190E-025  1.36415648E-025
  1.862000E+02  3.29251081E-025  1.97453437E-025  1.31797644E-025
  1.884000E+02  3.20051291E-025  1.92911161E-025  1.27140131E-025
  1.906000E+02  3.11036828E-025  1.88376889E-025  1.22659938E-025
  1.928000E+02  3.02208157E-025  1.83858147E-025  1.18350010E-025
  1.950000E+02  2.93565386E-025  1.79361793E-025  1.14203593E-025
  1.972000E+02  2.85108318E-025  1.74894091E-025  1.10214227E-025
  1.995000E+02  2.76464825E-025  1.70260098E-025  1.06204728E-025
  2.018000E+02  2.68565953E-025  1.66063862E-025  1.02502091E-025
  2.042000E+02  2.60666476E-025  1.61839771E-025  9.88267059E-026
  2.065000E+02  2.53267548E-025  1.57831648E-025  9.54358999E-026
  2.089000E+02  2.45725270E-025  1.53695442E-025  9.20298282E-026
  2.114000E+02  2.38061444E-025  1.49441422E-025  8.86200228E-026
  2.138000E+02  2.30887874E-025  1.45413658E-025  8.54742163E-026
  2.163000E+02  2.23605047E-025  1.41279957E-025  8.23250896E-026
  2.188000E+02  2.16513672E-025  1.37212452E-025  7.93012203E-026
  2.213000E+02  2.09611377E-025  1.33213772E-025  7.63976053E-026
  2.239000E+02  2.02630762E-025  1.29130542E-025  7.35002204E-026
  2.265000E+02  1.96020469E-025  1.25298029E-025  7.07224401E-026
  2.291000E+02  1.89725856E-025  1.21666636E-025  6.80592200E-026
  2.317000E+02  1.83611832E-025  1.18106120E-025  6.55057116E-026
  2.344000E+02  1.77449993E-025  1.14484876E-025  6.29651172E-026
  2.371000E+02  1.71474989E-025  1.10942189E-025  6.05328000E-026
  2.399000E+02  1.65471566E-025  1.07351934E-025  5.81196318E-026
  2.427000E+02  1.59665640E-025  1.03853016E-025  5.58126239E-026
  2.455000E+02  1.54047472E-025  1.00440595E-025  5.36068769E-026
  2.483000E+02  1.48607010E-025  9.71092960E-026  5.14977142E-026
  2.512000E+02  1.43117618E-025  9.36737965E-026  4.94438214E-026
  2.541000E+02  1.37806106E-025  9.02788780E-026  4.75272280E-026
  2.570000E+02  1.32671950E-025  8.69791015E-026  4.56928485E-026
  2.600000E+02  1.27543265E-025  8.36654696E-026  4.38777953E-026
  2.630000E+02  1.22736903E-025  8.05940466E-026  4.21428562E-026
  2.661000E+02  1.17945494E-025  7.75152132E-026  4.04302808E-026
  2.691000E+02  1.13472979E-025  7.46260821E-026  3.88468973E-026
  2.723000E+02  1.08874788E-025  7.16405289E-026  3.72342588E-026
  2.754000E+02  1.04615465E-025  6.88719616E-026  3.57435035E-026
  2.786000E+02  1.00574129E-025  6.62993085E-026  3.42748205E-026
  2.818000E+02  9.66824750E-026  6.38085703E-026  3.28739047E-026
  2.851000E+02  9.28204667E-026  6.13238403E-026  3.14966264E-026
  2.884000E+02  8.91065254E-026  5.89221899E-026  3.01843355E-026
  2.917000E+02  8.55352213E-026  5.66015075E-026  2.89337138E-026
  2.951000E+02  8.19993100E-026  5.42929328E-026  2.77063772E-026
  2.985000E+02  7.86036093E-026  5.20656941E-026  2.65379152E-026
  3.020000E+02  7.54092048E-026  4.99971452E-026  2.54120596E-026
  3.055000E+02  7.24575695E-026  4.81041436E-026  2.43534259E-026
  3.090000E+02  6.96221452E-026  4.62773795E-026  2.33447657E-026
  3.126000E+02  6.68221305E-026  4.44654163E-026  2.23567142E-026
  3.162000E+02  6.41354182E-026  4.27192536E-026  2.14161646E-026
  3.199000E+02  6.14872714E-026  4.09909119E-026  2.04963595E-026
  3.236000E+02  5.89490780E-026  3.93275486E-026  1.96215294E-026
  3.273000E+02  5.65161865E-026  3.77269285E-026  1.87892580E-026
  3.311000E+02  5.41224589E-026  3.61460587E-026  1.79764002E-026
  3.350000E+02  5.17714628E-026  3.45875708E-026  1.71838920E-026
  3.388000E+02  4.95792156E-026  3.31290780E-026  1.64501376E-026
  3.428000E+02  4.73718652E-026  3.16554016E-026  1.57164636E-026
  3.467000E+02  4.53142647E-026  3.02770381E-026  1.50372265E-026
  3.508000E+02  4.33252838E-026  2.89658746E-026  1.43594091E-026
  3.548000E+02  4.15551689E-026  2.78211934E-026  1.37339756E-026
  3.589000E+02  3.98321226E-026  2.66944601E-026  1.31376625E-026
  3.631000E+02  3.81448074E-026  2.55871727E-026  1.25576347E-026
  3.673000E+02  3.65324894E-026  2.45254394E-026  1.20070500E-026
  3.715000E+02  3.49916216E-026  2.35073774E-026  1.14842443E-026
  3.758000E+02  3.34845646E-026  2.25084251E-026  1.09761394E-026
  3.802000E+02  3.20127306E-026  2.15297063E-026  1.04830243E-026
  3.846000E+02  3.06084985E-026  2.05930419E-026  1.00154567E-026
  3.890000E+02  2.92685417E-026  1.96965850E-026  9.57195674E-027
  3.935000E+02  2.79613272E-026  1.88194994E-026  9.14182786E-027
  3.981000E+02  2.66878096E-026  1.79625931E-026  8.72521643E-027
  4.027000E+02  2.55418314E-026  1.72112741E-026  8.33055726E-027
  4.074000E+02  2.44349168E-026  1.64862741E-026  7.94864273E-027
  4.121000E+02  2.33798780E-026  1.57928802E-026  7.58699777E-027
  4.169000E+02  2.23592799E-026  1.51158476E-026  7.24343224E-027
  4.217000E+02  2.13885865E-026  1.44687938E-026  6.91979269E-027
  4.266000E+02  2.04444327E-026  1.38377239E-026  6.60670889E-027
  4.315000E+02  1.95450778E-026  1.32350096E-026  6.31006820E-027
  4.365000E+02  1.86711358E-026  1.26478215E-026  6.02331433E-027
  4.416000E+02  1.78228577E-026  1.20764387E-026  5.74641905E-027
  4.467000E+02  1.70158328E-026  1.15315107E-026  5.48432208E-027
  4.519000E+02  1.62580335E-026  1.10266358E-026  5.23139771E-027
  4.571000E+02  1.55504809E-026  1.05584335E-026  4.99204745E-027
  4.624000E+02  1.48642235E-026  1.01030133E-026  4.76121027E-027
  4.677000E+02  1.42113028E-026  9.66849587E-027  4.54280689E-027
  4.731000E+02  1.35784882E-026  9.24620144E-027  4.33228681E-027
  4.786000E+02  1.29657608E-026  8.83620470E-027  4.12955608E-027
  4.842000E+02  1.23730473E-026  8.43854358E-027  3.93450374E-027
  4.898000E+02  1.18100194E-026  8.05981830E-027  3.75020108E-027
  4.955000E+02  1.12657161E-026  7.69276283E-027  3.57295329E-027
  5.012000E+02  1.07544828E-026  7.34781361E-027  3.40666914E-027
  5.070000E+02  1.02798225E-026  7.02908828E-027  3.25073420E-027
  5.129000E+02  9.82095934E-027  6.72028467E-027  3.10067467E-027
  5.188000E+02  9.38493417E-027  6.42621322E-027  2.95872095E-027
  5.248000E+02  8.96362844E-027  6.14146709E-027  2.82216135E-027
  5.309000E+02  8.55687068E-027  5.86598084E-027  2.69088984E-027
  5.370000E+02  8.17063112E-027  5.60386002E-027  2.56677110E-027
  5.432000E+02  7.79789121E-027  5.35040064E-027  2.44749057E-027
  5.495000E+02  7.44103079E-027  5.10809080E-027  2.33293999E-027
  5.559000E+02  7.10608628E-027  4.88308003E-027  2.22300625E-027
  5.623000E+02  6.78816432E-027  4.66901549E-027  2.11914884E-027
  5.688000E+02  6.48169445E-027  4.46219987E-027  2.01949458E-027
  5.754000E+02  6.18646131E-027  4.26252775E-027  1.92393355E-027
  5.821000E+02  5.90223758E-027  4.06988433E-027  1.83235325E-027
  5.888000E+02  5.63270123E-027  3.88680868E-027  1.74589255E-027
  5.957000E+02  5.36956674E-027  3.70770910E-027  1.66185764E-027
  6.026000E+02  5.12346108E-027  3.54088539E-027  1.58257570E-027
  6.095000E+02  4.89175566E-027  3.38401573E-027  1.50773993E-027
  6.166000E+02  4.66573272E-027  3.23065620E-027  1.43507652E-027
  6.237000E+02  4.45272744E-027  3.08619558E-027  1.36653186E-027
  6.310000E+02  4.24626075E-027  2.94619041E-027  1.30007034E-027
  6.383000E+02  4.05082280E-027  2.81341023E-027  1.23741257E-027
  6.457000E+02  3.86487581E-027  2.68735200E-027  1.17752382E-027
  6.531000E+02  3.68867941E-027  2.56763127E-027  1.12104814E-027
  6.607000E+02  3.51777836E-027  2.45141293E-027  1.06636543E-027
  6.683000E+02  3.35670501E-027  2.34187980E-027  1.01482521E-027
  6.761000E+02  3.20016645E-027  2.23518665E-027  9.64979794E-028
  6.839000E+02  3.05303340E-027  2.13501306E-027  9.18020344E-028
  6.918000E+02  2.91222796E-027  2.03902308E-027  8.73204887E-028
  6.998000E+02  2.77723432E-027  1.94678316E-027  8.30451158E-028
  7.080000E+02  2.64938953E-027  1.85887167E-027  7.90517855E-028
  7.161000E+02  2.52986908E-027  1.77652821E-027  7.53340866E-028
  7.244000E+02  2.41384067E-027  1.69645441E-027  7.17386255E-028
  7.328000E+02  2.30265204E-027  1.61959103E-027  6.83061005E-028
  7.413000E+02  2.19613743E-027  1.54583627E-027  6.50301159E-028
  7.499000E+02  2.09413366E-027  1.47508932E-027  6.19044342E-028
  7.586000E+02  1.99780599E-027  1.40857617E-027  5.89229818E-028
  7.674000E+02  1.90560715E-027  1.34480866E-027  5.60798492E-028
  7.762000E+02  1.81832726E-027  1.28433851E-027  5.33988749E-028
  7.852000E+02  1.73383850E-027  1.22570210E-027  5.08136400E-028
  7.943000E+02  1.65301726E-027  1.16951604E-027  4.83501212E-028
  8.035000E+02  1.57643742E-027  1.11640648E-027  4.60030943E-028
  8.128000E+02  1.50354161E-027  1.06586653E-027  4.37675080E-028
  8.222000E+02  1.43383752E-027  1.01745271E-027  4.16384810E-028
  8.318000E+02  1.36651797E-027  9.70611941E-028  3.95906025E-028
  8.414000E+02  1.30286222E-027  9.26242845E-028  3.76619380E-028
  8.511000E+02  1.24203145E-027  8.83770011E-028  3.58261440E-028
  8.610000E+02  1.18333497E-027  8.42717770E-028  3.40617196E-028
  8.710000E+02  1.12730175E-027  8.03462416E-028  3.23839337E-028
  8.810000E+02  1.07433460E-027  7.66294071E-028  3.08040526E-028
  8.912000E+02  1.02326731E-027  7.30401043E-028  2.92866272E-028
  9.016000E+02  9.74226004E-028  6.95919785E-028  2.78306219E-028
  9.120000E+02  9.28538672E-028  6.63934464E-028  2.64604208E-028
  9.226000E+02  8.84535319E-028  6.33073870E-028  2.51461449E-028
  9.333000E+02  8.42573551E-028  6.03593873E-028  2.38979678E-028
  9.441000E+02  8.02562719E-028  5.75436378E-028  2.27126341E-028
  9.550000E+02  7.64415813E-028  5.48545437E-028  2.15870376E-028
  9.660000E+02  7.28049259E-028  5.22867117E-028  2.05182142E-028
  9.772000E+02  6.93079487E-028  4.98134757E-028  1.94944730E-028
  9.885000E+02  6.59766818E-028  4.74536459E-028  1.85230359E-028
  1.000000E+03  6.27774538E-028  4.51838659E-028  1.75935879E-028
  1.012000E+03  5.97191242E-028  4.30204659E-028  1.66986583E-028
  1.023000E+03  5.70687280E-028  4.11428933E-028  1.59258346E-028
  1.035000E+03  5.43337250E-028  3.92026278E-028  1.51310972E-028
  1.047000E+03  5.17515512E-028  3.73681243E-028  1.43834269E-028
  1.059000E+03  4.93123701E-028  3.56327564E-028  1.36796137E-028
  1.072000E+03  4.68207273E-028  3.38575175E-028  1.29632098E-028
  1.084000E+03  4.46509211E-028  3.23094112E-028  1.23415099E-028
  1.096000E+03  4.25980430E-028  3.08428093E-028  1.17552337E-028
  1.109000E+03  4.04976408E-028  2.93402588E-028  1.11573821E-028
  1.122000E+03  3.85174123E-028  2.79217650E-028  1.05956473E-028
  1.135000E+03  3.66494497E-028  2.65819347E-028  1.00675150E-028
  1.148000E+03  3.48864352E-028  2.53157656E-028  9.57066961E-029
  1.161000E+03  3.32215896E-028  2.41186152E-028  9.10297438E-029
  1.175000E+03  3.15312695E-028  2.29016248E-028  8.62964469E-029
  1.188000E+03  3.00507595E-028  2.18343943E-028  8.21636515E-029
  1.202000E+03  2.85490258E-028  2.07513695E-028  7.79765629E-029
  1.216000E+03  2.71541785E-028  1.97494282E-028  7.40475033E-029
  1.230000E+03  2.58385046E-028  1.88031514E-028  7.03535316E-029
  1.244000E+03  2.46045441E-028  1.79158658E-028  6.68867835E-029
  1.259000E+03  2.33770504E-028  1.70353347E-028  6.34171571E-029
  1.274000E+03  2.22211895E-028  1.62050531E-028  6.01613636E-029
  1.288000E+03  2.12027534E-028  1.54725409E-028  5.73021253E-029
  1.303000E+03  2.01720290E-028  1.47302555E-028  5.44177351E-029
  1.318000E+03  1.91998033E-028  1.40292064E-028  5.17059695E-029
  1.334000E+03  1.82229315E-028  1.33239035E-028  4.89902797E-029
  1.349000E+03  1.73597868E-028  1.26999317E-028  4.65985509E-029
  1.365000E+03  1.64915209E-028  1.20714934E-028  4.42002752E-029
  1.380000E+03  1.57234741E-028  1.15149318E-028  4.20854233E-029
  1.396000E+03  1.49500196E-028  1.09538039E-028  3.99621572E-029
  1.412000E+03  1.42207619E-028  1.04241254E-028  3.79663650E-029
  1.429000E+03  1.34911030E-028  9.89353865E-029  3.59756434E-029
  1.445000E+03  1.28440585E-028  9.42249385E-029  3.42156467E-029
  1.462000E+03  1.21959164E-028  8.95013185E-029  3.24578459E-029
  1.479000E+03  1.15856149E-028  8.50485899E-029  3.08075590E-029
  1.496000E+03  1.10106137E-028  8.08489410E-029  2.92571959E-029
  1.514000E+03  1.04545813E-028  7.68252589E-029  2.77205539E-029
  1.531000E+03  9.96393868E-029  7.32809813E-029  2.63584055E-029
  1.549000E+03  9.47390510E-029  6.97362897E-029  2.50027613E-029
  1.567000E+03  9.01217580E-029  6.63917681E-029  2.37299900E-029
  1.585000E+03  8.57685968E-029  6.32343525E-029  2.25342443E-029
  1.603000E+03  8.16620883E-029  6.02519443E-029  2.14101441E-029
  1.622000E+03  7.75771888E-029  5.72813381E-029  2.02958507E-029
  1.641000E+03  7.37315561E-029  5.44810498E-029  1.92505063E-029
  1.660000E+03  7.01089963E-029  5.18398088E-029  1.82691875E-029
  1.679000E+03  6.66945602E-029  4.93471925E-029  1.73473677E-029
  1.698000E+03  6.34744357E-029  4.69935534E-029  1.64808823E-029
  1.718000E+03  6.02807270E-029  4.46563660E-029  1.56243610E-029
  1.738000E+03  5.72744238E-029  4.24536322E-029  1.48207916E-029
  1.758000E+03  5.44428376E-029  4.03764418E-029  1.40663959E-029
  1.778000E+03  5.17742554E-029  3.84165559E-029  1.33576995E-029
  1.799000E+03  4.91358456E-029  3.64765873E-029  1.26592583E-029
  1.820000E+03  4.66536602E-029  3.46493822E-029  1.20042781E-029
  1.841000E+03  4.43170400E-029  3.29274036E-029  1.13896364E-029
  1.862000E+03  4.21161516E-029  3.13036866E-029  1.08124650E-029
  1.884000E+03  3.99461549E-029  2.97010278E-029  1.02451272E-029
  1.906000E+03  3.79055342E-029  2.81923010E-029  9.71323324E-030
  1.928000E+03  3.59854150E-029  2.67711882E-029  9.21422686E-030
  1.950000E+03  3.41776124E-029  2.54318530E-029  8.74575939E-030
  1.972000E+03  3.24745727E-029  2.41689005E-029  8.30567219E-030
  1.995000E+03  3.07985677E-029  2.29247959E-029  7.87377177E-030
  2.018000E+03  2.92709861E-029  2.18039813E-029  7.46700477E-030
  2.042000E+03  2.77852229E-029  2.07164096E-029  7.06881326E-030
  2.065000E+03  2.64446059E-029  1.97335948E-029  6.71101109E-030
  2.089000E+03  2.51266321E-029  1.87659570E-029  6.36067514E-030
  2.114000E+03  2.38356202E-029  1.78167012E-029  6.01891905E-030
  2.138000E+03  2.26694546E-029  1.69580007E-029  5.71145382E-030
  2.163000E+03  2.15257042E-029  1.61146233E-029  5.41108097E-030
  2.188000E+03  2.04494728E-029  1.53199292E-029  5.12954359E-030
  2.213000E+03  1.94361476E-029  1.45706761E-029  4.86547144E-030
  2.239000E+03  1.84444501E-029  1.38364366E-029  4.60801350E-030
  2.265000E+03  1.75117817E-029  1.31449907E-029  4.36679096E-030
  2.291000E+03  1.66340813E-029  1.24934648E-029  4.14061646E-030
  2.317000E+03  1.58076045E-029  1.18792032E-029  3.92840131E-030
  2.344000E+03  1.49998581E-029  1.12781292E-029  3.72172886E-030
  2.371000E+03  1.42400632E-029  1.07120562E-029  3.52800697E-030
  2.399000E+03  1.34992659E-029  1.01594820E-029  3.33978386E-030
  2.427000E+03  1.28031329E-029  9.63961691E-030  3.16351603E-030
  2.455000E+03  1.21485595E-029  9.15023607E-030  2.99832344E-030
  2.483000E+03  1.15349767E-029  8.69157698E-030  2.84339970E-030
  2.512000E+03  1.09541281E-029  8.26114813E-030  2.69297998E-030
  2.541000E+03  1.04076232E-029  7.85559414E-030  2.55202905E-030
  2.570000E+03  9.89310878E-030  7.47325237E-030  2.41985641E-030
  2.600000E+03  9.39220940E-030  7.10051931E-030  2.29169009E-030
  2.630000E+03  8.92101116E-030  6.74941339E-030  2.17159776E-030
  2.661000E+03  8.46314523E-030  6.40778596E-030  2.05535928E-030
  2.692000E+03  8.03274713E-030  6.08622901E-030  1.94651812E-030
  2.723000E+03  7.62791113E-030  5.78338173E-030  1.84452939E-030
  2.754000E+03  7.24688200E-030  5.49798837E-030  1.74889363E-030
  2.786000E+03  6.87681848E-030  5.22046727E-030  1.65635121E-030
  2.818000E+03  6.52875882E-030  4.95913052E-030  1.56962830E-030
  2.851000E+03  6.19127058E-030  4.70542800E-030  1.48584258E-030
  2.884000E+03  5.87405114E-030  4.46668108E-030  1.40737006E-030
  2.917000E+03  5.57569616E-030  4.24187525E-030  1.33382091E-030
  2.951000E+03  5.28666462E-030  4.02384944E-030  1.26281519E-030
  2.985000E+03  5.01498212E-030  3.81868370E-030  1.19629842E-030
  3.020000E+03  4.75776498E-030  3.62559677E-030  1.13216821E-030
  3.055000E+03  4.51991265E-030  3.44779334E-030  1.07211931E-030
  3.090000E+03  4.29606639E-030  3.28021499E-030  1.01585140E-030
  3.126000E+03  4.07942952E-030  3.11779880E-030  9.61630717E-031
  3.162000E+03  3.87563967E-030  2.96479505E-030  9.10844619E-031
  3.199000E+03  3.67864793E-030  2.81668542E-030  8.61962506E-031
  3.236000E+03  3.49341142E-030  2.67721857E-030  8.16192848E-031
  3.273000E+03  3.31911762E-030  2.54581098E-030  7.73306639E-031
  3.311000E+03  3.15071763E-030  2.41867520E-030  7.32042429E-031
  3.350000E+03  2.98828384E-030  2.29587759E-030  6.92406247E-031
  3.388000E+03  2.83944378E-030  2.18320802E-030  6.56235762E-031
  3.428000E+03  2.69212263E-030  2.07154294E-030  6.20579694E-031
  3.467000E+03  2.55708269E-030  1.96905490E-030  5.88027793E-031
  3.508000E+03  2.42363022E-030  1.86764320E-030  5.55987018E-031
  3.548000E+03  2.30125894E-030  1.77453579E-030  5.26723150E-031
  3.589000E+03  2.18329120E-030  1.68466953E-030  4.98621669E-031
  3.631000E+03  2.06973538E-030  1.59805912E-030  4.71676260E-031
  3.673000E+03  1.96304117E-030  1.51658479E-030  4.46456378E-031
  3.715000E+03  1.86273029E-030  1.43989580E-030  4.22834496E-031
  3.758000E+03  1.76618455E-030  1.36600081E-030  4.00183743E-031
  3.802000E+03  1.67338835E-030  1.29489481E-030  3.78493541E-031
  3.846000E+03  1.58623039E-030  1.22803444E-030  3.58195950E-031
  3.890000E+03  1.50431623E-030  1.16512841E-030  3.39187821E-031
  3.936000E+03  1.42389171E-030  1.10329980E-030  3.20591910E-031
  3.981000E+03  1.35001078E-030  1.04644168E-030  3.03569097E-031
  4.027000E+03  1.28080521E-030  9.93531235E-031  2.87273973E-031
  4.074000E+03  1.21551643E-030  9.43822508E-031  2.71693923E-031
  4.121000E+03  1.15413751E-030  8.97023145E-031  2.57114361E-031
  4.169000E+03  1.09520632E-030  8.52026045E-031  2.43180278E-031
  4.217000E+03  1.03980440E-030  8.09664173E-031  2.30140225E-031
  4.266000E+03  9.86634556E-031  7.68952546E-031  2.17682010E-031
  4.315000E+03  9.36648041E-031  7.30625886E-031  2.06022155E-031
  4.365000E+03  8.88694093E-031  6.93807962E-031  1.94886131E-031
  4.416000E+03  8.42735752E-031  6.58474707E-031  1.84261045E-031
  4.467000E+03  7.99552341E-031  6.25230788E-031  1.74321553E-031
  4.519000E+03  7.58178680E-031  5.93338431E-031  1.64840249E-031
  4.571000E+03  7.19299785E-031  5.63330536E-031  1.55969249E-031
  4.624000E+03  6.82060586E-031  5.34551777E-031  1.47508809E-031
  4.677000E+03  6.47063387E-031  5.07471906E-031  1.39591481E-031
  4.732000E+03  6.12949418E-031  4.81042763E-031  1.31906655E-031
  4.786000E+03  5.81486694E-031  4.56637923E-031  1.24848771E-031
  4.842000E+03  5.50834380E-031  4.32833251E-031  1.18001129E-031
  4.898000E+03  5.22052492E-031  4.10454634E-031  1.11597858E-031
  4.954000E+03  4.95009596E-031  3.89403855E-031  1.05605742E-031
  5.012000E+03  4.68907184E-031  3.69106534E-031  9.98006504E-032
  5.070000E+03  4.45091523E-031  3.50718436E-031  9.43730865E-032
  5.129000E+03  4.22323056E-031  3.33112931E-031  8.92101248E-032
  5.188000E+03  4.00922103E-031  3.16540759E-031  8.43813448E-032
  5.248000E+03  3.80462819E-031  3.00675049E-031  7.97877697E-032
  5.309000E+03  3.60916663E-031  2.85495841E-031  7.54208217E-032
  5.370000E+03  3.42546514E-031  2.71209857E-031  7.13366572E-032
  5.432000E+03  3.24995995E-031  2.57542396E-031  6.74535989E-032
  5.495000E+03  3.08238792E-031  2.44474809E-031  6.37639835E-032
  5.559000E+03  2.92248475E-031  2.31988268E-031  6.02602067E-032
  5.623000E+03  2.77225982E-031  2.20241762E-031  5.69842206E-032
  5.688000E+03  2.62889783E-031  2.09017113E-031  5.38726692E-032
  5.754000E+03  2.49216025E-031  1.98297150E-031  5.09188742E-032
  5.821000E+03  2.36180967E-031  1.88064706E-031  4.81162612E-032
  5.888000E+03  2.23938081E-031  1.78441906E-031  4.54961758E-032
  5.957000E+03  2.12099149E-031  1.69124926E-031  4.29742233E-032
  6.026000E+03  2.00985763E-031  1.60368076E-031  4.06176872E-032
  6.095000E+03  1.90546681E-031  1.52132602E-031  3.84140790E-032
  6.166000E+03  1.80459276E-031  1.44165070E-031  3.62942063E-032
  6.237000E+03  1.71130081E-031  1.36817299E-031  3.43127822E-032
  6.310000E+03  1.62244623E-031  1.29835672E-031  3.24089509E-032
  6.383000E+03  1.53899190E-031  1.23269050E-031  3.06301399E-032
  6.456000E+03  1.46055821E-031  1.17088920E-031  2.89669012E-032
  6.531000E+03  1.38483755E-031  1.11114374E-031  2.73693812E-032
  6.607000E+03  1.31278032E-031  1.05421113E-031  2.58569194E-032
  6.683000E+03  1.24509532E-031  1.00066123E-031  2.44434085E-032
  6.761000E+03  1.17985420E-031  9.48976412E-032  2.30877793E-032
  6.839000E+03  1.11859122E-031  9.00379525E-032  2.18211694E-032
  6.918000E+03  1.06031124E-031  8.54089502E-032  2.06221739E-032
  6.998000E+03  1.00488586E-031  8.10010969E-032  1.94874893E-032
  7.080000E+03  9.53072812E-032  7.69061482E-032  1.84011330E-032
  7.161000E+03  9.05029038E-032  7.31044371E-032  1.73984667E-032
  7.244000E+03  8.58753336E-032  6.94371843E-032  1.64381493E-032
  7.328000E+03  8.14751269E-032  6.59449484E-032  1.55301786E-032
  7.413000E+03  7.72920322E-032  6.26201633E-032  1.46718689E-032
  7.499000E+03  7.33161652E-032  5.94555144E-032  1.38606507E-032
  7.586000E+03  6.95380045E-032  5.64439347E-032  1.30940698E-032
  7.674000E+03  6.59483921E-032  5.35786101E-032  1.23697819E-032
  7.762000E+03  6.25756598E-032  5.08826755E-032  1.16929843E-032
  7.852000E+03  5.93348122E-032  4.82886206E-032  1.10461915E-032
  7.943000E+03  5.62572669E-032  4.58219376E-032  1.04353293E-032
  8.035000E+03  5.33352297E-032  4.34767658E-032  9.85846389E-033
  8.128000E+03  5.05612335E-032  4.12474772E-032  9.31375636E-033
  8.222000E+03  4.79281264E-032  3.91286677E-032  8.79945869E-033
  8.318000E+03  4.54035814E-032  3.70946083E-032  8.30897313E-033
  8.414000E+03  4.30335674E-032  3.51826445E-032  7.85092286E-033
  8.511000E+03  4.07846986E-032  3.33661704E-032  7.41852827E-033
  8.610000E+03  3.86299111E-032  3.16235629E-032  7.00634823E-033
  8.710000E+03  3.65871727E-032  2.99695793E-032  6.61759341E-033
  8.810000E+03  3.46693788E-032  2.84149324E-032  6.25444638E-033
  8.912000E+03  3.28328214E-032  2.69244182E-032  5.90840317E-033
  9.016000E+03  3.10839077E-032  2.55049344E-032  5.57897335E-033
  9.120000E+03  2.94782717E-032  2.42069128E-032  5.27135887E-033
  9.226000E+03  2.79413774E-032  2.29628232E-032  4.97855425E-033
  9.332000E+03  2.64979535E-032  2.17928793E-032  4.70507425E-033
  9.441000E+03  2.51042415E-032  2.06617809E-032  4.44246060E-033
  9.550000E+03  2.37958574E-032  1.95985892E-032  4.19726818E-033
  9.660000E+03  2.25558417E-032  1.85897079E-032  3.96613377E-033
  9.772000E+03  2.13703655E-032  1.76240248E-032  3.74634073E-033
  9.886000E+03  2.02379209E-032  1.67004284E-032  3.53749248E-033
  1.000000E+04  1.91746440E-032  1.58321512E-032  3.34249282E-033
  1.012000E+04  1.80929813E-032  1.49419526E-032  3.15102872E-033
  1.023000E+04  1.71624431E-032  1.41754364E-032  2.98700673E-033
  1.035000E+04  1.62090945E-032  1.33894483E-032  2.81964624E-033
  1.047000E+04  1.53156653E-032  1.26522172E-032  2.66344811E-033
  1.059000E+04  1.44778520E-032  1.19602983E-032  2.51755371E-033
  1.072000E+04  1.36284029E-032  1.12581818E-032  2.37022110E-033
  1.084000E+04  1.28941224E-032  1.06507701E-032  2.24335236E-033
  1.096000E+04  1.22042533E-032  1.00796747E-032  2.12457862E-033
  1.109000E+04  1.15165546E-032  9.51220288E-033  2.00435168E-033
  1.122000E+04  1.08784437E-032  8.98621030E-033  1.89223345E-033
  1.135000E+04  1.02804137E-032  8.49282084E-033  1.78759287E-033
  1.148000E+04  9.71958564E-033  8.02973141E-033  1.68985423E-033
  1.161000E+04  9.19331440E-033  7.59482248E-033  1.59849192E-033
  1.175000E+04  8.66242175E-033  7.15573920E-033  1.50668255E-033
  1.188000E+04  8.20037277E-033  6.77329764E-033  1.42707513E-033
  1.202000E+04  7.73367334E-033  6.38672102E-033  1.34695232E-033
  1.216000E+04  7.29671628E-033  6.02451551E-033  1.27220076E-033
  1.230000E+04  6.88734353E-033  5.68493901E-033  1.20240452E-033
  1.244000E+04  6.50895133E-033  5.37180637E-033  1.13714497E-033
  1.259000E+04  6.14236031E-033  5.07053342E-033  1.07182689E-033
  1.274000E+04  5.79933895E-033  4.78834087E-033  1.01099808E-033
  1.288000E+04  5.49891431E-033  4.54095625E-033  9.57958056E-034
  1.303000E+04  5.19665810E-033  4.29183753E-033  9.04820575E-034
  1.318000E+04  4.91327078E-033  4.05806073E-033  8.55210047E-034
  1.334000E+04  4.63027009E-033  3.82439660E-033  8.05873488E-034
  1.349000E+04  4.38172486E-033  3.61900832E-033  7.62716540E-034
  1.365000E+04  4.13318963E-033  3.41346412E-033  7.19725513E-034
  1.380000E+04  3.91463114E-033  3.23257384E-033  6.82057300E-034
  1.396000E+04  3.69580630E-033  3.05133268E-033  6.44473619E-034
  1.412000E+04  3.49070222E-033  2.88133603E-033  6.09366190E-034
  1.429000E+04  3.28671677E-033  2.71215075E-033  5.74566022E-034
  1.445000E+04  3.10690120E-033  2.56291566E-033  5.43985543E-034
  1.462000E+04  2.92783643E-033  2.41421376E-033  5.13622668E-034
  1.479000E+04  2.76023392E-033  2.27494931E-033  4.85284608E-034
  1.496000E+04  2.60325966E-033  2.14444511E-033  4.58814548E-034
  1.514000E+04  2.45670802E-033  2.02404329E-033  4.32664734E-034
  1.531000E+04  2.32919448E-033  1.91959046E-033  4.09604013E-034
  1.549000E+04  2.20246314E-033  1.81567826E-033  3.86784880E-034
  1.567000E+04  2.08364467E-033  1.71816122E-033  3.65483446E-034
  1.585000E+04  1.97217098E-033  1.62658845E-033  3.45582525E-034
  1.603000E+04  1.86752029E-033  1.54054508E-033  3.26975203E-034
  1.622000E+04  1.76392832E-033  1.45529852E-033  3.08629801E-034
  1.641000E+04  1.66688646E-033  1.37537415E-033  2.91512310E-034
  1.660000E+04  1.57591972E-033  1.30039236E-033  2.75527363E-034
  1.679000E+04  1.49059218E-033  1.23000418E-033  2.60587998E-034
  1.698000E+04  1.41050340E-033  1.16388854E-033  2.46614854E-034
  1.718000E+04  1.33145462E-033  1.09858414E-033  2.32870482E-034
  1.738000E+04  1.25740839E-033  1.03736917E-033  2.20039219E-034
  1.758000E+04  1.18800283E-033  9.79952136E-034  2.08050696E-034
  1.778000E+04  1.12290579E-033  9.26065067E-034  1.96840720E-034
  1.799000E+04  1.05885721E-033  8.73013161E-034  1.85844047E-034
  1.820000E+04  9.98897982E-034  8.23318821E-034  1.75579162E-034
  1.841000E+04  9.42730622E-034  7.76741020E-034  1.65989602E-034
  1.862000E+04  8.90082109E-034  7.33058246E-034  1.57023864E-034
  1.884000E+04  8.38427699E-034  6.90178643E-034  1.48249055E-034
  1.906000E+04  7.90095535E-034  6.50037601E-034  1.40057934E-034
  1.928000E+04  7.44842983E-034  6.12437481E-034  1.32405502E-034
  1.950000E+04  7.02447442E-034  5.77196730E-034  1.25250712E-034
  1.972000E+04  6.62704438E-034  5.44148375E-034  1.18556063E-034
  1.995000E+04  6.23787243E-034  5.11775329E-034  1.12011914E-034
  2.018000E+04  5.89669758E-034  4.83772327E-034  1.05897431E-034
  2.042000E+04  5.56966110E-034  4.57026224E-034  9.99398855E-035
  2.065000E+04  5.27571063E-034  4.32966207E-034  9.46048566E-035
  2.089000E+04  4.98782915E-034  4.09384329E-034  8.93985862E-035
  2.114000E+04  4.70695138E-034  3.86357995E-034  8.43371437E-035
  2.138000E+04  4.45423193E-034  3.65624393E-034  7.97988004E-035
  2.163000E+04  4.20733593E-034  3.45353901E-034  7.53796917E-035
  2.188000E+04  3.97593294E-034  3.26341992E-034  7.12513017E-035
  2.213000E+04  3.75891127E-034  3.08499625E-034  6.73915025E-035
  2.239000E+04  3.54736720E-034  2.91096207E-034  6.36405130E-035
  2.265000E+04  3.34921866E-034  2.74784461E-034  6.01374056E-035
  2.291000E+04  3.16349783E-034  2.59486552E-034  5.68632311E-035
  2.317000E+04  2.98931583E-034  2.45130896E-034  5.38006868E-035
  2.344000E+04  2.81977256E-034  2.31149854E-034  5.08274012E-035
  2.371000E+04  2.66095194E-034  2.18046100E-034  4.80490948E-035
  2.399000E+04  2.50675051E-034  2.05317010E-034  4.53580406E-035
  2.427000E+04  2.36246230E-034  1.93400489E-034  4.28457407E-035
  2.455000E+04  2.22736364E-034  1.82237890E-034  4.04984732E-035
  2.483000E+04  2.10173776E-034  1.71870066E-034  3.83037102E-035
  2.512000E+04  1.98683875E-034  1.62504747E-034  3.61791282E-035
  2.541000E+04  1.87910644E-034  1.53716404E-034  3.41942401E-035
  2.570000E+04  1.77802827E-034  1.45464392E-034  3.23384348E-035
  2.600000E+04  1.67996606E-034  1.37452448E-034  3.05441582E-035
  2.630000E+04  1.58804220E-034  1.29936379E-034  2.88678406E-035
  2.661000E+04  1.49903618E-034  1.22653555E-034  2.72500627E-035
  2.692000E+04  1.41567012E-034  1.15827349E-034  2.57396636E-035
  2.723000E+04  1.33753573E-034  1.09425157E-034  2.43284154E-035
  2.754000E+04  1.26425810E-034  1.03417004E-034  2.30088057E-035
  2.786000E+04  1.19334596E-034  9.75991251E-035  2.17354705E-035
  2.818000E+04  1.12689396E-034  9.21438353E-035  2.05455610E-035
  2.851000E+04  1.06269870E-034  8.68706962E-035  1.93991735E-035
  2.884000E+04  1.00258518E-034  8.19300326E-035  1.83284855E-035
  2.917000E+04  9.46258237E-035  7.72980922E-035  1.73277315E-035
  2.951000E+04  8.91898584E-035  7.28256250E-035  1.63642333E-035
  2.985000E+04  8.40998593E-035  6.86357437E-035  1.54641156E-035
  3.020000E+04  7.94632806E-035  6.48646203E-035  1.45986602E-035
  3.055000E+04  7.53065120E-035  6.15160245E-035  1.37904875E-035
  3.090000E+04  7.14030462E-035  5.83678197E-035  1.30352265E-035
  3.126000E+04  6.76335442E-035  5.53241600E-035  1.23093841E-035
  3.162000E+04  6.40953363E-035  5.24640094E-035  1.16313269E-035
  3.199000E+04  6.06826485E-035  4.97022297E-035  1.09804187E-035
  3.236000E+04  5.74806519E-035  4.71080870E-035  1.03725648E-035
  3.273000E+04  5.44743472E-035  4.46698631E-035  9.80448412E-036
  3.311000E+04  5.15760175E-035  4.23167151E-035  9.25930238E-036
  3.350000E+04  4.87865445E-035  4.00495470E-035  8.73699748E-036
  3.388000E+04  4.62361058E-035  3.79745193E-035  8.26158650E-036
  3.428000E+04  4.37172253E-035  3.59230899E-035  7.79413539E-036
  3.467000E+04  4.14134048E-035  3.40449372E-035  7.36846759E-036
  3.508000E+04  3.91416869E-035  3.21911404E-035  6.95054649E-036
  3.548000E+04  3.70632111E-035  3.04934005E-035  6.56981067E-036
  3.589000E+04  3.50639252E-035  2.88588185E-035  6.20510670E-036
  3.631000E+04  3.31437028E-035  2.72874204E-035  5.85628247E-036
  3.673000E+04  3.13435490E-035  2.58129385E-035  5.53061053E-036
  3.715000E+04  2.96548580E-035  2.44285355E-035  5.22632250E-036
  3.758000E+04  2.80331807E-035  2.30979241E-035  4.93525669E-036
  3.802000E+04  2.64780226E-035  2.18208034E-035  4.65721928E-036
  3.846000E+04  2.50206897E-035  2.06230198E-035  4.39766992E-036
  3.890000E+04  2.36541451E-035  1.94989508E-035  4.15519437E-036
  3.936000E+04  2.23155475E-035  1.83969960E-035  3.91855153E-036
  3.981000E+04  2.10887203E-035  1.73862710E-035  3.70244933E-036
