# Zubko/ZDA BARE-GR-S model SED (this work), Mathis ISRF U =  1.00
# solver = heuristic
# artificial hard component below the Lyman limit: W*B_lambda(T), T =  1.000E+05 K, W =  2.000E-19
# columns: lambda[um]  lamI_total/NH  lamI_PAH/NH  lamI_GRA/NH  lamI_SIL/NH
#          [erg s^-1 cm^-2 sr^-1 H^-1]
  1.000000E-03  0.00000000E+000  0.00000000E+000  0.00000000E+000  0.00000000E+000
  1.013520E-03  0.00000000E+000  0.00000000E+000  0.00000000E+000  0.00000000E+000
  1.027230E-03  0.00000000E+000  0.00000000E+000  0.00000000E+000  0.00000000E+000
  1.041120E-03  0.00000000E+000  0.00000000E+000  0.00000000E+000  0.00000000E+000
  1.055200E-03  0.00000000E+000  0.00000000E+000  0.00000000E+000  0.00000000E+000
  1.069470E-03  0.00000000E+000  0.00000000E+000  0.00000000E+000  0.00000000E+000
  1.083930E-03  0.00000000E+000  0.00000000E+000  0.00000000E+000  0.00000000E+000
  1.098580E-03  0.00000000E+000  0.00000000E+000  0.00000000E+000  0.00000000E+000
  1.113440E-03  0.00000000E+000  0.00000000E+000  0.00000000E+000  0.00000000E+000
  1.128500E-03  0.00000000E+000  0.00000000E+000  0.00000000E+000  0.00000000E+000
  1.143760E-03  0.00000000E+000  0.00000000E+000  0.00000000E+000  0.00000000E+000
  1.159220E-03  0.00000000E+000  0.00000000E+000  0.00000000E+000  0.00000000E+000
  1.174900E-03  0.00000000E+000  0.00000000E+000  0.00000000E+000  0.00000000E+000
  1.190780E-03  0.00000000E+000  0.00000000E+000  0.00000000E+000  0.00000000E+000
  1.206890E-03  0.00000000E+000  0.00000000E+000  0.00000000E+000  0.00000000E+000
  1.223210E-03  0.00000000E+000  0.00000000E+000  0.00000000E+000  0.00000000E+000
  1.239750E-03  0.00000000E+000  0.00000000E+000  0.00000000E+000  0.00000000E+000
  1.256510E-03  0.00000000E+000  0.00000000E+000  0.00000000E+000  0.00000000E+000
  1.273500E-03  0.00000000E+000  0.00000000E+000  0.00000000E+000  0.00000000E+000
  1.290720E-03  0.00000000E+000  0.00000000E+000  0.00000000E+000  0.00000000E+000
  1.308180E-03  0.00000000E+000  0.00000000E+000  0.00000000E+000  0.00000000E+000
  1.325870E-03  0.00000000E+000  0.00000000E+000  0.00000000E+000  0.00000000E+000
  1.343800E-03  0.00000000E+000  0.00000000E+000  0.00000000E+000  0.00000000E+000
  1.361970E-03  0.00000000E+000  0.00000000E+000  0.00000000E+000  0.00000000E+000
  1.380380E-03  0.00000000E+000  0.00000000E+000  0.00000000E+000  0.00000000E+000
  1.399050E-03  0.00000000E+000  0.00000000E+000  0.00000000E+000  0.00000000E+000
  1.417970E-03  0.00000000E+000  0.00000000E+000  0.00000000E+000  0.00000000E+000
  1.437140E-03  0.00000000E+000  0.00000000E+000  0.00000000E+000  0.00000000E+000
  1.456580E-03  0.00000000E+000  0.00000000E+000  0.00000000E+000  0.00000000E+000
  1.476270E-03  0.00000000E+000  0.00000000E+000  0.00000000E+000  0.00000000E+000
  1.496240E-03  0.00000000E+000  0.00000000E+000  0.00000000E+000  0.00000000E+000
  1.516470E-03  0.00000000E+000  0.00000000E+000  0.00000000E+000  0.00000000E+000
  1.536970E-03  0.00000000E+000  0.00000000E+000  0.00000000E+000  0.00000000E+000
  1.557760E-03  0.00000000E+000  0.00000000E+000  0.00000000E+000  0.00000000E+000
  1.578820E-03  0.00000000E+000  0.00000000E+000  0.00000000E+000  0.00000000E+000
  1.600170E-03  0.00000000E+000  0.00000000E+000  0.00000000E+000  0.00000000E+000
  1.621810E-03  0.00000000E+000  0.00000000E+000  0.00000000E+000  0.00000000E+000
  1.643740E-03  0.00000000E+000  0.00000000E+000  0.00000000E+000  0.00000000E+000
  1.665970E-03  0.00000000E+000  0.00000000E+000  0.00000000E+000  0.00000000E+000
  1.688500E-03  0.00000000E+000  0.00000000E+000  0.00000000E+000  0.00000000E+000
  1.711330E-03  0.00000000E+000  0.00000000E+000  0.00000000E+000  0.00000000E+000
  1.734470E-03  0.00000000E+000  0.00000000E+000  0.00000000E+000  0.00000000E+000
  1.757920E-03  0.00000000E+000  0.00000000E+000  0.00000000E+000  0.00000000E+000
  1.781690E-03  0.00000000E+000  0.00000000E+000  0.00000000E+000  0.00000000E+000
  1.805790E-03  0.00000000E+000  0.00000000E+000  0.00000000E+000  0.00000000E+000
  1.830210E-03  0.00000000E+000  0.00000000E+000  0.00000000E+000  0.00000000E+000
  1.854950E-03  0.00000000E+000  0.00000000E+000  0.00000000E+000  0.00000000E+000
  1.880040E-03  0.00000000E+000  0.00000000E+000  0.00000000E+000  0.00000000E+000
  1.905460E-03  0.00000000E+000  0.00000000E+000  0.00000000E+000  0.00000000E+000
  1.931230E-03  0.00000000E+000  0.00000000E+000  0.00000000E+000  0.00000000E+000
  1.957340E-03  0.00000000E+000  0.00000000E+000  0.00000000E+000  0.00000000E+000
  1.983810E-03  0.00000000E+000  0.00000000E+000  0.00000000E+000  0.00000000E+000
  2.010640E-03  0.00000000E+000  0.00000000E+000  0.00000000E+000  0.00000000E+000
  2.037820E-03  0.00000000E+000  0.00000000E+000  0.00000000E+000  0.00000000E+000
  2.065380E-03  0.00000000E+000  0.00000000E+000  0.00000000E+000  0.00000000E+000
  2.093310E-03  0.00000000E+000  0.00000000E+000  0.00000000E+000  0.00000000E+000
  2.121620E-03  0.00000000E+000  0.00000000E+000  0.00000000E+000  0.00000000E+000
  2.150300E-03  0.00000000E+000  0.00000000E+000  0.00000000E+000  0.00000000E+000
  2.179380E-03  0.00000000E+000  0.00000000E+000  0.00000000E+000  0.00000000E+000
  2.208850E-03  0.00000000E+000  0.00000000E+000  0.00000000E+000  0.00000000E+000
  2.238720E-03  0.00000000E+000  0.00000000E+000  0.00000000E+000  0.00000000E+000
  2.268990E-03  0.00000000E+000  0.00000000E+000  0.00000000E+000  0.00000000E+000
  2.299680E-03  0.00000000E+000  0.00000000E+000  0.00000000E+000  0.00000000E+000
  2.330770E-03  0.00000000E+000  0.00000000E+000  0.00000000E+000  0.00000000E+000
  2.362290E-03  0.00000000E+000  0.00000000E+000  0.00000000E+000  0.00000000E+000
  2.394230E-03  0.00000000E+000  0.00000000E+000  0.00000000E+000  0.00000000E+000
  2.426610E-03  0.00000000E+000  0.00000000E+000  0.00000000E+000  0.00000000E+000
  2.459420E-03  0.00000000E+000  0.00000000E+000  0.00000000E+000  0.00000000E+000
  2.492680E-03  0.00000000E+000  0.00000000E+000  0.00000000E+000  0.00000000E+000
  2.526390E-03  0.00000000E+000  0.00000000E+000  0.00000000E+000  0.00000000E+000
  2.560550E-03  0.00000000E+000  0.00000000E+000  0.00000000E+000  0.00000000E+000
  2.595180E-03  0.00000000E+000  0.00000000E+000  0.00000000E+000  0.00000000E+000
  2.630270E-03  0.00000000E+000  0.00000000E+000  0.00000000E+000  0.00000000E+000
  2.665840E-03  0.00000000E+000  0.00000000E+000  0.00000000E+000  0.00000000E+000
  2.701880E-03  0.00000000E+000  0.00000000E+000  0.00000000E+000  0.00000000E+000
  2.738420E-03  0.00000000E+000  0.00000000E+000  0.00000000E+000  0.00000000E+000
  2.775450E-03  0.00000000E+000  0.00000000E+000  0.00000000E+000  0.00000000E+000
  2.812980E-03  0.00000000E+000  0.00000000E+000  0.00000000E+000  0.00000000E+000
  2.851020E-03  0.00000000E+000  0.00000000E+000  0.00000000E+000  0.00000000E+000
  2.889570E-03  0.00000000E+000  0.00000000E+000  0.00000000E+000  0.00000000E+000
  2.928640E-03  0.00000000E+000  0.00000000E+000  0.00000000E+000  0.00000000E+000
  2.968250E-03  0.00000000E+000  0.00000000E+000  0.00000000E+000  0.00000000E+000
  3.008380E-03  0.00000000E+000  0.00000000E+000  0.00000000E+000  0.00000000E+000
  3.049070E-03  0.00000000E+000  0.00000000E+000  0.00000000E+000  0.00000000E+000
  3.090300E-03  0.00000000E+000  0.00000000E+000  0.00000000E+000  0.00000000E+000
  3.132080E-03  0.00000000E+000  0.00000000E+000  0.00000000E+000  0.00000000E+000
  3.174440E-03  0.00000000E+000  0.00000000E+000  0.00000000E+000  0.00000000E+000
  3.217360E-03  0.00000000E+000  0.00000000E+000  0.00000000E+000  0.00000000E+000
  3.260870E-03  0.00000000E+000  0.00000000E+000  0.00000000E+000  0.00000000E+000
  3.304960E-03  0.00000000E+000  0.00000000E+000  0.00000000E+000  0.00000000E+000
  3.349650E-03  0.00000000E+000  0.00000000E+000  0.00000000E+000  0.00000000E+000
  3.394950E-03  0.00000000E+000  0.00000000E+000  0.00000000E+000  0.00000000E+000
  3.440860E-03  0.00000000E+000  0.00000000E+000  0.00000000E+000  0.00000000E+000
  3.487390E-03  0.00000000E+000  0.00000000E+000  0.00000000E+000  0.00000000E+000
  3.534540E-03  0.00000000E+000  0.00000000E+000  0.00000000E+000  0.00000000E+000
  3.582340E-03  0.00000000E+000  0.00000000E+000  0.00000000E+000  0.00000000E+000
  3.630780E-03  0.00000000E+000  0.00000000E+000  0.00000000E+000  0.00000000E+000
  3.679880E-03  0.00000000E+000  0.00000000E+000  0.00000000E+000  0.00000000E+000
  3.729640E-03  0.00000000E+000  0.00000000E+000  0.00000000E+000  0.00000000E+000
  3.780070E-03  0.00000000E+000  0.00000000E+000  0.00000000E+000  0.00000000E+000
  3.831190E-03  0.00000000E+000  0.00000000E+000  0.00000000E+000  0.00000000E+000
  3.882990E-03  0.00000000E+000  0.00000000E+000  0.00000000E+000  0.00000000E+000
  3.935500E-03  0.00000000E+000  0.00000000E+000  0.00000000E+000  0.00000000E+000
  3.988720E-03  0.00000000E+000  0.00000000E+000  0.00000000E+000  0.00000000E+000
  4.042660E-03  0.00000000E+000  0.00000000E+000  0.00000000E+000  0.00000000E+000
  4.097320E-03  0.00000000E+000  0.00000000E+000  0.00000000E+000  0.00000000E+000
  4.152730E-03  6.23233180E-318  1.10023479E-318  5.24757004E-319  4.60734001E-318
  4.208880E-03  6.73839297E-314  1.41014120E-314  6.72566139E-315  4.65568562E-314
  4.265800E-03  5.15621672E-310  6.74182299E-311  3.21561417E-311  4.16047300E-310
  4.323480E-03  4.53858209E-306  8.44612564E-307  4.02837780E-307  3.29113175E-306
  4.381940E-03  2.35360247E-302  3.14886715E-304  1.50196033E-304  2.30709420E-302
  4.441200E-03  1.46080459E-298  1.55408211E-300  7.41257394E-301  1.43785119E-298
  4.501250E-03  8.09660723E-295  8.64447032E-297  4.12315752E-297  7.96893095E-295
  4.562120E-03  3.99831392E-291  4.28977391E-293  2.04608634E-293  3.93495532E-291
  4.623810E-03  1.76188826E-287  1.89925958E-289  9.05883708E-290  1.73383683E-287
  4.686340E-03  6.94568818E-284  7.51984398E-286  3.58670640E-286  6.83462267E-284
  4.749710E-03  2.44624041E-280  2.65915080E-282  1.26832039E-282  2.40696569E-280
  4.813930E-03  7.72567047E-277  8.44875713E-279  4.02974986E-279  7.60088540E-277
  4.879030E-03  2.19296800E-273  2.41379584E-275  1.15129149E-275  2.15731713E-273
  4.945000E-03  5.58304899E-270  6.18221578E-272  2.94868452E-272  5.49173999E-270
  5.011870E-03  1.28261403E-266  1.42472548E-268  6.79539607E-269  1.26157138E-266
  5.079640E-03  2.65392317E-263  2.95466485E-265  1.40926038E-265  2.61028392E-263
  5.148330E-03  4.95410596E-260  5.52714233E-262  2.63622918E-262  4.87247224E-260
  5.217950E-03  8.37229058E-257  9.39884251E-259  4.48287405E-259  8.23347342E-257
  5.288510E-03  1.28019621E-253  1.44745293E-255  6.90376803E-256  1.25881791E-253
  5.360020E-03  1.77174786E-250  2.01650687E-252  9.61791923E-253  1.74196488E-250
  5.432500E-03  2.22803615E-247  2.54682269E-249  1.21473009E-249  2.19042062E-247
  5.505960E-03  2.54690563E-244  2.91928031E-246  1.39237595E-246  2.50378907E-244
  5.580420E-03  2.64808655E-241  3.04297824E-243  1.45137405E-243  2.60314303E-241
  5.655880E-03  2.50665142E-238  2.89223888E-240  1.37947673E-240  2.46393426E-238
  5.732360E-03  2.16736044E-235  2.52161323E-237  1.20270304E-237  2.13011728E-235
  5.809870E-03  1.70921689E-232  2.00394384E-234  9.55795949E-235  1.67961949E-232
  5.888440E-03  1.23263202E-229  1.45553880E-231  6.94229653E-232  1.21113434E-229
  5.968060E-03  8.14240313E-227  9.65582729E-229  4.60541335E-229  7.99979072E-227
  6.048760E-03  4.92941370E-224  5.86549387E-226  2.79758666E-226  4.84278290E-224
  6.130560E-03  2.73781283E-221  3.26802987E-223  1.55870796E-223  2.68954546E-221
  6.213460E-03  1.39565893E-218  1.67225214E-220  7.97591190E-221  1.37096050E-218
  6.297480E-03  6.54992788E-216  7.90602300E-218  3.77082547E-218  6.43315939E-216
  6.382640E-03  2.82928190E-213  3.43775946E-215  1.63965947E-215  2.77850771E-213
  6.468940E-03  1.12531046E-210  1.37504386E-212  6.55834862E-213  1.10500167E-210
  6.556420E-03  4.13368940E-208  5.08339640E-210  2.42455350E-210  4.05860990E-208
  6.645080E-03  1.40324347E-205  1.73939312E-207  8.29612701E-208  1.37755341E-205
  6.734930E-03  4.40506355E-203  5.49314714E-205  2.61998445E-205  4.32393223E-203
  6.826010E-03  1.28319927E-200  1.60537721E-202  7.65692520E-203  1.25948857E-200
  6.918310E-03  3.46325708E-198  4.34514784E-200  2.07243858E-200  3.39908121E-198
  7.011860E-03  8.71609751E-196  1.09259718E-197  5.21119165E-198  8.55472587E-196
  7.106680E-03  2.03563223E-193  2.55033438E-195  1.21639302E-195  1.99796495E-193
  7.202780E-03  4.35836300E-191  5.53827932E-193  2.64150529E-193  4.27656515E-191
  7.300180E-03  8.65754216E-189  1.11787084E-190  5.33173009E-191  8.49243777E-189
  7.398890E-03  1.61106770E-186  2.10618342E-188  1.00455240E-188  1.57996034E-186
  7.498940E-03  2.83172318E-184  3.69481204E-186  1.76225402E-186  2.77715252E-184
  7.600350E-03  4.62858699E-182  6.04184163E-184  2.88167851E-184  4.53935179E-182
  7.703120E-03  6.91207764E-180  9.21035445E-182  4.39291357E-182  6.77604496E-180
  7.807280E-03  9.80795097E-178  1.31551482E-179  6.27438974E-180  9.61365559E-178
  7.912860E-03  1.35138423E-175  1.76121091E-177  8.40015217E-178  1.32537197E-175
  8.019860E-03  1.62467367E-173  2.20418666E-175  1.05129351E-175  1.59211887E-173
  8.128310E-03  1.80591144E-171  2.58253256E-173  1.23174674E-173  1.76776865E-171
  8.238220E-03  1.95681694E-169  2.83426869E-171  1.35181269E-171  1.91495612E-169
  8.349620E-03  1.99945895E-167  2.93169393E-169  1.39827959E-169  1.95615921E-167
  8.462530E-03  1.91804401E-165  2.85032553E-167  1.35946934E-167  1.87594607E-165
  8.576960E-03  1.72916374E-163  2.60189995E-165  1.24098208E-165  1.69073492E-163
  8.692940E-03  1.47057353E-161  2.23290803E-163  1.06499027E-163  1.43759455E-161
  8.810490E-03  1.17742423E-159  1.80303580E-161  8.59962019E-162  1.15079425E-159
  8.929630E-03  8.88729936E-158  1.37675810E-159  6.56647476E-160  8.68395881E-158
  9.050380E-03  6.32726836E-156  9.92956311E-158  4.73592156E-158  6.18061352E-156
  9.172760E-03  4.25050978E-154  6.75190803E-156  3.22033317E-156  4.15078737E-154
  9.296800E-03  2.73355640E-152  4.33348221E-154  2.06686133E-154  2.66955297E-152
  9.422510E-03  1.66197500E-150  2.62637306E-152  1.25265187E-152  1.62318475E-150
  9.549930E-03  9.56583536E-149  1.50628422E-150  7.18423844E-151  9.34336456E-149
  9.679060E-03  5.28748225E-147  8.22241960E-149  3.92169225E-149  5.16604114E-147
  9.809950E-03  2.82825471E-145  4.24937909E-147  2.02674447E-147  2.76549347E-145
  9.942600E-03  1.41864256E-143  2.07939259E-145  9.91767566E-146  1.38793096E-143
  1.007700E-02  6.34519838E-142  9.63344765E-144  4.59467597E-144  6.20291714E-142
  1.021330E-02  2.69598362E-140  4.24353980E-142  2.02395613E-142  2.63330866E-140
  1.035140E-02  1.07378590E-138  1.77449494E-140  8.46345024E-141  1.04757750E-138
  1.049140E-02  4.17706603E-137  7.10128350E-139  3.38695312E-139  4.07218366E-137
  1.063330E-02  1.61814785E-135  2.70097967E-137  1.28822988E-137  1.57825576E-135
  1.077710E-02  6.09438152E-134  9.76533606E-136  4.65756494E-136  5.95015251E-134
  1.092280E-02  2.14395787E-132  3.35667428E-134  1.60095991E-134  2.09438153E-132
  1.107050E-02  6.59841381E-131  1.09971943E-132  5.24508697E-133  6.43599099E-131
  1.122020E-02  1.98153337E-129  3.43424603E-131  1.63795395E-131  1.93081137E-129
  1.137190E-02  5.92850648E-128  1.02797468E-129  4.90289105E-130  5.77668011E-128
  1.152570E-02  1.81879271E-126  2.94680838E-128  1.40546867E-128  1.77526994E-126
  1.168150E-02  6.01515475E-125  8.05016858E-127  3.83949044E-127  5.89625816E-125
  1.183950E-02  1.31533750E-123  2.10482021E-125  1.00388226E-125  1.28425048E-123
  1.199960E-02  2.40675891E-122  5.25674359E-124  2.50717020E-124  2.32911977E-122
  1.216190E-02  5.29894809E-121  1.25665828E-122  5.99353981E-123  5.11334687E-121
  1.232630E-02  1.17921199E-119  2.87033976E-121  1.36898454E-121  1.13681874E-119
  1.249300E-02  2.51597415E-118  6.31160337E-120  3.01025855E-120  2.42275553E-118
  1.266190E-02  5.23302766E-117  1.33212025E-118  6.35340032E-119  5.03628163E-117
  1.283320E-02  1.03839877E-115  2.70058202E-117  1.28800876E-117  9.98512862E-116
  1.300670E-02  1.98198990E-114  5.24099243E-116  2.49961779E-116  1.90458380E-114
  1.318260E-02  3.77278695E-113  9.80479502E-115  4.67624151E-115  3.62797658E-113
  1.336080E-02  6.52385396E-112  1.76096211E-113  8.39859430E-114  6.26377180E-112
  1.354150E-02  1.07087659E-110  3.04269691E-112  1.45115322E-112  1.02593809E-110
  1.372460E-02  1.74421924E-109  5.05028366E-111  2.40861908E-111  1.66963022E-109
  1.391020E-02  2.75843423E-108  8.09321655E-110  3.85985682E-110  2.63890349E-108
  1.409830E-02  4.20173341E-107  1.24930064E-108  5.95818919E-109  4.01722146E-107
  1.428890E-02  6.17675953E-106  1.85529771E-107  8.84826558E-108  5.90274710E-106
  1.448220E-02  8.76994763E-105  2.65828316E-106  1.26777601E-106  8.37734171E-105
  1.467800E-02  1.19790614E-103  3.67418771E-105  1.75226290E-105  1.14364164E-103
  1.487650E-02  1.57867442E-102  4.91288620E-104  2.34299211E-104  1.50611564E-102
  1.507760E-02  2.00912513E-101  6.32907203E-103  3.01835303E-103  1.91565088E-101
  1.528150E-02  2.47283485E-100  7.87602766E-102  3.75606245E-102  2.35651395E-100
  1.548820E-02  2.94230331E-099  9.46785501E-101  4.51515167E-101  2.80247325E-099
  1.569760E-02  3.38021594E-098  1.10401889E-099  5.26492259E-100  3.21716483E-098
  1.590990E-02  3.75737282E-097  1.24511898E-098  5.93773274E-099  3.57348360E-097
  1.612500E-02  4.03829441E-096  1.35642015E-097  6.46841471E-098  3.83796825E-096
  1.634310E-02  4.20517403E-095  1.43059698E-096  6.82203946E-097  3.99389393E-095
  1.656410E-02  4.25146534E-094  1.46057099E-095  6.96485958E-096  4.03575965E-094
  1.678800E-02  4.21605638E-093  1.44930475E-094  6.91101098E-095  4.00201579E-093
  1.701510E-02  3.97879768E-092  1.39487728E-093  6.65134481E-094  3.77279650E-092
  1.724510E-02  3.62149398E-091  1.29841839E-092  6.19125972E-093  3.42973955E-091
  1.747830E-02  3.23080566E-090  1.17245913E-091  5.59052249E-092  3.05765453E-090
  1.771470E-02  2.80825824E-089  1.02714681E-090  4.89752559E-091  2.65656831E-089
  1.795420E-02  2.31150432E-088  8.77550527E-090  4.18412941E-090  2.18190797E-088
  1.819700E-02  1.86320621E-087  7.27791810E-089  3.46998814E-089  1.75572715E-087
  1.844310E-02  1.48766012E-086  5.85964936E-088  2.79369887E-088  1.40112663E-086
  1.869250E-02  1.15976938E-085  4.58046808E-087  2.18375548E-087  1.09212714E-085
  1.894520E-02  8.82037862E-085  3.47675776E-086  1.65750101E-086  8.30695274E-085
  1.920140E-02  6.53554484E-084  2.57538617E-085  1.22773876E-085  6.15523235E-084
  1.946110E-02  4.70313275E-083  1.86130489E-084  8.87287331E-085  4.42827353E-083
  1.972420E-02  3.29502190E-082  1.30703674E-083  6.23041012E-084  3.10201413E-082
  1.999090E-02  2.20164759E-081  8.93182709E-083  4.25745419E-083  2.06975477E-081
  2.026130E-02  1.40585994E-080  5.94440201E-082  2.83333338E-082  1.31808258E-080
  2.053530E-02  8.80719625E-080  3.85055009E-081  1.83523033E-081  8.23861821E-080
  2.081290E-02  5.43631362E-079  2.43461260E-080  1.16031213E-080  5.07682115E-079
  2.109440E-02  3.30883157E-078  1.50467527E-079  7.17073044E-080  3.08665674E-078
  2.137960E-02  1.97004155E-077  9.05675331E-079  4.31585983E-079  1.83631542E-077
  2.166870E-02  1.14640266E-076  5.32221427E-078  2.53606247E-078  1.06781989E-076
  2.196170E-02  6.73736594E-076  3.05581289E-077  1.45601447E-077  6.28618321E-076
  2.225870E-02  4.03825262E-075  1.71381689E-076  8.16530926E-077  3.78521784E-075
  2.255970E-02  2.31470119E-074  9.39331016E-076  4.47501713E-076  2.17601792E-074
  2.286480E-02  1.19403901E-073  5.02634107E-075  2.39438517E-075  1.11983175E-073
  2.317390E-02  5.20902010E-073  2.62974872E-074  1.25262331E-074  4.82078290E-073
  2.348730E-02  2.39983510E-072  1.34585536E-073  6.41013022E-074  2.20114826E-072
  2.380490E-02  1.13651528E-071  6.74199900E-073  3.21082917E-073  1.03698700E-071
  2.412680E-02  5.40453342E-071  3.30511482E-072  1.57388633E-072  4.91663331E-071
  2.445310E-02  2.53837794E-070  1.58429033E-071  7.54357868E-072  2.30451312E-070
  2.478370E-02  1.17527410E-069  7.42280386E-071  3.53398458E-071  1.06570622E-069
  2.511890E-02  5.31691743E-069  3.41607729E-070  1.62620695E-070  4.81268900E-069
  2.545850E-02  2.35851971E-068  1.53750313E-069  7.31835096E-070  2.13158589E-068
  2.580280E-02  1.02755830E-067  6.77606873E-069  3.22494065E-069  9.27548201E-068
  2.615170E-02  4.39552304E-067  2.93359800E-068  1.39601071E-068  3.96256217E-067
  2.650530E-02  1.84171040E-066  1.24391355E-067  5.91861122E-068  1.65813293E-066
  2.686380E-02  7.56029262E-066  5.16883884E-067  2.45901574E-067  6.79750716E-066
  2.722700E-02  3.03510763E-065  2.10856634E-066  1.00297843E-066  2.72395315E-065
  2.759520E-02  1.19380077E-064  8.43915106E-066  4.01362065E-066  1.06927305E-064
  2.796830E-02  4.61574786E-064  3.31011247E-065  1.57402130E-065  4.12733449E-064
  2.834650E-02  1.76038011E-063  1.27568591E-064  6.06511257E-065  1.57216039E-063
  2.872980E-02  6.59001594E-063  4.83222883E-064  2.29702945E-064  5.87709011E-063
  2.911830E-02  2.42184889E-062  1.79572751E-063  8.53454311E-064  2.15693071E-062
  2.951210E-02  8.74063517E-062  6.54939144E-063  3.11213483E-063  7.77448254E-062
  2.991120E-02  3.10151090E-061  2.35232031E-062  1.11755235E-062  2.75452364E-061
  3.031560E-02  1.08084080E-060  8.29221412E-062  3.93869766E-062  9.58531684E-061
  3.072560E-02  3.70260114E-060  2.87164907E-061  1.36370547E-061  3.27906569E-060
  3.114110E-02  1.24688596E-059  9.77619134E-061  4.64154169E-061  1.10270863E-059
  3.156220E-02  4.13020135E-059  3.27527098E-060  1.55467426E-060  3.64720683E-059
  3.198900E-02  1.34536827E-058  1.07888992E-059  5.11994284E-060  1.18627985E-058
  3.242150E-02  4.30977777E-058  3.49472848E-059  1.65803254E-059  3.79450167E-058
  3.285990E-02  1.35889590E-057  1.11400739E-058  5.28391180E-059  1.19465604E-057
  3.330430E-02  4.21819155E-057  3.49523535E-058  1.65740029E-058  3.70292798E-057
  3.375460E-02  1.28783856E-056  1.07490155E-057  5.09564661E-058  1.12939194E-056
  3.421110E-02  3.87038373E-056  3.24494599E-057  1.53784871E-057  3.39210426E-056
  3.467370E-02  1.13891848E-055  9.20423667E-057  4.36078045E-057  1.00326831E-055
  3.514260E-02  3.28428562E-055  2.44867567E-056  1.15977322E-056  2.92344073E-055
  3.561780E-02  9.37117644E-055  6.65137155E-056  3.14929730E-056  8.39110956E-055
  3.609940E-02  2.65086990E-054  1.88595163E-055  8.92664886E-056  2.37300825E-054
  3.658760E-02  7.39269349E-054  5.27559420E-055  2.49620374E-055  6.61551370E-054
  3.708230E-02  2.03293868E-053  1.45902657E-054  6.90108885E-055  1.81802513E-053
  3.758370E-02  5.51170848E-053  3.97726101E-054  1.88052526E-054  4.92592985E-053
  3.809200E-02  1.47413835E-052  1.07081235E-053  5.06108848E-054  1.31644623E-052
  3.860710E-02  3.88799877E-052  2.84203330E-053  1.34273270E-053  3.46952217E-052
  3.912910E-02  1.01287922E-051  7.47727275E-053  3.53124719E-053  9.02794021E-052
  3.965820E-02  2.60485406E-051  1.94359817E-052  9.17508690E-053  2.31874338E-051
  4.019450E-02  6.61140989E-051  4.98593969E-052  2.35268454E-052  5.87754747E-051
  4.073800E-02  1.65622760E-050  1.26286809E-051  5.95637263E-052  1.47037706E-050
  4.128890E-02  4.09600502E-050  3.15581545E-051  1.48777232E-051  3.63164624E-050
  4.184720E-02  1.01157262E-049  7.81201722E-051  3.68114496E-051  8.96641003E-050
  4.241310E-02  2.46806078E-049  1.90846555E-050  8.98860924E-051  2.18732813E-049
  4.298660E-02  5.94410743E-049  4.65324731E-050  2.19051540E-050  5.25973116E-049
  4.356790E-02  1.41363806E-048  1.13712927E-049  5.35026648E-050  1.24642246E-048
  4.415700E-02  3.31983980E-048  2.73763491E-049  1.28738913E-049  2.91733740E-048
  4.475420E-02  7.68159365E-048  6.46664164E-049  3.03930944E-049  6.73099855E-048
  4.535930E-02  1.75455685E-047  1.50479433E-048  7.06851385E-049  1.53339228E-047
  4.597270E-02  3.96116130E-047  3.46107543E-048  1.62483645E-048  3.45257011E-047
  4.659440E-02  8.83875108E-047  7.96525630E-048  3.73713306E-048  7.66851214E-047
  4.722440E-02  1.94960704E-046  1.80840533E-047  8.47944145E-048  1.68397209E-046
  4.786300E-02  4.25085701E-046  4.05239297E-047  1.89892604E-047  3.65572511E-046
  4.851020E-02  9.15602879E-046  8.96382537E-047  4.19765902E-047  7.83988036E-046
  4.916620E-02  1.95101577E-045  1.95905686E-046  9.16790249E-047  1.66343106E-045
  4.983100E-02  4.11279922E-045  4.23773259E-046  1.98178918E-046  3.49084705E-045
  5.050490E-02  8.58020452E-045  9.08853344E-046  4.24727357E-046  7.24662382E-045
  5.118780E-02  1.77148924E-044  1.92713874E-045  8.99939470E-046  1.48878142E-044
  5.188000E-02  3.62203439E-044  4.04464381E-045  1.88736422E-045  3.02883359E-044
  5.258150E-02  7.33710994E-044  8.40997615E-045  3.92135732E-045  6.10397659E-044
  5.329260E-02  1.47195255E-043  1.73085574E-044  8.06416516E-045  1.21822533E-043
  5.401320E-02  2.92693009E-043  3.52616363E-044  1.64152913E-044  2.41016082E-043
  5.474360E-02  5.79414557E-043  7.11416607E-044  3.30908683E-044  4.75182029E-043
  5.548390E-02  1.13625004E-042  1.42188565E-043  6.60810494E-044  9.27980429E-043
  5.623410E-02  2.20743571E-042  2.81567857E-043  1.30741486E-043  1.79512637E-042
  5.699460E-02  4.28703864E-042  5.49097489E-043  2.54734255E-043  3.48320690E-042
  5.776530E-02  8.26218691E-042  1.06078355E-042  4.91656498E-043  6.70974686E-042
  5.854640E-02  1.59414515E-041  2.19616905E-042  9.41402809E-043  1.28038796E-041
  5.933810E-02  3.05061861E-041  4.43674515E-042  1.78900584E-042  2.42804351E-041
  6.014050E-02  5.80084658E-041  8.80567135E-042  3.37285784E-042  4.58299366E-041
  6.095370E-02  1.09178452E-040  1.71972217E-041  6.30382762E-042  8.56774029E-041
  6.177790E-02  2.03444104E-040  3.30926210E-041  1.16804196E-041  1.58671064E-040
  6.261330E-02  3.74581304E-040  6.28131500E-041  2.16572364E-041  2.90110918E-040
  6.346000E-02  6.82366460E-040  1.17696974E-040  3.99209709E-041  5.24748515E-040
  6.431810E-02  1.23093697E-039  2.17854669E-040  7.29181061E-041  9.40164194E-040
  6.518790E-02  2.19941682E-039  3.98624125E-040  1.31998631E-040  1.66879406E-039
  6.606930E-02  3.87368127E-039  7.21280770E-040  2.40999586E-040  2.91140092E-039
  6.696280E-02  6.75168202E-039  1.28714889E-039  4.35654194E-040  5.02887893E-039
  6.786830E-02  1.16698348E-038  2.28644898E-039  7.78283139E-040  8.60510269E-039
  6.878600E-02  1.99915764E-038  4.02949493E-039  1.37382727E-039  1.45882542E-038
  6.971610E-02  3.36366623E-038  7.01418228E-039  2.34369789E-039  2.42787822E-038
  7.065890E-02  5.59292517E-038  1.19958736E-038  3.92912609E-039  4.00042520E-038
  7.161430E-02  9.18631747E-038  2.00479336E-038  6.48882151E-039  6.53264196E-038
  7.258270E-02  1.48938496E-037  3.26274098E-038  1.05610898E-038  1.05749997E-037
  7.356420E-02  2.36940961E-037  5.16720514E-038  1.68049159E-038  1.68463994E-037
  7.455900E-02  3.71212240E-037  7.98261077E-038  2.63008821E-038  2.65085250E-037
  7.556720E-02  5.75332775E-037  1.20843420E-037  4.07060513E-038  4.13783303E-037
  7.658910E-02  8.83400015E-037  1.80221891E-037  6.23299780E-038  6.40848146E-037
  7.762470E-02  1.34279753E-036  2.66029598E-037  9.42234927E-038  9.82544439E-037
  7.867440E-02  2.00158125E-036  3.90127768E-037  1.38981069E-037  1.47247241E-036
  7.973820E-02  2.96494854E-036  5.69709383E-037  2.03792080E-037  2.19144708E-036
  8.081650E-02  4.36641142E-036  8.29676937E-037  2.97200554E-037  3.23953393E-036
  8.190930E-02  6.39357457E-036  1.20569944E-036  4.31153092E-037  4.75672204E-036
  8.301690E-02  9.37048084E-036  1.74878682E-036  6.26114078E-037  6.99557993E-036
  8.413950E-02  1.38477043E-035  2.53144457E-036  9.17121890E-037  1.03991378E-035
  8.527730E-02  2.03585263E-035  3.65623538E-036  1.33878252E-036  1.53635084E-035
  8.643040E-02  2.97738158E-035  5.26737325E-036  1.94734608E-036  2.25590965E-035
  8.759920E-02  4.33168098E-035  7.56734388E-036  2.82226896E-036  3.29271970E-035
  8.878370E-02  6.27886064E-035  1.08375605E-035  4.06863505E-036  4.78824109E-035
  8.998430E-02  9.11193599E-035  1.54693044E-035  5.78939179E-036  6.98606638E-035
  9.120110E-02  1.31317091E-034  2.20014959E-035  8.16027596E-036  1.01155319E-034
  9.243430E-02  1.84650184E-034  3.11739944E-035  1.12866292E-035  1.42189560E-034
  9.368430E-02  2.57839552E-034  4.39995470E-035  1.54507146E-035  1.98389290E-034
  9.495110E-02  3.57239206E-034  6.18497749E-035  2.08610779E-035  2.74528353E-034
  9.623510E-02  4.91230850E-034  8.65847650E-035  2.73375939E-035  3.77308491E-034
  9.753640E-02  6.71293327E-034  1.20700982E-034  3.52084787E-035  5.15383866E-034
  9.885530E-02  9.12105031E-034  1.67544675E-034  4.51190665E-035  6.99441289E-034
  1.001920E-01  1.22578969E-033  2.24844063E-034  5.76486287E-035  9.43296998E-034
  1.015470E-01  1.64051533E-033  3.06355090E-034  7.43114964E-035  1.25984875E-033
  1.029200E-01  2.17687862E-033  4.14803994E-034  9.42738553E-035  1.66780077E-033
  1.043120E-01  2.85487981E-033  5.58290403E-034  1.16329394E-034  2.18026002E-033
  1.057220E-01  3.74176408E-033  7.46819535E-034  1.41243770E-034  2.85370078E-033
  1.071520E-01  4.90367707E-033  9.93387687E-034  1.69825295E-034  3.74046409E-033
  1.086010E-01  6.40822897E-033  1.31374812E-033  2.03089681E-034  4.89139116E-033
  1.100690E-01  8.34668411E-033  1.72755218E-033  2.39830559E-034  6.37930137E-033
  1.115580E-01  1.08407219E-032  2.25980881E-033  2.90742500E-034  8.29017055E-033
  1.130660E-01  1.40543685E-032  2.93976943E-033  3.70312728E-034  1.07442864E-032
  1.145950E-01  1.81161507E-032  3.80495860E-033  4.58510745E-034  1.38526813E-032
  1.161450E-01  2.32945425E-032  4.90028895E-033  5.77265857E-034  1.78169877E-032
  1.177150E-01  2.98033257E-032  6.27922584E-033  7.20121516E-034  2.28039783E-032
  1.193070E-01  3.80103040E-032  8.00927967E-033  8.99247865E-034  2.91017765E-032
  1.209210E-01  4.82547842E-032  1.01703880E-032  1.11090852E-033  3.69734877E-032
  1.225560E-01  6.10193228E-032  1.28569291E-032  1.37739942E-033  4.67849943E-032
  1.242130E-01  7.68446826E-032  1.61855503E-032  1.70764835E-033  5.89514839E-032
  1.258930E-01  9.64071669E-032  2.02975815E-032  2.11948191E-033  7.39901035E-032
  1.275950E-01  1.20472807E-031  2.53579302E-032  2.63583538E-033  9.24790412E-032
  1.293200E-01  1.49956209E-031  3.15709425E-032  3.31158602E-033  1.15073680E-031
  1.310690E-01  1.87648342E-031  4.09074951E-032  4.16762614E-033  1.42573220E-031
  1.328410E-01  2.32270935E-031  5.10921194E-032  5.28042290E-033  1.75898393E-031
  1.346380E-01  2.86417959E-031  6.37304782E-032  6.72807433E-033  2.15959406E-031
  1.364580E-01  3.51782091E-031  7.93855630E-032  8.57614355E-033  2.63820385E-031
  1.383040E-01  4.30358923E-031  9.88010191E-032  1.09819505E-032  3.20575953E-031
  1.401740E-01  5.24026036E-031  1.22847282E-031  1.40559563E-032  3.87122798E-031
  1.420690E-01  6.33452640E-031  1.52639913E-031  1.80419825E-032  4.62770744E-031
  1.439900E-01  7.55965432E-031  1.89573022E-031  2.32584538E-032  5.43133956E-031
  1.459370E-01  8.90376409E-031  2.35367525E-031  3.01473630E-032  6.24861521E-031
  1.479110E-01  1.04153174E-030  2.92198119E-031  3.94079731E-032  7.09925645E-031
  1.499110E-01  1.21480517E-030  3.62719352E-031  5.15505919E-032  8.00535228E-031
  1.519380E-01  1.41275543E-030  4.50321481E-031  6.75257948E-032  8.94908159E-031
  1.539930E-01  1.63341469E-030  5.59270207E-031  8.80464031E-032  9.86098078E-031
  1.560750E-01  1.89571302E-030  6.94810630E-031  1.14716276E-031  1.08618611E-030
  1.581860E-01  2.20869872E-030  8.63751203E-031  1.49274133E-031  1.19567339E-030
  1.603250E-01  2.56767798E-030  1.07445545E-030  1.93642138E-031  1.29958039E-030
  1.624930E-01  3.01841780E-030  1.33768164E-030  2.52465464E-031  1.42827070E-030
  1.646900E-01  3.53748889E-030  1.66698122E-030  3.27378179E-031  1.54312949E-030
  1.669170E-01  4.18483809E-030  2.07978132E-030  4.26062270E-031  1.67899451E-030
  1.691740E-01  4.96772010E-030  2.59819317E-030  5.53346124E-031  1.81618081E-030
  1.714620E-01  5.95362881E-030  3.24943534E-030  7.21079117E-031  1.98311435E-030
  1.737800E-01  7.17594350E-030  4.06610376E-030  9.39268910E-031  2.17057084E-030
  1.761300E-01  8.65436260E-030  5.09354652E-030  1.21788946E-030  2.34292662E-030
  1.785120E-01  1.04499701E-029  6.38998755E-030  1.57299890E-030  2.48698365E-030
  1.809260E-01  1.27137500E-029  8.03128232E-030  2.03663198E-030  2.64583573E-030
  1.833720E-01  1.56482999E-029  1.01167718E-029  2.65281303E-030  2.87871512E-030
  1.858520E-01  1.93196034E-029  1.27790180E-029  3.44635180E-030  3.09423357E-030
  1.883650E-01  2.39353581E-029  1.61888696E-029  4.46835442E-030  3.27813400E-030
  1.909120E-01  2.98298190E-029  2.05719971E-029  5.78623983E-030  3.47158210E-030
  1.934940E-01  3.74255826E-029  2.62204185E-029  7.46669060E-030  3.73847357E-030
  1.961100E-01  4.70588485E-029  3.34978293E-029  9.58213626E-030  3.97888297E-030
  1.987620E-01  5.92481906E-029  4.28544141E-029  1.22166060E-029  4.17717057E-030
  2.014500E-01  7.45952933E-029  5.47973999E-029  1.53597846E-029  4.43810883E-030
  2.041740E-01  9.35911965E-029  6.98390849E-029  1.89700496E-029  4.78206210E-030
  2.069350E-01  1.16555076E-028  8.83925052E-029  2.30573638E-029  5.10520720E-030
  2.097330E-01  1.43502959E-028  1.10591710E-028  2.75184109E-029  5.39283769E-030
  2.125690E-01  1.73900147E-028  1.36120438E-028  3.19569776E-029  5.82273160E-030
  2.154430E-01  2.06508097E-028  1.64100728E-028  3.60819388E-029  6.32542959E-030
  2.183570E-01  2.39611122E-028  1.93235849E-028  3.94725849E-029  6.90268848E-030
  2.213090E-01  2.71518370E-028  2.22104432E-028  4.18128718E-029  7.60106643E-030
  2.243020E-01  3.01801736E-028  2.49687900E-028  4.36514645E-029  8.46237181E-030
  2.273350E-01  3.30468973E-028  2.75570672E-028  4.54147082E-029  9.48359273E-030
  2.304090E-01  3.57821333E-028  3.00012408E-028  4.71406504E-029  1.06682746E-029
  2.335250E-01  3.84390633E-028  3.23736007E-028  4.86241972E-029  1.20304287E-029
  2.366830E-01  4.11124335E-028  3.47678670E-028  4.98467588E-029  1.35989057E-029
  2.398830E-01  4.39481871E-028  3.72816776E-028  5.12989544E-029  1.53661402E-029
  2.431270E-01  4.70794077E-028  4.00083296E-028  5.33025651E-029  1.74082161E-029
  2.464150E-01  5.05654360E-028  4.30314680E-028  5.56527868E-029  1.96868928E-029
  2.497470E-01  5.44830033E-028  4.64273351E-028  5.83347089E-029  2.22219735E-029
  2.531240E-01  5.89368706E-028  5.02689013E-028  6.18268645E-029  2.48528283E-029
  2.565470E-01  6.39605896E-028  5.46278714E-028  6.56003570E-029  2.77268249E-029
  2.600160E-01  6.96640321E-028  5.95763766E-028  7.00171399E-029  3.08594154E-029
  2.635320E-01  7.61161190E-028  6.51917804E-028  7.49788687E-029  3.42645175E-029
  2.670960E-01  8.33610061E-028  7.15581489E-028  8.00491377E-029  3.79794334E-029
  2.707070E-01  9.14886149E-028  7.87628958E-028  8.52338716E-029  4.20233193E-029
  2.743680E-01  1.00624360E-027  8.69117280E-028  9.07108715E-029  4.64154513E-029
  2.780780E-01  1.10999238E-027  9.61127887E-028  9.77372318E-029  5.11272602E-029
  2.818380E-01  1.22595148E-027  1.06491854E-027  1.04808601E-028  5.62243401E-029
  2.856490E-01  1.35569812E-027  1.18188817E-027  1.12082772E-028  6.17271858E-029
  2.895120E-01  1.50174195E-027  1.31361149E-027  1.20483053E-028  6.76474104E-029
  2.934270E-01  1.66516568E-027  1.46180725E-027  1.29354282E-028  7.40041439E-029
  2.973950E-01  1.84814103E-027  1.62843385E-027  1.38894950E-028  8.08122240E-029
  3.014160E-01  2.05245750E-027  1.81562525E-027  1.48721689E-028  8.81105599E-029
  3.054920E-01  2.20825550E-027  1.95352966E-027  1.58800265E-028  9.59255674E-029
  3.096230E-01  2.42220679E-027  2.14884349E-027  1.69083792E-028  1.04279510E-028
  3.138100E-01  2.65469363E-027  2.36062530E-027  1.80969452E-028  1.13098875E-028
  3.180530E-01  2.90571310E-027  2.58984956E-027  1.93386561E-028  1.22476978E-028
  3.223540E-01  3.17624072E-027  2.83760250E-027  2.06191215E-028  1.32446996E-028
  3.267130E-01  3.46733786E-027  3.10481121E-027  2.19498640E-028  1.43028010E-028
  3.311310E-01  3.78136079E-027  3.39241203E-027  2.34721067E-028  1.54227690E-028
  3.356090E-01  4.11780645E-027  3.70116501E-027  2.50559438E-028  1.66082001E-028
  3.401470E-01  4.47719600E-027  4.03159377E-027  2.66993036E-028  1.78609201E-028
  3.447470E-01  4.86009627E-027  4.38399982E-027  2.84278434E-028  1.91818021E-028
  3.494080E-01  5.26728664E-027  4.75789362E-027  3.03752707E-028  2.05640317E-028
  3.541330E-01  5.69652057E-027  5.15223362E-027  3.24102408E-028  2.20184541E-028
  3.589220E-01  6.14517453E-027  5.56438296E-027  3.45325563E-028  2.35466007E-028
  3.637750E-01  6.60843696E-027  5.98952333E-027  3.67415560E-028  2.51498078E-028
  3.686950E-01  7.07869828E-027  6.41995087E-027  3.90480568E-028  2.68266836E-028
  3.736800E-01  7.54356535E-027  6.84328679E-027  4.14482805E-028  2.85795760E-028
  3.787330E-01  7.98770327E-027  7.24417081E-027  4.39411762E-028  3.04120695E-028
  3.838550E-01  8.39829509E-027  7.60980225E-027  4.65273402E-028  3.23219435E-028
  3.890450E-01  8.77910161E-027  7.94395416E-027  4.92065166E-028  3.43082293E-028
  3.943060E-01  9.15699067E-027  8.27342826E-027  5.19793040E-028  3.63769369E-028
  3.996380E-01  9.55998418E-027  8.62625178E-027  5.48446008E-028  3.85286391E-028
  4.050420E-01  9.99082636E-027  9.00588835E-027  5.77485119E-028  4.07452892E-028
  4.105190E-01  1.04275642E-026  9.38980250E-027  6.07331004E-028  4.30430673E-028
  4.160700E-01  1.08380733E-026  9.74584202E-027  6.37995222E-028  4.54236092E-028
  4.216970E-01  1.12067931E-026  1.00584465E-026  6.69468305E-028  4.78878284E-028
  4.273990E-01  1.15541189E-026  1.03480588E-026  7.01710131E-028  5.04349997E-028
  4.331780E-01  1.19142835E-026  1.06489206E-026  7.34704798E-028  5.30658152E-028
  4.390360E-01  1.22903645E-026  1.09631760E-026  7.69358981E-028  5.57829557E-028
  4.449730E-01  1.26417978E-026  1.12498598E-026  8.06275863E-028  5.85662072E-028
  4.509900E-01  1.29087273E-026  1.14501170E-026  8.44334375E-028  6.14275952E-028
  4.570880E-01  1.30561796E-026  1.15292207E-026  8.83259512E-028  6.43699417E-028
  4.632690E-01  1.31089082E-026  1.15119501E-026  9.23024237E-028  6.73933842E-028
  4.695340E-01  1.31312440E-026  1.14626802E-026  9.63591484E-028  7.04972313E-028
  4.758830E-01  1.31589135E-026  1.14172062E-026  1.00490560E-027  7.36801729E-028
  4.823180E-01  1.31637889E-026  1.13474378E-026  1.04693185E-027  7.69419247E-028
  4.888400E-01  1.30831567E-026  1.11884572E-026  1.09192265E-027  8.02776864E-028
  4.954500E-01  1.28691268E-026  1.08912898E-026  1.14099285E-027  8.36844147E-028
  5.021500E-01  1.25277697E-026  1.04648596E-026  1.19124443E-027  8.71665583E-028
  5.089400E-01  1.21269188E-026  9.97706543E-027  1.24263411E-027  9.07219264E-028
  5.158220E-01  1.17382958E-026  9.49965502E-027  1.29514385E-027  9.43496886E-028
  5.227970E-01  1.13808945E-026  9.05167094E-027  1.34873876E-027  9.80484754E-028
  5.298670E-01  1.10258598E-026  8.60429808E-027  1.40339017E-027  1.01817158E-027
  5.370320E-01  1.06367031E-026  8.12112541E-027  1.45904122E-027  1.05653646E-027
  5.442940E-01  1.02063362E-026  7.59511659E-027  1.51565652E-027  1.09556307E-027
  5.516540E-01  9.77017111E-027  7.06075465E-027  1.57423295E-027  1.13518351E-027
  5.591140E-01  9.37120034E-027  6.55816060E-027  1.63781795E-027  1.17522179E-027
  5.666740E-01  9.01228294E-027  6.09367842E-027  1.70276195E-027  1.21584256E-027
  5.743370E-01  8.66914310E-027  5.64304930E-027  1.76905617E-027  1.25703763E-027
  5.821030E-01  8.32060633E-027  5.18516287E-027  1.83666484E-027  1.29877861E-027
  5.899750E-01  7.97537877E-027  4.72874535E-027  1.90557542E-027  1.34105800E-027
  5.979530E-01  7.65971267E-027  4.30013702E-027  1.97573647E-027  1.38383918E-027
  6.060380E-01  7.38354296E-027  3.90933597E-027  2.04710526E-027  1.42710173E-027
  6.142330E-01  7.13463425E-027  3.54413123E-027  2.11966649E-027  1.47083653E-027
  6.225390E-01  6.90047954E-027  3.19209115E-027  2.19337572E-027  1.51501267E-027
  6.309570E-01  6.68449908E-027  2.85671766E-027  2.26817474E-027  1.55960667E-027
  6.394890E-01  6.49724477E-027  2.54862001E-027  2.34402470E-027  1.60460006E-027
  6.481370E-01  6.34000969E-027  2.26915068E-027  2.42088297E-027  1.64997603E-027
  6.569010E-01  6.20608783E-027  2.01154679E-027  2.49884745E-027  1.69569359E-027
  6.657840E-01  6.09463813E-027  1.77234690E-027  2.58049932E-027  1.74179191E-027
  6.747870E-01  6.00617988E-027  1.55471045E-027  2.66327551E-027  1.78819392E-027
  6.839120E-01  5.94292722E-027  1.36090609E-027  2.74714068E-027  1.83488044E-027
  6.931600E-01  5.90253318E-027  1.18866564E-027  2.83204241E-027  1.88182513E-027
  7.025330E-01  5.88244395E-027  1.03525308E-027  2.91817115E-027  1.92901972E-027
  7.120330E-01  5.88263929E-027  9.00145541E-028  3.00602648E-027  1.97646727E-027
  7.216610E-01  5.90187806E-027  7.82880469E-028  3.09489771E-027  2.02409989E-027
  7.314200E-01  5.93825735E-027  6.81591853E-028  3.18475669E-027  2.07190881E-027
  7.413100E-01  5.98967464E-027  5.94280529E-028  3.27554169E-027  2.11985242E-027
  7.513350E-01  6.05455244E-027  5.19413107E-028  3.36721914E-027  2.16792019E-027
  7.614940E-01  6.13126356E-027  4.55485357E-028  3.45970386E-027  2.21607434E-027
  7.717920E-01  6.21816459E-027  4.00861885E-028  3.55298979E-027  2.26431291E-027
  7.822280E-01  6.31367416E-027  3.54122220E-028  3.64696674E-027  2.31258520E-027
  7.928060E-01  6.41652191E-027  3.14017869E-028  3.74161685E-027  2.36088719E-027
  8.035260E-01  6.52597008E-027  2.79465465E-028  3.83750451E-027  2.40900011E-027
  8.143920E-01  6.64164898E-027  2.49534507E-028  3.93538145E-027  2.45673302E-027
  8.254040E-01  6.76178505E-027  2.23467146E-028  4.03393979E-027  2.50437811E-027
  8.365660E-01  6.88573137E-027  2.00635004E-028  4.13316458E-027  2.55193179E-027
  8.478780E-01  7.01284826E-027  1.80535266E-028  4.23296373E-027  2.59934927E-027
  8.593430E-01  7.14268571E-027  1.62757377E-028  4.33330527E-027  2.64662306E-027
  8.709640E-01  7.27483590E-027  1.46970204E-028  4.43413564E-027  2.69373006E-027
  8.827410E-01  7.40890827E-027  1.32908001E-028  4.53537329E-027  2.74062698E-027
  8.946780E-01  7.54465026E-027  1.20349531E-028  4.63698226E-027  2.78731847E-027
  9.067760E-01  7.68295094E-027  1.09114675E-028  4.74030412E-027  2.83353214E-027
  9.190380E-01  7.82343883E-027  9.90520707E-029  4.84508522E-027  2.87930153E-027
  9.314650E-01  7.96506207E-027  9.00350863E-029  4.95027965E-027  2.92474733E-027
  9.440610E-01  8.10769219E-027  8.19548824E-029  5.05585227E-027  2.96988504E-027
  9.568270E-01  8.25113392E-027  7.47194341E-029  5.16175714E-027  3.01465734E-027
  9.697650E-01  8.39519115E-027  6.82489699E-029  5.26788695E-027  3.05905522E-027
  9.828790E-01  8.53979515E-027  6.24727065E-029  5.37426510E-027  3.10305734E-027
  9.961700E-01  8.68473855E-027  5.73306723E-029  5.48075919E-027  3.14664869E-027
  1.009640E+00  8.83350770E-027  5.27689999E-029  5.59073896E-027  3.18999974E-027
  1.023290E+00  8.98397454E-027  4.87406837E-029  5.70227118E-027  3.23296268E-027
  1.037130E+00  9.13487779E-027  4.52014897E-029  5.81417824E-027  3.27549806E-027
  1.051150E+00  9.28582812E-027  4.21169810E-029  5.92622659E-027  3.31748454E-027
  1.065370E+00  9.43709637E-027  3.94499065E-029  6.03862470E-027  3.35902177E-027
  1.079780E+00  9.58830058E-027  3.71730482E-029  6.15111358E-027  3.40001395E-027
  1.094380E+00  9.73926952E-027  3.52596456E-029  6.26359796E-027  3.44041191E-027
  1.109170E+00  9.88989652E-027  3.36855184E-029  6.37601340E-027  3.48019761E-027
  1.124170E+00  1.00404236E-026  3.24273725E-029  6.48855683E-027  3.51943942E-027
  1.139380E+00  1.01992814E-026  3.14668133E-029  6.60992758E-027  3.55788701E-027
  1.154780E+00  1.03598932E-026  3.07877887E-029  6.73355074E-027  3.59555470E-027
  1.170400E+00  1.05207068E-026  3.03737242E-029  6.85771711E-027  3.63261598E-027
  1.186220E+00  1.06811872E-026  3.02117239E-029  6.98202997E-027  3.66894552E-027
  1.202260E+00  1.08416057E-026  3.02896067E-029  7.10671136E-027  3.70460472E-027
  1.218520E+00  1.10018366E-026  3.05971185E-029  7.23167688E-027  3.73956261E-027
  1.235000E+00  1.11617153E-026  3.11253615E-029  7.35680955E-027  3.77378035E-027
  1.251700E+00  1.13238914E-026  3.18664629E-029  7.48236642E-027  3.80965856E-027
  1.268630E+00  1.14891821E-026  3.28143732E-029  7.61117042E-027  3.84519731E-027
  1.285780E+00  1.16539519E-026  3.39629687E-029  7.74000035E-027  3.87998859E-027
  1.303170E+00  1.18185077E-026  3.53092768E-029  7.86909484E-027  3.91410358E-027
  1.320790E+00  1.19848750E-026  3.68492377E-029  8.00019700E-027  3.94782880E-027
  1.338650E+00  1.21511694E-026  3.85813196E-029  8.13171837E-027  3.98086968E-027
  1.356750E+00  1.23169811E-026  4.05040698E-029  8.26333401E-027  4.01314304E-027
  1.375100E+00  1.24823869E-026  4.26181145E-029  8.39509660E-027  4.04467219E-027
  1.393690E+00  1.26502484E-026  4.49225357E-029  8.53009767E-027  4.07522816E-027
  1.412540E+00  1.28183523E-026  4.74209311E-029  8.66591334E-027  4.10501805E-027
  1.431640E+00  1.29858231E-026  5.01140725E-029  8.80173860E-027  4.13397047E-027
  1.451000E+00  1.31527420E-026  5.30059969E-029  8.93764273E-027  4.16209323E-027
  1.470620E+00  1.33243485E-026  5.61001872E-029  9.07892471E-027  4.18932362E-027
  1.490500E+00  1.34988792E-026  5.94008372E-029  9.22382064E-027  4.21565777E-027
  1.510660E+00  1.36732534E-026  6.29163921E-029  9.36917178E-027  4.24116522E-027
  1.531090E+00  1.38471071E-026  6.66509504E-029  9.51467915E-027  4.26577695E-027
  1.551790E+00  1.40208645E-026  7.06109996E-029  9.66084034E-027  4.28941320E-027
  1.572780E+00  1.41993296E-026  7.48076455E-029  9.81299049E-027  4.31153142E-027
  1.594040E+00  1.43771109E-026  7.92450033E-029  9.96518429E-027  4.33268160E-027
  1.615600E+00  1.45546889E-026  8.39382257E-029  1.01177978E-026  4.35295287E-027
  1.637440E+00  1.47315264E-026  8.88928479E-029  1.02703829E-026  4.37225061E-027
  1.659590E+00  1.49082816E-026  9.41263078E-029  1.04232656E-026  4.39088966E-027
  1.682030E+00  1.50845140E-026  9.96457521E-029  1.05760112E-026  4.40885698E-027
  1.704770E+00  1.52600645E-026  1.05466095E-028  1.07287218E-026  4.42587659E-027
  1.727830E+00  1.54352000E-026  1.11606360E-028  1.08816064E-026  4.44198723E-027
  1.751190E+00  1.56093852E-026  1.18076346E-028  1.10342008E-026  4.45710806E-027
  1.774870E+00  1.57842240E-026  1.24897737E-028  1.11876121E-026  4.47171419E-027
  1.798870E+00  1.59656809E-026  1.32088627E-028  1.13459234E-026  4.48766885E-027
  1.823200E+00  1.61466807E-026  1.39671255E-028  1.15042864E-026  4.50272308E-027
  1.847850E+00  1.63268990E-026  1.47663922E-028  1.16623966E-026  4.51683845E-027
  1.872840E+00  1.65065955E-026  1.56096267E-028  1.18204615E-026  4.53003770E-027
  1.898160E+00  1.66854636E-026  1.64990620E-028  1.19781633E-026  4.54230970E-027
  1.923830E+00  1.68697060E-026  1.74382077E-028  1.21413682E-026  4.55395566E-027
  1.949840E+00  1.70567121E-026  1.84298243E-028  1.23075837E-026  4.56483016E-027
  1.976210E+00  1.72433832E-026  1.94781358E-028  1.24737993E-026  4.57480253E-027
  2.002930E+00  1.74294214E-026  2.05866292E-028  1.26397083E-026  4.58384672E-027
  2.030020E+00  1.76150742E-026  2.17604270E-028  1.28054770E-026  4.59199289E-027
  2.057470E+00  1.78000576E-026  2.30039890E-028  1.29708048E-026  4.59921293E-027
  2.085290E+00  1.79871528E-026  2.43231347E-028  1.31385176E-026  4.60540388E-027
  2.113490E+00  1.81751365E-026  2.57246724E-028  1.33072442E-026  4.61064561E-027
  2.142070E+00  1.83633554E-026  2.72155547E-028  1.34751536E-026  4.61604627E-027
  2.171030E+00  1.85513369E-026  2.88039508E-028  1.36422901E-026  4.62100738E-027
  2.200390E+00  1.87390938E-026  3.05003301E-028  1.38090017E-026  4.62508881E-027
  2.230150E+00  1.89285877E-026  3.23154713E-028  1.39778175E-026  4.62761556E-027
  2.260300E+00  1.91190694E-026  3.42615565E-028  1.41471650E-026  4.62928886E-027
  2.290870E+00  1.93155771E-026  3.63551472E-028  1.43217314E-026  4.63029425E-027
  2.321850E+00  1.95121911E-026  3.86133573E-028  1.44956183E-026  4.63043931E-027
  2.353240E+00  1.97089472E-026  4.10569537E-028  1.46686482E-026  4.62972945E-027
  2.385060E+00  1.99062652E-026  4.37128682E-028  1.48409484E-026  4.62818815E-027
  2.417320E+00  2.01044403E-026  4.66123705E-028  1.50124794E-026  4.62583720E-027
  2.450000E+00  2.03130376E-026  4.97911356E-028  1.51921547E-026  4.62297152E-027
  2.483130E+00  2.05256101E-026  5.32980310E-028  1.53731335E-026  4.61949634E-027
  2.516710E+00  2.07373843E-026  5.71907530E-028  1.55494151E-026  4.61606164E-027
  2.550740E+00  2.09517821E-026  6.15421290E-028  1.57245174E-026  4.61184337E-027
  2.585230E+00  2.11696934E-026  6.64461523E-028  1.58983636E-026  4.60686834E-027
  2.620190E+00  2.13923013E-026  7.20251016E-028  1.60709040E-026  4.60114627E-027
  2.655620E+00  2.16209940E-026  7.84374527E-028  1.62419369E-026  4.59468261E-027
  2.691530E+00  2.18578665E-026  8.58972515E-028  1.64113988E-026  4.58749520E-027
  2.727930E+00  2.21057812E-026  9.46963977E-028  1.65792167E-026  4.57960045E-027
  2.764820E+00  2.23707210E-026  1.05237990E-027  1.67470493E-026  4.57129183E-027
  2.802210E+00  2.26625988E-026  1.18100252E-027  1.69184872E-026  4.56310901E-027
  2.840100E+00  2.29835780E-026  1.34125724E-027  1.70880557E-026  4.55426508E-027
  2.878500E+00  2.33464405E-026  1.54594623E-027  1.72557219E-026  4.54477243E-027
  2.917430E+00  2.37714503E-026  1.81528042E-027  1.74215160E-026  4.53465389E-027
  2.956880E+00  2.42912597E-026  2.18227733E-027  1.75850610E-026  4.52392140E-027
  2.996860E+00  2.49634560E-026  2.70456760E-027  1.77463027E-026  4.51258563E-027
  3.037390E+00  2.58959390E-026  3.48999365E-027  1.79052732E-026  4.50067215E-027
  3.078460E+00  2.73080131E-026  4.75821479E-027  1.80616106E-026  4.48818774E-027
  3.120090E+00  2.97176863E-026  7.01800739E-027  1.82219204E-026  4.47775856E-027
  3.162280E+00  3.45247923E-026  1.16688910E-026  1.83864134E-026  4.46948795E-027
  3.205040E+00  4.67865104E-026  2.37775781E-026  1.85482405E-026  4.46069177E-027
  3.248380E+00  9.64022607E-026  7.32435707E-026  1.87072971E-026  4.45139286E-027
  3.292300E+00  5.25161966E-025  5.01860046E-025  1.88632195E-026  4.43870058E-027
  3.336820E+00  1.55742320E-025  1.32302038E-025  1.90161457E-026  4.42413636E-027
  3.381950E+00  5.74752567E-026  3.39001395E-026  1.91659834E-026  4.40913380E-027
  3.427680E+00  3.89749300E-026  1.52669891E-026  1.93163187E-026  4.39162228E-027
  3.474030E+00  3.27627417E-026  8.92427004E-027  1.94663108E-026  4.37216089E-027
  3.521010E+00  3.00281414E-026  6.06289469E-027  1.96129156E-026  4.35233110E-027
  3.568620E+00  2.86365426E-026  4.54848151E-027  1.97559049E-026  4.33215620E-027
  3.616870E+00  2.78694390E-026  3.66263482E-027  1.98951513E-026  4.31165290E-027
  3.665780E+00  2.74357137E-026  3.10961626E-027  2.00356363E-026  4.29046110E-027
  3.715350E+00  2.71985235E-026  2.75003266E-027  2.01801136E-026  4.26837731E-027
  3.765590E+00  2.70778654E-026  2.51108031E-027  2.03207432E-026  4.24604188E-027
  3.816510E+00  2.70327112E-026  2.35185530E-027  2.04573819E-026  4.22347401E-027
  3.868120E+00  2.70385702E-026  2.24799689E-027  2.05898789E-026  4.20069446E-027
  3.920430E+00  2.70882468E-026  2.18433509E-027  2.07261819E-026  4.17772980E-027
  3.973440E+00  2.71648271E-026  2.15108930E-027  2.08591372E-026  4.15460068E-027
  4.027170E+00  2.72607302E-026  2.14178910E-027  2.09876122E-026  4.13132887E-027
  4.081630E+00  2.73715084E-026  2.15211082E-027  2.11114611E-026  4.10793651E-027
  4.136820E+00  2.74939001E-026  2.17916330E-027  2.12306092E-026  4.08412754E-027
  4.192760E+00  2.76242748E-026  2.22107035E-027  2.13469419E-026  4.05626263E-027
  4.249460E+00  2.77633728E-026  2.27670640E-027  2.14582936E-026  4.02837281E-027
  4.306920E+00  2.79105036E-026  2.34552626E-027  2.15645014E-026  4.00047597E-027
  4.365160E+00  2.80655554E-026  2.42752571E-027  2.16654363E-026  3.97259333E-027
  4.424190E+00  2.82289696E-026  2.52319108E-027  2.17610287E-026  3.94474984E-027
  4.484010E+00  2.84149540E-026  2.63351843E-027  2.18607219E-026  3.92071370E-027
  4.544650E+00  2.86128686E-026  2.76020703E-027  2.19556671E-026  3.89699447E-027
  4.606100E+00  2.88240654E-026  2.90574966E-027  2.20449643E-026  3.87335153E-027
  4.668390E+00  2.90523985E-026  3.07397924E-027  2.21286118E-026  3.84980744E-027
  4.731510E+00  2.93033461E-026  3.27063486E-027  2.22063344E-026  3.82637689E-027
  4.795490E+00  2.95966578E-026  3.50498470E-027  2.22859823E-026  3.80569084E-027
  4.860340E+00  2.99521059E-026  3.79268951E-027  2.23706547E-026  3.78876169E-027
  4.926060E+00  3.03837014E-026  4.16258469E-027  2.24491411E-026  3.77197563E-027
  4.992680E+00  3.09512885E-026  4.67439648E-027  2.25215392E-026  3.75535276E-027
  5.060190E+00  3.17895311E-026  5.46884514E-027  2.25775970E-026  3.74308893E-027
  5.128610E+00  3.32887386E-026  6.93130829E-027  2.26259665E-026  3.73146380E-027
  5.197970E+00  3.64742777E-026  1.00821493E-026  2.26676709E-026  3.72445749E-027
  5.268250E+00  4.04172299E-026  1.39920688E-026  2.27023173E-026  3.72284375E-027
  5.339490E+00  3.80857919E-026  1.16339116E-026  2.27304469E-026  3.72143338E-027
  5.411700E+00  3.63206100E-026  9.84850432E-027  2.27518553E-026  3.72025045E-027
  5.484870E+00  3.68345025E-026  1.03488114E-026  2.27663783E-026  3.71931281E-027
  5.559040E+00  3.94540745E-026  1.29495670E-026  2.27801414E-026  3.72436615E-027
  5.634210E+00  4.56790428E-026  1.91560521E-026  2.27902713E-026  3.73271937E-027
  5.710400E+00  5.14497097E-026  2.49030379E-026  2.27974643E-026  3.74920753E-027
  5.787620E+00  4.73959255E-026  2.08318345E-026  2.27979207E-026  3.76617024E-027
  5.865880E+00  4.64003958E-026  1.98253395E-026  2.27915722E-026  3.78348417E-027
  5.945200E+00  5.06503010E-026  2.40585395E-026  2.27870075E-026  3.80475404E-027
  6.025600E+00  6.25865241E-026  3.59730184E-026  2.27837239E-026  3.82978179E-027
  6.107080E+00  9.47194991E-026  6.80908126E-026  2.27734166E-026  3.85526988E-027
  6.189660E+00  1.68693432E-025  1.42055952E-025  2.27562231E-026  3.88125660E-027
  6.273360E+00  1.49782903E-025  1.23184745E-025  2.26974559E-026  3.90070138E-027
  6.358190E+00  8.91776542E-026  6.26299413E-026  2.26278640E-026  3.91984894E-027
  6.444170E+00  6.88321551E-026  4.22860084E-026  2.26153831E-026  3.93076367E-027
  6.531310E+00  6.44448106E-026  3.79080290E-026  2.25947994E-026  3.94198215E-027
  6.619620E+00  6.59197105E-026  3.94177984E-026  2.25536155E-026  3.94829652E-027
  6.709140E+00  6.73120945E-026  4.08513533E-026  2.25056474E-026  3.95509379E-027
  6.799860E+00  6.60911993E-026  3.96819605E-026  2.24497408E-026  3.95949795E-027
  6.891810E+00  6.51127863E-026  3.87608960E-026  2.23872080E-026  3.96468231E-027
  6.985000E+00  6.67518255E-026  4.04343424E-026  2.23273228E-026  3.99016022E-027
  7.079460E+00  7.14785640E-026  4.51934131E-026  2.22634123E-026  4.02173860E-027
  7.175190E+00  7.95337667E-026  5.31956511E-026  2.21946605E-026  4.14345511E-027
  7.272210E+00  9.14527208E-026  6.50599327E-026  2.21197028E-026  4.27308533E-027
  7.370550E+00  1.09757545E-025  8.30806968E-026  2.20469875E-026  4.62986060E-027
  7.470220E+00  1.40258471E-025  1.13230465E-025  2.19704022E-026  5.05760374E-027
  7.571230E+00  1.79507121E-025  1.51736232E-025  2.18943579E-026  5.87653094E-027
  7.673620E+00  1.85795491E-025  1.56958586E-025  2.18174459E-026  7.01945874E-027
  7.777380E+00  1.81723991E-025  1.51535339E-025  2.17347487E-026  8.45390311E-027
  7.882550E+00  1.72059217E-025  1.39780399E-025  2.16468077E-026  1.06320112E-026
  7.989140E+00  1.39601416E-025  1.05170505E-025  2.15528827E-026  1.28780281E-026
  8.097170E+00  1.14450263E-025  7.68920832E-026  2.14465583E-026  1.61116219E-026
  8.206660E+00  1.03999991E-025  6.31465092E-026  2.13341795E-026  1.95193020E-026
  8.317640E+00  1.03313949E-025  5.92036958E-026  2.12182060E-026  2.28920472E-026
  8.430110E+00  1.08815133E-025  6.17452374E-026  2.11003829E-026  2.59695125E-026
  8.544110E+00  1.24496347E-025  7.47055853E-026  2.09789417E-026  2.88118199E-026
  8.659640E+00  1.25863164E-025  7.31623647E-026  2.08554929E-026  3.18453060E-026
  8.776740E+00  1.06452247E-025  5.02547734E-026  2.07323033E-026  3.54651701E-026
  8.895420E+00  9.67825967E-026  3.64010399E-026  2.06071038E-026  3.97744530E-026
  9.015710E+00  9.47795685E-026  2.97638718E-026  2.04824102E-026  4.45332865E-026
  9.137630E+00  9.59355034E-026  2.63705736E-026  2.03585473E-026  4.92063826E-026
  9.261190E+00  9.78497482E-026  2.45551835E-026  2.02355626E-026  5.30590021E-026
  9.386420E+00  9.91531665E-026  2.36257638E-026  2.01174131E-026  5.54099896E-026
  9.513350E+00  9.93028235E-026  2.32684428E-026  1.99961233E-026  5.60382574E-026
  9.641990E+00  9.86494918E-026  2.33329082E-026  1.98775368E-026  5.54390468E-026
  9.772370E+00  9.76584142E-026  2.37516328E-026  1.97622260E-026  5.41445554E-026
  9.904520E+00  9.69506257E-026  2.45093872E-026  1.96500377E-026  5.27912008E-026
  1.003850E+01  9.67513484E-026  2.56364646E-026  1.95398313E-026  5.15750525E-026
  1.017420E+01  9.71254272E-026  2.72171612E-026  1.94332809E-026  5.04749850E-026
  1.031180E+01  9.78990717E-026  2.94326170E-026  1.93268019E-026  4.91396528E-026
  1.045120E+01  9.88779124E-026  3.26679747E-026  1.92216370E-026  4.69883008E-026
  1.059250E+01  1.01476612E-025  3.79612954E-026  1.91194275E-026  4.43958889E-026
  1.073580E+01  1.06784418E-025  4.59792607E-026  1.90219933E-026  4.17831641E-026
  1.088090E+01  1.18307680E-025  5.99117200E-026  1.89306619E-026  3.94652982E-026
  1.102810E+01  1.52558809E-025  9.61584431E-026  1.88518779E-026  3.75484879E-026
  1.117720E+01  3.05326159E-025  2.50867558E-025  1.88062564E-026  3.56523451E-026
  1.132840E+01  3.36025024E-025  2.83338466E-025  1.88230336E-026  3.38635247E-026
  1.148150E+01  2.24602492E-025  1.71537694E-025  2.08418524E-026  3.22229457E-026
  1.163680E+01  1.65440491E-025  1.16286831E-025  1.83756963E-026  3.07779637E-026
  1.179420E+01  1.61854253E-025  1.14309769E-025  1.82970307E-026  2.92474529E-026
  1.195360E+01  1.78618147E-025  1.32683377E-025  1.82494203E-026  2.76853505E-026
  1.211530E+01  1.71975701E-025  1.27619182E-025  1.82034002E-026  2.61531186E-026
  1.227910E+01  1.63979620E-025  1.20997480E-025  1.81665300E-026  2.48156100E-026
  1.244510E+01  1.87932463E-025  1.46198517E-025  1.81225116E-026  2.36114347E-026
  1.261340E+01  2.24422508E-025  1.83966819E-025  1.80656685E-026  2.23900213E-026
  1.278400E+01  1.88411500E-025  1.49178291E-025  1.80171286E-026  2.12160807E-026
  1.295690E+01  1.42977635E-025  1.04898884E-025  1.79735678E-026  2.01051832E-026
  1.313210E+01  1.25593560E-025  8.84737926E-026  1.79354202E-026  1.91843473E-026
  1.330970E+01  1.25962841E-025  8.97309892E-026  1.79102600E-026  1.83215922E-026
  1.348960E+01  1.30199656E-025  9.48235121E-026  1.78937662E-026  1.74823778E-026
  1.367200E+01  1.16881227E-025  8.21418355E-026  1.78879683E-026  1.68514235E-026
  1.385690E+01  1.06036094E-025  7.17298743E-026  1.78944840E-026  1.64117353E-026
  1.404430E+01  1.05293058E-025  7.11216269E-026  1.79164766E-026  1.62549546E-026
  1.423420E+01  1.07899207E-025  7.34249871E-026  1.79510796E-026  1.65231405E-026
  1.442670E+01  9.99130765E-026  6.49538889E-026  1.79935853E-026  1.69656023E-026
  1.462180E+01  9.77864002E-026  6.19266228E-026  1.80558286E-026  1.78039487E-026
  1.481950E+01  9.80965201E-026  6.12482001E-026  1.81296757E-026  1.87186444E-026
  1.501990E+01  9.94033027E-026  6.14341863E-026  1.82251408E-026  1.97439756E-026
  1.522300E+01  1.01324427E-025  6.21038060E-026  1.83446618E-026  2.08759591E-026
  1.542880E+01  1.03802977E-025  6.32137287E-026  1.84777273E-026  2.21115206E-026
  1.563750E+01  1.07111222E-025  6.50259030E-026  1.86338760E-026  2.34514426E-026
  1.584890E+01  1.12261491E-025  6.85798328E-026  1.88052286E-026  2.48764299E-026
  1.606320E+01  1.17474074E-025  7.20764338E-026  1.90037137E-026  2.63939260E-026
  1.628050E+01  1.31337520E-025  8.41357865E-026  1.92158463E-026  2.79858872E-026
  1.650060E+01  1.59453821E-025  1.10365891E-025  1.94599412E-026  2.96279887E-026
  1.672370E+01  1.45595581E-025  9.45573385E-026  1.97175862E-026  3.13206566E-026
  1.694990E+01  1.53134827E-025  1.00183892E-025  2.00121186E-026  3.29388163E-026
  1.717910E+01  1.55215215E-025  1.00320095E-025  2.03217834E-026  3.45733364E-026
  1.741140E+01  1.55036833E-025  9.82332962E-026  2.06784889E-026  3.61250476E-026
  1.764680E+01  1.40399648E-025  8.16862358E-026  2.10552077E-026  3.76582049E-026
  1.788550E+01  1.38558717E-025  7.81268071E-026  2.14851038E-026  3.89468058E-026
  1.812730E+01  1.31896745E-025  6.98245010E-026  2.19450275E-026  4.01272167E-026
  1.837240E+01  1.29692285E-025  6.61523781E-026  2.24451912E-026  4.10947157E-026
  1.862090E+01  1.28812634E-025  6.39526432E-026  2.29806262E-026  4.18793646E-026
  1.887270E+01  1.28282020E-025  6.22624426E-026  2.35542510E-026  4.24653266E-026
  1.912790E+01  1.27615984E-025  6.07081210E-026  2.41866527E-026  4.27212108E-026
  1.938650E+01  1.26961975E-025  5.91902046E-026  2.48419973E-026  4.29297729E-026
  1.964870E+01  1.26059572E-025  5.77460365E-026  2.55744985E-026  4.27390368E-026
  1.991440E+01  1.25277351E-025  5.64083309E-026  2.63307586E-026  4.25382618E-026
  2.018370E+01  1.24522000E-025  5.51715844E-026  2.71496214E-026  4.22007939E-026
  2.045660E+01  1.23987457E-025  5.40155991E-026  2.80389461E-026  4.19329122E-026
  2.073320E+01  1.23715300E-025  5.29199255E-026  2.89970607E-026  4.17983134E-026
  2.101360E+01  1.23537119E-025  5.18691626E-026  3.00238666E-026  4.16440899E-026
  2.129770E+01  1.23453132E-025  5.08532739E-026  3.11430759E-026  4.14567818E-026
  2.158570E+01  1.23572844E-025  4.98645351E-026  3.23450058E-026  4.13633032E-026
  2.187760E+01  1.23834644E-025  4.88985018E-026  3.36321664E-026  4.13039754E-026
  2.217350E+01  1.24181932E-025  4.79520399E-026  3.50074743E-026  4.12224176E-026
  2.247330E+01  1.24496072E-025  4.70236244E-026  3.64913123E-026  4.09811357E-026
  2.277720E+01  1.25031593E-025  4.61115592E-026  3.80813117E-026  4.08387220E-026
  2.308520E+01  1.25774956E-025  4.52153052E-026  3.97727517E-026  4.07868996E-026
  2.339740E+01  1.26727679E-025  4.43340800E-026  4.15684340E-026  4.08251647E-026
  2.371370E+01  1.27748574E-025  4.34680942E-026  4.35035187E-026  4.07769615E-026
  2.403440E+01  1.28938553E-025  4.26163440E-026  4.55472290E-026  4.07749804E-026
  2.435940E+01  1.30290887E-025  4.17791731E-026  4.77022921E-026  4.08094219E-026
  2.468880E+01  1.31827033E-025  4.09562643E-026  4.99978902E-026  4.08728789E-026
  2.502270E+01  1.33400879E-025  4.01474284E-026  5.23851514E-026  4.08682995E-026
  2.536100E+01  1.35231442E-025  3.93528342E-026  5.49732904E-026  4.09053173E-026
  2.570400E+01  1.37156596E-025  3.85718026E-026  5.76402874E-026  4.09445061E-026
  2.605150E+01  1.39179914E-025  3.78047433E-026  6.03903732E-026  4.09847972E-026
  2.640380E+01  1.41306441E-025  3.70509473E-026  6.32285695E-026  4.10269239E-026
  2.676090E+01  1.43540298E-025  3.63103351E-026  6.61594701E-026  4.10704925E-026
  2.712270E+01  1.45885456E-025  3.55830338E-026  6.91875826E-026  4.11148399E-026
  2.748950E+01  1.48346423E-025  3.48683276E-026  7.23174071E-026  4.11606882E-026
  2.786120E+01  1.50751237E-025  3.41662834E-026  7.53146782E-026  4.12702751E-026
  2.823800E+01  1.53168464E-025  3.34764247E-026  7.82974285E-026  4.13946112E-026
  2.861980E+01  1.55617691E-025  3.27987683E-026  8.12985601E-026  4.15203621E-026
  2.900680E+01  1.58087644E-025  3.21328248E-026  8.43068820E-026  4.16479369E-026
  2.939910E+01  1.60563976E-025  3.14783002E-026  8.73082491E-026  4.17774265E-026
  2.979660E+01  1.63028534E-025  3.08352086E-026  9.02850457E-026  4.19082801E-026
  3.019950E+01  1.65063980E-025  3.02030683E-026  9.27864410E-026  4.20744711E-026
  3.060790E+01  1.66588450E-025  2.95815869E-026  9.47302243E-026  4.22766393E-026
  3.102180E+01  1.67963886E-025  2.89706480E-026  9.65126035E-026  4.24806348E-026
  3.144130E+01  1.69169257E-025  2.83699225E-026  9.81127851E-026  4.26865489E-026
  3.186640E+01  1.70183936E-025  2.77792945E-026  9.95103981E-026  4.28942431E-026
  3.229730E+01  1.70989588E-025  2.71983872E-026  1.00687001E-025  4.31041989E-026
  3.273410E+01  1.71569441E-025  2.66269135E-026  1.01625915E-025  4.33166117E-026
  3.317670E+01  1.71908522E-025  2.60649435E-026  1.02312507E-025  4.35310708E-026
  3.362530E+01  1.71833607E-025  2.55120613E-026  1.02534940E-025  4.37866050E-026
  3.408000E+01  1.71082774E-025  2.49680958E-026  1.01956471E-025  4.41582069E-026
  3.454090E+01  1.70164290E-025  2.44327818E-026  1.01195072E-025  4.45364360E-026
  3.500800E+01  1.69091644E-025  2.39060918E-026  1.00264148E-025  4.49214035E-026
  3.548130E+01  1.67880852E-025  2.33879417E-026  9.91797278E-026  4.53131821E-026
  3.596110E+01  1.66551423E-025  2.28778983E-026  9.79606286E-026  4.57128957E-026
  3.644740E+01  1.65122736E-025  2.23759480E-026  9.66260766E-026  4.61207118E-026
  3.694030E+01  1.63615810E-025  2.18819182E-026  9.51966861E-026  4.65372057E-026
  3.743980E+01  1.62051260E-025  2.13957514E-026  9.36929659E-026  4.69625422E-026
  3.794610E+01  1.60377638E-025  2.09172325E-026  9.20590960E-026  4.74013099E-026
  3.845920E+01  1.58717869E-025  2.04463083E-026  9.04199064E-026  4.78516547E-026
  3.897920E+01  1.57121485E-025  1.99828790E-026  8.88255099E-026  4.83130960E-026
  3.950630E+01  1.55602677E-025  1.95267314E-026  8.72893113E-026  4.87866346E-026
  4.004050E+01  1.54173064E-025  1.90778598E-026  8.58225300E-026  4.92726740E-026
  4.058200E+01  1.52844357E-025  1.86360601E-026  8.44359411E-026  4.97723553E-026
  4.113080E+01  1.51625501E-025  1.82013677E-026  8.31380313E-026  5.02861017E-026
  4.168690E+01  1.50619199E-025  1.77737512E-026  8.20058411E-026  5.08396068E-026
  4.225060E+01  1.49807178E-025  1.73529577E-026  8.10311186E-026  5.14231014E-026
  4.282200E+01  1.49144334E-025  1.69389873E-026  8.01819856E-026  5.20233615E-026
  4.340100E+01  1.48631858E-025  1.65318556E-026  7.94594728E-026  5.26405291E-026
  4.398790E+01  1.48273465E-025  1.61313741E-026  7.88660469E-026  5.32760437E-026
  4.458270E+01  1.48069625E-025  1.57375627E-026  7.84018058E-026  5.39302568E-026
  4.518560E+01  1.48065305E-025  1.53503010E-026  7.80976139E-026  5.46173903E-026
  4.579660E+01  1.48440202E-025  1.49696370E-026  7.80785575E-026  5.53920077E-026
  4.641590E+01  1.48980244E-025  1.45954014E-026  7.81946091E-026  5.61902333E-026
  4.704350E+01  1.49683229E-025  1.42276191E-026  7.84432329E-026  5.70123772E-026
  4.767970E+01  1.50549337E-025  1.38661761E-026  7.88234118E-026  5.78597494E-026
  4.832440E+01  1.51574320E-025  1.35111282E-026  7.93311171E-026  5.87320747E-026
  4.897790E+01  1.52757301E-025  1.31623236E-026  7.99644629E-026  5.96305147E-026
  4.964020E+01  1.54093739E-025  1.28197695E-026  8.07190512E-026  6.05549181E-026
  5.031140E+01  1.55690781E-025  1.24834648E-026  8.16643550E-026  6.15429613E-026
  5.099180E+01  1.57564660E-025  1.21532336E-026  8.28090077E-026  6.26024185E-026
  5.168130E+01  1.59590388E-025  1.18291779E-026  8.40685536E-026  6.36926568E-026
  5.238010E+01  1.61893305E-025  1.15112135E-026  8.55224969E-026  6.48595944E-026
  5.308840E+01  1.64339542E-025  1.11992359E-026  8.70821139E-026  6.60581924E-026
  5.380630E+01  1.66922527E-025  1.08932520E-026  8.87414605E-026  6.72878144E-026
  5.453390E+01  1.69765940E-025  1.05932159E-026  9.05828307E-026  6.85898932E-026
  5.527130E+01  1.72757243E-025  1.02990903E-026  9.25280768E-026  6.99300754E-026
  5.601870E+01  1.75868730E-025  1.00108179E-026  9.45569700E-026  7.13009416E-026
  5.677620E+01  1.79198231E-025  9.72835856E-027  9.67265046E-026  7.27433680E-026
  5.754400E+01  1.82723176E-025  9.45163287E-027  9.90203270E-026  7.42512164E-026
  5.832210E+01  1.86346727E-025  9.18065370E-027  1.01377693E-025  7.57883803E-026
  5.911080E+01  1.90079630E-025  8.91531426E-027  1.03802381E-025  7.73619353E-026
  5.991010E+01  1.94094838E-025  8.65563641E-027  1.06388066E-025  7.90511354E-026
  6.072020E+01  1.98185393E-025  8.40152618E-027  1.09015929E-025  8.07679378E-026
  6.154130E+01  2.02338976E-025  8.15292014E-027  1.11676940E-025  8.25091158E-026
  6.237350E+01  2.06618622E-025  7.90978218E-027  1.14408399E-025  8.43004405E-026
  6.321690E+01  2.11029891E-025  7.67208006E-027  1.17211522E-025  8.61462888E-026
  6.407180E+01  2.15558555E-025  7.43971239E-027  1.20062796E-025  8.80560465E-026
  6.493820E+01  2.20171148E-025  7.21266094E-027  1.22942131E-025  9.00163560E-026
  6.581630E+01  2.24873906E-025  6.99085140E-027  1.25861120E-025  9.20219352E-026
  6.670630E+01  2.29619140E-025  6.77423264E-027  1.28788879E-025  9.40560287E-026
  6.760830E+01  2.34427955E-025  6.56274675E-027  1.31733481E-025  9.61317274E-026
  6.852250E+01  2.39248195E-025  6.35632645E-027  1.34663198E-025  9.82286702E-026
  6.944910E+01  2.44134336E-025  6.15489907E-027  1.37586818E-025  1.00392618E-025
  7.038820E+01  2.49028003E-025  5.95841874E-027  1.40492944E-025  1.02576640E-025
  7.134000E+01  2.53940800E-025  5.76681347E-027  1.43384988E-025  1.04788999E-025
  7.230470E+01  2.58862626E-025  5.58001525E-027  1.46230602E-025  1.07052009E-025
  7.328250E+01  2.63739341E-025  5.39794778E-027  1.49019660E-025  1.09321734E-025
  7.427340E+01  2.68604428E-025  5.22058179E-027  1.51768690E-025  1.11615155E-025
  7.527780E+01  2.73359161E-025  5.04780551E-027  1.54423507E-025  1.13887849E-025
  7.629570E+01  2.78122871E-025  4.87957744E-027  1.57048043E-025  1.16195250E-025
  7.732740E+01  2.82721188E-025  4.71581220E-027  1.59547103E-025  1.18458273E-025
  7.837300E+01  2.87339181E-025  4.55645078E-027  1.61999057E-025  1.20783672E-025
  7.943280E+01  2.91802712E-025  4.40140612E-027  1.64325652E-025  1.23075653E-025
  8.050690E+01  2.96163506E-025  4.25061739E-027  1.66558405E-025  1.25354484E-025
  8.159560E+01  3.00422463E-025  4.10399815E-027  1.68697623E-025  1.27620842E-025
  8.269900E+01  3.04455562E-025  3.96148800E-027  1.70678464E-025  1.29815609E-025
  8.381720E+01  3.08499586E-025  3.82302723E-027  1.72611241E-025  1.32065318E-025
  8.495060E+01  3.12287655E-025  3.68851306E-027  1.74372063E-025  1.34227079E-025
  8.609940E+01  3.15947061E-025  3.55787695E-027  1.76030029E-025  1.36359155E-025
  8.726360E+01  3.19463100E-025  3.43106451E-027  1.77578717E-025  1.38453318E-025
  8.844370E+01  3.22690115E-025  3.30797044E-027  1.78944182E-025  1.40437963E-025
  8.963960E+01  3.25895037E-025  3.18855358E-027  1.80239848E-025  1.42466635E-025
  9.085180E+01  3.28826651E-025  3.07270922E-027  1.81360220E-025  1.44393722E-025
  9.208030E+01  3.31492823E-025  2.96038645E-027  1.82314016E-025  1.46218421E-025
  9.332540E+01  3.34055330E-025  2.85150038E-027  1.83180023E-025  1.48023807E-025
  9.458740E+01  3.36288340E-025  2.74597220E-027  1.83852700E-025  1.49689668E-025
  9.586650E+01  3.38315690E-025  2.64372769E-027  1.84384592E-025  1.51287371E-025
  9.716280E+01  3.40216618E-025  2.54470747E-027  1.84807873E-025  1.52864037E-025
  9.847670E+01  3.41772171E-025  2.44882530E-027  1.85037344E-025  1.54286001E-025
  9.980830E+01  3.42972848E-025  2.35601313E-027  1.85072710E-025  1.55544125E-025
  1.011580E+02  3.44150566E-025  2.26619377E-027  1.85074169E-025  1.56810204E-025
  1.025260E+02  3.45029801E-025  2.17929509E-027  1.84915973E-025  1.57934532E-025
  1.039120E+02  3.45810163E-025  2.09527972E-027  1.84712005E-025  1.59002878E-025
  1.053170E+02  3.46607771E-025  2.01403106E-027  1.84529376E-025  1.60064364E-025
  1.067420E+02  3.47084018E-025  1.93544107E-027  1.84193948E-025  1.60954630E-025
  1.081850E+02  3.47222827E-025  1.85956291E-027  1.83703761E-025  1.61659503E-025
  1.096480E+02  3.47037066E-025  1.78623387E-027  1.83070938E-025  1.62179894E-025
  1.111310E+02  3.46526670E-025  1.71540381E-027  1.82301395E-025  1.62509870E-025
  1.126330E+02  3.45687466E-025  1.64706339E-027  1.81399251E-025  1.62641152E-025
  1.141560E+02  3.45230259E-025  1.58106498E-027  1.80773350E-025  1.62875844E-025
  1.157000E+02  3.44535098E-025  1.51736030E-027  1.80078966E-025  1.62938772E-025
  1.172650E+02  3.43571257E-025  1.45589819E-027  1.79305273E-025  1.62810086E-025
  1.188500E+02  3.42582965E-025  1.39666289E-027  1.78577577E-025  1.62608725E-025
  1.204570E+02  3.41609938E-025  1.33952763E-027  1.77917800E-025  1.62352611E-025
  1.220860E+02  3.40404509E-025  1.28444163E-027  1.77211305E-025  1.61908763E-025
  1.237370E+02  3.38974870E-025  1.23135749E-027  1.76467893E-025  1.61275620E-025
  1.254100E+02  3.37726184E-025  1.18022397E-027  1.75832016E-025  1.60713944E-025
  1.271060E+02  3.36278606E-025  1.13096191E-027  1.75129084E-025  1.60018560E-025
  1.288250E+02  3.34547923E-025  1.08352555E-027  1.74319853E-025  1.59144545E-025
  1.305670E+02  3.32520644E-025  1.03786526E-027  1.73390729E-025  1.58092050E-025
  1.323330E+02  3.30184067E-025  9.93910718E-028  1.72325819E-025  1.56864337E-025
  1.341220E+02  3.27516601E-025  9.51640160E-028  1.71103831E-025  1.55461131E-025
  1.359360E+02  3.24381579E-025  9.10959735E-028  1.69351896E-025  1.54118723E-025
  1.377740E+02  3.20681960E-025  8.71849083E-028  1.66977974E-025  1.52832137E-025
  1.396370E+02  3.16510740E-025  8.34244672E-028  1.64286976E-025  1.51389519E-025
  1.415250E+02  3.11879461E-025  7.98103378E-028  1.61287802E-025  1.49793556E-025
  1.434390E+02  3.06808813E-025  7.63364110E-028  1.57996659E-025  1.48048789E-025
  1.453780E+02  3.01321599E-025  7.30005514E-028  1.54433817E-025  1.46157777E-025
  1.473440E+02  2.95451301E-025  6.97952097E-028  1.50626439E-025  1.44126910E-025
  1.493370E+02  2.89232599E-025  6.67166722E-028  1.46604834E-025  1.41960599E-025
  1.513560E+02  2.82962566E-025  6.37627184E-028  1.42307815E-025  1.40017124E-025
  1.534030E+02  2.76673583E-025  6.09265445E-028  1.37939230E-025  1.38125087E-025
  1.554770E+02  2.70286318E-025  5.82060730E-028  1.33587417E-025  1.36116840E-025
  1.575800E+02  2.63822851E-025  5.55951988E-028  1.29268178E-025  1.33998721E-025
  1.597100E+02  2.57299800E-025  5.30927288E-028  1.24994491E-025  1.31774382E-025
  1.618700E+02  2.50735601E-025  5.06919265E-028  1.20777844E-025  1.29450838E-025
  1.640590E+02  2.44144028E-025  4.83907104E-028  1.16627407E-025  1.27032714E-025
  1.662770E+02  2.37538292E-025  4.61857748E-028  1.12550741E-025  1.24525693E-025
  1.685260E+02  2.30931359E-025  4.40721559E-028  1.08554223E-025  1.21936414E-025
  1.708050E+02  2.24333086E-025  4.20477312E-028  1.04642567E-025  1.19270042E-025
  1.731140E+02  2.17753457E-025  4.01095295E-028  1.00819533E-025  1.16532829E-025
  1.754550E+02  2.11351402E-025  3.82529780E-028  9.71453437E-026  1.13823529E-025
  1.778280E+02  2.05586386E-025  3.64754706E-028  9.37877121E-026  1.11433919E-025
  1.802330E+02  1.99839680E-025  3.47743090E-028  9.05030722E-026  1.08988864E-025
  1.826700E+02  1.94117095E-025  3.31468516E-028  8.72919225E-026  1.06493704E-025
  1.851400E+02  1.88424231E-025  3.15898605E-028  8.41546058E-026  1.03953727E-025
  1.876430E+02  1.82766823E-025  3.01008686E-028  8.10916129E-026  1.01374201E-025
  1.901810E+02  1.77150234E-025  2.86763582E-028  7.81029065E-026  9.87605641E-026
  1.927530E+02  1.71579589E-025  2.73146625E-028  7.51887481E-026  9.61176945E-026
  1.953590E+02  1.66060275E-025  2.60134478E-028  7.23492823E-026  9.34508580E-026
  1.980010E+02  1.60597002E-025  2.47695882E-028  6.95842061E-026  9.07650999E-026
  2.006780E+02  1.55316134E-025  2.35814811E-028  6.69370803E-026  8.81432391E-026
  2.033920E+02  1.50452200E-025  2.24461839E-028  6.44843801E-026  8.57433581E-026
  2.061420E+02  1.45636049E-025  2.13622269E-028  6.20890693E-026  8.33333575E-026
  2.089300E+02  1.40872100E-025  2.03268955E-028  5.97516241E-026  8.09172065E-026
  2.117550E+02  1.36165231E-025  1.93387542E-028  5.74728136E-026  7.84990299E-026
  2.146180E+02  1.31519484E-025  1.83956698E-028  5.52528444E-026  7.60826832E-026
  2.175200E+02  1.26938635E-025  1.74956239E-028  5.30918376E-026  7.36718413E-026
  2.204620E+02  1.22426263E-025  1.66366780E-028  5.09898538E-026  7.12700424E-026
  2.234430E+02  1.17986237E-025  1.58175552E-028  4.89471144E-026  6.88809468E-026
  2.264640E+02  1.13710583E-025  1.50364183E-028  4.69633497E-026  6.65968695E-026
  2.295270E+02  1.09606394E-025  1.42913223E-028  4.50381364E-026  6.44253441E-026
  2.326310E+02  1.05577860E-025  1.35810818E-028  4.31713079E-026  6.22707412E-026
  2.357760E+02  1.01627285E-025  1.29043266E-028  4.13625391E-026  6.01357025E-026
  2.389640E+02  9.77561677E-026  1.22592848E-028  3.96110129E-026  5.80225619E-026
  2.421960E+02  9.39686151E-026  1.16445276E-028  3.79160674E-026  5.59361024E-026
  2.454710E+02  9.02657485E-026  1.10590307E-028  3.62771985E-026  5.38779597E-026
  2.487900E+02  8.66411022E-026  1.05014138E-028  3.46936728E-026  5.18424153E-026
  2.521540E+02  8.30903306E-026  9.97039507E-029  3.32091030E-026  4.97815236E-026
  2.555640E+02  7.96271007E-026  9.46473966E-029  3.17981230E-026  4.77343304E-026
  2.590200E+02  7.62469049E-026  8.98340733E-029  3.04331694E-026  4.57239014E-026
  2.625230E+02  7.30168319E-026  8.52526384E-029  2.91136178E-026  4.38179615E-026
  2.660730E+02  6.98932857E-026  8.08935089E-029  2.78389003E-026  4.19734920E-026
  2.696700E+02  6.68513565E-026  7.67472546E-029  2.66084524E-026  4.01661568E-026
  2.733170E+02  6.38906962E-026  7.28016256E-029  2.54211999E-026  3.83966946E-026
  2.770130E+02  6.10907168E-026  6.90493447E-029  2.42765575E-026  3.67451100E-026
  2.807590E+02  5.84321290E-026  6.54811775E-029  2.31736932E-026  3.51929546E-026
  2.845550E+02  5.58494208E-026  6.20892612E-029  2.21117897E-026  3.36755418E-026
  2.884030E+02  5.33420228E-026  5.88642995E-029  2.10898299E-026  3.21933286E-026
  2.923030E+02  5.09096711E-026  5.57991725E-029  2.01069664E-026  3.07469055E-026
  2.962560E+02  4.85518601E-026  5.28862179E-029  1.91622290E-026  2.93367449E-026
  3.002620E+02  4.62808242E-026  5.01188750E-029  1.82566496E-026  2.79740557E-026
  3.043220E+02  4.42507807E-026  4.74900798E-029  1.74118597E-026  2.67914309E-026
  3.084370E+02  4.22835563E-026  4.49930997E-029  1.65996330E-026  2.56389302E-026
  3.126080E+02  4.03783823E-026  4.26215297E-029  1.58191028E-026  2.45166580E-026
  3.168350E+02  3.85347259E-026  4.03699473E-029  1.50695436E-026  2.34248123E-026
  3.211200E+02  3.67515650E-026  3.82318917E-029  1.43499993E-026  2.23633338E-026
  3.254620E+02  3.50283130E-026  3.62028305E-029  1.36597930E-026  2.13323171E-026
  3.298630E+02  3.33639008E-026  3.42769747E-029  1.29979913E-026  2.03316325E-026
  3.343230E+02  3.17574287E-026  3.24496579E-029  1.23637945E-026  1.93611846E-026
  3.388440E+02  3.02077272E-026  3.07156433E-029  1.17563085E-026  1.84207031E-026
  3.434260E+02  2.87138131E-026  2.90707161E-029  1.11747275E-026  1.75100148E-026
  3.480700E+02  2.72745895E-026  2.75104574E-029  1.06182268E-026  1.66288522E-026
  3.527770E+02  2.59756937E-026  2.60307073E-029  1.00859670E-026  1.58636960E-026
  3.575470E+02  2.47502055E-026  2.46277694E-029  9.58554210E-027  1.51400356E-026
  3.623820E+02  2.35732064E-026  2.32974848E-029  9.11038488E-027  1.44395240E-026
  3.672820E+02  2.24398301E-026  2.20365428E-029  8.65588747E-027  1.37619061E-026
  3.722490E+02  2.13489983E-026  2.08412141E-029  8.22131764E-027  1.31068394E-026
  3.772830E+02  2.02997507E-026  1.97084288E-029  7.80601551E-027  1.24740268E-026
  3.823840E+02  1.92911370E-026  1.86352885E-029  7.40934535E-027  1.18631564E-026
  3.875550E+02  1.83219319E-026  1.76183584E-029  7.03056209E-027  1.12737514E-026
  3.927960E+02  1.73911686E-026  1.66550090E-029  6.66904580E-027  1.07054678E-026
  3.981070E+02  1.64978756E-026  1.57427102E-029  6.32418459E-027  1.01579483E-026
  4.034910E+02  1.56861971E-026  1.48785193E-029  5.99529617E-027  9.67602242E-027
  4.089470E+02  1.49123477E-026  1.40603449E-029  5.68181538E-027  9.21647199E-027
  4.144770E+02  1.41713637E-026  1.32856576E-029  5.38456998E-027  8.77350801E-027
  4.200810E+02  1.34657681E-026  1.25523810E-029  5.10639676E-027  8.34681894E-027
  4.257620E+02  1.27889544E-026  1.18581555E-029  4.84113946E-027  7.93595682E-027
  4.315190E+02  1.21401800E-026  1.12012255E-029  4.58834254E-027  7.54063625E-027
  4.373540E+02  1.15185151E-026  1.05795468E-029  4.34749913E-027  7.16043641E-027
  4.432680E+02  1.09231183E-026  9.99131379E-030  4.11812594E-027  6.79500109E-027
  4.492620E+02  1.03561421E-026  9.43480252E-030  3.89976220E-027  6.44694511E-027
  4.553370E+02  9.83600968E-027  8.90837080E-030  3.69195837E-027  6.13514295E-027
  4.614950E+02  9.33803655E-027  8.41039068E-030  3.49425950E-027  5.83536666E-027
  4.677350E+02  8.86156980E-027  7.93952901E-030  3.30627696E-027  5.54735332E-027
  4.740600E+02  8.40579305E-027  7.49423872E-030  3.12756501E-027  5.27073380E-027
  4.804700E+02  7.97002574E-027  7.07325403E-030  2.95774446E-027  5.00520803E-027
  4.869680E+02  7.55349659E-027  6.67519019E-030  2.79640219E-027  4.75041921E-027
  4.935520E+02  7.15561600E-027  6.29900216E-030  2.64320587E-027  4.50611113E-027
  5.002260E+02  6.77640616E-027  5.94340514E-030  2.49795059E-027  4.27251216E-027
  5.069910E+02  6.43111821E-027  5.60729430E-030  2.36403699E-027  4.06147392E-027
  5.138460E+02  6.10114024E-027  5.28976766E-030  2.23675631E-027  3.85909416E-027
  5.207950E+02  5.78584596E-027  4.98968991E-030  2.11579240E-027  3.66506388E-027
  5.278370E+02  5.48474183E-027  4.70624322E-030  2.00088826E-027  3.47914732E-027
  5.349750E+02  5.19725853E-027  4.43845188E-030  1.89175846E-027  3.30106162E-027
  5.422090E+02  4.92290762E-027  4.18553724E-030  1.78815684E-027  3.13056524E-027
  5.495410E+02  4.66271391E-027  3.94667145E-030  1.68982697E-027  2.96894027E-027
  5.569720E+02  4.42077157E-027  3.72110706E-030  1.59653007E-027  2.82052040E-027
  5.645040E+02  4.18994205E-027  3.50811075E-030  1.50803114E-027  2.67840280E-027
  5.721370E+02  3.96981447E-027  3.30703557E-030  1.42411807E-027  2.54238936E-027
  5.798740E+02  3.75993131E-027  3.11719593E-030  1.34456397E-027  2.41225014E-027
  5.877150E+02  3.55990293E-027  2.93801357E-030  1.26917290E-027  2.28779202E-027
  5.956620E+02  3.36932129E-027  2.76889334E-030  1.19774431E-027  2.16880810E-027
  6.037170E+02  3.19013729E-027  2.60927739E-030  1.13008487E-027  2.05744314E-027
  6.118810E+02  3.02045808E-027  2.45865466E-030  1.06601645E-027  1.95198297E-027
  6.201550E+02  2.85892630E-027  2.31654348E-030  1.00536738E-027  1.85124238E-027
  6.285410E+02  2.70660902E-027  2.18246299E-030  9.47966198E-028  1.75646036E-027
  6.370400E+02  2.56161703E-027  2.05598194E-030  8.93656945E-028  1.66590410E-027
  6.456540E+02  2.42479864E-027  1.93667323E-030  8.42284050E-028  1.58057791E-027
  6.543850E+02  2.29470659E-027  1.82413426E-030  7.93700527E-028  1.49918193E-027
  6.632340E+02  2.17150476E-027  1.71800174E-030  7.47768207E-028  1.42201856E-027
  6.722020E+02  2.05465211E-027  1.61792240E-030  7.04354413E-028  1.34867978E-027
  6.812920E+02  1.94387863E-027  1.52354811E-030  6.63328032E-028  1.27902705E-027
  6.905050E+02  1.83912960E-027  1.43456782E-030  6.24568387E-028  1.21312664E-027
  6.998420E+02  1.73954782E-027  1.35068581E-030  5.87961701E-028  1.15023544E-027
  7.093060E+02  1.64724393E-027  1.27160732E-030  5.54542438E-028  1.09142989E-027
  7.188970E+02  1.55949004E-027  1.19707585E-030  5.22951895E-028  1.03534107E-027
  7.286180E+02  1.47601996E-027  1.12682758E-030  4.93066341E-028  9.81826788E-028
  7.384710E+02  1.39664190E-027  1.06062046E-030  4.64799895E-028  9.30781384E-028
  7.484570E+02  1.32117887E-027  9.98232200E-031  4.38072196E-028  8.82108442E-028
  7.585780E+02  1.25023858E-027  9.39446279E-031  4.12804581E-028  8.36494558E-028
  7.688350E+02  1.18295543E-027  8.84063859E-031  3.88924170E-028  7.93147197E-028
  7.792320E+02  1.11900735E-027  8.31881322E-031  3.66356418E-028  7.51819046E-028
  7.897690E+02  1.05825270E-027  7.82726850E-031  3.45037228E-028  7.12432740E-028
  8.004480E+02  1.00076002E-027  7.36427967E-031  3.24900551E-028  6.75123039E-028
  8.112720E+02  9.46663257E-028  6.92817933E-031  3.05884184E-028  6.40086255E-028
  8.222430E+02  8.95280927E-028  6.51743732E-031  2.87929546E-028  6.06699637E-028
  8.333610E+02  8.46492219E-028  6.13068125E-031  2.70982854E-028  5.74896297E-028
  8.446300E+02  8.00171785E-028  5.76647408E-031  2.54989161E-028  5.44605977E-028
  8.560520E+02  7.56203396E-028  5.42352549E-031  2.39897709E-028  5.15763334E-028
  8.676280E+02  7.14479841E-028  5.10065459E-031  2.25661434E-028  4.88308342E-028
  8.793600E+02  6.74895003E-028  4.79670450E-031  2.12234776E-028  4.62180556E-028
  8.912510E+02  6.37345370E-028  4.51057437E-031  1.99573564E-028  4.37320748E-028
  9.033030E+02  6.01900372E-028  4.24123802E-031  1.87636539E-028  4.13839709E-028
  9.155180E+02  5.68670517E-028  3.98773372E-031  1.76384735E-028  3.91887009E-028
  9.278980E+02  5.37155934E-028  3.74915250E-031  1.65780716E-028  3.71000303E-028
  9.404450E+02  5.07275279E-028  3.52463050E-031  1.55789525E-028  3.51133291E-028
  9.531620E+02  4.78947859E-028  3.31335437E-031  1.46376985E-028  3.32239538E-028
  9.660510E+02  4.52098524E-028  3.11455175E-031  1.37511407E-028  3.14275661E-028
  9.791140E+02  4.26655811E-028  2.92750565E-031  1.29162855E-028  2.97200205E-028
  9.923540E+02  4.02550123E-028  2.75152424E-031  1.21302230E-028  2.80972740E-028
  1.005770E+03  3.80022574E-028  2.58600698E-031  1.13982806E-028  2.65781168E-028
  1.019370E+03  3.59044493E-028  2.43027994E-031  1.07183621E-028  2.51617844E-028
  1.033160E+03  3.39150151E-028  2.28373383E-031  1.00773064E-028  2.38148714E-028
  1.047130E+03  3.20297204E-028  2.14596518E-031  9.47330886E-029  2.25349519E-028
  1.061290E+03  3.02428272E-028  2.01638553E-031  8.90414714E-029  2.13185162E-028
  1.075640E+03  2.85497141E-028  1.89453514E-031  8.36796578E-029  2.01628030E-028
  1.090180E+03  2.69458885E-028  1.77998136E-031  7.86298149E-029  1.90651072E-028
  1.104930E+03  2.54258621E-028  1.67216825E-031  7.38714445E-029  1.80219959E-028
  1.119870E+03  2.39868555E-028  1.57086268E-031  6.93925312E-029  1.70318937E-028
  1.135010E+03  2.26243686E-028  1.47562808E-031  6.51759756E-029  1.60920148E-028
  1.150360E+03  2.13342102E-028  1.38606336E-031  6.12061146E-029  1.51997382E-028
  1.165910E+03  2.01133513E-028  1.30190633E-031  5.74708293E-029  1.43532493E-028
  1.181680E+03  1.89575471E-028  1.22274853E-031  5.39546856E-029  1.35498510E-028
  1.197660E+03  1.78640491E-028  1.14835880E-031  5.06468659E-029  1.27878789E-028
  1.213850E+03  1.68457760E-028  1.07846528E-031  4.75605982E-029  1.20789315E-028
  1.230270E+03  1.58846304E-028  1.01273147E-031  4.46594865E-029  1.14085544E-028
  1.246900E+03  1.49837298E-028  9.51000358E-032  4.19425767E-029  1.07799622E-028
  1.263770E+03  1.41413051E-028  8.92938176E-032  3.93995853E-029  1.01924172E-028
  1.280860E+03  1.33439802E-028  8.38404116E-032  3.70063761E-029  9.63495851E-029
  1.298180E+03  1.25892386E-028  7.87166390E-032  3.47539109E-029  9.10597583E-029
  1.315730E+03  1.18750030E-028  7.39035030E-032  3.26344276E-029  8.60416988E-029
  1.333520E+03  1.11990432E-028  6.93807365E-032  3.06399140E-029  8.12811377E-029
  1.351550E+03  1.05594749E-028  6.51318501E-032  2.87635309E-029  7.67660858E-029
  1.369830E+03  9.95431230E-029  6.11390047E-032  2.69981326E-029  7.24838514E-029
  1.388350E+03  9.38204813E-029  5.73896640E-032  2.53381324E-029  6.84249592E-029
  1.407130E+03  8.84067547E-029  5.38661004E-032  2.37766362E-029  6.45762524E-029
  1.426150E+03  8.32900746E-029  5.05589396E-032  2.23090782E-029  6.09304375E-029
  1.445440E+03  7.84507554E-029  4.74506871E-032  2.09288911E-029  5.74744137E-029
  1.464990E+03  7.38765216E-029  4.45317403E-032  1.96316156E-029  5.42003743E-029
  1.484800E+03  6.95540579E-029  4.17910583E-032  1.84125426E-029  5.10997243E-029
  1.504870E+03  6.55128011E-029  3.92183371E-032  1.72731329E-029  4.82004499E-029
  1.525220E+03  6.18164954E-029  3.68014528E-032  1.62189545E-029  4.55607395E-029
  1.545850E+03  5.83186472E-029  3.45314949E-032  1.52270695E-029  4.30570461E-029
  1.566750E+03  5.50104704E-029  3.24011438E-032  1.42943009E-029  4.06837683E-029
  1.587940E+03  5.18805010E-029  3.04002611E-032  1.34168335E-029  3.84332673E-029
  1.609410E+03  4.89208033E-029  2.85222906E-032  1.25918230E-029  3.63004580E-029
  1.631170E+03  4.61219283E-029  2.67592808E-032  1.18160881E-029  3.42790809E-029
  1.653230E+03  4.34751311E-029  2.51038397E-032  1.10866926E-029  3.23633346E-029
  1.675590E+03  4.09727441E-029  2.35497297E-032  1.04010280E-029  3.05481664E-029
  1.698240E+03  3.86081390E-029  2.20917495E-032  9.75678699E-030  2.88292603E-029
  1.721210E+03  3.63724613E-029  2.07224499E-032  9.15114089E-030  2.72005979E-029
  1.744480E+03  3.42603289E-029  1.94378140E-032  8.58220897E-030  2.56586821E-029
  1.768070E+03  3.22643905E-029  1.82318788E-032  8.04761980E-030  2.41985388E-029
  1.791980E+03  3.03787354E-029  1.71000486E-032  7.54542412E-030  2.28162112E-029
  1.816210E+03  2.85977008E-029  1.60380471E-032  7.07377280E-030  2.15078900E-029
  1.840770E+03  2.69155068E-029  1.50413337E-032  6.63079653E-030  2.02696690E-029
  1.865660E+03  2.53270814E-029  1.41061360E-032  6.21485853E-030  1.90981168E-029
  1.890890E+03  2.38271922E-029  1.32284898E-032  5.82430328E-030  1.79896604E-029
  1.916460E+03  2.24113052E-029  1.24050386E-032  5.45767058E-030  1.69412295E-029
  1.942380E+03  2.10747370E-029  1.16323234E-032  5.11349830E-030  1.59496064E-029
  1.968640E+03  1.98136660E-029  1.09076347E-032  4.79055481E-030  1.50122036E-029
  1.995260E+03  1.86235795E-029  1.02276152E-032  4.48746534E-030  1.41258865E-029
  2.022240E+03  1.75592203E-029  9.58966318E-033  4.22326824E-030  1.33263624E-029
  2.049590E+03  1.65648300E-029  8.99109148E-033  3.97838554E-030  1.25774534E-029
  2.077300E+03  1.56243981E-029  8.42979120E-033  3.74740524E-030  1.18685631E-029
  2.105390E+03  1.47347982E-029  7.90317390E-033  3.52948565E-030  1.11974094E-029
  2.133860E+03  1.38934972E-029  7.40921295E-033  3.32393235E-030  1.05621556E-029
  2.162720E+03  1.30978939E-029  6.94581759E-033  3.13004106E-030  9.96090698E-030
  2.191960E+03  1.23458437E-029  6.51134972E-033  2.94722574E-030  9.39210664E-030
  2.221600E+03  1.16348242E-029  6.10380193E-033  2.77481205E-030  8.85390835E-030
  2.251650E+03  1.09626297E-029  5.72146900E-033  2.61221314E-030  8.34469510E-030
  2.282090E+03  1.03275601E-029  5.36310851E-033  2.45896392E-030  7.86323307E-030
  2.312950E+03  9.72732762E-030  5.02694841E-033  2.31446475E-030  7.40783592E-030
  2.344230E+03  9.16017570E-030  4.71169364E-033  2.17824211E-030  6.97722190E-030
  2.375930E+03  8.62441423E-030  4.41610126E-033  2.04985466E-030  6.57014347E-030
  2.408060E+03  8.11832831E-030  4.13892041E-033  1.92884893E-030  6.18534046E-030
  2.440620E+03  7.64039943E-030  3.87905932E-033  1.81482360E-030  5.82169677E-030
  2.473620E+03  7.18908062E-030  3.63540935E-033  1.70737855E-030  5.47806667E-030
  2.507070E+03  6.77421115E-030  3.40694126E-033  1.60613635E-030  5.16466786E-030
  2.540970E+03  6.38462480E-030  3.19275649E-033  1.51075666E-030  4.87067538E-030
  2.575330E+03  6.01646175E-030  2.99194437E-033  1.42090329E-030  4.59256652E-030
  2.610160E+03  5.66856399E-030  2.80365475E-033  1.33625873E-030  4.32950160E-030
  2.645450E+03  5.33995479E-030  2.62719912E-033  1.25655196E-030  4.08077563E-030
  2.681230E+03  5.02946871E-030  2.46172428E-033  1.18147011E-030  3.84553688E-030
  2.717480E+03  4.73627787E-030  2.30666760E-033  1.11078344E-030  3.62318776E-030
  2.754230E+03  4.45934002E-030  2.16128415E-033  1.04421460E-030  3.41296414E-030
  2.791470E+03  4.19786203E-030  2.02503537E-033  9.81548253E-031  3.21428874E-030
  2.829220E+03  3.95095936E-030  1.89730429E-033  9.22548391E-031  3.02651367E-030
  2.867480E+03  3.71787499E-030  1.77758796E-033  8.67011628E-031  2.84908578E-030
  2.906250E+03  3.49788637E-030  1.66540273E-033  8.14744015E-031  2.68147695E-030
  2.945550E+03  3.29024271E-030  1.56024645E-033  7.65549731E-031  2.52313273E-030
  2.985380E+03  3.09430027E-030  1.46169538E-033  7.19257371E-031  2.37358120E-030
  3.025750E+03  2.91386116E-030  1.36933342E-033  6.75697228E-031  2.23679459E-030
  3.066670E+03  2.74586955E-030  1.28276794E-033  6.34710889E-031  2.10987589E-030
  3.108140E+03  2.58720041E-030  1.20165375E-033  5.96154318E-031  1.98984444E-030
  3.150170E+03  2.43734757E-030  1.12564377E-033  5.59886620E-031  1.87633531E-030
  3.192760E+03  2.29584940E-030  1.05443028E-033  5.25777789E-031  1.76901718E-030
  3.235940E+03  2.16221002E-030  9.87679056E-034  4.93692119E-031  1.66753023E-030
  3.279690E+03  2.03606029E-030  9.25151374E-034  4.63524976E-031  1.57161017E-030
  3.324040E+03  1.91695449E-030  8.66552089E-034  4.35155653E-031  1.48093228E-030
  3.368990E+03  1.80452377E-030  8.11647068E-034  4.08482474E-031  1.39522965E-030
  3.414550E+03  1.69840587E-030  7.60201251E-034  3.83406234E-031  1.31423943E-030
  3.460720E+03  1.59826753E-030  7.12006779E-034  3.59835737E-031  1.23771979E-030
  3.507520E+03  1.50376795E-030  6.66849431E-034  3.37679776E-031  1.16542132E-030
  3.554950E+03  1.41460891E-030  6.24544339E-034  3.16857274E-031  1.09712709E-030
  3.603020E+03  1.33049917E-030  5.84912195E-034  2.97290339E-031  1.03262392E-030
  3.651740E+03  1.25116037E-030  5.47784294E-034  2.78904345E-031  9.71708241E-031
  3.701120E+03  1.17632902E-030  5.13001680E-034  2.61629386E-031  9.14186627E-031
  3.751170E+03  1.10575733E-030  4.80416516E-034  2.45400000E-031  8.59876917E-031
  3.801890E+03  1.03921865E-030  4.49896286E-034  2.30156017E-031  8.08612741E-031
  3.853300E+03  9.76482000E-031  4.21304728E-034  2.15837016E-031  7.60223679E-031
  3.905410E+03  9.17337670E-031  3.94519831E-034  2.02388362E-031  7.14554788E-031
  3.958220E+03  8.61593899E-031  3.69432988E-034  1.89759723E-031  6.71464743E-031
  4.011750E+03  8.09553113E-031  3.45932612E-034  1.77900908E-031  6.31306273E-031
  4.065990E+03  7.62116449E-031  3.23926191E-034  1.66768439E-031  5.95024084E-031
  4.120980E+03  7.17348473E-031  3.03308679E-034  1.56315554E-031  5.60729609E-031
  4.176700E+03  6.75117873E-031  2.84002472E-034  1.46504810E-031  5.28329061E-031
  4.233180E+03  6.35275517E-031  2.65918444E-034  1.37295854E-031  4.97713744E-031
  4.290420E+03  5.97694660E-031  2.48982822E-034  1.28653505E-031  4.68792172E-031
  4.348440E+03  5.62246884E-031  2.33119586E-034  1.20542892E-031  4.41470872E-031
  4.407240E+03  5.28818336E-031  2.18264942E-034  1.12932918E-031  4.15667152E-031
  4.466840E+03  4.97294405E-031  2.04352015E-034  1.05792726E-031  3.91297328E-031
  4.527240E+03  4.67573057E-031  1.91324014E-034  9.90946733E-032  3.68287060E-031
  4.588460E+03  4.39551666E-031  1.79123031E-034  9.28115435E-032  3.46561000E-031
  4.650500E+03  4.13138900E-031  1.67698772E-034  8.69187630E-032  3.26052438E-031
  4.713390E+03  3.88240304E-031  1.56998687E-034  8.13916554E-032  3.06691650E-031
  4.777130E+03  3.64775015E-031  1.46978956E-034  7.62086885E-032  2.88419348E-031
  4.841720E+03  3.42665121E-031  1.37598344E-034  7.13493307E-032  2.71178192E-031
  4.907200E+03  3.21829390E-031  1.28812246E-034  6.67927882E-032  2.54907789E-031
  4.973550E+03  3.02202555E-031  1.20587206E-034  6.25217452E-032  2.39560222E-031
  5.040810E+03  2.84117669E-031  1.12884133E-034  5.85177557E-032  2.25487029E-031
  5.108970E+03  2.67315527E-031  1.05672522E-034  5.47652524E-032  2.12444602E-031
  5.178060E+03  2.51470648E-031  9.89194731E-035  5.12482349E-032  2.00123493E-031
  5.248070E+03  2.36532994E-031  9.25978050E-035  4.79528617E-032  1.88487535E-031
  5.319040E+03  2.22448396E-031  8.66777668E-035  4.48648015E-032  1.77496916E-031
  5.390970E+03  2.09170988E-031  8.11350866E-035  4.19715879E-032  1.67118265E-031
  5.463870E+03  1.96656107E-031  7.59459754E-035  3.92612844E-032  1.57318877E-031
  5.537750E+03  1.84861623E-031  7.10880488E-035  3.67226375E-032  1.48067897E-031
  5.612630E+03  1.73746200E-031  6.65399402E-035  3.43448931E-032  1.39334767E-031
  5.688530E+03  1.63271429E-031  6.22815672E-035  3.21179650E-032  1.31091182E-031
  5.765450E+03  1.53402589E-031  5.82952207E-035  3.00327024E-032  1.23311591E-031
  5.843410E+03  1.44105042E-031  5.45633298E-035  2.80801795E-032  1.15970299E-031
  5.922430E+03  1.35346406E-031  5.10694375E-035  2.62521124E-032  1.09043225E-031
  6.002520E+03  1.27096504E-031  4.77985712E-035  2.45407369E-032  1.02507969E-031
  6.083680E+03  1.19327578E-031  4.47371383E-035  2.29389331E-032  9.63439078E-032
  6.165950E+03  1.12010994E-031  4.18708143E-035  2.14395973E-032  9.05295255E-032
  6.249330E+03  1.05238837E-031  3.91877401E-035  2.00364308E-032  8.51632187E-032
  6.333830E+03  9.89342278E-032  3.66763470E-035  1.87234500E-032  8.01741014E-032
  6.419480E+03  9.29930891E-032  3.43252972E-035  1.74948432E-032  7.54639207E-032
  6.506290E+03  8.73952249E-032  3.21245212E-035  1.63453706E-032  7.10177298E-032
  6.594270E+03  8.21215210E-032  3.00645914E-035  1.52700482E-032  6.68214082E-032
  6.683440E+03  7.71536749E-032  2.81364216E-035  1.42641943E-032  6.28613442E-032
  6.773820E+03  7.24740873E-032  2.63315299E-035  1.33233820E-032  5.91243739E-032
  6.865410E+03  6.80670794E-032  2.46423412E-035  1.24435539E-032  5.55988831E-032
  6.958250E+03  6.39165291E-032  2.30610837E-035  1.16207537E-032  5.22727143E-032
  7.052340E+03  6.00711647E-032  2.15811251E-035  1.08514137E-032  4.91981698E-032
  7.147710E+03  5.64983210E-032  2.01958205E-035  1.01320825E-032  4.63460427E-032
  7.244360E+03  5.31313540E-032  1.88993634E-035  9.45964374E-033  4.36528109E-032
  7.342320E+03  4.99584468E-032  1.76859027E-035  8.83105060E-033  4.11097103E-032
  7.441610E+03  4.69686189E-032  1.65501214E-035  8.24349177E-033  3.87085770E-032
  7.542230E+03  4.41518624E-032  1.54872492E-035  7.69440622E-033  3.64419689E-032
  7.644220E+03  4.14979804E-032  1.44924044E-035  7.18124400E-033  3.43022440E-032
  7.747590E+03  3.89979490E-032  1.35613181E-035  6.70173421E-033  3.22826535E-032
  7.852360E+03  3.66430275E-032  1.26899085E-035  6.25370509E-033  3.03766325E-032
  7.958540E+03  3.44250912E-032  1.18744172E-035  5.83515101E-033  2.85780657E-032
  8.066160E+03  3.23362648E-032  1.11112057E-035  5.44414251E-033  2.68810111E-032
  8.175230E+03  3.03692896E-032  1.03969767E-035  5.07892391E-033  2.52799687E-032
  8.285780E+03  2.85171413E-032  9.72854266E-036  4.73780424E-033  2.37696086E-032
  8.397820E+03  2.67733783E-032  9.10301946E-036  4.41923912E-033  2.23450361E-032
  8.511380E+03  2.51317505E-032  8.51761094E-036  4.12175083E-033  2.10014820E-032
  8.626470E+03  2.35865042E-032  7.96980647E-036  3.84398100E-033  1.97345534E-032
  8.743120E+03  2.21320621E-032  7.45714861E-036  3.58463873E-033  1.85399662E-032
  8.861350E+03  2.07632471E-032  6.97739847E-036  3.34252241E-033  1.74137473E-032
  8.981180E+03  1.94751536E-032  6.52844775E-036  3.11650927E-033  1.63521158E-032
  9.102630E+03  1.82910986E-032  6.10833889E-036  2.90554929E-033  1.53794410E-032
  9.225710E+03  1.71804532E-032  5.71524809E-036  2.70867011E-033  1.44660678E-032
  9.350470E+03  1.61346195E-032  5.34736448E-036  2.52491989E-033  1.36043522E-032
  9.476910E+03  1.51500121E-032  5.00313847E-036  2.35346049E-033  1.27915485E-032
  9.605060E+03  1.42230973E-032  4.68103498E-036  2.19347682E-033  1.20249395E-032
  9.734940E+03  1.33505991E-032  4.37963816E-036  2.04421419E-033  1.13020052E-032
  9.866580E+03  1.25293763E-032  4.09760680E-036  1.90496441E-033  1.06203143E-032
  1.000000E+04  1.17562662E-032  3.83370836E-036  1.77506735E-033  9.97736516E-033
