# Guillet et al. (2018) Model D model SED (this work), Mathis ISRF U =  1.00
# solver = heuristic
# columns: lambda[um]  lamI_total/NH  lamI_PAH0_MC10/NH  lamI_amCBE_0.3333x/NH  lamI_aSil2001BE6pctG_0.4x/NH
#          [erg s^-1 cm^-2 sr^-1 H^-1]
  9.033300E-02  2.12399062E-043  2.12399062E-043  0.00000000E+000  0.00000000E+000
  9.181700E-02  4.50509189E-043  4.50509189E-043  0.00000000E+000  0.00000000E+000
  9.332500E-02  9.45048264E-043  9.45048264E-043  0.00000000E+000  0.00000000E+000
  9.485800E-02  1.96054595E-042  1.96054595E-042  0.00000000E+000  0.00000000E+000
  9.641600E-02  4.02188556E-042  4.02188556E-042  0.00000000E+000  0.00000000E+000
  9.799900E-02  8.15661992E-042  8.15661992E-042  0.00000000E+000  0.00000000E+000
  9.960900E-02  1.63639261E-041  1.63639261E-041  0.00000000E+000  0.00000000E+000
  1.012500E-01  3.20930036E-041  3.20930036E-041  0.00000000E+000  0.00000000E+000
  1.029100E-01  6.20553730E-041  6.20553730E-041  0.00000000E+000  0.00000000E+000
  1.046000E-01  1.18521164E-040  1.18521164E-040  0.00000000E+000  0.00000000E+000
  1.063200E-01  2.23608581E-040  2.23608581E-040  0.00000000E+000  0.00000000E+000
  1.080600E-01  4.15133676E-040  4.15133676E-040  0.00000000E+000  0.00000000E+000
  1.098400E-01  7.64276950E-040  7.64276950E-040  2.17388884E-322  0.00000000E+000
  1.116400E-01  1.38536801E-039  1.38536801E-039  7.76777419E-318  0.00000000E+000
  1.134800E-01  2.49030837E-039  2.49030837E-039  2.49556491E-313  0.00000000E+000
  1.153400E-01  4.40883427E-039  4.40883427E-039  6.40271975E-309  0.00000000E+000
  1.172300E-01  7.71621209E-039  7.71621209E-039  1.38944087E-304  0.00000000E+000
  1.191600E-01  1.33955989E-038  1.33955989E-038  2.68080144E-300  0.00000000E+000
  1.211200E-01  2.29956027E-038  2.29956027E-038  4.36327833E-296  0.00000000E+000
  1.231100E-01  3.90462548E-038  3.90462548E-038  5.99940633E-292  0.00000000E+000
  1.251300E-01  6.56002913E-038  6.56002913E-038  6.97681727E-288  0.00000000E+000
  1.271800E-01  1.09099093E-037  1.09099093E-037  6.87082404E-284  0.00000000E+000
  1.292700E-01  1.80130490E-037  1.80130490E-037  5.97465049E-280  0.00000000E+000
  1.314000E-01  2.92590144E-037  2.92590144E-037  4.56279795E-276  0.00000000E+000
  1.335600E-01  4.79524770E-037  4.79524770E-037  2.94934892E-272  0.00000000E+000
  1.357500E-01  7.80443009E-037  7.80443009E-037  1.61727604E-268  0.00000000E+000
  1.379800E-01  1.26465242E-036  1.26465242E-036  7.82650466E-265  0.00000000E+000
  1.402500E-01  2.04078790E-036  2.04078790E-036  3.33822328E-261  0.00000000E+000
  1.425500E-01  3.27310715E-036  3.27310715E-036  1.20360592E-257  0.00000000E+000
  1.448900E-01  5.23030261E-036  5.23030261E-036  3.82563319E-254  0.00000000E+000
  1.472700E-01  8.32828519E-036  8.32828519E-036  1.07136883E-250  0.00000000E+000
  1.496900E-01  1.32171199E-035  1.32171199E-035  2.64271637E-247  0.00000000E+000
  1.521500E-01  2.09091409E-035  2.09091409E-035  5.74034564E-244  0.00000000E+000
  1.546500E-01  3.29761156E-035  3.29761156E-035  1.09745937E-240  0.00000000E+000
  1.571900E-01  5.18582432E-035  5.18582432E-035  1.84734318E-237  0.00000000E+000
  1.597700E-01  8.13391660E-035  8.13391660E-035  2.73993328E-234  0.00000000E+000
  1.623900E-01  1.27256258E-034  1.27256258E-034  3.58293578E-231  0.00000000E+000
  1.650600E-01  1.98956147E-034  1.98956147E-034  4.24248395E-228  0.00000000E+000
  1.677700E-01  3.10414390E-034  3.10414390E-034  4.47243330E-225  0.00000000E+000
  1.705300E-01  4.84085423E-034  4.84085423E-034  4.36198698E-222  0.00000000E+000
  1.733300E-01  7.52690492E-034  7.52690492E-034  3.75422556E-219  0.00000000E+000
  1.761800E-01  1.16898722E-033  1.16898722E-033  2.92172203E-216  9.10562985E-321
  1.790700E-01  1.81208442E-033  1.81208442E-033  2.00916653E-213  3.19972258E-316
  1.820100E-01  2.80940482E-033  2.80940482E-033  1.24933228E-210  9.53651846E-312
  1.850000E-01  4.35914616E-033  4.35914616E-033  7.12924069E-208  2.41608317E-307
  1.880400E-01  6.77169028E-033  6.77169028E-033  3.67631660E-205  5.19071293E-303
  1.911300E-01  1.05352861E-032  1.05352861E-032  1.71211767E-202  9.45339222E-299
  1.942700E-01  1.64097592E-032  1.64097592E-032  7.20168287E-200  1.46018492E-294
  1.974600E-01  2.55538264E-032  2.55538264E-032  2.73706815E-197  1.91669905E-290
  2.007000E-01  3.96852236E-032  3.96852236E-032  9.37797389E-195  2.14191163E-286
  2.040000E-01  6.12691766E-032  6.12691766E-032  2.95124607E-192  2.10310710E-282
  2.073500E-01  9.33334985E-032  9.33334985E-032  8.39336218E-190  1.76370908E-278
  2.107600E-01  1.39258208E-031  1.39258208E-031  2.19401488E-187  1.30436443E-274
  2.142200E-01  2.01627096E-031  2.01627096E-031  5.18653802E-185  8.32120576E-271
  2.177400E-01  2.81672405E-031  2.81672405E-031  1.12486480E-182  4.48856834E-267
  2.213100E-01  3.78383747E-031  3.78383747E-031  2.20050772E-180  2.11053690E-263
  2.249500E-01  4.91102390E-031  4.91102390E-031  4.01434307E-178  9.22020228E-260
  2.286400E-01  6.19024437E-031  6.19024437E-031  6.63604187E-176  3.53193677E-256
  2.324000E-01  7.65481802E-031  7.65481802E-031  1.02201854E-173  1.21682772E-252
  2.362200E-01  9.35219249E-031  9.35219249E-031  1.44639633E-171  3.64769153E-249
  2.401000E-01  1.13574897E-030  1.13574897E-030  1.88225086E-169  9.56110799E-246
  2.440400E-01  1.37671452E-030  1.37671452E-030  2.25226042E-167  2.18796551E-242
  2.480500E-01  1.67085673E-030  1.67085673E-030  2.50822970E-165  4.45868294E-239
  2.521200E-01  2.03128595E-030  2.03128595E-030  2.56964640E-163  7.93797855E-236
  2.562700E-01  2.47759633E-030  2.47759633E-030  2.47638735E-161  1.28033205E-232
  2.604700E-01  3.02558601E-030  3.02558601E-030  2.16290039E-159  1.76968791E-229
  2.647500E-01  3.70492847E-030  3.70492847E-030  1.77184947E-157  2.21079646E-226
  2.691000E-01  4.54333702E-030  4.54333702E-030  1.35077216E-155  2.45680472E-223
  2.735200E-01  5.57597028E-030  5.57597028E-030  9.58551536E-154  2.42880673E-220
  2.780200E-01  6.84955862E-030  6.84955862E-030  6.39242604E-152  2.16934235E-217
  2.825800E-01  8.40776206E-030  8.40776206E-030  3.92917489E-150  1.69730625E-214
  2.872200E-01  1.03173083E-029  1.03173083E-029  2.26418343E-148  1.19702479E-211
  2.919400E-01  1.26530638E-029  1.26530638E-029  1.22627672E-146  7.62184628E-209
  2.967400E-01  1.54997685E-029  1.54997685E-029  6.24211082E-145  4.38108180E-206
  3.016100E-01  1.89524660E-029  1.89524660E-029  2.96265763E-143  2.24379404E-203
  3.065700E-01  1.54343566E-029  1.54343566E-029  1.33230689E-141  1.05065014E-200
  3.116000E-01  1.64524936E-029  1.64524936E-029  5.57391478E-140  4.37341763E-198
  3.167200E-01  1.78744013E-029  1.78744013E-029  2.20923633E-138  1.66332792E-195
  3.219200E-01  2.00340163E-029  2.00340163E-029  8.23787465E-137  5.71334481E-193
  3.272100E-01  2.30489953E-029  2.30489953E-029  2.91007451E-135  1.79224863E-190
  3.325800E-01  2.68491685E-029  2.68491685E-029  9.67653109E-134  5.08015808E-188
  3.380500E-01  3.12300786E-029  3.12300786E-029  3.06564874E-132  1.32700505E-185
  3.436000E-01  3.57401577E-029  3.57401577E-029  9.14085490E-131  3.13110923E-183
  3.492400E-01  3.96452075E-029  3.96452075E-029  2.58354605E-129  6.74788368E-181
  3.549800E-01  4.18568326E-029  4.18568326E-029  6.96242437E-128  1.34076430E-178
  3.608100E-01  4.12650547E-029  4.12650547E-029  1.77880041E-126  2.43305189E-176
  3.667400E-01  3.78269571E-029  3.78269571E-029  4.33156773E-125  4.06749046E-174
  3.727600E-01  3.30080900E-029  3.30080900E-029  9.99865352E-124  6.20851021E-172
  3.788800E-01  2.84649056E-029  2.84649056E-029  2.20107019E-122  8.73516187E-170
  3.851100E-01  2.48426093E-029  2.48426093E-029  4.64373581E-121  1.14165619E-167
  3.914300E-01  2.20375742E-029  2.20375742E-029  9.29829112E-120  1.36465466E-165
  3.978600E-01  1.98017244E-029  1.98017244E-029  1.78472035E-118  1.51501880E-163
  4.044000E-01  1.80045028E-029  1.80045028E-029  3.28165808E-117  1.56077883E-161
  4.110400E-01  1.66672591E-029  1.66672591E-029  5.75925978E-116  1.48248183E-159
  4.177900E-01  1.58233220E-029  1.58233220E-029  9.69031201E-115  1.30758872E-157
  4.246600E-01  1.54528746E-029  1.54528746E-029  1.57000703E-113  1.07782976E-155
  4.316300E-01  1.54932694E-029  1.54932694E-029  2.43043069E-112  8.19810580E-154
  4.387200E-01  1.58829534E-029  1.58829534E-029  3.62246206E-111  5.82338316E-152
  4.459300E-01  1.65227636E-029  1.65227636E-029  5.20078176E-110  3.86363166E-150
  4.532500E-01  1.72616433E-029  1.72616433E-029  7.17377033E-109  2.38171237E-148
  4.607000E-01  1.79225420E-029  1.79225420E-029  9.58014692E-108  1.37954592E-146
  4.682600E-01  1.83521815E-029  1.83521815E-029  1.23077646E-106  7.42801031E-145
  4.759600E-01  1.85701672E-029  1.85701672E-029  1.53687394E-105  3.77536231E-143
  4.837700E-01  1.87667007E-029  1.87667007E-029  1.84664370E-104  1.78259389E-141
  4.917200E-01  1.91943374E-029  1.91943374E-029  2.15961675E-103  7.94630600E-140
  4.998000E-01  1.99549244E-029  1.99549244E-029  2.45138208E-102  3.32768061E-138
  5.080100E-01  2.10307570E-029  2.10307570E-029  2.70196106E-101  1.30932467E-136
  5.163500E-01  2.23220265E-029  2.23220265E-029  2.89269470E-100  4.84145983E-135
  5.248300E-01  2.36655374E-029  2.36655374E-029  3.01288369E-099  1.68781170E-133
  5.334500E-01  2.48159804E-029  2.48159804E-029  3.05586907E-098  5.55375202E-132
  5.422200E-01  2.55357460E-029  2.55357460E-029  3.02523973E-097  1.73185504E-130
  5.511200E-01  2.57815508E-029  2.57815508E-029  2.90655223E-096  5.07889425E-129
  5.601800E-01  2.58480788E-029  2.58480788E-029  2.72908370E-095  1.41690383E-127
  5.693800E-01  2.60734042E-029  2.60734042E-029  2.48933286E-094  3.73192164E-126
  5.787300E-01  2.66238017E-029  2.66238017E-029  2.20968538E-093  9.31621629E-125
  5.882400E-01  2.75158451E-029  2.75158451E-029  1.91170404E-092  2.21209179E-123
  5.979000E-01  2.87136074E-029  2.87136074E-029  1.60696571E-091  4.97976500E-122
  6.077200E-01  3.01858287E-029  3.01858287E-029  1.31439015E-090  1.06640859E-120
  6.177000E-01  3.19050500E-029  3.19050500E-029  1.04548850E-089  2.17278159E-119
  6.278500E-01  3.38588322E-029  3.38588322E-029  8.10032392E-089  4.22530946E-118
  6.381600E-01  3.60367857E-029  3.60367857E-029  6.09614506E-088  7.81870224E-117
  6.486400E-01  3.84386312E-029  3.84386312E-029  4.46363212E-087  1.38084836E-115
  6.593000E-01  4.10623115E-029  4.10623115E-029  3.18480596E-086  2.33383455E-114
  6.701300E-01  4.39144694E-029  4.39144694E-029  2.20985162E-085  3.76516692E-113
  6.811300E-01  4.70061384E-029  4.70061384E-029  1.49151099E-084  5.79972159E-112
  6.923200E-01  5.03390828E-029  5.03390828E-029  9.82643099E-084  8.57267653E-111
  7.036900E-01  5.39256282E-029  5.39256282E-029  6.30992554E-083  1.21308784E-109
  7.152500E-01  5.77862459E-029  5.77862459E-029  3.95724550E-082  1.64740030E-108
  7.270000E-01  6.19260150E-029  6.19260150E-029  2.42499283E-081  2.14717114E-107
  7.389400E-01  6.63409399E-029  6.63409399E-029  1.45226420E-080  2.68566770E-106
  7.510800E-01  7.10624444E-029  7.10624444E-029  8.51849281E-080  3.23124741E-105
  7.634200E-01  7.61018000E-029  7.61018000E-029  4.89824828E-079  3.74080450E-104
  7.759600E-01  8.14425290E-029  8.14425290E-029  2.76283507E-078  4.16816699E-103
  7.887000E-01  8.71116890E-029  8.71116890E-029  1.52942590E-077  4.47133058E-102
  8.016600E-01  9.31384630E-029  9.31384630E-029  8.33397181E-077  4.63607741E-101
  8.148300E-01  9.95189631E-029  9.95189631E-029  4.46415974E-076  4.63810680E-100
  8.282100E-01  1.06243928E-028  1.06243928E-028  2.35129612E-075  4.47984806E-099
  8.418100E-01  1.13349326E-028  1.13349326E-028  1.21896680E-074  4.18636416E-098
  8.556400E-01  1.20865579E-028  1.20865579E-028  6.22443993E-074  3.79264100E-097
  8.697000E-01  1.28764773E-028  1.28764773E-028  3.12831878E-073  3.33219565E-096
  8.839800E-01  1.37068087E-028  1.37068087E-028  1.54905906E-072  2.84241811E-095
  8.985000E-01  1.45812872E-028  1.45812872E-028  7.54713425E-072  2.35765765E-094
  9.132600E-01  1.54987347E-028  1.54987347E-028  3.61334239E-071  1.90215633E-093
  9.282600E-01  1.64581195E-028  1.64581195E-028  1.69828245E-070  1.49346679E-092
  9.435100E-01  1.74636839E-028  1.74636839E-028  7.83608615E-070  1.14307944E-091
  9.590100E-01  1.85169070E-028  1.85169070E-028  3.54982178E-069  8.53754005E-091
  9.747600E-01  1.96177837E-028  1.96177837E-028  1.57719847E-068  6.22295053E-090
  9.907700E-01  2.07666377E-028  2.07666377E-028  6.86887398E-068  4.43039659E-089
  1.007000E+00  2.19624860E-028  2.19624860E-028  2.92006592E-067  3.06664546E-088
  1.023600E+00  2.32183907E-028  2.32183907E-028  1.22703079E-066  2.09997410E-087
  1.040400E+00  2.45211150E-028  2.45211150E-028  5.01973589E-066  1.39446273E-086
  1.057500E+00  2.58791354E-028  2.58791354E-028  2.01654337E-065  9.08229891E-086
  1.074900E+00  2.72921675E-028  2.72921675E-028  7.94538725E-065  5.79534904E-085
  1.092500E+00  2.87499689E-028  2.87499689E-028  3.04639942E-064  3.58382509E-084
  1.110500E+00  3.02762188E-028  3.02762188E-028  1.15363552E-063  2.19112557E-083
  1.128700E+00  3.18435869E-028  3.18435869E-028  4.25029038E-063  1.29716588E-082
  1.147200E+00  3.34677938E-028  3.34677938E-028  1.53622736E-062  7.51182716E-082
  1.166100E+00  3.51647864E-028  3.51647864E-028  5.47757212E-062  4.28917845E-081
  1.185200E+00  3.69016694E-028  3.69016694E-028  1.90067068E-061  2.36922688E-080
  1.204700E+00  3.87070248E-028  3.87070248E-028  6.50231933E-061  1.28835070E-079
  1.224500E+00  4.05717474E-028  4.05717474E-028  2.17883336E-060  6.83214918E-079
  1.244600E+00  4.24906636E-028  4.24906636E-028  7.15067648E-060  3.53244155E-078
  1.265100E+00  4.44763456E-028  4.44763456E-028  2.31206914E-059  1.79483450E-077
  1.285800E+00  4.64996812E-028  4.64996812E-028  7.28178349E-059  8.81935481E-077
  1.307000E+00  4.86035206E-028  4.86035206E-028  2.27138506E-058  4.28745313E-076
  1.328400E+00  5.07422173E-028  5.07422173E-028  6.90517584E-058  2.01607992E-075
  1.350200E+00  5.29398383E-028  5.29398383E-028  2.06905918E-057  9.30876766E-075
  1.372400E+00  5.52061612E-028  5.52061612E-028  6.11918205E-057  4.22313111E-074
  1.395000E+00  5.75336023E-028  5.75336023E-028  1.78255037E-056  1.87970451E-073
  1.417900E+00  5.99015615E-028  5.99015615E-028  5.09095816E-056  8.15628898E-073
  1.441200E+00  6.23342157E-028  6.23342157E-028  1.43259416E-055  3.47320831E-072
  1.464800E+00  6.48137359E-028  6.48137359E-028  3.95593248E-055  1.44313251E-071
  1.488900E+00  6.73627706E-028  6.73627706E-028  1.08241081E-054  5.92680699E-071
  1.513400E+00  6.99677680E-028  6.99677680E-028  2.92046264E-054  2.39049012E-070
  1.538200E+00  7.26179495E-028  7.26179495E-028  7.74295648E-054  9.42013497E-070
  1.563500E+00  7.53386662E-028  7.53386662E-028  2.03374019E-053  3.66809583E-069
  1.589200E+00  7.81096045E-028  7.81096045E-028  5.27476805E-053  1.40427515E-068
  1.615300E+00  8.09383397E-028  8.09383397E-028  1.35177755E-052  5.28782453E-068
  1.641800E+00  8.38245841E-028  8.38245841E-028  3.42533554E-052  1.95925967E-067
  1.668800E+00  8.67742275E-028  8.67742275E-028  8.61702068E-052  7.17991209E-067
  1.696200E+00  8.97653669E-028  8.97653669E-028  2.14600681E-051  2.59043761E-066
  1.724000E+00  9.28035612E-028  9.28035612E-028  5.29478621E-051  9.20176367E-066
  1.752400E+00  9.59141142E-028  9.59141142E-028  1.30382220E-050  3.24832334E-065
  1.781100E+00  9.90410960E-028  9.90410960E-028  3.17907726E-050  1.12508498E-064
  1.810400E+00  1.02241123E-027  1.02241123E-027  7.73763782E-050  3.86883701E-064
  1.840100E+00  1.05475810E-027  1.05475810E-027  1.86840053E-049  1.30917843E-063
  1.870400E+00  1.08774932E-027  1.08774932E-027  4.50316489E-049  4.39352210E-063
  1.901100E+00  1.12100007E-027  1.12100007E-027  1.07649723E-048  1.44956134E-062
  1.932300E+00  1.15478380E-027  1.15478380E-027  2.55786623E-048  4.71752173E-062
  1.964100E+00  1.18916746E-027  1.18916746E-027  6.05631190E-048  1.51938617E-061
  1.996300E+00  1.22371996E-027  1.22371996E-027  1.42042564E-047  4.80538118E-061
  2.029100E+00  1.25891293E-027  1.25891293E-027  3.31469623E-047  1.50209234E-060
  2.062400E+00  1.29447477E-027  1.29447477E-027  7.67024943E-047  4.62260799E-060
  2.096300E+00  1.33060009E-027  1.33060009E-027  1.76447732E-046  1.40509485E-059
  2.130700E+00  1.36708831E-027  1.36708831E-027  4.02137910E-046  4.20217504E-059
  2.165700E+00  1.40399478E-027  1.40399478E-027  9.08927787E-046  1.23959571E-058
  2.201300E+00  1.44137585E-027  1.44137585E-027  2.03587012E-045  3.60479477E-058
  2.237500E+00  1.47936107E-027  1.47936107E-027  4.51594772E-045  1.03309542E-057
  2.274200E+00  1.51789567E-027  1.51789567E-027  9.89571463E-045  2.90892033E-057
  2.311600E+00  1.55739394E-027  1.55739394E-027  2.15169345E-044  8.09387299E-057
  2.349600E+00  1.59759268E-027  1.59759268E-027  4.62630293E-044  2.21751733E-056
  2.388100E+00  1.63831357E-027  1.63831357E-027  9.81351253E-044  5.96604069E-056
  2.427400E+00  1.68060026E-027  1.68060026E-027  2.06505294E-043  1.58814006E-055
  2.467200E+00  1.72367849E-027  1.72367849E-027  4.28519817E-043  4.15114838E-055
  2.507800E+00  1.76836173E-027  1.76836173E-027  8.82831821E-043  1.07403647E-054
  2.549000E+00  1.81414739E-027  1.81414739E-027  1.79659258E-042  2.73560523E-054
  2.590800E+00  1.86137584E-027  1.86137584E-027  3.61040512E-042  6.85902378E-054
  2.633400E+00  1.91132828E-027  1.91132828E-027  7.18756656E-042  1.70027077E-053
  2.676600E+00  1.96430656E-027  1.96430656E-027  1.41273702E-041  4.14958364E-053
  2.720600E+00  2.02153879E-027  2.02153879E-027  2.75019291E-041  1.00122374E-052
  2.765300E+00  2.08474530E-027  2.08474530E-027  5.29405187E-041  2.38371075E-052
  2.810700E+00  2.15673915E-027  2.15673915E-027  1.00748914E-040  5.60033063E-052
  2.856900E+00  2.24195257E-027  2.24195257E-027  1.89816320E-040  1.30105828E-051
  2.903800E+00  2.34732700E-027  2.34732700E-027  3.53542771E-040  2.98395340E-051
  2.951500E+00  2.48584591E-027  2.48584591E-027  6.52151783E-040  6.77148385E-051
  3.000000E+00  2.68236245E-027  2.68236245E-027  1.19303290E-039  1.52171492E-050
  3.015900E+00  2.76624006E-027  2.76624006E-027  1.44797944E-039  1.97421033E-050
  3.032000E+00  2.86470765E-027  2.86470765E-027  1.75794245E-039  2.56329454E-050
  3.048100E+00  2.98098587E-027  2.98098587E-027  2.12975058E-039  3.31999697E-050
  3.064300E+00  3.12065796E-027  3.12065796E-027  2.57793525E-039  4.29651824E-050
  3.080600E+00  3.29152194E-027  3.29152194E-027  3.11758455E-039  5.55574711E-050
  3.096900E+00  3.50382668E-027  3.50382668E-027  3.76242974E-039  7.16749408E-050
  3.113400E+00  3.77392756E-027  3.77392756E-027  4.54170829E-039  9.25462260E-050
  3.130000E+00  4.12568812E-027  4.12568812E-027  5.47739022E-039  1.19402898E-049
  3.146600E+00  4.59652334E-027  4.59652334E-027  6.59243701E-039  1.53706239E-049
  3.163300E+00  5.24890050E-027  5.24890050E-027  7.92721285E-039  1.97715120E-049
  3.180100E+00  6.19092833E-027  6.19092833E-027  9.52350315E-039  2.54137169E-049
  3.197000E+00  7.62290857E-027  7.62290857E-027  1.14308319E-038  3.26413651E-049
  3.214000E+00  9.94873391E-027  9.94873391E-027  1.37047641E-038  4.18910299E-049
  3.231100E+00  1.40754460E-026  1.40754460E-026  1.64079070E-038  5.37102236E-049
  3.248300E+00  2.23362213E-026  2.23362213E-026  1.96265913E-038  6.88115477E-049
  3.265500E+00  4.18111252E-026  4.18111252E-026  2.34300958E-038  8.79691735E-049
  3.282900E+00  9.48666002E-026  9.48666002E-026  2.79735923E-038  1.12531632E-048
  3.300300E+00  1.65965734E-025  1.65965734E-025  3.33339222E-038  1.43636912E-048
  3.317900E+00  9.37181519E-026  9.37181519E-026  3.97237473E-038  1.83465675E-048
  3.335500E+00  4.23673894E-026  4.23673894E-026  4.72476695E-038  2.33851765E-048
  3.353200E+00  2.32367181E-026  2.32367181E-026  5.61439064E-038  2.97870387E-048
  3.371100E+00  1.49830868E-026  1.49830868E-026  6.67176356E-038  3.79667638E-048
  3.389000E+00  1.08036219E-026  1.08036219E-026  7.91314157E-038  4.82960181E-048
  3.407000E+00  8.42456919E-027  8.42456919E-027  9.37709498E-038  6.13900234E-048
  3.425100E+00  6.95073268E-027  6.95073268E-027  1.11012252E-037  7.79860637E-048
  3.443300E+00  5.97852448E-027  5.97852448E-027  1.31303493E-037  9.90014659E-048
  3.461600E+00  5.30568570E-027  5.30568570E-027  1.55156564E-037  1.25600311E-047
  3.480000E+00  4.82231167E-027  4.82231167E-027  1.83172532E-037  1.59242768E-047
  3.498500E+00  4.46472506E-027  4.46472506E-027  2.16045322E-037  2.01766781E-047
  3.517100E+00  4.19373020E-027  4.19373020E-027  2.54680266E-037  2.55531845E-047
  3.535800E+00  3.98451720E-027  3.98451720E-027  2.99968549E-037  3.23421837E-047
  3.554600E+00  3.82042951E-027  3.82042951E-027  3.52970416E-037  4.09099418E-047
  3.573500E+00  3.69013101E-027  3.69013101E-027  4.14944126E-037  5.17129550E-047
  3.592500E+00  3.58574648E-027  3.58574648E-027  4.87355630E-037  6.53287766E-047
  3.611500E+00  3.50122007E-027  3.50122007E-027  5.71381946E-037  8.23756987E-047
  3.630700E+00  3.43268559E-027  3.43268559E-027  6.69845542E-037  1.03930944E-046
  3.650000E+00  3.37686683E-027  3.37686683E-027  7.84534739E-037  1.31043630E-046
  3.669400E+00  3.33138574E-027  3.33138574E-027  9.18009559E-037  1.65124134E-046
  3.688900E+00  3.29439767E-027  3.29439767E-027  1.07320343E-036  2.07931615E-046
  3.708500E+00  3.26457671E-027  3.26457671E-027  1.25345385E-036  2.61659891E-046
  3.728300E+00  3.24079649E-027  3.24079648E-027  1.46375456E-036  3.29445672E-046
  3.748100E+00  3.22172999E-027  3.22172999E-027  1.70643343E-036  4.14030797E-046
  3.768000E+00  3.20726081E-027  3.20726081E-027  1.98749265E-036  5.19971065E-046
  3.788000E+00  3.19643879E-027  3.19643879E-027  2.31267504E-036  6.52597310E-046
  3.808100E+00  3.18887600E-027  3.18887599E-027  2.68859573E-036  8.18468130E-046
  3.828400E+00  3.18444419E-027  3.18444419E-027  3.12382546E-036  1.02675573E-045
  3.848700E+00  3.18224172E-027  3.18224172E-027  3.62211570E-036  1.28547734E-045
  3.869200E+00  3.18239129E-027  3.18239128E-027  4.19900299E-036  1.61006379E-045
  3.889700E+00  3.18438012E-027  3.18438012E-027  4.85973968E-036  2.01284561E-045
  3.910400E+00  3.18821916E-027  3.18821915E-027  5.62341181E-036  2.51741857E-045
  3.931200E+00  3.19362999E-027  3.19362998E-027  6.50081614E-036  3.14597222E-045
  3.952100E+00  3.20065100E-027  3.20065099E-027  7.50830393E-036  3.92841209E-045
  3.973100E+00  3.20888576E-027  3.20888575E-027  8.66396156E-036  4.90151457E-045
  3.994200E+00  3.21830651E-027  3.21830650E-027  9.98811296E-036  6.11058594E-045
  4.015400E+00  3.22882866E-027  3.22882865E-027  1.15043337E-035  7.61172244E-045
  4.036800E+00  3.24051622E-027  3.24051620E-027  1.32471727E-035  9.48360014E-045
  4.058200E+00  3.25309902E-027  3.25309901E-027  1.52299296E-035  1.17933103E-044
  4.079800E+00  3.26691782E-027  3.26691780E-027  1.75049302E-035  1.46679842E-044
  4.101500E+00  3.28160957E-027  3.28160955E-027  2.01014128E-035  1.82271090E-044
  4.123300E+00  3.29730272E-027  3.29730270E-027  2.30613531E-035  2.26290253E-044
  4.145200E+00  3.31386088E-027  3.31386085E-027  2.64337054E-035  2.80656282E-044
  4.167200E+00  3.33120388E-027  3.33120385E-027  3.02762593E-035  3.47783486E-044
  4.189400E+00  3.34969277E-027  3.34969274E-027  3.47103347E-035  4.31202727E-044
  4.211700E+00  3.36893788E-027  3.36893784E-027  3.97590780E-035  5.34126144E-044
  4.234000E+00  3.38883352E-027  3.38883348E-027  4.54734229E-035  6.60345703E-044
  4.256500E+00  3.40974013E-027  3.40974008E-027  5.19931404E-035  8.16401965E-044
  4.279200E+00  3.43161247E-027  3.43161241E-027  5.94288927E-035  1.00926477E-043
  4.301900E+00  3.45416733E-027  3.45416726E-027  6.78281526E-035  1.24530864E-043
  4.324800E+00  3.47785607E-027  3.47785599E-027  7.73893675E-035  1.53639140E-043
  4.347700E+00  3.50232855E-027  3.50232846E-027  8.81707128E-035  1.89189801E-043
  4.370900E+00  3.52793473E-027  3.52793463E-027  1.00477426E-034  2.33146981E-043
  4.394100E+00  3.55452986E-027  3.55452974E-027  1.14334298E-034  2.86760302E-043
  4.417400E+00  3.58212268E-027  3.58212255E-027  1.29989829E-034  3.52335795E-043
  4.440900E+00  3.61084626E-027  3.61084611E-027  1.47737358E-034  4.32861802E-043
  4.464500E+00  3.64094008E-027  3.64093991E-027  1.67758234E-034  5.31214993E-043
  4.488200E+00  3.67231965E-027  3.67231946E-027  1.90327740E-034  6.51260422E-043
  4.512100E+00  3.70507389E-027  3.70507367E-027  2.15855188E-034  7.98236814E-043
  4.536100E+00  3.73935836E-027  3.73935811E-027  2.44588913E-034  9.77324038E-043
  4.560200E+00  3.77504737E-027  3.77504709E-027  2.76732702E-034  1.19497868E-042
  4.584400E+00  3.81226230E-027  3.81226199E-027  3.12755752E-034  1.45935774E-042
  4.608800E+00  3.85138336E-027  3.85138301E-027  3.53330517E-034  1.78172838E-042
  4.633300E+00  3.89223446E-027  3.89223407E-027  3.98823584E-034  2.17284753E-042
  4.657900E+00  3.93502758E-027  3.93502713E-027  4.49776168E-034  2.64686458E-042
  4.682700E+00  3.98035292E-027  3.98035241E-027  5.07048089E-034  3.22317767E-042
  4.707600E+00  4.02808002E-027  4.02807945E-027  5.71105644E-034  3.92058629E-042
  4.732600E+00  4.07850977E-027  4.07850912E-027  6.42723996E-034  4.76330590E-042
  4.757700E+00  4.13228147E-027  4.13228075E-027  7.22672561E-034  5.78079628E-042
  4.783000E+00  4.18958827E-027  4.18958746E-027  8.12270632E-034  7.01285972E-042
  4.808400E+00  4.25089787E-027  4.25089696E-027  9.12183886E-034  8.49849075E-042
  4.834000E+00  4.31707324E-027  4.31707222E-027  1.02397955E-033  1.02944719E-041
  4.859700E+00  4.38858122E-027  4.38858007E-027  1.14850501E-033  1.24557111E-041
  4.885500E+00  4.46652974E-027  4.46652845E-027  1.28706032E-033  1.50528948E-041
  4.911500E+00  4.55267347E-027  4.55267203E-027  1.44170900E-033  1.81839709E-041
  4.937600E+00  4.64844541E-027  4.64844380E-027  1.61363440E-033  2.19405713E-041
  4.963800E+00  4.75649505E-027  4.75649325E-027  1.80472599E-033  2.64432718E-041
  4.990200E+00  4.88038479E-027  4.88038277E-027  2.01816317E-033  3.18605058E-041
  5.016700E+00  5.02494908E-027  5.02494682E-027  2.25497958E-033  3.83423874E-041
  5.043400E+00  5.19770147E-027  5.19769896E-027  2.51855722E-033  4.61239388E-041
  5.070200E+00  5.41042250E-027  5.41041969E-027  2.81055678E-033  5.54181236E-041
  5.097100E+00  5.68033276E-027  5.68032962E-027  3.13376895E-033  6.65130813E-041
  5.124200E+00  6.03478132E-027  6.03477783E-027  3.49280415E-033  7.97870739E-041
  5.151500E+00  6.51443455E-027  6.51443065E-027  3.89121090E-033  9.56671424E-041
  5.178800E+00  7.17167844E-027  7.17167411E-027  4.32976461E-033  1.14494934E-040
  5.206400E+00  8.04409687E-027  8.04409205E-027  4.81755663E-033  1.37054179E-040
  5.234000E+00  9.03990938E-027  9.03990403E-027  5.35380824E-033  1.63762147E-040
  5.261800E+00  9.77410059E-027  9.77409464E-027  5.94725155E-033  1.95572169E-040
  5.289800E+00  9.79570853E-027  9.79570193E-027  6.60342914E-033  2.33449130E-040
  5.317900E+00  9.23469228E-027  9.23468495E-027  7.32618028E-033  2.78326287E-040
  5.346200E+00  8.59066327E-027  8.59065514E-027  8.12451285E-033  3.31667174E-040
  5.374600E+00  8.13562570E-027  8.13561669E-027  9.00244718E-033  3.94755224E-040
  5.403200E+00  7.90662647E-027  7.90661650E-027  9.97089405E-033  4.69607185E-040
  5.431900E+00  7.87067778E-027  7.87066671E-027  1.10630322E-032  5.58513226E-040
  5.460800E+00  7.99922275E-027  7.99921047E-027  1.22749216E-032  6.64005629E-040
  5.489800E+00  8.28368539E-027  8.28367178E-027  1.36084938E-032  7.88465826E-040
  5.519000E+00  8.74010649E-027  8.74009141E-027  1.50802710E-032  9.35826305E-040
  5.548300E+00  9.41142742E-027  9.41141073E-027  1.66982744E-032  1.10940645E-039
  5.577800E+00  1.03700014E-026  1.03699830E-026  1.84821390E-032  1.31446564E-039
  5.607400E+00  1.17055810E-026  1.17055605E-026  2.04402541E-032  1.55561255E-039
  5.637200E+00  1.34474421E-026  1.34474195E-026  2.25963289E-032  1.84001864E-039
  5.667200E+00  1.53165397E-026  1.53165147E-026  2.49685859E-032  2.17519916E-039
  5.697300E+00  1.65201698E-026  1.65201423E-026  2.75688607E-032  2.56839433E-039
  5.727600E+00  1.64106785E-026  1.64106480E-026  3.04260944E-032  3.03106542E-039
  5.758000E+00  1.54446494E-026  1.54446158E-026  3.35539717E-032  3.57272890E-039
  5.788600E+00  1.44939659E-026  1.44939289E-026  3.69879292E-032  4.20903312E-039
  5.819400E+00  1.39749414E-026  1.39749007E-026  4.07532709E-032  4.95518768E-039
  5.850300E+00  1.39461045E-026  1.39460596E-026  4.48698298E-032  5.82736737E-039
  5.881400E+00  1.43785319E-026  1.43784826E-026  4.93795670E-032  6.84850922E-039
  5.912700E+00  1.52690253E-026  1.52689710E-026  5.43418573E-032  8.04497170E-039
  5.944100E+00  1.66746081E-026  1.66745484E-026  5.97914872E-032  9.44059556E-039
  5.975700E+00  1.87358033E-026  1.87357376E-026  6.57574091E-032  1.10715342E-038
  6.007400E+00  2.17086224E-026  2.17085501E-026  7.22613820E-032  1.29686938E-038
  6.039400E+00  2.60389780E-026  2.60388986E-026  7.93962904E-032  1.51881436E-038
  6.071500E+00  3.24744947E-026  3.24744075E-026  8.71693650E-032  1.77671931E-038
  6.103700E+00  4.22051507E-026  4.22050550E-026  9.56314222E-032  2.07594913E-038
  6.136200E+00  5.67447462E-026  5.67446413E-026  1.04897086E-031  2.42507434E-038
  6.168800E+00  7.62607162E-026  7.62606013E-026  1.14970550E-031  2.82954775E-038
  6.201600E+00  9.42325237E-026  9.42323977E-026  1.25953340E-031  3.29819540E-038
  6.234500E+00  9.65530348E-026  9.65528969E-026  1.37882749E-031  3.84001339E-038
  6.267700E+00  8.15504122E-026  8.15502613E-026  1.50914657E-031  4.46779337E-038
  6.301000E+00  6.29192745E-026  6.29191095E-026  1.65055365E-031  5.19187648E-038
  6.334500E+00  4.86562959E-026  4.86561155E-026  1.80432049E-031  6.02786019E-038
  6.368100E+00  3.92854495E-026  3.92852523E-026  1.97102989E-031  6.98986637E-038
  6.402000E+00  3.34373754E-026  3.34371601E-026  2.15265702E-031  8.10162771E-038
  6.436000E+00  2.99124408E-026  2.99122059E-026  2.34905889E-031  9.37737951E-038
  6.470200E+00  2.79371204E-026  2.79368646E-026  2.55806988E-031  1.08399334E-037
  6.504600E+00  2.70298230E-026  2.70295445E-026  2.78427936E-031  1.25193786E-037
  6.539200E+00  2.68778656E-026  2.68775627E-026  3.02925505E-031  1.44477987E-037
  6.573900E+00  2.72395983E-026  2.72392690E-026  3.29338711E-031  1.66513244E-037
  6.608900E+00  2.78884569E-026  2.78880989E-026  3.57975136E-031  1.91843312E-037
  6.644000E+00  2.85869639E-026  2.85865751E-026  3.88820134E-031  2.20740860E-037
  6.679300E+00  2.91135794E-026  2.91131573E-026  4.22139606E-031  2.53803993E-037
  6.714800E+00  2.93335918E-026  2.93331337E-026  4.58110366E-031  2.91506678E-037
  6.750500E+00  2.92453955E-026  2.92448986E-026  4.96896379E-031  3.34554311E-037
  6.786400E+00  2.89644141E-026  2.89638754E-026  5.38727871E-031  3.83689033E-037
  6.822400E+00  2.86596985E-026  2.86591148E-026  5.83688870E-031  4.39561498E-037
  6.858700E+00  2.84806752E-026  2.84800429E-026  6.32250722E-031  5.03420803E-037
  6.895100E+00  2.85296293E-026  2.85289449E-026  6.84374139E-031  5.75922580E-037
  6.931800E+00  2.88654328E-026  2.88646922E-026  7.40613184E-031  6.58761881E-037
  6.968600E+00  2.95133209E-026  2.95125199E-026  8.00967058E-031  7.52915913E-037
  7.005700E+00  3.04877918E-026  3.04869258E-026  8.65997481E-031  8.60477300E-037
  7.042900E+00  3.17930059E-026  3.17920699E-026  9.35980878E-031  9.83509980E-037
  7.080300E+00  3.34385750E-026  3.34375637E-026  1.01133739E-030  1.12335567E-036
  7.118000E+00  3.54354686E-026  3.54343761E-026  1.09243989E-030  1.28379524E-036
  7.155800E+00  3.77986616E-026  3.77974824E-026  1.17924719E-030  1.46558103E-036
  7.193800E+00  4.05600593E-026  4.05587870E-026  1.27235950E-030  1.67984092E-036
  7.232000E+00  4.37635662E-026  4.37621941E-026  1.37218583E-030  1.92566672E-036
  7.270500E+00  4.74872360E-026  4.74857565E-026  1.47945316E-030  2.21279082E-036
  7.309100E+00  5.18558871E-026  5.18542931E-026  1.59398368E-030  2.54348727E-036
  7.348000E+00  5.70701695E-026  5.70684525E-026  1.71698586E-030  2.93498395E-036
  7.387000E+00  6.34211666E-026  6.34193184E-026  1.84818799E-030  3.39725734E-036
  7.426300E+00  7.12835378E-026  7.12815489E-026  1.98888570E-030  3.94554024E-036
  7.465700E+00  8.09690388E-026  8.09668999E-026  2.13888627E-030  4.61009694E-036
  7.505400E+00  9.22961607E-026  9.22938612E-026  2.29957217E-030  5.39733907E-036
  7.545300E+00  1.03819589E-025  1.03817118E-025  2.47110002E-030  6.37650953E-036
  7.585400E+00  1.12566597E-025  1.12563943E-025  2.65428518E-030  7.53408787E-036
  7.625700E+00  1.16035573E-025  1.16032724E-025  2.84963744E-030  9.00142425E-036
  7.666300E+00  1.15073429E-025  1.15070373E-025  3.05603256E-030  1.07632445E-035
  7.707000E+00  1.12946320E-025  1.12943051E-025  3.26940361E-030  1.29301864E-035
  7.748000E+00  1.11931711E-025  1.11928215E-025  3.49659152E-030  1.55649480E-035
  7.789100E+00  1.11817319E-025  1.11813582E-025  3.73738161E-030  1.88011856E-035
  7.830500E+00  1.10590526E-025  1.10586532E-025  3.99354892E-030  2.27746965E-035
  7.872200E+00  1.06201560E-025  1.06197294E-025  4.26594609E-030  2.76246787E-035
  7.914000E+00  9.83382108E-026  9.83336565E-026  4.55428074E-030  3.35208277E-035
  7.956100E+00  8.85283718E-026  8.85235111E-026  4.86061404E-030  4.06914228E-035
  7.998300E+00  7.87197341E-026  7.87145496E-026  5.18439270E-030  4.93400165E-035
  8.040900E+00  7.01997898E-026  7.01942608E-026  5.52892799E-030  5.98665035E-035
  8.083600E+00  6.34722744E-026  6.34663812E-026  5.89303942E-030  7.24246810E-035
  8.126500E+00  5.85835072E-026  5.85772290E-026  6.27813551E-030  8.75971206E-035
  8.169700E+00  5.53903353E-026  5.53836487E-026  6.68656095E-030  1.05461372E-034
  8.213200E+00  5.36739013E-026  5.36667819E-026  7.11929129E-030  1.26954698E-034
  8.256800E+00  5.31515203E-026  5.31439442E-026  7.57585782E-030  1.51360758E-034
  8.300700E+00  5.35023479E-026  5.34942889E-026  8.05882828E-030  1.80026885E-034
  8.344800E+00  5.45233178E-026  5.45147484E-026  8.56921283E-030  2.12128692E-034
  8.389200E+00  5.63996842E-026  5.63905836E-026  9.10033486E-030  2.48539190E-034
  8.433700E+00  5.97353824E-026  5.97257243E-026  9.65776359E-030  2.89629125E-034
  8.478600E+00  6.51505559E-026  6.51403077E-026  1.02478595E-029  3.35708684E-034
  8.523600E+00  7.23895599E-026  7.23786918E-026  1.08676621E-029  3.88441055E-034
  8.568900E+00  7.90766835E-026  7.90651616E-026  1.15215072E-029  4.48426948E-034
  8.614500E+00  8.08081444E-026  8.07959328E-026  1.22111571E-029  5.17577197E-034
  8.660300E+00  7.53084902E-026  7.52955532E-026  1.29363397E-029  5.97854873E-034
  8.706300E+00  6.54248348E-026  6.54111354E-026  1.36986849E-029  6.90164353E-034
  8.752600E+00  5.53103776E-026  5.52958751E-026  1.45016787E-029  7.98276025E-034
  8.799100E+00  4.69686583E-026  4.69533122E-026  1.53451381E-029  9.22925081E-034
  8.845800E+00  4.06448525E-026  4.06286208E-026  1.62305961E-029  1.06719971E-033
  8.892800E+00  3.59656669E-026  3.59485029E-026  1.71628055E-029  1.23379704E-033
  8.940100E+00  3.24978584E-026  3.24797144E-026  1.81425662E-029  1.42433693E-033
  8.987600E+00  2.98983060E-026  2.98791343E-026  1.91699809E-029  1.64169609E-033
  9.035400E+00  2.79233716E-026  2.79031202E-026  2.02495298E-029  1.88731130E-033
  9.083400E+00  2.64030691E-026  2.63816861E-026  2.13809005E-029  2.16149772E-033
  9.131700E+00  2.52211788E-026  2.51986169E-026  2.25594150E-029  2.46939381E-033
  9.180200E+00  2.42962550E-026  2.42724718E-026  2.37803464E-029  2.80319224E-033
  9.229000E+00  2.35711669E-026  2.35461042E-026  2.50595579E-029  3.17735393E-033
  9.278100E+00  2.30041817E-026  2.29777788E-026  2.63993902E-029  3.57116048E-033
  9.327400E+00  2.25650442E-026  2.25372400E-026  2.78001657E-029  4.00912595E-033
  9.376900E+00  2.22318882E-026  2.22026224E-026  2.92613199E-029  4.46437637E-033
  9.426800E+00  2.19882058E-026  2.19574058E-026  3.07950158E-029  4.96442023E-033
  9.476900E+00  2.18209584E-026  2.17885580E-026  3.23949449E-029  5.48854376E-033
  9.527200E+00  2.17207987E-026  2.16867290E-026  3.40636533E-029  6.05171597E-033
  9.577900E+00  2.16808218E-026  2.16450021E-026  3.58130294E-029  6.65071431E-033
  9.628800E+00  2.16951718E-026  2.16575297E-026  3.76347440E-029  7.28656220E-033
  9.680000E+00  2.17607536E-026  2.17212070E-026  3.95386812E-029  7.96970178E-033
  9.731400E+00  2.18744854E-026  2.18329572E-026  4.15195290E-029  8.69512374E-033
  9.783100E+00  2.20351220E-026  2.19915243E-026  4.35881764E-029  9.48134485E-033
  9.835100E+00  2.22424648E-026  2.21967083E-026  4.57461320E-029  1.03334117E-032
  9.887400E+00  2.24968075E-026  2.24488005E-026  4.79958015E-029  1.12563546E-032
  9.939900E+00  2.27996988E-026  2.27493334E-026  5.03531788E-029  1.22605900E-032
  9.992800E+00  2.31548588E-026  2.31018859E-026  5.29595517E-029  1.33501334E-032
  1.004600E+01  2.35647308E-026  2.35090302E-026  5.56860254E-029  1.45474438E-032
  1.009900E+01  2.40340960E-026  2.39755730E-026  5.85071731E-029  1.58334585E-032
  1.015300E+01  2.45728344E-026  2.45113211E-026  6.14960755E-029  1.72457136E-032
  1.020700E+01  2.51878512E-026  2.51232344E-026  6.45980899E-029  1.87653517E-032
  1.026100E+01  2.58918307E-026  2.58239885E-026  6.78217673E-029  2.03750327E-032
  1.031600E+01  2.67044993E-026  2.66332475E-026  7.12297058E-029  2.21101062E-032
  1.037100E+01  2.76469792E-026  2.75721883E-026  7.47670032E-029  2.39299469E-032
  1.042600E+01  2.87524538E-026  2.86739915E-026  7.84364446E-029  2.57992484E-032
  1.048100E+01  3.00722917E-026  2.99900221E-026  8.22417377E-029  2.77655327E-032
  1.053700E+01  3.16903580E-026  3.16040661E-026  8.62621390E-029  2.97723986E-032
  1.059300E+01  3.37265147E-026  3.36360573E-026  9.04254857E-029  3.18970703E-032
  1.064900E+01  3.62411007E-026  3.61463223E-026  9.47443495E-029  3.40539537E-032
  1.070600E+01  3.89213367E-026  3.88220036E-026  9.92966801E-029  3.63682564E-032
  1.076300E+01  4.19109958E-026  4.18069439E-026  1.04013133E-028  3.88330511E-032
  1.082000E+01  4.59898800E-026  4.58809430E-026  1.08895538E-028  4.14332885E-032
  1.087700E+01  5.17221322E-026  5.16080781E-026  1.14009821E-028  4.42126866E-032
  1.093500E+01  5.99122434E-026  5.97927691E-026  1.19427019E-028  4.72160744E-032
  1.099300E+01  7.21146553E-026  7.19895669E-026  1.25038026E-028  5.03903787E-032
  1.105200E+01  9.16172028E-026  9.14861966E-026  1.30952371E-028  5.37996605E-032
  1.111000E+01  1.26420706E-025  1.26283688E-025  1.36960882E-028  5.73100500E-032
  1.116900E+01  1.98224768E-025  1.98081419E-025  1.43288401E-028  6.10109799E-032
  1.122900E+01  2.98367949E-025  2.98217935E-025  1.49949093E-028  6.49654439E-032
  1.128800E+01  2.66714346E-025  2.66557562E-025  1.56714659E-028  6.90461374E-032
  1.134800E+01  2.27030689E-025  2.26866785E-025  1.63831122E-028  7.33996650E-032
  1.140900E+01  1.88855821E-025  1.88684428E-025  1.71315204E-028  7.80732918E-032
  1.146900E+01  1.51256120E-025  1.51077125E-025  1.78912805E-028  8.28979315E-032
  1.153000E+01  1.23202021E-025  1.23015036E-025  1.86897200E-028  8.80936115E-032
  1.159200E+01  1.05633043E-025  1.05437664E-025  1.95285205E-028  9.36468741E-032
  1.165300E+01  9.62458908E-026  9.60419960E-026  2.03795487E-028  9.93209303E-032
  1.171500E+01  9.29647513E-026  9.27519162E-026  2.12729800E-028  1.05316638E-031
  1.177700E+01  9.43666318E-026  9.41445657E-026  2.21954606E-028  1.11487504E-031
  1.184000E+01  9.92136966E-026  9.89818966E-026  2.31682061E-028  1.17893453E-031
  1.190300E+01  1.05592220E-025  1.05350241E-025  2.41853702E-028  1.24529734E-031
  1.196600E+01  1.10599879E-025  1.10347405E-025  2.52342236E-028  1.31304245E-031
  1.203000E+01  1.11825902E-025  1.11562405E-025  2.63357841E-028  1.38438610E-031
  1.209400E+01  1.09699115E-025  1.09424263E-025  2.74705870E-028  1.45693424E-031
  1.215800E+01  1.07122132E-025  1.06835548E-025  2.86430246E-028  1.53216972E-031
  1.222300E+01  1.06989187E-025  1.06690323E-025  2.98702106E-028  1.61457839E-031
  1.228800E+01  1.11094389E-025  1.10782852E-025  3.11366528E-028  1.70032145E-031
  1.235300E+01  1.20459496E-025  1.20134910E-025  3.24407151E-028  1.78942684E-031
  1.241900E+01  1.35475288E-025  1.35137038E-025  3.38061457E-028  1.88322032E-031
  1.248500E+01  1.54932378E-025  1.54580059E-025  3.52121231E-028  1.97930408E-031
  1.255100E+01  1.74291982E-025  1.73925140E-025  3.66634059E-028  2.07778888E-031
  1.261800E+01  1.86669551E-025  1.86287561E-025  3.81772809E-028  2.18036593E-031
  1.268500E+01  1.85778630E-025  1.85381010E-025  3.97391713E-028  2.28498325E-031
  1.275200E+01  1.61210549E-025  1.60796851E-025  4.13458858E-028  2.39265359E-031
  1.282000E+01  1.34201588E-025  1.33771113E-025  4.30224801E-028  2.50457485E-031
  1.288800E+01  1.13431677E-025  1.12983902E-025  4.47512893E-028  2.62040506E-031
  1.295600E+01  9.82932757E-026  9.78289981E-026  4.64003316E-028  2.74338211E-031
  1.302500E+01  8.76941598E-026  8.72128953E-026  4.80977267E-028  2.87194469E-031
  1.309500E+01  8.06415596E-026  8.01426044E-026  4.98654277E-028  3.00878657E-031
  1.316400E+01  7.64219682E-026  7.59051970E-026  5.16456466E-028  3.14826910E-031
  1.323400E+01  7.45787955E-026  7.40434819E-026  5.34984237E-028  3.29286142E-031
  1.330400E+01  7.46889881E-026  7.41347280E-026  5.53915918E-028  3.44098927E-031
  1.337500E+01  7.59255959E-026  7.53516232E-026  5.73612930E-028  3.59718258E-031
  1.344600E+01  7.66193673E-026  7.60252700E-026  5.93721329E-028  3.75895176E-031
  1.351800E+01  7.49765014E-026  7.43615170E-026  6.14591477E-028  3.92908165E-031
  1.359000E+01  7.09195888E-026  7.02831971E-026  6.35981110E-028  4.10660993E-031
  1.366200E+01  6.60430359E-026  6.53847967E-026  6.57809949E-028  4.29222539E-031
  1.373400E+01  6.17346338E-026  6.10540343E-026  6.80150072E-028  4.49450526E-031
  1.380700E+01  5.85054302E-026  5.78016473E-026  7.03312127E-028  4.70783027E-031
  1.388100E+01  5.63946126E-026  5.56668364E-026  7.27280378E-028  4.95809449E-031
  1.395500E+01  5.53770608E-026  5.46247835E-026  7.51755385E-028  5.21859987E-031
  1.402900E+01  5.55189819E-026  5.47416230E-026  7.76807114E-028  5.51789157E-031
  1.410300E+01  5.67233295E-026  5.59197679E-026  8.02978065E-028  5.83539776E-031
  1.417800E+01  5.75806420E-026  5.67491209E-026  8.30900955E-028  6.20145485E-031
  1.425400E+01  5.59687120E-026  5.51082355E-026  8.59816085E-028  6.60473694E-031
  1.432900E+01  5.30832321E-026  5.21935117E-026  8.89015975E-028  7.04415672E-031
  1.440500E+01  5.07821865E-026  4.98622143E-026  9.19218815E-028  7.53302719E-031
  1.448200E+01  4.92849384E-026  4.83335563E-026  9.50575218E-028  8.06865637E-031
  1.455900E+01  4.83326824E-026  4.73492150E-026  9.82601624E-028  8.65818938E-031
  1.463600E+01  4.77140254E-026  4.66977525E-026  1.01534396E-027  9.28949910E-031
  1.471400E+01  4.73081638E-026  4.62579025E-026  1.04926176E-027  9.99548468E-031
  1.479200E+01  4.70429422E-026  4.59580252E-026  1.08384226E-027  1.07478408E-030
  1.487100E+01  4.68775275E-026  4.57566567E-026  1.11971453E-027  1.15626027E-030
  1.495000E+01  4.67868101E-026  4.56292649E-026  1.15630197E-027  1.24314841E-030
  1.502900E+01  4.67536783E-026  4.55586679E-026  1.19367466E-027  1.33580350E-030
  1.510900E+01  4.67730646E-026  4.55393009E-026  1.23232791E-027  1.43574202E-030
  1.519000E+01  4.68381266E-026  4.55643694E-026  1.27221268E-027  1.54453908E-030
  1.527000E+01  4.69444650E-026  4.56302896E-026  1.31251586E-027  1.65959284E-030
  1.535200E+01  4.71016790E-026  4.57452551E-026  1.35463813E-027  1.78582125E-030
  1.543300E+01  4.73090497E-026  4.59094772E-026  1.39765331E-027  1.91921906E-030
  1.551500E+01  4.75829014E-026  4.61387415E-026  1.44209655E-027  2.06335873E-030
  1.559800E+01  4.79497541E-026  4.64595187E-026  1.48801598E-027  2.21938515E-030
  1.568100E+01  4.84524045E-026  4.69151688E-026  1.53484982E-027  2.38588074E-030
  1.576400E+01  4.91691416E-026  4.75839618E-026  1.58261634E-027  2.56347442E-030
  1.584800E+01  5.01207085E-026  4.84860013E-026  1.63195214E-027  2.75505730E-030
  1.593200E+01  5.09173329E-026  4.92321558E-026  1.68221860E-027  2.95849015E-030
  1.601700E+01  5.15242112E-026  4.97869304E-026  1.73410328E-027  3.17751127E-030
  1.610200E+01  5.26106200E-026  5.08202392E-026  1.78697071E-027  3.41005089E-030
  1.618700E+01  5.46669568E-026  5.28224165E-026  1.84088340E-027  3.65686529E-030
  1.627300E+01  5.86785534E-026  5.67781683E-026  1.89646255E-027  3.92251030E-030
  1.636000E+01  6.71787030E-026  6.52207674E-026  1.95372767E-027  4.20797260E-030
  1.644700E+01  7.73443999E-026  7.53278497E-026  2.01203948E-027  4.51065878E-030
  1.653400E+01  7.13168211E-026  6.92405198E-026  2.07147047E-027  4.83081986E-030
  1.662200E+01  6.56536885E-026  6.35158455E-026  2.13266959E-027  5.17346496E-030
  1.671000E+01  6.46664845E-026  6.24659913E-026  2.19495968E-027  5.53352203E-030
  1.679900E+01  6.55565721E-026  6.32915481E-026  2.25910573E-027  5.91824526E-030
  1.688800E+01  6.69035439E-026  6.45728296E-026  2.32439565E-027  6.31873146E-030
  1.697800E+01  6.78970812E-026  6.54987474E-026  2.39158714E-027  6.74674997E-030
  1.706800E+01  6.80769746E-026  6.56098547E-026  2.45992712E-027  7.19278424E-030
  1.715900E+01  6.74741204E-026  6.49361879E-026  2.53026376E-027  7.66874750E-030
  1.725000E+01  6.68916173E-026  6.42816886E-026  2.60175942E-027  8.16917940E-030
  1.734200E+01  6.76294660E-026  6.49455047E-026  2.67525977E-027  8.70156165E-030
  1.743400E+01  6.42115911E-026  6.14523391E-026  2.74999503E-027  9.25695787E-030
  1.752700E+01  5.92224940E-026  5.63858309E-026  2.82681896E-027  9.84414183E-030
  1.762000E+01  5.63513520E-026  5.34360005E-026  2.90489608E-027  1.04554072E-029
  1.771400E+01  5.47574627E-026  5.17612646E-026  2.98510218E-027  1.10959835E-029
  1.780800E+01  5.42087001E-026  5.11303883E-026  3.06654917E-027  1.17627049E-029
  1.790200E+01  5.31685225E-026  5.00066811E-026  3.14939471E-027  1.24467100E-029
  1.799800E+01  5.08577149E-026  4.76093279E-026  3.23521047E-027  1.31764744E-029
  1.809300E+01  4.91172498E-026  4.57818115E-026  3.32152177E-027  1.39164697E-029
  1.818900E+01  4.79567557E-026  4.45319865E-026  3.41007173E-027  1.46974532E-029
  1.828600E+01  4.71049823E-026  4.35888123E-026  3.50066197E-027  1.55080847E-029
  1.838300E+01  4.64311998E-026  4.28228629E-026  3.59198493E-027  1.63519214E-029
  1.848100E+01  4.58741870E-026  4.21713440E-026  3.68562098E-027  1.72220836E-029
  1.857900E+01  4.53968382E-026  4.15981372E-026  3.78057989E-027  1.81210667E-029
  1.867800E+01  4.49758890E-026  4.10789089E-026  3.87793072E-027  1.90493028E-029
  1.877700E+01  4.45930046E-026  4.05963133E-026  3.97669109E-027  2.00002038E-029
  1.887700E+01  4.42364989E-026  4.01376752E-026  4.07784276E-027  2.09809886E-029
  1.897700E+01  4.38946648E-026  3.96923757E-026  4.18031641E-027  2.19726947E-029
  1.907800E+01  4.35647378E-026  3.92564122E-026  4.28532435E-027  2.30012262E-029
  1.918000E+01  4.32445918E-026  3.88277045E-026  4.39283805E-027  2.40492474E-029
  1.928100E+01  4.29309277E-026  3.84051409E-026  4.50066854E-027  2.51182338E-029
  1.938400E+01  4.26311292E-026  3.79927352E-026  4.61218316E-027  2.62108979E-029
  1.948700E+01  4.23429673E-026  3.75905453E-026  4.72508576E-027  2.73361990E-029
  1.959100E+01  4.20699141E-026  3.72008785E-026  4.84056229E-027  2.84732887E-029
  1.969500E+01  4.18102016E-026  3.68229595E-026  4.95760445E-027  2.96376165E-029
  1.979900E+01  4.15645487E-026  3.64576902E-026  5.07605005E-027  3.08083851E-029
  1.990500E+01  4.13363906E-026  3.61060404E-026  5.19832633E-027  3.20238179E-029
  2.001000E+01  4.11229241E-026  3.57654894E-026  5.32419531E-027  3.32393754E-029
  2.011700E+01  4.09267591E-026  3.54374815E-026  5.45478644E-027  3.44910925E-029
  2.022400E+01  4.07430982E-026  3.51203799E-026  5.58694784E-027  3.57704167E-029
  2.033100E+01  4.05701179E-026  3.48121497E-026  5.72089205E-027  3.70760852E-029
  2.043900E+01  4.04098231E-026  3.45135271E-026  5.85785994E-027  3.84360113E-029
  2.054800E+01  4.02611272E-026  3.42234409E-026  5.99779903E-027  3.98872801E-029
  2.065700E+01  4.01216157E-026  3.39408278E-026  6.13941195E-027  4.13760027E-029
  2.076700E+01  3.99924492E-026  3.36654562E-026  6.28407153E-027  4.29214368E-029
  2.087700E+01  3.98702788E-026  3.33952484E-026  6.43052641E-027  4.45040466E-029
  2.098800E+01  3.97583944E-026  3.31322203E-026  6.58006162E-027  4.61124752E-029
  2.110000E+01  3.96554952E-026  3.28750157E-026  6.73270958E-027  4.77699372E-029
  2.121200E+01  3.95595261E-026  3.26228978E-026  6.88717544E-027  4.94528825E-029
  2.132400E+01  3.94713395E-026  3.23767847E-026  7.04338758E-027  5.11672176E-029
  2.143800E+01  3.93925779E-026  3.21353702E-026  7.20423083E-027  5.29768196E-029
  2.155200E+01  3.93209780E-026  3.18992757E-026  7.36684893E-027  5.48533961E-029
  2.166600E+01  3.92560623E-026  3.16679301E-026  7.53135174E-027  5.67804537E-029
  2.178100E+01  3.91988860E-026  3.14412711E-026  7.69882631E-027  5.87885668E-029
  2.189700E+01  3.91491168E-026  3.12190119E-026  7.86925039E-027  6.08544985E-029
  2.201400E+01  3.91059720E-026  3.10000314E-026  8.04296995E-027  6.29706398E-029
  2.213100E+01  3.90683848E-026  3.07847532E-026  8.21849851E-027  6.51331647E-029
  2.224800E+01  3.90361236E-026  3.05729755E-026  8.39591670E-027  6.72314041E-029
  2.236600E+01  3.90111847E-026  3.03652027E-026  8.57659633E-027  6.93856968E-029
  2.248500E+01  3.89935425E-026  3.01613043E-026  8.76064806E-027  7.15901312E-029
  2.260500E+01  3.89833681E-026  2.99613582E-026  8.94815858E-027  7.38512944E-029
  2.272500E+01  3.89786537E-026  2.97649656E-026  9.13749751E-027  7.61906161E-029
  2.284600E+01  3.89808190E-026  2.95719749E-026  9.33022922E-027  7.86147959E-029
  2.296700E+01  3.89885203E-026  2.93824701E-026  9.52492350E-027  8.11267784E-029
  2.308900E+01  3.90029931E-026  2.91964007E-026  9.72283275E-027  8.37596817E-029
  2.321200E+01  3.90239093E-026  2.90131221E-026  9.92431455E-027  8.64726033E-029
  2.333500E+01  3.90484087E-026  2.88314834E-026  1.01276721E-026  8.92531395E-029
  2.345900E+01  3.90790151E-026  2.86523799E-026  1.03345307E-026  9.21044767E-029
  2.358400E+01  3.91158156E-026  2.84758950E-026  1.05449398E-026  9.49807787E-029
  2.370900E+01  3.91570582E-026  2.83025077E-026  1.07566367E-026  9.79137586E-029
  2.383500E+01  3.91998315E-026  2.81320065E-026  1.09669038E-026  1.00921171E-028
  2.396200E+01  3.92485127E-026  2.79639268E-026  1.11805791E-026  1.04006843E-028
  2.408900E+01  3.93012071E-026  2.77983434E-026  1.13956931E-026  1.07170566E-028
  2.421700E+01  3.93600765E-026  2.76353623E-026  1.16142870E-026  1.10427241E-028
  2.434600E+01  3.94247240E-026  2.74747679E-026  1.18361774E-026  1.13778690E-028
  2.447600E+01  3.94951428E-026  2.73165620E-026  1.20613653E-026  1.17215499E-028
  2.460600E+01  3.95679193E-026  2.71590611E-026  1.22881432E-026  1.20715022E-028
  2.473600E+01  3.96433015E-026  2.70024453E-026  1.25165840E-026  1.24272222E-028
  2.486800E+01  3.97249279E-026  2.68470232E-026  1.27499732E-026  1.27931461E-028
  2.500000E+01  3.98098538E-026  2.66933088E-026  1.29849304E-026  1.31614627E-028
  2.659600E+01  4.11065523E-026  2.49863556E-026  1.59396873E-026  1.80509281E-028
  2.829500E+01  4.28340997E-026  2.33179340E-026  1.92735234E-026  2.42642331E-028
  3.010100E+01  4.48520720E-026  2.15810201E-026  2.29510770E-026  3.19974885E-028
  3.202300E+01  4.71170287E-026  1.97444963E-026  2.69591706E-026  4.13361705E-028
  3.406800E+01  4.97000461E-026  1.78477590E-026  3.13252159E-026  5.27071167E-028
  3.624300E+01  5.28389071E-026  1.59677238E-026  3.62047906E-026  6.66392717E-028
  3.855700E+01  5.63782537E-026  1.41828041E-026  4.13609535E-026  8.34496012E-028
  4.101900E+01  6.04676503E-026  1.25538501E-026  4.68767015E-026  1.03709878E-027
  4.363800E+01  6.52111513E-026  1.11179463E-026  5.28048530E-026  1.28835208E-027
  4.642500E+01  7.04980764E-026  9.89331906E-027  5.89882637E-026  1.61649363E-027
  4.938900E+01  7.65256945E-026  8.88151648E-027  6.55741441E-026  2.07003394E-027
  5.254300E+01  8.34058190E-026  8.06955403E-027  7.26132648E-026  2.72300019E-027
  5.589800E+01  9.13457984E-026  7.43294856E-027  8.02220792E-026  3.69077067E-027
  5.946700E+01  1.00358879E-025  6.93243990E-027  8.82955990E-026  5.13084005E-027
  6.326400E+01  1.10409860E-025  6.51256776E-027  9.66602696E-026  7.23702288E-027
  6.730300E+01  1.21480438E-025  6.10475594E-027  1.05133835E-025  1.02418479E-026
  7.160100E+01  1.34219584E-025  5.64187554E-027  1.14198206E-025  1.43795028E-026
  7.617300E+01  1.47715406E-025  5.08707748E-027  1.22793316E-025  1.98350121E-026
  8.103600E+01  1.62056019E-025  4.45238410E-027  1.30879408E-025  2.67242269E-026
  8.621100E+01  1.77905116E-025  3.78957648E-027  1.39043447E-025  3.50720929E-026
  9.171500E+01  1.93657334E-025  3.15832326E-027  1.45807725E-025  4.46912862E-026
  9.757200E+01  2.09441043E-025  2.59928708E-027  1.51541390E-025  5.53003653E-026
  1.038000E+02  2.24877311E-025  2.12887989E-027  1.56312308E-025  6.64361228E-026
  1.104300E+02  2.38125630E-025  1.74525565E-027  1.58842384E-025  7.75379908E-026
  1.174800E+02  2.50075643E-025  1.43796254E-027  1.60614275E-025  8.80234057E-026
  1.249800E+02  2.58954921E-025  1.19348608E-027  1.60433611E-025  9.73278238E-026
  1.329600E+02  2.60062728E-025  9.98661726E-028  1.54535314E-025  1.04528752E-025
  1.414500E+02  2.59528605E-025  8.41187885E-028  1.48940080E-025  1.09747337E-025
  1.504800E+02  2.55344113E-025  7.12072876E-028  1.42017234E-025  1.12614806E-025
  1.600900E+02  2.46840694E-025  6.06233435E-028  1.33257156E-025  1.12977305E-025
  1.703100E+02  2.34258689E-025  5.19689343E-028  1.22858810E-025  1.10880189E-025
  1.811900E+02  2.19738281E-025  4.48410633E-028  1.12454234E-025  1.06835636E-025
  1.927600E+02  2.03525011E-025  3.89164998E-028  1.02006816E-025  1.01129030E-025
  2.050700E+02  1.84879204E-025  3.39404927E-028  9.06567299E-026  9.38830689E-026
  2.181600E+02  1.66259512E-025  2.97253303E-028  8.01209072E-026  8.58413516E-026
  2.320900E+02  1.47861024E-025  2.61243613E-028  7.02521478E-026  7.73476325E-026
  2.469100E+02  1.30075353E-025  2.30263360E-028  6.10961871E-026  6.87489029E-026
  2.626800E+02  1.13001277E-025  2.03440889E-028  5.25385714E-026  6.02592647E-026
  2.794500E+02  9.72490213E-026  1.80105770E-028  4.48658463E-026  5.22030693E-026
  2.972900E+02  8.29839727E-026  1.59702341E-028  3.80854422E-026  4.47388282E-026
  3.162700E+02  7.03366108E-026  1.41791872E-028  3.22088258E-026  3.79859932E-026
  3.364700E+02  5.87813362E-026  1.26010974E-028  2.67899269E-026  3.18653983E-026
  3.579500E+02  4.86066427E-026  1.12080189E-028  2.20408553E-026  2.64537073E-026
  3.808100E+02  3.98514902E-026  9.97450676E-029  1.79995690E-026  2.17521762E-026
  4.051200E+02  3.30257866E-026  8.88092639E-029  1.50445833E-026  1.78923941E-026
  4.309900E+02  2.71337424E-026  7.90928878E-029  1.24480363E-026  1.46066132E-026
  4.585100E+02  2.20510973E-026  7.04518594E-029  1.01575129E-026  1.18231325E-026
  4.877900E+02  1.77035915E-026  6.27588013E-029  8.16022121E-027  9.48061148E-027
  5.189300E+02  1.41569463E-026  5.59051063E-029  6.53991827E-027  7.56112289E-027
  5.520700E+02  1.12836135E-026  4.97910850E-029  5.23200046E-027  6.00182191E-027
  5.873200E+02  8.98170466E-027  4.43360638E-029  4.18918331E-027  4.74818528E-027
  6.248200E+02  7.13976040E-027  3.94646990E-029  3.35511716E-027  3.74517854E-027
  6.647100E+02  5.65700935E-027  3.51125513E-029  2.67880904E-027  2.94308776E-027
  7.071600E+02  4.46628564E-027  3.12200425E-029  2.13089988E-027  2.30416571E-027
  7.523100E+02  3.50856188E-027  2.77388675E-029  1.68463941E-027  1.79618361E-027
  8.003500E+02  2.74237545E-027  2.46224417E-029  1.32364330E-027  1.39410972E-027
  8.514500E+02  2.13454863E-027  2.18323253E-029  1.03482603E-027  1.07789028E-027
  9.058200E+02  1.66594375E-027  1.93335016E-029  8.13508905E-028  8.33101347E-028
  9.636600E+02  1.29410541E-027  1.70954687E-029  6.35613502E-028  6.41396437E-028
  1.025200E+03  1.00325087E-027  1.50914750E-029  4.95578393E-028  4.92581000E-028
  1.090600E+03  7.76584326E-028  1.32996688E-029  3.85748442E-028  3.77536216E-028
  1.160300E+03  5.99887010E-028  1.16948757E-029  2.99579735E-028  2.88612400E-028
  1.234400E+03  4.62811343E-028  1.02629531E-029  2.32303272E-028  2.20245118E-028
  1.313200E+03  3.56635180E-028  8.98654037E-030  1.79866440E-028  1.67782200E-028
  1.397000E+03  2.74533427E-028  7.85090600E-030  1.39069234E-028  1.27613286E-028
  1.486200E+03  2.11092975E-028  6.84190772E-030  1.07357810E-028  9.68932575E-029
  1.581100E+03  1.62173952E-028  5.94791505E-030  8.27660356E-029  7.34600015E-029
  1.682100E+03  1.24491973E-028  5.15778199E-030  6.37224200E-029  5.56117712E-029
  1.789500E+03  9.55224568E-029  4.46192241E-030  4.90085254E-029  4.20520090E-029
  1.903800E+03  7.32557575E-029  3.85038390E-030  3.76472629E-029  3.17581107E-029
  2.025300E+03  5.61741057E-029  3.31508689E-030  2.88963326E-029  2.39626863E-029
  2.154600E+03  4.30638085E-029  2.84741795E-030  2.21558015E-029  1.80605891E-029
  2.292200E+03  3.30087391E-029  2.44006044E-030  1.69708216E-029  1.35978571E-029
  2.438600E+03  2.53025898E-029  2.08635563E-030  1.29878123E-029  1.02284219E-029
  2.594300E+03  1.94009238E-029  1.78024038E-030  9.93247513E-030  7.68820830E-030
  2.759900E+03  1.48814246E-029  1.51602098E-030  7.59062025E-030  5.77478339E-030
  2.936200E+03  1.14175635E-029  1.28834853E-030  5.79575959E-030  4.33345537E-030
  3.123600E+03  8.76675080E-030  1.09295922E-030  4.42332932E-030  3.25046226E-030
  3.323100E+03  6.73471727E-030  9.25434132E-031  3.37318902E-030  2.43609412E-030
  3.535300E+03  5.17802311E-030  7.82278292E-031  2.57096653E-030  1.82477829E-030
  3.761000E+03  3.98496252E-030  6.60192249E-031  1.95858112E-030  1.36618915E-030
  4.001200E+03  3.06958882E-030  5.56240935E-031  1.49113988E-030  1.02220800E-030
  4.256600E+03  2.36742490E-030  4.67970747E-031  1.13487549E-030  7.64578665E-031
  4.528400E+03  1.82791694E-030  3.93104374E-031  8.63247017E-031  5.71565553E-031
  4.817600E+03  1.41313566E-030  3.29730490E-031  6.56329698E-031  4.27075472E-031
  5.125200E+03  1.09403019E-030  2.76191616E-031  4.98835104E-031  3.19003469E-031
  5.452400E+03  8.48241709E-031  2.31034473E-031  3.79007385E-031  2.38199851E-031
  5.800600E+03  6.58608448E-031  1.92989838E-031  2.87834556E-031  1.77784055E-031
  6.171000E+03  5.12178641E-031  1.60999872E-031  2.18527319E-031  1.32651450E-031
  6.565000E+03  3.98957475E-031  1.34143791E-031  1.65863198E-031  9.89504867E-032
  6.984200E+03  3.11261965E-031  1.11623636E-031  1.25850769E-031  7.37875594E-032
  7.430100E+03  2.43250729E-031  9.27721745E-032  9.54670693E-032  5.50114852E-032
  7.904600E+03  1.90403360E-031  7.70084146E-032  7.23957613E-032  4.09991845E-032
  8.409300E+03  1.49289983E-031  6.38503716E-032  5.48889659E-032  3.05506455E-032
  8.946200E+03  1.17249403E-031  5.28820732E-032  4.16071296E-032  2.27602002E-032
  9.517400E+03  9.22337707E-032  4.37493137E-032  3.15319958E-032  1.69524612E-032
  1.012500E+04  7.26744097E-032  3.61573688E-032  2.38924611E-032  1.26245797E-032
  1.077200E+04  5.73414837E-032  2.98482288E-032  1.80958731E-032  9.39738176E-033
  1.145900E+04  4.53341144E-032  2.46259924E-032  1.37102471E-032  6.99787484E-033
  1.219100E+04  3.58828216E-032  2.02937362E-032  1.03813421E-032  5.20774332E-033
  1.297000E+04  2.84429906E-032  1.67095866E-032  7.85875141E-033  3.87465259E-033
  1.379800E+04  2.25836404E-032  1.37507016E-032  5.94977598E-033  2.88316283E-033
  1.467900E+04  1.79566309E-032  1.13079570E-032  4.50367717E-033  2.14499683E-033
  1.561600E+04  1.42987966E-032  9.29419018E-033  3.40886786E-033  1.59573851E-033
  1.661300E+04  1.14017202E-032  7.63499757E-033  2.57979246E-033  1.18693018E-033
  1.767400E+04  9.10336327E-033  6.26877013E-033  1.95192497E-033  8.82668172E-034
  1.880200E+04  7.27909820E-033  5.14564375E-033  1.47699533E-033  6.56459119E-034
  2.000300E+04  5.82706529E-033  4.22176657E-033  1.11723987E-033  4.88058845E-034
  2.128000E+04  4.67110082E-033  3.46305074E-033  8.45165608E-034  3.62884475E-034
  2.263900E+04  3.74879169E-033  2.83980385E-033  6.39224707E-034  2.69763131E-034
  2.408400E+04  3.01242996E-033  2.32837802E-033  4.83501549E-034  2.00550397E-034
  2.562200E+04  2.42310828E-033  1.90840934E-033  3.65633774E-034  1.49065161E-034
  2.725800E+04  1.95113458E-033  1.56385104E-033  2.76490291E-034  1.10793251E-034
  2.899900E+04  1.57244544E-033  1.28106359E-033  2.09047448E-034  8.23343970E-035
  3.085000E+04  1.26848627E-033  1.04921935E-033  1.58073660E-034  6.11932568E-035
  3.282000E+04  1.02393922E-033  8.58960066E-034  1.19507378E-034  4.54717745E-035
  3.491600E+04  8.27035432E-034  7.02905173E-034  9.03432218E-035  3.37870374E-035
  3.714500E+04  6.68379980E-034  5.74974309E-034  6.82994711E-035  2.51061997E-035
  3.951700E+04  5.40321629E-034  4.70041319E-034  5.16271859E-035  1.86531245E-035
  4.204000E+04  4.36927678E-034  3.84043419E-034  3.90252678E-035  1.38589916E-035
  4.472500E+04  3.53340056E-034  3.13549524E-034  2.94951045E-035  1.02954272E-035
  4.758000E+04  2.85776627E-034  2.55832997E-034  2.22945917E-035  7.64903895E-036
  5.061800E+04  2.31099009E-034  2.08566619E-034  1.68501279E-035  5.68226248E-036
  5.385000E+04  1.86846498E-034  1.69890873E-034  1.27345953E-035  4.22103037E-036
  5.728900E+04  1.51022182E-034  1.38263366E-034  9.62351094E-036  3.13530454E-036
  6.094700E+04  1.22027425E-034  1.12426000E-034  7.27255245E-036  2.32887217E-036
  6.483800E+04  9.85652902E-035  9.13394455E-035  5.49595269E-036  1.72989203E-036
  6.897800E+04  7.95780191E-035  7.41400447E-035  4.15309279E-036  1.28488154E-036
  7.338300E+04  6.42199786E-035  6.01275912E-035  3.13811080E-036  9.54276586E-037
  7.806800E+04  5.18070606E-035  4.87269679E-035  2.37131250E-036  7.08780158E-037
  8.305300E+04  4.17760481E-035  3.94579087E-035  1.79173611E-036  5.26403329E-037
  8.835600E+04  3.36772431E-035  3.19324745E-035  1.35382018E-036  3.90948411E-037
  9.399800E+04  2.71410642E-035  2.58278320E-035  1.02289441E-036  2.90337777E-037
  1.000000E+05  2.18697052E-035  2.08812425E-035  7.72842509E-037  2.15620192E-037
