# DL07 model SED (this work), mw31_60, Mathis ISRF U =  1.00
# silicate (D03) + carbonaceous (DL07 PAH Nc=470 + D03 graphite blend)
# PAH ionization computed via WD01b grain charging (pah_ionfrac)
# columns: lambda[um]  lamI_total/NH  lamI_sil/NH  lamI_carb/NH
#          [erg s^-1 cm^-2 sr^-1 H^-1]
  9.120000E-02  1.29263280E-040  1.29263277E-040  3.08550434E-048
  9.226000E-02  1.87569644E-040  1.87569638E-040  6.09074082E-048
  9.332000E-02  5.61307299E-040  5.61307287E-040  1.18446095E-047
  9.441000E-02  8.09982691E-040  8.09982668E-040  2.31171175E-047
  9.550000E-02  1.15758592E-039  1.15758587E-039  4.44458872E-047
  9.661000E-02  1.64748180E-039  1.64748172E-039  8.51871883E-047
  9.772000E-02  2.77045386E-039  2.77045369E-039  1.60903908E-046
  9.886000E-02  3.91903721E-039  3.91903691E-039  3.04657163E-046
  1.000000E-01  5.49410940E-039  5.49410884E-039  5.68526202E-046
  1.012000E-01  8.17634597E-039  8.17634490E-039  1.06585237E-045
  1.023000E-01  1.11135985E-038  1.11135966E-038  1.87807457E-045
  1.035000E-01  1.52814554E-038  1.52814519E-038  3.43120689E-045
  1.047000E-01  2.07970553E-038  2.07970492E-038  6.17339680E-045
  1.059000E-01  2.88853679E-038  2.88853570E-038  1.09445416E-044
  1.072000E-01  4.01421263E-038  4.01421063E-038  2.00285483E-044
  1.084000E-01  5.40696586E-038  5.40696241E-038  3.44942106E-044
  1.097000E-01  7.42225495E-038  7.42224882E-038  6.12467357E-044
  1.109000E-01  9.93731784E-038  9.93730758E-038  1.02686362E-043
  1.122000E-01  1.34688842E-037  1.34688665E-037  1.77332077E-043
  1.135000E-01  1.81101431E-037  1.81101129E-037  3.02046342E-043
  1.148000E-01  2.41559264E-037  2.41558756E-037  5.07677365E-043
  1.161000E-01  3.21466633E-037  3.21465791E-037  8.42569374E-043
  1.175000E-01  4.32481261E-037  4.32479827E-037  1.43415071E-042
  1.189000E-01  5.77801799E-037  5.77799390E-037  2.40807860E-042
  1.202000E-01  7.52029923E-037  7.52026072E-037  3.85109833E-042
  1.216000E-01  9.90432507E-037  9.90426198E-037  6.30844156E-042
  1.230000E-01  1.29649307E-036  1.29648286E-036  1.02106335E-041
  1.244000E-01  1.68489461E-036  1.68487827E-036  1.63368320E-041
  1.259000E-01  2.21645930E-036  2.21643260E-036  2.67024903E-041
  1.274000E-01  2.89367076E-036  2.89362764E-036  4.31204869E-041
  1.288000E-01  3.68686282E-036  3.68679608E-036  6.67452566E-041
  1.303000E-01  4.74656694E-036  4.74646287E-036  1.04076284E-040
  1.318000E-01  6.07246545E-036  6.07230186E-036  1.63584843E-040
  1.333000E-01  7.71593254E-036  7.71567779E-036  2.54753886E-040
  1.349000E-01  9.88550298E-036  9.88509831E-036  4.04674905E-040
  1.365000E-01  1.25726896E-035  1.25720529E-035  6.36676786E-040
  1.380000E-01  1.56423307E-035  1.56413650E-035  9.65637047E-040
  1.396000E-01  1.96016602E-035  1.96001672E-035  1.49304215E-039
  1.412000E-01  2.43420459E-035  2.43397567E-035  2.28918344E-039
  1.429000E-01  3.01819376E-035  3.01783643E-035  3.57330030E-039
  1.445000E-01  3.63077684E-035  3.63023778E-035  5.39066172E-039
  1.462000E-01  4.34683489E-035  4.34600718E-035  8.27714486E-039
  1.479000E-01  5.14455038E-035  5.14328950E-035  1.26087980E-038
  1.496000E-01  6.03951499E-035  6.03760882E-035  1.90616715E-038
  1.514000E-01  7.09987784E-035  7.09694855E-035  2.92928034E-038
  1.531000E-01  8.17116429E-035  8.16680047E-035  4.36381908E-038
  1.549000E-01  9.35034771E-035  9.34374105E-035  6.60666500E-038
  1.567000E-01  1.08199232E-034  1.08099925E-034  9.93071962E-038
  1.585000E-01  1.23674539E-034  1.23526294E-034  1.48245449E-037
  1.603000E-01  1.39921732E-034  1.39701890E-034  2.19842496E-037
  1.622000E-01  1.60904580E-034  1.60573615E-034  3.30964733E-037
  1.641000E-01  1.82355498E-034  1.81860598E-034  4.94899994E-037
  1.660000E-01  2.05642934E-034  2.04907645E-034  7.35289161E-037
  1.679000E-01  2.33297464E-034  2.32211694E-034  1.08576973E-036
  1.698000E-01  2.61147341E-034  2.59553449E-034  1.59389241E-036
  1.718000E-01  2.99650821E-034  2.97278860E-034  2.37196129E-036
  1.738000E-01  3.41409523E-034  3.37903129E-034  3.50639405E-036
  1.758000E-01  3.84579365E-034  3.79428127E-034  5.15123771E-036
  1.778000E-01  4.27897204E-034  4.20373221E-034  7.52398274E-036
  1.799000E-01  4.71677996E-034  4.60542681E-034  1.11353152E-035
  1.820000E-01  5.37895581E-034  5.21503933E-034  1.63916477E-035
  1.841000E-01  6.09924721E-034  5.85917330E-034  2.40073911E-035
  1.862000E-01  6.86094289E-034  6.51097971E-034  3.49963181E-035
  1.884000E-01  7.69547919E-034  7.17854150E-034  5.16937698E-035
  1.905000E-01  8.59153774E-034  7.84462896E-034  7.46908775E-035
  1.928000E-01  9.92518961E-034  8.81288377E-034  1.11230584E-034
  1.950000E-01  1.13728572E-033  9.75273132E-034  1.62012590E-034
  1.972000E-01  1.30272775E-033  1.06795978E-033  2.34767971E-034
  1.995000E-01  1.50365420E-033  1.15983448E-033  3.43819723E-034
  2.018000E-01  1.78694483E-033  1.28723269E-033  4.99712143E-034
  2.042000E-01  2.16827567E-033  1.43724796E-033  7.31027707E-034
  2.065000E-01  2.62495252E-033  1.58425255E-033  1.04069997E-033
  2.089000E-01  3.22086885E-033  1.73777237E-033  1.48309648E-033
  2.113000E-01  3.99645938E-033  1.91887415E-033  2.07758523E-033
  2.138000E-01  5.03377586E-033  2.14267719E-033  2.89109867E-033
  2.163000E-01  6.34281299E-033  2.41066555E-033  3.93214745E-033
  2.188000E-01  7.93376958E-033  2.70981884E-033  5.22395074E-033
  2.213000E-01  9.84739223E-033  3.06284113E-033  6.78455109E-033
  2.239000E-01  1.22149860E-032  3.50346045E-033  8.71152551E-033
  2.265000E-01  1.49873461E-032  4.01315680E-033  1.09741893E-032
  2.291000E-01  1.82238725E-032  4.61311982E-033  1.36107527E-032
  2.317000E-01  2.19756462E-032  5.29968023E-033  1.66759660E-032
  2.344000E-01  2.65073427E-032  6.11341157E-033  2.03939311E-032
  2.371000E-01  3.18155195E-032  7.05277352E-033  2.47627460E-032
  2.399000E-01  3.82839690E-032  8.15833516E-033  3.01256339E-032
  2.427000E-01  4.59518632E-032  9.43942383E-033  3.65124393E-032
  2.455000E-01  5.50162557E-032  1.08853626E-032  4.41308931E-032
  2.483000E-01  6.57415983E-032  1.25112224E-032  5.32303759E-032
  2.512000E-01  7.88850490E-032  1.43622872E-032  6.45227618E-032
  2.541000E-01  9.44573375E-032  1.63661361E-032  7.80912014E-032
  2.570000E-01  1.12959929E-031  1.85913368E-032  9.43685918E-032
  2.600000E-01  1.35731796E-031  2.11326478E-032  1.14599149E-031
  2.630000E-01  1.62849956E-031  2.39361301E-032  1.38913826E-031
  2.661000E-01  1.96269948E-031  2.71387814E-032  1.69131166E-031
  2.691000E-01  2.34742507E-031  3.05556903E-032  2.04186817E-031
  2.723000E-01  2.83606811E-031  3.45696280E-032  2.49037183E-031
  2.754000E-01  3.39976956E-031  3.88299576E-032  3.01146998E-031
  2.786000E-01  4.09075952E-031  4.36286242E-032  3.65447328E-031
  2.818000E-01  4.91091225E-031  4.88815195E-032  4.42209706E-031
  2.851000E-01  5.91522721E-031  5.48044201E-032  5.36718301E-031
  2.884000E-01  7.10639871E-031  6.12604870E-032  6.49379384E-031
  2.917000E-01  8.51459588E-031  6.82925071E-032  7.83167081E-031
  2.951000E-01  1.02318130E-030  7.61457939E-032  9.47035509E-031
  2.985000E-01  1.22593942E-030  8.46762497E-032  1.14126317E-030
  3.020000E-01  1.47225492E-030  9.42042202E-032  1.37805070E-030
  3.055000E-01  1.68120990E-030  1.04530234E-031  1.57667967E-030
  3.090000E-01  1.97816922E-030  1.15695820E-031  1.86247340E-030
  3.126000E-01  2.32646642E-030  1.28024385E-031  2.19844204E-030
  3.162000E-01  2.72207197E-030  1.41285469E-031  2.58078650E-030
  3.199000E-01  3.18213269E-030  1.55959125E-031  3.02617357E-030
  3.236000E-01  3.69882569E-030  1.71738905E-031  3.52708678E-030
  3.273000E-01  4.27263770E-030  1.88668029E-031  4.08396967E-030
  3.311000E-01  4.92182654E-030  2.07291303E-031  4.71453524E-030
  3.350000E-01  5.64511117E-030  2.27773948E-031  5.41733722E-030
  3.388000E-01  6.39119512E-030  2.49118157E-031  6.14207697E-030
  3.428000E-01  7.19789060E-030  2.73121169E-031  6.92476943E-030
  3.467000E-01  7.97223683E-030  2.98001158E-031  7.67423567E-030
  3.507000E-01  8.70992337E-030  3.25123140E-031  8.38480023E-030
  3.548000E-01  9.37846812E-030  3.54709174E-031  9.02375894E-030
  3.589000E-01  9.97957264E-030  3.86161745E-031  9.59341090E-030
  3.631000E-01  1.06067357E-029  4.20377405E-031  1.01863583E-029
  3.673000E-01  1.13562280E-029  4.56631325E-031  1.08995967E-029
  3.715000E-01  1.23180454E-029  4.94981310E-031  1.18230641E-029
  3.758000E-01  1.35613771E-029  5.36508503E-031  1.30248686E-029
  3.802000E-01  1.51074354E-029  5.81434682E-031  1.45260007E-029
  3.846000E-01  1.69212013E-029  6.28791135E-031  1.62924102E-029
  3.891000E-01  1.90008016E-029  6.79838742E-031  1.83209629E-029
  3.936000E-01  2.12237472E-029  7.33627519E-031  2.04901197E-029
  3.981000E-01  2.35098908E-029  7.90215757E-031  2.27196750E-029
  4.027000E-01  2.57911664E-029  8.50799311E-031  2.49403671E-029
  4.074000E-01  2.78802451E-029  9.15650178E-031  2.69645950E-029
  4.121000E-01  2.95038947E-029  9.83674517E-031  2.85202201E-029
  4.169000E-01  3.04658753E-029  1.05647462E-030  2.94094007E-029
  4.217000E-01  3.05565596E-029  1.13268884E-030  2.94238708E-029
  4.266000E-01  2.98170153E-029  1.21406191E-030  2.86029534E-029
  4.315000E-01  2.86420705E-029  1.29908971E-030  2.73429807E-029
  4.365000E-01  2.73904789E-029  1.38969014E-030  2.60007888E-029
  4.416000E-01  2.63369924E-029  1.48599309E-030  2.48509993E-029
  4.467000E-01  2.56367996E-029  1.58603269E-030  2.40507669E-029
  4.519000E-01  2.51843327E-029  1.69222428E-030  2.34921084E-029
  4.571000E-01  2.48480732E-029  1.80267783E-030  2.30453953E-029
  4.624000E-01  2.44775031E-029  1.91966887E-030  2.25578342E-029
  4.677000E-01  2.39454248E-029  2.04113891E-030  2.19042859E-029
  4.732000E-01  2.32286823E-029  2.17194904E-030  2.10567333E-029
  4.786000E-01  2.24513456E-029  2.30510965E-030  2.01462360E-029
  4.842000E-01  2.17870163E-029  2.44816293E-030  1.93388534E-029
  4.898000E-01  2.12827337E-029  2.59610946E-030  1.86866242E-029
  4.954000E-01  2.09898911E-029  2.74901269E-030  1.82408784E-029
  5.012000E-01  2.09376769E-029  2.91267664E-030  1.80250003E-029
  5.070000E-01  2.10165571E-029  3.08172364E-030  1.79348334E-029
  5.129000E-01  2.12802290E-029  3.25919272E-030  1.80210363E-029
  5.188000E-01  2.17096392E-029  3.44219525E-030  1.82674440E-029
  5.248000E-01  2.23013391E-029  3.63394725E-030  1.86673918E-029
  5.309000E-01  2.29992572E-029  3.83469975E-030  1.91645574E-029
  5.370000E-01  2.37197384E-029  4.04126518E-030  1.96784732E-029
  5.433000E-01  2.45910762E-029  4.26065748E-030  2.03304187E-029
  5.495000E-01  2.53286130E-029  4.48252076E-030  2.08460922E-029
  5.559000E-01  2.60442942E-029  4.71683792E-030  2.13274563E-029
  5.623000E-01  2.68841554E-029  4.95714880E-030  2.19270066E-029
  5.688000E-01  2.77537357E-029  5.20734916E-030  2.25463865E-029
  5.754000E-01  2.87500643E-029  5.46763747E-030  2.32824268E-029
  5.821000E-01  2.98641849E-029  5.73820376E-030  2.41259811E-029
  5.888000E-01  3.11062045E-029  6.01504991E-030  2.50911545E-029
  5.957000E-01  3.23529153E-029  6.30661114E-030  2.60463042E-029
  6.026000E-01  3.36113783E-029  6.60459835E-030  2.70067800E-029
  6.095000E-01  3.49698500E-029  6.90888640E-030  2.80609636E-029
  6.166000E-01  3.63157550E-029  7.22843607E-030  2.90873190E-029
  6.237000E-01  3.78448645E-029  7.55437674E-030  3.02904878E-029
  6.310000E-01  3.94502257E-029  7.89600738E-030  3.15542183E-029
  6.383000E-01  4.12066643E-029  8.24407511E-030  3.29625892E-029
  6.457000E-01  4.30160807E-029  8.60331048E-030  3.44127702E-029
  6.531000E-01  4.48874213E-029  8.96881411E-030  3.59186072E-029
  6.607000E-01  4.68959109E-029  9.35065794E-030  3.75452530E-029
  6.683000E-01  4.90151621E-029  9.73883706E-030  3.92763250E-029
  6.761000E-01  5.14218315E-029  1.01435213E-029  4.12783101E-029
  6.839000E-01  5.39765606E-029  1.05543661E-029  4.34221944E-029
  6.918000E-01  5.68194762E-029  1.09765388E-029  4.58429374E-029
  6.998000E-01  5.98577038E-029  1.14100444E-029  4.84476594E-029
  7.079000E-01  6.33033969E-029  1.18551298E-029  5.14482672E-029
  7.161000E-01  6.69581612E-029  1.23115466E-029  5.46466146E-029
  7.244000E-01  7.07291105E-029  1.27792485E-029  5.79498620E-029
  7.328000E-01  7.47904270E-029  1.32581833E-029  6.15322437E-029
  7.413000E-01  7.90134757E-029  1.37482843E-029  6.52651914E-029
  7.499000E-01  8.33743841E-029  1.42494700E-029  6.91249141E-029
  7.586000E-01  8.77921263E-029  1.47616447E-029  7.30304816E-029
  7.674000E-01  9.25871157E-029  1.52846980E-029  7.73024177E-029
  7.763000E-01  9.77562683E-029  1.58185054E-029  8.19377629E-029
  7.852000E-01  1.03096738E-028  1.63568547E-029  8.67398830E-029
  7.943000E-01  1.08748148E-028  1.69116935E-029  9.18364544E-029
  8.035000E-01  1.14805028E-028  1.74755473E-029  9.73294810E-029
  8.128000E-01  1.21461773E-028  1.80473413E-029  1.03414432E-028
  8.222000E-01  1.28246597E-028  1.86288069E-029  1.09617790E-028
  8.318000E-01  1.35590235E-028  1.92259670E-029  1.16364268E-028
  8.414000E-01  1.43548953E-028  1.98261524E-029  1.23722800E-028
  8.511000E-01  1.52115418E-028  2.04353293E-029  1.31680088E-028
  8.610000E-01  1.61012931E-028  2.10595657E-029  1.39953365E-028
  8.710000E-01  1.70801560E-028  2.16923262E-029  1.49109234E-028
  8.810000E-01  1.81667526E-028  2.23269760E-029  1.59340550E-028
  8.913000E-01  1.93328355E-028  2.29822907E-029  1.70346064E-028
  9.016000E-01  2.06007243E-028  2.36383972E-029  1.82368846E-028
  9.120000E-01  2.20469852E-028  2.42994234E-029  1.96170429E-028
  9.226000E-01  2.37313928E-028  2.49736579E-029  2.12340270E-028
  9.333000E-01  2.56000745E-028  2.56544108E-029  2.30346334E-028
  9.441000E-01  2.78769258E-028  2.63413382E-029  2.52427920E-028
  9.550000E-01  3.07197690E-028  2.70340900E-029  2.80163600E-028
  9.661000E-01  3.43562231E-028  2.77386530E-029  3.15823578E-028
  9.772000E-01  3.92003308E-028  2.84419693E-029  3.63561339E-028
  9.886000E-01  4.62872248E-028  2.91626535E-029  4.33709594E-028
  1.000000E+00  5.70949134E-028  2.98813664E-029  5.41067768E-028
  1.012000E+00  7.51874586E-028  3.06379056E-029  7.21236680E-028
  1.023000E+00  1.02634076E-027  3.13289400E-029  9.95011816E-028
  1.035000E+00  1.47058222E-027  3.20797927E-029  1.43850242E-027
  1.047000E+00  1.89424852E-027  3.28271942E-029  1.86142132E-027
  1.059000E+00  1.90245455E-027  3.35708348E-029  1.86888372E-027
  1.071000E+00  1.58367787E-027  3.43104210E-029  1.54936745E-027
  1.084000E+00  1.25481316E-027  3.51067427E-029  1.21970641E-027
  1.097000E+00  1.04451463E-027  3.58976481E-029  1.00861698E-027
  1.109000E+00  9.35444561E-028  3.66226371E-029  8.98821923E-028
  1.122000E+00  8.71302582E-028  3.74022672E-029  8.33900315E-028
  1.135000E+00  8.47399270E-028  3.81741109E-029  8.09225159E-028
  1.148000E+00  8.54001137E-028  3.89383638E-029  8.15062773E-028
  1.161000E+00  8.83651897E-028  3.96957556E-029  8.43956141E-028
  1.175000E+00  9.41743965E-028  4.05034842E-029  9.01240481E-028
  1.189000E+00  1.03203799E-027  4.13027485E-029  9.90735239E-028
  1.202000E+00  1.14976566E-027  4.20371407E-029  1.10772852E-027
  1.216000E+00  1.30390979E-027  4.28194448E-029  1.26109034E-027
  1.230000E+00  1.48474406E-027  4.35926630E-029  1.44115140E-027
  1.245000E+00  1.68673453E-027  4.44235031E-029  1.64231103E-027
  1.259000E+00  1.82090226E-027  4.52076518E-029  1.77569460E-027
  1.273000E+00  1.86499035E-027  4.59804549E-029  1.81900990E-027
  1.288000E+00  1.82913653E-027  4.67986260E-029  1.78233790E-027
  1.303000E+00  1.74972120E-027  4.76064722E-029  1.70211473E-027
  1.318000E+00  1.64084189E-027  4.84076651E-029  1.59243422E-027
  1.334000E+00  1.53260435E-027  4.92513930E-029  1.48335295E-027
  1.349000E+00  1.45718078E-027  5.00314661E-029  1.40714931E-027
  1.365000E+00  1.39303018E-027  5.08517890E-029  1.34217839E-027
  1.380000E+00  1.34137013E-027  5.16094857E-029  1.28976065E-027
  1.396000E+00  1.30234947E-027  5.24043367E-029  1.24994514E-027
  1.413000E+00  1.27936432E-027  5.32352936E-029  1.22612903E-027
  1.429000E+00  1.26056466E-027  5.40045550E-029  1.20656010E-027
  1.445000E+00  1.24654637E-027  5.47613633E-029  1.19178501E-027
  1.462000E+00  1.24097150E-027  5.55516405E-029  1.18541986E-027
  1.479000E+00  1.24189781E-027  5.63271179E-029  1.18557069E-027
  1.496000E+00  1.24141169E-027  5.70885119E-029  1.18432318E-027
  1.514000E+00  1.24373024E-027  5.78793812E-029  1.18585085E-027
  1.531000E+00  1.25144630E-027  5.86118990E-029  1.19283440E-027
  1.549000E+00  1.25918459E-027  5.93723118E-029  1.19981228E-027
  1.567000E+00  1.26694947E-027  6.01088659E-029  1.20684061E-027
  1.585000E+00  1.27648579E-027  6.08294236E-029  1.21565637E-027
  1.603000E+00  1.28851684E-027  6.15344833E-029  1.22698236E-027
  1.622000E+00  1.29927057E-027  6.22620420E-029  1.23700853E-027
  1.641000E+00  1.30978137E-027  6.29726389E-029  1.24680873E-027
  1.660000E+00  1.32175044E-027  6.36699038E-029  1.25808054E-027
  1.679000E+00  1.33297404E-027  6.43537889E-029  1.26862025E-027
  1.698000E+00  1.34248239E-027  6.50213747E-029  1.27746102E-027
  1.718000E+00  1.35067302E-027  6.57067017E-029  1.28496632E-027
  1.738000E+00  1.35851494E-027  6.63744210E-029  1.29214051E-027
  1.758000E+00  1.36223317E-027  6.70247724E-029  1.29520840E-027
  1.778000E+00  1.36199302E-027  6.76696980E-029  1.29432332E-027
  1.799000E+00  1.35545603E-027  6.83529318E-029  1.28710309E-027
  1.820000E+00  1.34104262E-027  6.90184153E-029  1.27202421E-027
  1.841000E+00  1.31579379E-027  6.96664243E-029  1.24612737E-027
  1.862000E+00  1.28186411E-027  7.02972383E-029  1.21156687E-027
  1.884000E+00  1.24884389E-027  7.09399590E-029  1.17790393E-027
  1.906000E+00  1.23875826E-027  7.15644466E-029  1.16719382E-027
  1.928000E+00  1.26514108E-027  7.21767744E-029  1.19296431E-027
  1.950000E+00  1.31744129E-027  7.27720020E-029  1.24466928E-027
  1.972000E+00  1.37754490E-027  7.33500611E-029  1.30419484E-027
  1.995000E+00  1.43569187E-027  7.39363929E-029  1.36175547E-027
  2.018000E+00  1.48496999E-027  7.45046975E-029  1.41046529E-027
  2.042000E+00  1.52801309E-027  7.50789029E-029  1.45293419E-027
  2.065000E+00  1.56384645E-027  7.56115439E-029  1.48823491E-027
  2.089000E+00  1.59617023E-027  7.61471007E-029  1.52002313E-027
  2.114000E+00  1.62602296E-027  7.66857390E-029  1.54933722E-027
  2.138000E+00  1.65289476E-027  7.71992097E-029  1.57569555E-027
  2.163000E+00  1.67941641E-027  7.77233719E-029  1.60169304E-027
  2.188000E+00  1.70336047E-027  7.82296210E-029  1.62513085E-027
  2.213000E+00  1.72750643E-027  7.87130895E-029  1.64879334E-027
  2.239000E+00  1.75268892E-027  7.91927790E-029  1.67349614E-027
  2.265000E+00  1.77681262E-027  7.96557542E-029  1.69715687E-027
  2.291000E+00  1.79972301E-027  8.01030953E-029  1.71961991E-027
  2.317000E+00  1.82450472E-027  8.05334192E-029  1.74397130E-027
  2.344000E+00  1.85050932E-027  8.09627919E-029  1.76954653E-027
  2.371000E+00  1.87468734E-027  8.13748309E-029  1.79331251E-027
  2.399000E+00  1.89920921E-027  8.17843680E-029  1.81742485E-027
  2.427000E+00  1.92665431E-027  8.21770492E-029  1.84447726E-027
  2.455000E+00  1.95461023E-027  8.25582635E-029  1.87205196E-027
  2.483000E+00  1.98050272E-027  8.29247323E-029  1.89757799E-027
  2.512000E+00  2.00820345E-027  8.33002212E-029  1.92490323E-027
  2.541000E+00  2.03839191E-027  8.36592306E-029  1.95473268E-027
  2.570000E+00  2.06752873E-027  8.40022798E-029  1.98352645E-027
  2.600000E+00  2.09668565E-027  8.43409265E-029  2.01234472E-027
  2.630000E+00  2.12767385E-027  8.46636216E-029  2.04301023E-027
  2.661000E+00  2.16268261E-027  8.49809081E-029  2.07770171E-027
  2.691000E+00  2.19559997E-027  8.52728449E-029  2.11032712E-027
  2.723000E+00  2.23210539E-027  8.55684581E-029  2.14653693E-027
  2.754000E+00  2.27049381E-027  8.58398564E-029  2.18465396E-027
  2.786000E+00  2.31473092E-027  8.61221747E-029  2.22860875E-027
  2.818000E+00  2.36092626E-027  8.63906392E-029  2.27453562E-027
  2.851000E+00  2.41411831E-027  8.66528834E-029  2.32746543E-027
  2.884000E+00  2.47582228E-027  8.69008824E-029  2.38892140E-027
  2.917000E+00  2.54806046E-027  8.71351756E-029  2.46092528E-027
  2.951000E+00  2.63684079E-027  8.73628240E-029  2.54947797E-027
  2.985000E+00  2.74911358E-027  8.75770973E-029  2.66153648E-027
  3.020000E+00  2.90373996E-027  8.77843056E-029  2.81595566E-027
  3.055000E+00  3.11993843E-027  8.79785040E-029  3.03195992E-027
  3.090000E+00  3.44319264E-027  8.81602764E-029  3.35503236E-027
  3.126000E+00  3.99008455E-027  8.84008962E-029  3.90168366E-027
  3.162000E+00  5.00493643E-027  8.86532431E-029  4.91628319E-027
  3.199000E+00  7.32465901E-027  8.89002591E-029  7.23575875E-027
  3.236000E+00  1.43318763E-026  8.91353329E-029  1.42427410E-026
  3.273000E+00  5.14653015E-026  8.93387502E-029  5.13759628E-026
  3.311000E+00  1.12257902E-025  8.94823756E-029  1.12168420E-025
  3.350000E+00  2.26402256E-026  8.96188735E-029  2.25506067E-026
  3.388000E+00  9.93525780E-027  8.97417931E-029  9.84551601E-027
  3.428000E+00  6.28061903E-027  8.98178887E-029  6.19080114E-027
  3.467000E+00  4.87238977E-027  8.98615309E-029  4.78252824E-027
  3.507000E+00  4.16181464E-027  8.98975431E-029  4.07191710E-027
  3.548000E+00  3.76147717E-027  8.99258260E-029  3.67155135E-027
  3.589000E+00  3.52348657E-027  8.99459496E-029  3.43354062E-027
  3.631000E+00  3.37214246E-027  8.99585913E-029  3.28218387E-027
  3.673000E+00  3.27488981E-027  8.99524297E-029  3.18493738E-027
  3.715000E+00  3.21282854E-027  8.99327854E-029  3.12289576E-027
  3.758000E+00  3.17273160E-027  8.99062055E-029  3.08282540E-027
  3.802000E+00  3.14908330E-027  8.98726783E-029  3.05921062E-027
  3.846000E+00  3.13716848E-027  8.98333042E-029  3.04733518E-027
  3.891000E+00  3.13525885E-027  8.97875874E-029  3.04547126E-027
  3.935000E+00  3.14116947E-027  8.97380008E-029  3.05143146E-027
  3.981000E+00  3.15341453E-027  8.96815085E-029  3.06373302E-027
  4.027000E+00  3.17102046E-027  8.96207357E-029  3.08139972E-027
  4.074000E+00  3.19357931E-027  8.95547683E-029  3.10402454E-027
  4.121000E+00  3.22047889E-027  8.94852076E-029  3.13099368E-027
  4.169000E+00  3.25204023E-027  8.93497096E-029  3.16269052E-027
  4.217000E+00  3.28818442E-027  8.91921572E-029  3.19899226E-027
  4.266000E+00  3.32865849E-027  8.90297958E-029  3.23962869E-027
  4.315000E+00  3.37341133E-027  8.88661354E-029  3.28454520E-027
  4.365000E+00  3.42382474E-027  8.86982805E-029  3.33512646E-027
  4.416000E+00  3.48065267E-027  8.85266040E-029  3.39212606E-027
  4.467000E+00  3.54356116E-027  8.84138726E-029  3.45514728E-027
  4.519000E+00  3.61448660E-027  8.83170983E-029  3.52616950E-027
  4.571000E+00  3.69377655E-027  8.82203518E-029  3.60555620E-027
  4.624000E+00  3.78354691E-027  8.81222534E-029  3.69542466E-027
  4.677000E+00  3.88400441E-027  8.80247851E-029  3.79597963E-027
  4.732000E+00  4.00332012E-027  8.79247682E-029  3.91539535E-027
  4.786000E+00  4.14026954E-027  8.78669556E-029  4.05240259E-027
  4.842000E+00  4.30917795E-027  8.78934306E-029  4.22128452E-027
  4.898000E+00  4.51499015E-027  8.79210165E-029  4.42706914E-027
  4.955000E+00  4.78467655E-027  8.79506999E-029  4.69672585E-027
  5.012000E+00  5.15420619E-027  8.80027822E-029  5.06620341E-027
  5.070000E+00  5.72008068E-027  8.81309184E-029  5.63194977E-027
  5.129000E+00  6.71228099E-027  8.82630754E-029  6.62401792E-027
  5.188000E+00  8.64171628E-027  8.84698172E-029  8.55324647E-027
  5.248000E+00  1.16065959E-026  8.88056062E-029  1.15177902E-026
  5.309000E+00  1.14724293E-026  8.91487043E-029  1.13832806E-026
  5.370000E+00  9.53955279E-027  8.94938764E-029  9.45005892E-027
  5.432000E+00  8.99307008E-027  8.98472331E-029  8.90322285E-027
  5.495000E+00  9.62427947E-027  9.02093826E-029  9.53407009E-027
  5.559000E+00  1.15491875E-026  9.07197764E-029  1.14584677E-026
  5.623000E+00  1.56072201E-026  9.12771658E-029  1.55159429E-026
  5.688000E+00  2.08722333E-026  9.19816857E-029  2.07802516E-026
  5.754000E+00  1.97506639E-026  9.27336265E-029  1.96579303E-026
  5.821000E+00  1.72900996E-026  9.35006302E-029  1.71965989E-026
  5.888000E+00  1.79893657E-026  9.42717407E-029  1.78950939E-026
  5.957000E+00  2.20224869E-026  9.51855900E-029  2.19273013E-026
  6.026000E+00  3.12939220E-026  9.61397747E-029  3.11977822E-026
  6.095000E+00  5.26459309E-026  9.70993837E-029  5.25488316E-026
  6.166000E+00  1.02480816E-025  9.80932972E-029  1.02382722E-025
  6.237000E+00  1.32412885E-025  9.90025027E-029  1.32313882E-025
  6.310000E+00  7.93559405E-026  9.98630687E-029  7.92560775E-026
  6.383000E+00  4.79441161E-026  1.00667141E-028  4.78434490E-026
  6.457000E+00  3.68510104E-026  1.01363085E-028  3.67496473E-026
  6.531000E+00  3.43816649E-026  1.02061348E-028  3.42796035E-026
  6.607000E+00  3.56872020E-026  1.02665660E-028  3.55845363E-026
  6.683000E+00  3.74351048E-026  1.03283167E-028  3.73318216E-026
  6.761000E+00  3.74340507E-026  1.03871588E-028  3.73301792E-026
  6.839000E+00  3.65620327E-026  1.04455639E-028  3.64575771E-026
  6.918000E+00  3.68066259E-026  1.05110125E-028  3.67015157E-026
  6.998000E+00  3.90680353E-026  1.06298997E-028  3.89617363E-026
  7.080000E+00  4.36568308E-026  1.07536061E-028  4.35492948E-026
  7.161000E+00  5.05212868E-026  1.10793842E-028  5.04104929E-026
  7.244000E+00  6.02944081E-026  1.14306939E-028  6.01801012E-026
  7.328000E+00  7.40758376E-026  1.20640244E-028  7.39551974E-026
  7.413000E+00  9.50004976E-026  1.31102003E-028  9.48693956E-026
  7.499000E+00  1.27602592E-025  1.41881149E-028  1.27460711E-025
  7.586000E+00  1.60727719E-025  1.66182100E-028  1.60561537E-025
  7.674000E+00  1.63480945E-025  1.94186852E-028  1.63286758E-025
  7.762000E+00  1.59062816E-025  2.26101490E-028  1.58836714E-025
  7.852000E+00  1.54039827E-025  2.79061849E-028  1.53760765E-025
  7.943000E+00  1.27602985E-025  3.33918393E-028  1.27269066E-025
  8.035000E+00  9.56912578E-026  4.00239227E-028  9.52910186E-026
  8.128000E+00  7.43152191E-026  4.83678696E-028  7.38315404E-026
  8.222000E+00  6.34959538E-026  5.69675767E-028  6.29262781E-026
  8.318000E+00  5.96293170E-026  6.55700101E-028  5.89736169E-026
  8.414000E+00  6.05984926E-026  7.35599150E-028  5.98628935E-026
  8.511000E+00  6.95667363E-026  8.09846016E-028  6.87568903E-026
  8.610000E+00  7.77002536E-026  8.84902817E-028  7.68153508E-026
  8.710000E+00  6.20010310E-026  9.72840992E-028  6.10281900E-026
  8.811000E+00  4.38034559E-026  1.07694953E-027  4.27265064E-026
  8.913000E+00  3.34444072E-026  1.19524027E-027  3.22491670E-026
  9.016000E+00  2.77713951E-026  1.32269322E-027  2.64487019E-026
  9.120000E+00  2.44259357E-026  1.45126845E-027  2.29746673E-026
  9.226000E+00  2.22885411E-026  1.56244660E-027  2.07260945E-026
  9.333000E+00  2.08658225E-026  1.64370149E-027  1.92221210E-026
  9.441000E+00  1.98826866E-026  1.69213659E-027  1.81905500E-026
  9.550000E+00  1.91952345E-026  1.70905102E-027  1.74861835E-026
  9.660000E+00  1.87264552E-026  1.69655093E-027  1.70299043E-026
  9.772000E+00  1.84433682E-026  1.67008866E-027  1.67732795E-026
  9.885000E+00  1.83361426E-026  1.64306487E-027  1.66930778E-026
  1.000000E+01  1.83992576E-026  1.61791259E-027  1.67813450E-026
  1.012000E+01  1.86625489E-026  1.59763013E-027  1.70649187E-026
  1.023000E+01  1.90920755E-026  1.57484563E-027  1.75172298E-026
  1.035000E+01  1.98224027E-026  1.54279785E-027  1.82796048E-026
  1.047000E+01  2.09432184E-026  1.48929660E-027  1.94539218E-026
  1.059000E+01  2.28073644E-026  1.42580285E-027  2.13815616E-026
  1.072000E+01  2.58361958E-026  1.35707164E-027  2.44791241E-026
  1.084000E+01  3.00162996E-026  1.30132629E-027  2.87149733E-026
  1.097000E+01  4.00004078E-026  1.25024031E-027  3.87501675E-026
  1.109000E+01  6.42606138E-026  1.20696818E-027  6.30536456E-026
  1.122000E+01  1.60437392E-025  1.15990272E-027  1.59277489E-025
  1.135000E+01  1.25434680E-025  1.11703452E-027  1.24317645E-025
  1.148000E+01  8.17169588E-026  1.07715314E-027  8.06398057E-026
  1.161000E+01  5.78708285E-026  1.04252725E-027  5.68283012E-026
  1.175000E+01  5.30012734E-026  1.00402690E-027  5.19972465E-026
  1.189000E+01  5.87990115E-026  9.62822622E-028  5.78361889E-026
  1.202000E+01  6.20273278E-026  9.25447900E-028  6.11018799E-026
  1.216000E+01  5.70497052E-026  8.86066781E-028  5.61636384E-026
  1.230000E+01  5.60743597E-026  8.53953002E-028  5.52204067E-026
  1.244000E+01  6.54365482E-026  8.23663314E-028  6.46128849E-026
  1.259000E+01  8.02856386E-026  7.90625851E-028  7.94950128E-026
  1.273000E+01  7.52571853E-026  7.60813200E-028  7.44963721E-026
  1.288000E+01  5.38105607E-026  7.29253206E-028  5.30813075E-026
  1.303000E+01  4.31337713E-026  7.03819223E-028  4.24299521E-026
  1.318000E+01  3.95605725E-026  6.79516478E-028  3.88810561E-026
  1.334000E+01  4.09693942E-026  6.56770555E-028  4.03126236E-026
  1.349000E+01  4.22826949E-026  6.35315964E-028  4.16473789E-026
  1.365000E+01  3.74716456E-026  6.19141708E-028  3.68525039E-026
  1.380000E+01  3.30550507E-026  6.05196903E-028  3.24498538E-026
  1.396000E+01  3.12396597E-026  6.04296888E-028  3.06353628E-026
  1.412000E+01  3.23243420E-026  6.06089663E-028  3.17182523E-026
  1.429000E+01  3.10129783E-026  6.23663997E-028  3.03893143E-026
  1.445000E+01  2.83585900E-026  6.43160363E-028  2.77154296E-026
  1.462000E+01  2.72702102E-026  6.74960111E-028  2.65952501E-026
  1.479000E+01  2.68740451E-026  7.08738472E-028  2.61653067E-026
  1.496000E+01  2.67602018E-026  7.46097311E-028  2.60141045E-026
  1.514000E+01  2.68087635E-026  7.87946706E-028  2.60208168E-026
  1.531000E+01  2.69735542E-026  8.31525021E-028  2.61420292E-026
  1.549000E+01  2.72845879E-026  8.79636328E-028  2.64049516E-026
  1.567000E+01  2.78357614E-026  9.31450749E-028  2.69043106E-026
  1.585000E+01  2.89080208E-026  9.85297933E-028  2.79227228E-026
  1.603000E+01  2.98315359E-026  1.04188935E-027  2.87896466E-026
  1.622000E+01  3.23648633E-026  1.10392485E-027  3.12609384E-026
  1.641000E+01  4.32565291E-026  1.16771997E-027  4.20888091E-026
  1.660000E+01  3.87780462E-026  1.23288756E-027  3.75451586E-026
  1.679000E+01  3.82293354E-026  1.29874580E-027  3.69305896E-026
  1.698000E+01  3.98025880E-026  1.36185043E-027  3.84407376E-026
  1.718000E+01  3.95267204E-026  1.42935613E-027  3.80973643E-026
  1.738000E+01  3.95565088E-026  1.49388361E-027  3.80626252E-026
  1.758000E+01  3.37325507E-026  1.55766740E-027  3.21748834E-026
  1.778000E+01  3.19162199E-026  1.61744067E-027  3.02987792E-026
  1.799000E+01  2.99731355E-026  1.67161820E-027  2.83015173E-026
  1.820000E+01  2.80667747E-026  1.72516796E-027  2.63416068E-026
  1.841000E+01  2.71170387E-026  1.76752663E-027  2.53495120E-026
  1.862000E+01  2.64831897E-026  1.80667524E-027  2.46765145E-026
  1.884000E+01  2.59512232E-026  1.84201268E-027  2.41092106E-026
  1.906000E+01  2.54552244E-026  1.86322536E-027  2.35919991E-026
  1.927000E+01  2.49916272E-026  1.88266475E-027  2.31089625E-026
  1.950000E+01  2.44993219E-026  1.89439199E-027  2.26049299E-026
  1.972000E+01  2.40536110E-026  1.89844487E-027  2.21551661E-026
  1.995000E+01  2.36328533E-026  1.90227493E-027  2.17305784E-026
  2.018000E+01  2.32539002E-026  1.90010527E-027  2.13537950E-026
  2.042000E+01  2.28974768E-026  1.90040325E-027  2.09970735E-026
  2.065000E+01  2.25891429E-026  1.90681386E-027  2.06823290E-026
  2.089000E+01  2.22973073E-026  1.91240427E-027  2.03849031E-026
  2.114000E+01  2.20118858E-026  1.91738914E-027  2.00944967E-026
  2.138000E+01  2.17610577E-026  1.92163104E-027  1.98394267E-026
  2.163000E+01  2.15259955E-026  1.93102561E-027  1.95949698E-026
  2.188000E+01  2.13093291E-026  1.94030479E-027  1.93690243E-026
  2.213000E+01  2.11105330E-026  1.94940491E-027  1.91611281E-026
  2.239000E+01  2.09125103E-026  1.95162775E-027  1.89608825E-026
  2.265000E+01  2.07328482E-026  1.95572942E-027  1.87771188E-026
  2.291000E+01  2.05746829E-026  1.96280952E-027  1.86118734E-026
  2.317000E+01  2.04368708E-026  1.97470379E-027  1.84621670E-026
  2.344000E+01  2.03089582E-026  1.98766099E-027  1.83212972E-026
  2.371000E+01  2.01995503E-026  1.99754805E-027  1.82020022E-026
  2.399000E+01  2.00958300E-026  2.00944057E-027  1.80863895E-026
  2.427000E+01  2.00171475E-026  2.02277359E-027  1.79943739E-026
  2.455000E+01  1.99499922E-026  2.03727055E-027  1.79127217E-026
  2.483000E+01  1.99018201E-026  2.05142364E-027  1.78503965E-026
  2.512000E+01  1.98575322E-026  2.06321333E-027  1.77943188E-026
  2.541000E+01  1.98322392E-026  2.07702788E-027  1.77552113E-026
  2.570000E+01  1.98201336E-026  2.09084948E-027  1.77292842E-026
  2.600000E+01  1.98297163E-026  2.10511201E-027  1.77246043E-026
  2.630000E+01  1.98510462E-026  2.11936470E-027  1.77316815E-026
  2.661000E+01  1.98895703E-026  2.13397909E-027  1.77555912E-026
  2.692000E+01  1.99425565E-026  2.14859097E-027  1.77939655E-026
  2.723000E+01  2.00168097E-026  2.16312386E-027  1.78536859E-026
  2.754000E+01  2.01040425E-026  2.17763519E-027  1.79264074E-026
  2.786000E+01  2.02009809E-026  2.19582732E-027  1.80051536E-026
  2.818000E+01  2.03104484E-026  2.21414641E-027  1.80963020E-026
  2.851000E+01  2.04420725E-026  2.23301602E-027  1.82090565E-026
  2.884000E+01  2.05870499E-026  2.25182307E-027  1.83352268E-026
  2.917000E+01  2.07585029E-026  2.27055636E-027  1.84879465E-026
  2.951000E+01  2.09383192E-026  2.28983837E-027  1.86484808E-026
  2.985000E+01  2.11307859E-026  2.30907637E-027  1.88217096E-026
  3.020000E+01  2.13281278E-026  2.33067943E-027  1.89974483E-026
  3.055000E+01  2.15220303E-026  2.35363109E-027  1.91683992E-026
  3.090000E+01  2.17249831E-026  2.37654340E-027  1.93484397E-026
  3.126000E+01  2.19450548E-026  2.40006749E-027  1.95449873E-026
  3.162000E+01  2.21723026E-026  2.42352277E-027  1.97487798E-026
  3.199000E+01  2.24195235E-026  2.44761627E-027  1.99719073E-026
  3.236000E+01  2.26693214E-026  2.47166896E-027  2.01976524E-026
  3.273000E+01  2.29323515E-026  2.49569490E-027  2.04366566E-026
  3.311000E+01  2.32061208E-026  2.52036323E-027  2.06857575E-026
  3.350000E+01  2.34941860E-026  2.54566729E-027  2.09485188E-026
  3.388000E+01  2.37359855E-026  2.57755057E-027  2.11584349E-026
  3.428000E+01  2.39943907E-026  2.61146080E-027  2.13829299E-026
  3.467000E+01  2.42507640E-026  2.64470238E-027  2.16060616E-026
  3.508000E+01  2.45283865E-026  2.67990639E-027  2.18484801E-026
  3.548000E+01  2.47981793E-026  2.71445121E-027  2.20837281E-026
  3.589000E+01  2.50806648E-026  2.75015445E-027  2.23305103E-026
  3.631000E+01  2.53653388E-026  2.78702267E-027  2.25783161E-026
  3.673000E+01  2.56523756E-026  2.82426658E-027  2.28281091E-026
  3.715000E+01  2.59369773E-026  2.86191807E-027  2.30750592E-026
  3.758000E+01  2.62326895E-026  2.90089667E-027  2.33317929E-026
  3.802000E+01  2.65194090E-026  2.94159991E-027  2.35778090E-026
  3.846000E+01  2.68096287E-026  2.98288328E-027  2.38267454E-026
  3.890000E+01  2.71021154E-026  3.02489334E-027  2.40772221E-026
  3.935000E+01  2.74101377E-026  3.06857298E-027  2.43415647E-026
  3.981000E+01  2.77357805E-026  3.11411360E-027  2.46216669E-026
  4.027000E+01  2.80740798E-026  3.16063617E-027  2.49134436E-026
  4.074000E+01  2.84232522E-026  3.20934416E-027  2.52139080E-026
  4.121000E+01  2.87871969E-026  3.25923360E-027  2.55279633E-026
  4.169000E+01  2.91805360E-026  3.31322851E-027  2.58673075E-026
  4.217000E+01  2.95850713E-026  3.36930592E-027  2.62157654E-026
  4.266000E+01  3.00205173E-026  3.42831595E-027  2.65922014E-026
  4.315000E+01  3.04674200E-026  3.48922331E-027  2.69781967E-026
  4.365000E+01  3.09440309E-026  3.55347168E-027  2.73905592E-026
  4.416000E+01  3.14536120E-026  3.62137847E-027  2.78322335E-026
  4.467000E+01  3.19866694E-026  3.69193183E-027  2.82947375E-026
  4.519000E+01  3.25543217E-026  3.76765007E-027  2.87866717E-026
  4.571000E+01  3.31763795E-026  3.85035592E-027  2.93260236E-026
  4.624000E+01  3.38404168E-026  3.93821889E-027  2.99021979E-026
  4.677000E+01  3.45324698E-026  4.03004821E-027  3.05024216E-026
  4.731000E+01  3.52650780E-026  4.12786890E-027  3.11372091E-026
  4.786000E+01  3.60435870E-026  4.23219161E-027  3.18113954E-026
  4.842000E+01  3.68738941E-026  4.34362495E-027  3.25302691E-026
  4.898000E+01  3.77386978E-026  4.46058731E-027  3.32781105E-026
  4.954000E+01  3.86291604E-026  4.58347603E-027  3.40456843E-026
  5.012000E+01  3.95974301E-026  4.71832839E-027  3.48791017E-026
  5.070000E+01  4.06334760E-026  4.86442531E-027  3.57690507E-026
  5.129000E+01  4.17283032E-026  5.02086339E-027  3.67074398E-026
  5.188000E+01  4.28662465E-026  5.18675798E-027  3.76794885E-026
  5.248000E+01  4.40785331E-026  5.36651819E-027  3.87120149E-026
  5.309000E+01  4.53506740E-026  5.55889474E-027  3.97917793E-026
  5.370000E+01  4.66603111E-026  5.76142254E-027  4.08988886E-026
  5.433000E+01  4.80742174E-026  5.98412021E-027  4.20900972E-026
  5.495000E+01  4.95216295E-026  6.21602053E-027  4.33056089E-026
  5.559000E+01  5.10490575E-026  6.46771129E-027  4.45813462E-026
  5.623000E+01  5.26110453E-026  6.73229808E-027  4.58787472E-026
  5.688000E+01  5.42716402E-026  7.01971797E-027  4.72519222E-026
  5.754000E+01  5.60002096E-026  7.32753510E-027  4.86726745E-026
  5.821000E+01  5.77958783E-026  7.65551657E-027  5.01403617E-026
  5.888000E+01  5.96266679E-026  7.99935228E-027  5.16273156E-026
  5.957000E+01  6.15825426E-026  8.37723784E-027  5.32053048E-026
  6.026000E+01  6.35817382E-026  8.77515356E-027  5.48065846E-026
  6.095000E+01  6.56095002E-026  9.19122807E-027  5.64182721E-026
  6.166000E+01  6.77263177E-026  9.63831138E-027  5.80880063E-026
  6.237000E+01  6.98886220E-026  1.01081286E-026  5.97804934E-026
  6.310000E+01  7.21609670E-026  1.06148228E-026  6.15461441E-026
  6.383000E+01  7.44634776E-026  1.11453012E-026  6.33181764E-026
  6.457000E+01  7.68394165E-026  1.17104435E-026  6.51289730E-026
  6.531000E+01  7.92400995E-026  1.22976955E-026  6.69424041E-026
  6.607000E+01  8.17423777E-026  1.29288893E-026  6.88134884E-026
  6.683000E+01  8.42571129E-026  1.35826769E-026  7.06744360E-026
  6.761000E+01  8.68705893E-026  1.42820653E-026  7.25885240E-026
  6.839000E+01  8.94942995E-026  1.50062236E-026  7.44880759E-026
  6.918000E+01  9.21650602E-026  1.57682839E-026  7.63967763E-026
  6.998000E+01  9.48936100E-026  1.65731199E-026  7.83204900E-026
  7.079000E+01  9.76539639E-026  1.74046389E-026  8.02493250E-026
  7.161000E+01  1.00483095E-025  1.82871189E-026  8.21959764E-026
  7.244000E+01  1.03324961E-025  1.92048769E-026  8.41200839E-026
  7.328000E+01  1.06201690E-025  2.01609727E-026  8.60407176E-026
  7.413000E+01  1.09117774E-025  2.11576259E-026  8.79601482E-026
  7.499000E+01  1.12027219E-025  2.21869791E-026  8.98402403E-026
  7.586000E+01  1.14980446E-025  2.32600425E-026  9.17204033E-026
  7.674000E+01  1.17933858E-025  2.43672345E-026  9.35666236E-026
  7.762000E+01  1.20849230E-025  2.54950965E-026  9.53541334E-026
  7.852000E+01  1.23832836E-025  2.66865473E-026  9.71462892E-026
  7.943000E+01  1.26790441E-025  2.79068601E-026  9.88835808E-026
  8.035000E+01  1.29744151E-025  2.91620322E-026  1.00582118E-025
  8.128000E+01  1.32708147E-025  3.04560489E-026  1.02252098E-025
  8.222000E+01  1.35629308E-025  3.17739437E-026  1.03855364E-025
  8.318000E+01  1.38583544E-025  3.31443186E-026  1.05439225E-025
  8.414000E+01  1.41496640E-025  3.45352006E-026  1.06961440E-025
  8.511000E+01  1.44346890E-025  3.59440592E-026  1.08402831E-025
  8.610000E+01  1.47222158E-025  3.74008780E-026  1.09821280E-025
  8.710000E+01  1.50074164E-025  3.88839710E-026  1.11190193E-025
  8.811000E+01  1.52848345E-025  4.03773868E-026  1.12470958E-025
  8.912000E+01  1.55580812E-025  4.18876462E-026  1.13693165E-025
  9.016000E+01  1.58338747E-025  4.34541662E-026  1.14884581E-025
  9.120000E+01  1.60982463E-025  4.50081464E-026  1.15974317E-025
  9.226000E+01  1.63598987E-025  4.65904822E-026  1.17008504E-025
  9.332000E+01  1.66155892E-025  4.81775655E-026  1.17978327E-025
  9.441000E+01  1.68657942E-025  4.97869311E-026  1.18871011E-025
  9.550000E+01  1.71041384E-025  5.13762743E-026  1.19665109E-025
  9.661000E+01  1.73448359E-025  5.30201555E-026  1.20428204E-025
  9.772000E+01  1.75723083E-025  5.46327745E-026  1.21090309E-025
  9.886000E+01  1.77912778E-025  5.62523743E-026  1.21660404E-025
  1.000000E+02  1.79963125E-025  5.78316771E-026  1.22131448E-025
  1.012000E+02  1.82119799E-025  5.95145861E-026  1.22605213E-025
  1.023000E+02  1.83959459E-025  6.10145905E-026  1.22944869E-025
  1.035000E+02  1.85855453E-025  6.26151835E-026  1.23240270E-025
  1.047000E+02  1.87833622E-025  6.42461676E-026  1.23587455E-025
  1.059000E+02  1.89671871E-025  6.58245963E-026  1.23847275E-025
  1.072000E+02  1.91506214E-025  6.74714945E-026  1.24034720E-025
  1.084000E+02  1.93056965E-025  6.89302976E-026  1.24126668E-025
  1.097000E+02  1.94582434E-025  7.04408651E-026  1.24141569E-025
  1.109000E+02  1.95850462E-025  7.17681744E-026  1.24082288E-025
  1.122000E+02  1.97075346E-025  7.31308111E-026  1.23944535E-025
  1.135000E+02  1.98379554E-025  7.44872481E-026  1.23892306E-025
  1.148000E+02  1.99706525E-025  7.58150013E-026  1.23891524E-025
  1.161000E+02  2.00906223E-025  7.70651614E-026  1.23841061E-025
  1.175000E+02  2.02070349E-025  7.83226356E-026  1.23747713E-025
  1.188000E+02  2.03187745E-025  7.94633695E-026  1.23724376E-025
  1.202000E+02  2.04416920E-025  8.06538649E-026  1.23763055E-025
  1.216000E+02  2.05548333E-025  8.17536708E-026  1.23794663E-025
  1.230000E+02  2.06594986E-025  8.27619556E-026  1.23833031E-025
  1.244000E+02  2.07678081E-025  8.37175821E-026  1.23960499E-025
  1.259000E+02  2.09046805E-025  8.47432550E-026  1.24303550E-025
  1.273000E+02  2.10241488E-025  8.56107590E-026  1.24630729E-025
  1.288000E+02  2.11419992E-025  8.64441379E-026  1.24975854E-025
  1.303000E+02  2.12487848E-025  8.71784864E-026  1.25309361E-025
  1.318000E+02  2.13427508E-025  8.78144557E-026  1.25613052E-025
  1.334000E+02  2.14260172E-025  8.83855621E-026  1.25874610E-025
  1.349000E+02  2.14841629E-025  8.88213905E-026  1.26020239E-025
  1.365000E+02  2.14513714E-025  8.93971661E-026  1.25116548E-025
  1.380000E+02  2.13720389E-025  8.98605264E-026  1.23859862E-025
  1.396000E+02  2.12429016E-025  9.02606824E-026  1.22168334E-025
  1.412000E+02  2.10725321E-025  9.05656257E-026  1.20159696E-025
  1.429000E+02  2.08532920E-025  9.07875258E-026  1.17745394E-025
  1.445000E+02  2.06167270E-025  9.09026855E-026  1.15264585E-025
  1.462000E+02  2.03405935E-025  9.09282775E-026  1.12477658E-025
  1.479000E+02  2.00449175E-025  9.08571208E-026  1.09592055E-025
  1.496000E+02  1.97357476E-025  9.06923841E-026  1.06665092E-025
  1.514000E+02  1.94504888E-025  9.06566303E-026  1.03848258E-025
  1.531000E+02  1.91929925E-025  9.06007521E-026  1.01329173E-025
  1.549000E+02  1.89190968E-025  9.04557007E-026  9.87352678E-026
  1.567000E+02  1.86440853E-025  9.02258368E-026  9.62150162E-026
  1.585000E+02  1.83679320E-025  8.99145694E-026  9.37647509E-026
  1.603000E+02  1.80913234E-025  8.95254944E-026  9.13877396E-026
  1.622000E+02  1.77977891E-025  8.90342906E-026  8.89436009E-026
  1.641000E+02  1.75033834E-025  8.84645009E-026  8.65693335E-026
  1.660000E+02  1.72081993E-025  8.78202700E-026  8.42617227E-026
  1.679000E+02  1.69124197E-025  8.71057126E-026  8.20184845E-026
  1.698000E+02  1.66162790E-025  8.63250463E-026  7.98377441E-026
  1.718000E+02  1.63041756E-025  8.54360543E-026  7.76057017E-026
  1.738000E+02  1.59919928E-025  8.44827343E-026  7.54371939E-026
  1.758000E+02  1.56997374E-025  8.35882832E-026  7.34090912E-026
  1.778000E+02  1.54359734E-025  8.28148957E-026  7.15448387E-026
  1.799000E+02  1.51578918E-025  8.19477919E-026  6.96311265E-026
  1.820000E+02  1.48799715E-025  8.10284498E-026  6.77712654E-026
  1.841000E+02  1.46006522E-025  8.00608578E-026  6.59456640E-026
  1.862000E+02  1.43213601E-025  7.90489654E-026  6.41646357E-026
  1.884000E+02  1.40289584E-025  7.79455145E-026  6.23440694E-026
  1.906000E+02  1.37372162E-025  7.68017961E-026  6.05703656E-026
  1.928000E+02  1.34465384E-025  7.56219454E-026  5.88434382E-026
  1.950000E+02  1.31570918E-025  7.44095727E-026  5.71613457E-026
  1.972000E+02  1.28692548E-025  7.31684517E-026  5.55240962E-026
  1.995000E+02  1.25703536E-025  7.18439504E-026  5.38595852E-026
  2.018000E+02  1.22985043E-025  7.06634305E-026  5.23216128E-026
  2.042000E+02  1.20245797E-025  6.94570984E-026  5.07886987E-026
  2.065000E+02  1.17632018E-025  6.82809798E-026  4.93510383E-026
  2.089000E+02  1.14926684E-025  6.70360601E-026  4.78906235E-026
  2.114000E+02  1.12135437E-025  6.57234275E-026  4.64120095E-026
  2.138000E+02  1.09484336E-025  6.44510907E-026  4.50332455E-026
  2.163000E+02  1.06754104E-025  6.31160596E-026  4.36380441E-026
  2.188000E+02  1.04058554E-025  6.17741187E-026  4.22844352E-026
  2.213000E+02  1.01399208E-025  6.04277667E-026  4.09714413E-026
  2.239000E+02  9.86742317E-026  5.90257076E-026  3.96485241E-026
  2.265000E+02  9.60709000E-026  5.77034192E-026  3.83674808E-026
  2.291000E+02  9.35688936E-026  5.64412613E-026  3.71276323E-026
  2.317000E+02  9.11091030E-026  5.51811896E-026  3.59279134E-026
  2.344000E+02  8.86047430E-026  5.38769283E-026  3.47278147E-026
  2.371000E+02  8.61432490E-026  5.25790182E-026  3.35642308E-026
  2.399000E+02  8.36413134E-026  5.12416657E-026  3.23996477E-026
  2.427000E+02  8.11943376E-026  4.99176839E-026  3.12766537E-026
  2.455000E+02  7.88003286E-026  4.86064056E-026  3.01939230E-026
  2.483000E+02  7.64569501E-026  4.73067580E-026  2.91501921E-026
  2.512000E+02  7.40687422E-026  4.59399504E-026  2.81287918E-026
  2.541000E+02  7.17372913E-026  4.45652945E-026  2.71719967E-026
  2.570000E+02  6.94601955E-026  4.32111173E-026  2.62490781E-026
  2.600000E+02  6.71619453E-026  4.18333533E-026  2.53285920E-026
  2.630000E+02  6.49934285E-026  4.05514892E-026  2.44419393E-026
  2.661000E+02  6.28123802E-026  3.92500184E-026  2.35623618E-026
  2.691000E+02  6.07545309E-026  3.80135934E-026  2.27409375E-026
  2.723000E+02  5.86186973E-026  3.67204170E-026  2.18982803E-026
  2.754000E+02  5.66231307E-026  3.55093737E-026  2.11137570E-026
  2.786000E+02  5.47214002E-026  3.43858888E-026  2.03355113E-026
  2.818000E+02  5.28737537E-026  3.32856218E-026  1.95881320E-026
  2.851000E+02  5.10241267E-026  3.21756842E-026  1.88484426E-026
  2.884000E+02  4.92301075E-026  3.10910489E-026  1.81390586E-026
  2.917000E+02  4.74905223E-026  3.00318684E-026  1.74586539E-026
  2.951000E+02  4.57550502E-026  2.89672407E-026  1.67878095E-026
  2.985000E+02  4.40737295E-026  2.79296109E-026  1.61441186E-026
  3.020000E+02  4.24874971E-026  2.69660101E-026  1.55214870E-026
  3.055000E+02  4.10161734E-026  2.60827405E-026  1.49334329E-026
  3.090000E+02  3.95919373E-026  2.52221279E-026  1.43698093E-026
  3.126000E+02  3.81749626E-026  2.43604954E-026  1.38144673E-026
  3.162000E+02  3.68051127E-026  2.35223307E-026  1.32827821E-026
  3.199000E+02  3.54450229E-026  2.26851402E-026  1.27598827E-026
  3.236000E+02  3.41320073E-026  2.18722222E-026  1.22597851E-026
  3.273000E+02  3.28646483E-026  2.10831989E-026  1.17814494E-026
  3.311000E+02  3.16090775E-026  2.02972831E-026  1.13117944E-026
  3.350000E+02  3.03677939E-026  1.95159395E-026  1.08518544E-026
  3.388000E+02  2.92022152E-026  1.87787490E-026  1.04234662E-026
  3.428000E+02  2.80208623E-026  1.80278917E-026  9.99297063E-027
  3.467000E+02  2.69124963E-026  1.73200571E-026  9.59243916E-027
  3.508000E+02  2.58367821E-026  1.66459822E-026  9.19079992E-027
  3.548000E+02  2.48764263E-026  1.60578731E-026  8.81855317E-027
  3.589000E+02  2.39374998E-026  1.54747680E-026  8.46273188E-027
  3.631000E+02  2.30124175E-026  1.48974199E-026  8.11499762E-027
  3.673000E+02  2.21231872E-026  1.43397995E-026  7.78338762E-027
  3.715000E+02  2.12685634E-026  1.38013632E-026  7.46720020E-027
  3.758000E+02  2.04278334E-026  1.32693919E-026  7.15844150E-027
  3.802000E+02  1.96021242E-026  1.27446463E-026  6.85747789E-027
  3.846000E+02  1.88099456E-026  1.22390678E-026  6.57087774E-027
  3.890000E+02  1.80499343E-026  1.17520365E-026  6.29789779E-027
  3.935000E+02  1.73045372E-026  1.12724786E-026  6.03205862E-027
  3.981000E+02  1.65745053E-026  1.08009839E-026  5.77352138E-027
  4.027000E+02  1.59160719E-026  1.03884452E-026  5.52762673E-027
  4.074000E+02  1.52770784E-026  9.98834155E-027  5.28873681E-027
  4.121000E+02  1.46650348E-026  9.60338240E-027  5.06165239E-027
  4.169000E+02  1.40707421E-026  9.22529714E-027  4.84544496E-027
  4.217000E+02  1.35029293E-026  8.86184938E-027  4.64107995E-027
  4.266000E+02  1.29480177E-026  8.50537273E-027  4.44264492E-027
  4.315000E+02  1.24169582E-026  8.16301320E-027  4.25394497E-027
  4.365000E+02  1.18985373E-026  7.82765536E-027  4.07088190E-027
  4.416000E+02  1.13930469E-026  7.49956382E-027  3.89348309E-027
  4.467000E+02  1.09099762E-026  7.18499609E-027  3.72498010E-027
  4.519000E+02  1.04550237E-026  6.89320620E-027  3.56181749E-027
  4.571000E+02  1.00286806E-026  6.62178737E-027  3.40689323E-027
  4.624000E+02  9.61344511E-027  6.35645787E-027  3.25698724E-027
  4.677000E+02  9.21676313E-027  6.10206592E-027  3.11469721E-027
  4.731000E+02  8.83074481E-027  5.85363660E-027  2.97710820E-027
  4.786000E+02  8.45548981E-027  5.61128979E-027  2.84420002E-027
  4.842000E+02  8.09104621E-027  5.37512412E-027  2.71592209E-027
  4.898000E+02  7.74350269E-027  5.14915810E-027  2.59434458E-027
  4.955000E+02  7.40623318E-027  4.92916236E-027  2.47707082E-027
  5.012000E+02  7.08845626E-027  4.72167816E-027  2.36677810E-027
  5.070000E+02  6.79302491E-027  4.52980657E-027  2.26321833E-027
  5.129000E+02  6.50632739E-027  4.34305806E-027  2.16326933E-027
  5.188000E+02  6.23290657E-027  4.16445809E-027  2.06844848E-027
  5.248000E+02  5.96777893E-027  3.99080452E-027  1.97697441E-027
  5.309000E+02  5.71090751E-027  3.82210923E-027  1.88879828E-027
  5.370000E+02  5.46615469E-027  3.66095507E-027  1.80519961E-027
  5.432000E+02  5.22916344E-027  3.50451706E-027  1.72464638E-027
  5.495000E+02  5.00155316E-027  3.35447130E-027  1.64708186E-027
  5.559000E+02  4.78737673E-027  3.21492734E-027  1.57244938E-027
  5.623000E+02  4.58343477E-027  3.08167317E-027  1.50176161E-027
  5.688000E+02  4.38626334E-027  2.95249880E-027  1.43376454E-027
  5.754000E+02  4.19568979E-027  2.82729090E-027  1.36839889E-027
  5.821000E+02  4.01165434E-027  2.70605145E-027  1.30560289E-027
  5.888000E+02  3.83660507E-027  2.59042988E-027  1.24617519E-027
  5.957000E+02  3.66520103E-027  2.47692291E-027  1.18827812E-027
  6.026000E+02  3.50446795E-027  2.37094000E-027  1.13352795E-027
  6.095000E+02  3.35273417E-027  2.27100328E-027  1.08173089E-027
  6.166000E+02  3.20430643E-027  2.17298216E-027  1.03132426E-027
  6.237000E+02  3.06406082E-027  2.08039139E-027  9.83669425E-028
  6.310000E+02  2.92775868E-027  1.99039687E-027  9.37361809E-028
  6.383000E+02  2.79838994E-027  1.90477966E-027  8.93610273E-028
  6.457000E+02  2.67503515E-027  1.82333138E-027  8.51703778E-028
  6.531000E+02  2.55781540E-027  1.74571174E-027  8.12103657E-028
  6.607000E+02  2.44383706E-027  1.67015474E-027  7.73682324E-028
  6.683000E+02  2.33615221E-027  1.59875627E-027  7.37395940E-028
  6.761000E+02  2.23123981E-027  1.52900686E-027  7.02232949E-028
  6.839000E+02  2.13240317E-027  1.46336234E-027  6.69040830E-028
  6.918000E+02  2.03759618E-027  1.40029291E-027  6.37303268E-028
  6.998000E+02  1.94648603E-027  1.33951766E-027  6.06968374E-028
  7.080000E+02  1.86010701E-027  1.28148742E-027  5.78619589E-028
  7.161000E+02  1.77916607E-027  1.22698732E-027  5.52178749E-028
  7.244000E+02  1.70042700E-027  1.17386725E-027  5.26559741E-028
  7.328000E+02  1.62478222E-027  1.12272559E-027  5.02056626E-028
  7.413000E+02  1.55215425E-027  1.07352575E-027  4.78628498E-028
  7.499000E+02  1.48244828E-027  1.02621302E-027  4.56235255E-028
  7.586000E+02  1.41649383E-027  9.81656189E-028  4.34837645E-028
  7.674000E+02  1.35323078E-027  9.38833474E-028  4.14397310E-028
  7.762000E+02  1.29321773E-027  8.98127738E-028  3.95089996E-028
  7.852000E+02  1.23500423E-027  8.58563265E-028  3.76440964E-028
  7.943000E+02  1.17920287E-027  8.20562404E-028  3.58640464E-028
  8.035000E+02  1.12623204E-027  7.84578071E-028  3.41653973E-028
  8.128000E+02  1.07572166E-027  7.50273679E-028  3.25447981E-028
  8.222000E+02  1.02732015E-027  7.17330159E-028  3.09989995E-028
  8.318000E+02  9.80484125E-028  6.85386253E-028  2.95097872E-028
  8.414000E+02  9.36112981E-028  6.55061967E-028  2.81051015E-028
  8.511000E+02  8.93632161E-028  6.25971829E-028  2.67660332E-028
  8.610000E+02  8.52566690E-028  5.97795713E-028  2.54770977E-028
  8.710000E+02  8.13292740E-028  5.70796349E-028  2.42496391E-028
  8.810000E+02  7.76101988E-028  5.45180678E-028  2.30921310E-028
  8.912000E+02  7.40181737E-028  5.20393782E-028  2.19787956E-028
  9.016000E+02  7.05627607E-028  4.96537507E-028  2.09090100E-028
  9.120000E+02  6.73390694E-028  4.74382064E-028  1.99008629E-028
  9.226000E+02  6.42286110E-028  4.52960741E-028  1.89325369E-028
  9.333000E+02  6.12575440E-028  4.32458813E-028  1.80116627E-028
  9.441000E+02  5.84199743E-028  4.12839890E-028  1.71359853E-028
  9.550000E+02  5.57102405E-028  3.94068935E-028  1.63033470E-028
  9.660000E+02  5.31228819E-028  3.76111977E-028  1.55116842E-028
  9.772000E+02  5.06310047E-028  3.58785599E-028  1.47524448E-028
  9.885000E+02  4.82535403E-028  3.42224534E-028  1.40310869E-028
  1.000000E+03  4.59668548E-028  3.26268034E-028  1.33400514E-028
  1.012000E+03  4.37787213E-028  3.11046220E-028  1.26740993E-028
  1.023000E+03  4.18797448E-028  2.97814324E-028  1.20983125E-028
  1.035000E+03  3.99172531E-028  2.84117541E-028  1.15054990E-028
  1.047000E+03  3.80617099E-028  2.71145875E-028  1.09471225E-028
  1.059000E+03  3.63064238E-028  2.58855414E-028  1.04208824E-028
  1.072000E+03  3.45107929E-028  2.46262025E-028  9.88459040E-029
  1.084000E+03  3.29448889E-028  2.35262371E-028  9.41865173E-029
  1.096000E+03  3.14614122E-028  2.24826283E-028  8.97878394E-029
  1.109000E+03  2.99415565E-028  2.14118203E-028  8.52973620E-029
  1.122000E+03  2.85067118E-028  2.03993690E-028  8.10734283E-029
  1.135000E+03  2.71514104E-028  1.94416273E-028  7.70978307E-029
  1.148000E+03  2.58706097E-028  1.85352335E-028  7.33537628E-029
  1.161000E+03  2.46595850E-028  1.76770150E-028  6.98256997E-029
  1.175000E+03  2.34284563E-028  1.68033185E-028  6.62513772E-029
  1.188000E+03  2.23487912E-028  1.60360599E-028  6.31273132E-029
  1.202000E+03  2.12523259E-028  1.52564267E-028  5.99589926E-029
  1.216000E+03  2.02327227E-028  1.45344642E-028  5.69825850E-029
  1.230000E+03  1.92698442E-028  1.38516934E-028  5.41815077E-029
  1.244000E+03  1.83657821E-028  1.32107488E-028  5.15503324E-029
  1.259000E+03  1.74655598E-028  1.25740882E-028  4.89147160E-029
  1.274000E+03  1.66168680E-028  1.19729585E-028  4.64390951E-029
  1.288000E+03  1.58682464E-028  1.14419481E-028  4.42629833E-029
  1.303000E+03  1.51097664E-028  1.09031924E-028  4.20657405E-029
  1.318000E+03  1.43935473E-028  1.03937366E-028  3.99981072E-029
  1.334000E+03  1.36731086E-028  9.88055116E-029  3.79255740E-029
  1.349000E+03  1.30358545E-028  9.42599092E-029  3.60986356E-029
  1.365000E+03  1.23941438E-028  8.96763476E-029  3.42650906E-029
  1.380000E+03  1.18259176E-028  8.56123295E-029  3.26468460E-029
  1.396000E+03  1.12531158E-028  8.15103515E-029  3.10208061E-029
  1.412000E+03  1.07124981E-028  7.76338793E-029  2.94911019E-029
  1.429000E+03  1.01710322E-028  7.37463290E-029  2.79639929E-029
  1.445000E+03  9.69039502E-029  7.02911906E-029  2.66127595E-029
  1.462000E+03  9.20847545E-029  6.68226293E-029  2.52621252E-029
  1.479000E+03  8.75424881E-029  6.35494152E-029  2.39930730E-029
  1.496000E+03  8.32588713E-029  6.04589532E-029  2.27999181E-029
  1.514000E+03  7.91129288E-029  5.74967627E-029  2.16161660E-029
  1.531000E+03  7.54512674E-029  5.48852945E-029  2.05659729E-029
  1.549000E+03  7.17908931E-029  5.22708790E-029  1.95200141E-029
  1.567000E+03  6.83388551E-029  4.98015955E-029  1.85372596E-029
  1.585000E+03  6.50814475E-029  4.74681435E-029  1.76133040E-029
  1.603000E+03  6.20059879E-029  4.52618991E-029  1.67440888E-029
  1.622000E+03  5.89440970E-029  4.30622571E-029  1.58818400E-029
  1.641000E+03  5.60590820E-029  4.09867180E-029  1.50723640E-029
  1.660000E+03  5.33391449E-029  3.90272100E-029  1.43119349E-029
  1.679000E+03  5.07733813E-029  3.71762573E-029  1.35971240E-029
  1.698000E+03  4.83517040E-029  3.54269306E-029  1.29247734E-029
  1.718000E+03  4.59479758E-029  3.36882653E-029  1.22597105E-029
  1.738000E+03  4.36834887E-029  3.20481424E-029  1.16353463E-029
  1.758000E+03  4.15489421E-029  3.05001352E-029  1.10488069E-029
  1.778000E+03  3.95357400E-029  2.90382923E-029  1.04974477E-029
  1.799000E+03  3.75437833E-029  2.75900624E-029  9.95372089E-030
  1.820000E+03  3.56683440E-029  2.62248410E-029  9.44350299E-030
  1.841000E+03  3.39015737E-029  2.49371630E-029  8.96441067E-030
  1.862000E+03  3.22362230E-029  2.37219709E-029  8.51425216E-030
  1.884000E+03  3.05930541E-029  2.25215592E-029  8.07149488E-030
  1.906000E+03  2.90467289E-029  2.13905816E-029  7.65614728E-030
  1.928000E+03  2.75906841E-029  2.03244335E-029  7.26625058E-030
  1.950000E+03  2.62188604E-029  1.93188562E-029  6.90000422E-030
  1.972000E+03  2.49256594E-029  1.83699078E-029  6.55575161E-030
  1.995000E+03  2.36521266E-029  1.74344137E-029  6.21771295E-030
  2.018000E+03  2.24902167E-029  1.65914152E-029  5.89880156E-030
  2.042000E+03  2.13592880E-029  1.57729301E-029  5.58635788E-030
  2.065000E+03  2.03382167E-029  1.50327419E-029  5.30547484E-030
  2.089000E+03  1.93337923E-029  1.43034642E-029  5.03032804E-030
  2.114000E+03  1.83493170E-029  1.35875214E-029  4.76179563E-030
  2.138000E+03  1.74595159E-029  1.29394178E-029  4.52009809E-030
  2.163000E+03  1.65863119E-029  1.23024398E-029  4.28387211E-030
  2.188000E+03  1.57641803E-029  1.17018179E-029  4.06236238E-030
  2.213000E+03  1.49896646E-029  1.11351591E-029  3.85450547E-030
  2.239000E+03  1.42312528E-029  1.05794840E-029  3.65176881E-030
  2.265000E+03  1.35175838E-029  1.00558471E-029  3.46173670E-030
  2.291000E+03  1.28456072E-029  9.56212123E-030  3.28348601E-030
  2.317000E+03  1.22125090E-029  9.09633921E-030  3.11616982E-030
  2.344000E+03  1.15934281E-029  8.64026937E-030  2.95315871E-030
  2.371000E+03  1.10107890E-029  8.21048732E-030  2.80030173E-030
  2.399000E+03  1.04424176E-029  7.79069236E-030  2.65172526E-030
  2.427000E+03  9.90803330E-030  7.39550179E-030  2.51253151E-030
  2.455000E+03  9.40529360E-030  7.02325965E-030  2.38203395E-030
  2.483000E+03  8.93379803E-030  6.67419493E-030  2.25960310E-030
  2.512000E+03  8.48722439E-030  6.34653653E-030  2.14068786E-030
  2.541000E+03  8.06685202E-030  6.03763449E-030  2.02921753E-030
  2.570000E+03  7.67089999E-030  5.74624773E-030  1.92465226E-030
  2.600000E+03  7.28524468E-030  5.46202399E-030  1.82322069E-030
  2.630000E+03  6.92228791E-030  5.19414230E-030  1.72814561E-030
  2.661000E+03  6.56943748E-030  4.93334783E-030  1.63608965E-030
  2.692000E+03  6.23760231E-030  4.68773988E-030  1.54986243E-030
  2.723000E+03  5.92533519E-030  4.45629839E-030  1.46903680E-030
  2.754000E+03  5.63130229E-030  4.23808117E-030  1.39322112E-030
  2.786000E+03  5.34560680E-030  4.02577285E-030  1.31983396E-030
  2.818000E+03  5.07678238E-030  3.82574270E-030  1.25103968E-030
  2.851000E+03  4.81601081E-030  3.63145652E-030  1.18455428E-030
  2.884000E+03  4.57079611E-030  3.44853068E-030  1.12226542E-030
  2.917000E+03  4.34006777E-030  3.27620105E-030  1.06386672E-030
  2.951000E+03  4.11645723E-030  3.10898678E-030  1.00747044E-030
  2.985000E+03  3.90618259E-030  2.95155893E-030  9.54623664E-031
  3.020000E+03  3.70701680E-030  2.80335890E-030  9.03657900E-031
  3.055000E+03  3.52276824E-030  2.66684659E-030  8.55921653E-031
  3.090000E+03  3.34930349E-030  2.53812512E-030  8.11178365E-031
  3.126000E+03  3.18136240E-030  2.41331157E-030  7.68050827E-031
  3.162000E+03  3.02332171E-030  2.29567780E-030  7.27643913E-031
  3.199000E+03  2.87049669E-030  2.18175554E-030  6.88741151E-031
  3.236000E+03  2.72673884E-030  2.07443333E-030  6.52305518E-031
  3.273000E+03  2.59142510E-030  1.97326885E-030  6.18156252E-031
  3.311000E+03  2.46064085E-030  1.87535092E-030  5.85289935E-031
  3.350000E+03  2.33444542E-030  1.78073337E-030  5.53712047E-031
  3.388000E+03  2.21877095E-030  1.69388304E-030  5.24887905E-031
  3.428000E+03  2.10423772E-030  1.60777117E-030  4.96466558E-031
  3.467000E+03  1.99921674E-030  1.52870367E-030  4.70513068E-031
  3.508000E+03  1.89539556E-030  1.45043470E-030  4.44960856E-031
  3.548000E+03  1.80016348E-030  1.37854594E-030  4.21617546E-031
  3.589000E+03  1.70832856E-030  1.30913238E-030  3.99196180E-031
  3.631000E+03  1.61989951E-030  1.24220735E-030  3.77692161E-031
  3.673000E+03  1.53678706E-030  1.17922650E-030  3.57560557E-031
  3.715000E+03  1.45862255E-030  1.11992225E-030  3.38700293E-031
  3.758000E+03  1.38336856E-030  1.06275718E-030  3.20611383E-031
  3.802000E+03  1.31101470E-030  1.00772897E-030  3.03285730E-031
  3.846000E+03  1.24303615E-030  9.55967217E-031  2.87068929E-031
  3.890000E+03  1.17912830E-030  9.07249183E-031  2.71879121E-031
  3.936000E+03  1.11636380E-030  8.59348213E-031  2.57015589E-031
  3.981000E+03  1.05868891E-030  8.15282324E-031  2.43406585E-031
  4.027000E+03  1.00464539E-030  7.74268693E-031  2.30376696E-031
  4.074000E+03  9.53644320E-031  7.35728238E-031  2.17916082E-031
  4.121000E+03  9.05684403E-031  6.99431073E-031  2.06253330E-031
  4.169000E+03  8.59624704E-031  6.64519958E-031  1.95104746E-031
  4.217000E+03  8.16311916E-031  6.31642445E-031  1.84669472E-031
  4.266000E+03  7.74733243E-031  6.00035310E-031  1.74697933E-031
  4.315000E+03  7.35633813E-031  5.70270141E-031  1.65363671E-031
  4.365000E+03  6.98114674E-031  5.41667539E-031  1.56447135E-031
  4.416000E+03  6.62147741E-031  5.14209576E-031  1.47938164E-031
  4.467000E+03  6.28343958E-031  4.88367128E-031  1.39976831E-031
  4.519000E+03  5.95948817E-031  4.63567645E-031  1.32381172E-031
  4.571000E+03  5.65499604E-031  4.40226384E-031  1.25273220E-031
  4.624000E+03  5.36327529E-031  4.17834436E-031  1.18493093E-031
  4.677000E+03  5.08905235E-031  3.96758072E-031  1.12147163E-031
  4.732000E+03  4.82168663E-031  3.76182084E-031  1.05986579E-031
  4.786000E+03  4.57504220E-031  3.57176541E-031  1.00327679E-031
  4.842000E+03  4.33469525E-031  3.38633043E-031  9.48364822E-032
  4.898000E+03  4.10896269E-031  3.21195440E-031  8.97008287E-032
  4.954000E+03  3.89682111E-031  3.04787904E-031  8.48942072E-032
  5.012000E+03  3.69200808E-031  2.88963898E-031  8.02369100E-032
  5.070000E+03  3.50508447E-031  2.74626599E-031  7.58818476E-032
  5.129000E+03  3.32634283E-031  2.60895784E-031  7.17384988E-032
  5.188000E+03  3.15830211E-031  2.47967428E-031  6.78627831E-032
  5.248000E+03  2.99762284E-031  2.35586952E-031  6.41753318E-032
  5.309000E+03  2.84408399E-031  2.23739079E-031  6.06693203E-032
  5.370000E+03  2.69975432E-031  2.12585534E-031  5.73898978E-032
  5.432000E+03  2.56183725E-031  2.01912184E-031  5.42715417E-032
  5.495000E+03  2.43012880E-031  1.91704735E-031  5.13081452E-032
  5.559000E+03  2.30442367E-031  1.81948722E-031  4.84936448E-032
  5.623000E+03  2.18630450E-031  1.72768660E-031  4.58617904E-032
  5.688000E+03  2.07356046E-031  1.63994316E-031  4.33617297E-032
  5.754000E+03  1.96600608E-031  1.55612476E-031  4.09881320E-032
  5.821000E+03  1.86345667E-031  1.47609917E-031  3.87357491E-032
  5.888000E+03  1.76712195E-031  1.40082386E-031  3.66298093E-032
  5.957000E+03  1.67394903E-031  1.32792393E-031  3.46025106E-032
  6.026000E+03  1.58647057E-031  1.25939091E-031  3.27079659E-032
  6.095000E+03  1.50428551E-031  1.19492380E-031  3.09361710E-032
  6.166000E+03  1.42485539E-031  1.13254023E-031  2.92315164E-032
  6.237000E+03  1.35138035E-031  1.07500015E-031  2.76380202E-032
  6.310000E+03  1.28138615E-031  1.02031853E-031  2.61067622E-032
  6.383000E+03  1.21563533E-031  9.68876241E-032  2.46759089E-032
  6.456000E+03  1.15383030E-031  9.20451461E-032  2.33378842E-032
  6.531000E+03  1.09415378E-031  8.73627789E-032  2.20525993E-032
  6.607000E+03  1.03735557E-031  8.28999296E-032  2.08356274E-032
  6.683000E+03  9.83995513E-032  7.87013877E-032  1.96981636E-032
  6.761000E+03  9.32554274E-032  7.46482538E-032  1.86071735E-032
  6.839000E+03  8.84242410E-032  7.08365119E-032  1.75877290E-032
  6.918000E+03  8.38276113E-032  6.72049952E-032  1.66226161E-032
  6.998000E+03  7.94554838E-032  6.37462975E-032  1.57091864E-032
  7.080000E+03  7.53674312E-032  6.05328481E-032  1.48345830E-032
  7.161000E+03  7.15762416E-032  5.75489553E-032  1.40272863E-032
  7.244000E+03  6.79240789E-032  5.46700587E-032  1.32540202E-032
  7.328000E+03  6.44508892E-032  5.19280462E-032  1.25228430E-032
  7.413000E+03  6.11486314E-032  4.93170320E-032  1.18315994E-032
  7.499000E+03  5.80095512E-032  4.68313235E-032  1.11782276E-032
  7.586000E+03  5.50261785E-032  4.44654209E-032  1.05607575E-032
  7.674000E+03  5.21913238E-032  4.22140161E-032  9.97730776E-033
  7.762000E+03  4.95274104E-032  4.00953393E-032  9.43207115E-033
  7.852000E+03  4.69673434E-032  3.80563762E-032  8.91096717E-033
  7.943000E+03  4.45359709E-032  3.61171969E-032  8.41877399E-033
  8.035000E+03  4.22271705E-032  3.42732320E-032  7.95393854E-033
  8.128000E+03  4.00350742E-032  3.25200907E-032  7.51498349E-033
  8.222000E+03  3.79540607E-032  3.08535563E-032  7.10050440E-033
  8.318000E+03  3.59586074E-032  2.92534201E-032  6.70518730E-033
  8.414000E+03  3.40850754E-032  2.77490893E-032  6.33598608E-033
  8.511000E+03  3.23071020E-032  2.63196622E-032  5.98743983E-033
  8.610000E+03  3.06033121E-032  2.49481469E-032  5.65516527E-033
  8.710000E+03  2.89879321E-032  2.36461788E-032  5.34175334E-033
  8.810000E+03  2.74711842E-032  2.24222176E-032  5.04896659E-033
  8.912000E+03  2.60185213E-032  2.12485699E-032  4.76995134E-033
  9.016000E+03  2.46350113E-032  2.01306973E-032  4.50431397E-033
  9.120000E+03  2.33646399E-032  1.91083886E-032  4.25625123E-033
  9.226000E+03  2.21485288E-032  1.81284127E-032  4.02011605E-033
  9.332000E+03  2.10062595E-032  1.72067083E-032  3.79955119E-033
  9.441000E+03  1.99032169E-032  1.63154801E-032  3.58773676E-033
  9.550000E+03  1.88675994E-032  1.54776383E-032  3.38996111E-033
  9.660000E+03  1.78859983E-032  1.46824851E-032  3.20351321E-033
  9.772000E+03  1.69474763E-032  1.39212735E-032  3.02620287E-033
  9.886000E+03  1.60508488E-032  1.31931375E-032  2.85771135E-033
  1.000000E+04  1.52089029E-032  1.25085202E-032  2.70038266E-033
  1.012000E+04  1.43523693E-032  1.18064726E-032  2.54589676E-033
  1.023000E+04  1.36154317E-032  1.12018867E-032  2.41354496E-033
  1.035000E+04  1.28603540E-032  1.05818629E-032  2.27849112E-033
  1.047000E+04  1.21526620E-032  1.00002249E-032  2.15243711E-033
  1.059000E+04  1.14889569E-032  9.45426578E-033  2.03469112E-033
  1.072000E+04  1.08159652E-032  8.90018823E-033  1.91577694E-033
  1.084000E+04  1.02341593E-032  8.42078635E-033  1.81337299E-033
  1.096000E+04  9.68749050E-033  7.96999318E-033  1.71749732E-033
  1.109000E+04  9.14246585E-033  7.52202321E-033  1.62044264E-033
  1.122000E+04  8.63668216E-033  7.10675406E-033  1.52992809E-033
  1.135000E+04  8.16262308E-033  6.71717809E-033  1.44544499E-033
  1.148000E+04  7.71801298E-033  6.35148367E-033  1.36652932E-033
  1.161000E+04  7.30076091E-033  6.00800354E-033  1.29275737E-033
  1.175000E+04  6.87980586E-033  5.66118623E-033  1.21861963E-033
  1.188000E+04  6.51340476E-033  5.35907371E-033  1.15433106E-033
  1.202000E+04  6.14328265E-033  5.05366056E-033  1.08962209E-033
  1.216000E+04  5.79671641E-033  4.76746936E-033  1.02924704E-033
  1.230000E+04  5.47199886E-033  4.49912834E-033  9.72870522E-034
  1.244000E+04  5.17177187E-033  4.25166345E-033  9.20108418E-034
  1.259000E+04  4.88074746E-033  4.01356047E-033  8.67186988E-034
  1.274000E+04  4.60841973E-033  3.79051270E-033  8.17907031E-034
  1.288000E+04  4.36989782E-033  3.59495721E-033  7.74940615E-034
  1.303000E+04  4.12990970E-033  3.39801095E-033  7.31898750E-034
  1.318000E+04  3.90489170E-033  3.21317465E-033  6.91717055E-034
  1.334000E+04  3.68016898E-033  3.02840835E-033  6.51760630E-034
  1.349000E+04  3.48279607E-033  2.86598424E-033  6.16811834E-034
  1.365000E+04  3.28542104E-033  2.70342078E-033  5.82000263E-034
  1.380000E+04  3.11184336E-033  2.56034210E-033  5.51501260E-034
  1.396000E+04  2.93804548E-033  2.41697234E-033  5.21073143E-034
  1.412000E+04  2.77513672E-033  2.28248459E-033  4.92652135E-034
  1.429000E+04  2.61310804E-033  2.14862584E-033  4.64482196E-034
  1.445000E+04  2.47027052E-033  2.03054050E-033  4.39730028E-034
  1.462000E+04  2.32802219E-033  1.91286624E-033  4.15155956E-034
  1.479000E+04  2.19487249E-033  1.80264995E-033  3.92222543E-034
  1.496000E+04  2.07015991E-033  1.69935733E-033  3.70802583E-034
  1.514000E+04  1.95370383E-033  1.60406034E-033  3.49643494E-034
  1.531000E+04  1.85236719E-033  1.52138176E-033  3.30985435E-034
  1.549000E+04  1.75164836E-033  1.43912407E-033  3.12524298E-034
  1.567000E+04  1.65721454E-033  1.36192215E-033  2.95292387E-034
  1.585000E+04  1.56861474E-033  1.28942005E-033  2.79194692E-034
  1.603000E+04  1.48543473E-033  1.22129018E-033  2.64144543E-034
  1.622000E+04  1.40309306E-033  1.15378566E-033  2.49307396E-034
  1.641000E+04  1.32595479E-033  1.09049036E-033  2.35464435E-034
  1.660000E+04  1.25364281E-033  1.03110445E-033  2.22538364E-034
  1.679000E+04  1.18581098E-033  9.75352265E-034  2.10458713E-034
  1.698000E+04  1.12214131E-033  9.22980139E-034  1.99161168E-034
  1.718000E+04  1.05929602E-033  8.71246592E-034  1.88049427E-034
  1.738000E+04  1.00042552E-033  8.22748843E-034  1.77676681E-034
  1.758000E+04  9.45242478E-034  7.77256552E-034  1.67985927E-034
  1.778000E+04  8.93483055E-034  7.34557898E-034  1.58925157E-034
  1.799000E+04  8.42555303E-034  6.92517853E-034  1.50037451E-034
  1.820000E+04  7.94877280E-034  6.53135482E-034  1.41741798E-034
  1.841000E+04  7.50212707E-034  6.16220230E-034  1.33992477E-034
  1.862000E+04  7.08344725E-034  5.81596948E-034  1.26747776E-034
  1.884000E+04  6.67265685E-034  5.47607822E-034  1.19657863E-034
  1.906000E+04  6.28827180E-034  5.15787151E-034  1.13040029E-034
  1.928000E+04  5.92836480E-034  4.85978628E-034  1.06857852E-034
  1.950000E+04  5.59116729E-034  4.58038629E-034  1.01078100E-034
  1.972000E+04  5.27505486E-034  4.31835068E-034  9.56704182E-035
  1.995000E+04  4.96549874E-034  4.06165214E-034  9.03846601E-035
  2.018000E+04  4.69406906E-034  3.83960627E-034  8.54462781E-035
  2.042000E+04  4.43386712E-034  3.62751740E-034  8.06349715E-035
  2.065000E+04  4.19998303E-034  3.43671611E-034  7.63266912E-035
  2.089000E+04  3.97092135E-034  3.24969476E-034  7.21226587E-035
  2.114000E+04  3.74742591E-034  3.06706749E-034  6.80358420E-035
  2.138000E+04  3.54633038E-034  2.90261406E-034  6.43716321E-035
  2.163000E+04  3.34986310E-034  2.74182397E-034  6.08039134E-035
  2.188000E+04  3.16571913E-034  2.59100800E-034  5.74711129E-035
  2.213000E+04  2.99301444E-034  2.44946113E-034  5.43553313E-035
  2.239000E+04  2.82466397E-034  2.31138828E-034  5.13275698E-035
  2.265000E+04  2.66696932E-034  2.18196865E-034  4.85000666E-035
  2.291000E+04  2.51916083E-034  2.06058581E-034  4.58575016E-035
  2.317000E+04  2.38053174E-034  1.94667290E-034  4.33858837E-035
  2.344000E+04  2.24559064E-034  1.83572625E-034  4.09864394E-035
  2.371000E+04  2.11918010E-034  1.73173538E-034  3.87444716E-035
  2.399000E+04  1.99644252E-034  1.63071217E-034  3.65730346E-035
  2.427000E+04  1.88159197E-034  1.53613247E-034  3.45459502E-035
  2.455000E+04  1.77405296E-034  1.44753168E-034  3.26521283E-035
  2.483000E+04  1.67404975E-034  1.36523531E-034  3.08814441E-035
  2.512000E+04  1.58257121E-034  1.29089650E-034  2.91674711E-035
  2.541000E+04  1.49679661E-034  1.22113384E-034  2.75662774E-035
  2.570000E+04  1.41631818E-034  1.15562528E-034  2.60692903E-035
  2.600000E+04  1.33823930E-034  1.09201922E-034  2.46220085E-035
  2.630000E+04  1.26504624E-034  1.03234683E-034  2.32699408E-035
  2.661000E+04  1.19417487E-034  9.74523328E-035  2.19651539E-035
  2.692000E+04  1.12779283E-034  9.20322522E-035  2.07470303E-035
  2.723000E+04  1.06557518E-034  8.69485930E-035  1.96089252E-035
  2.754000E+04  1.00722361E-034  8.21775905E-035  1.85447707E-035
  2.786000E+04  9.50754423E-035  7.75574629E-035  1.75179794E-035
  2.818000E+04  8.97835740E-035  7.32250705E-035  1.65585035E-035
  2.851000E+04  8.46713011E-035  6.90371392E-035  1.56341619E-035
  2.884000E+04  7.98839717E-035  6.51130766E-035  1.47708951E-035
  2.917000E+04  7.53980921E-035  6.14340443E-035  1.39640478E-035
  2.951000E+04  7.10687866E-035  5.78815172E-035  1.31872694E-035
  2.985000E+04  6.70149182E-035  5.45532999E-035  1.24616183E-035
  3.020000E+04  6.33216519E-035  5.15577132E-035  1.17639387E-035
  3.055000E+04  6.00102002E-035  4.88977379E-035  1.11124623E-035
  3.090000E+04  5.69004992E-035  4.63968378E-035  1.05036614E-035
  3.126000E+04  5.38974816E-035  4.39788857E-035  9.91859585E-036
  3.162000E+04  5.10786895E-035  4.17066223E-035  9.37206723E-036
  3.199000E+04  4.83598587E-035  3.95124190E-035  8.84743973E-036
  3.236000E+04  4.58088473E-035  3.74513169E-035  8.35753047E-036
  3.273000E+04  4.34137103E-035  3.55140182E-035  7.89969205E-036
  3.311000E+04  4.11045653E-035  3.36442423E-035  7.46032304E-036
  3.350000E+04  3.88821177E-035  3.18427136E-035  7.03940409E-036
  3.388000E+04  3.68500860E-035  3.01937981E-035  6.65628794E-036
  3.428000E+04  3.48431693E-035  2.85635719E-035  6.27959743E-036
  3.467000E+04  3.30075752E-035  2.70709878E-035  5.93658739E-036
  3.508000E+04  3.11975330E-035  2.55977038E-035  5.59982920E-036
  3.548000E+04  2.95414368E-035  2.42483940E-035  5.29304281E-036
  3.589000E+04  2.79484145E-035  2.29492325E-035  4.99918195E-036
  3.631000E+04  2.64183665E-035  2.17002434E-035  4.71812313E-036
  3.673000E+04  2.49839689E-035  2.05282437E-035  4.45572517E-036
  3.715000E+04  2.36383663E-035  1.94278042E-035  4.21056203E-036
  3.758000E+04  2.23461428E-035  1.83700858E-035  3.97605704E-036
  3.802000E+04  2.11069055E-035  1.73548520E-035  3.75205347E-036
  3.846000E+04  1.99456025E-035  1.64026534E-035  3.54294913E-036
  3.890000E+04  1.88566290E-035  1.55090252E-035  3.34760381E-036
  3.936000E+04  1.77899089E-035  1.46329480E-035  3.15696098E-036
  3.981000E+04  1.68122419E-035  1.38293730E-035  2.98286888E-036
