# DH21 PAH SED for Mathis ISRF, U = 1.585
# DL07 PAH cross sections, neutral + cation mixed by f_ion(a)
# columns: lambda[um]    lambda*I_lambda / N_H [erg s^-1 cm^-2 sr^-1 H^-1]
  9.120000E-02  9.05443201E-060
  9.226000E-02  2.63791499E-059
  9.332000E-02  7.20880304E-059
  9.441000E-02  1.96443861E-058
  9.550000E-02  5.20159775E-058
  9.661000E-02  1.36429830E-057
  9.772000E-02  3.50736268E-057
  9.886000E-02  8.96413767E-057
  1.000000E-01  2.24027964E-056
  1.012000E-01  5.66734538E-056
  1.023000E-01  1.30583549E-055
  1.035000E-01  3.17699113E-055
  1.047000E-01  7.55705788E-055
  1.059000E-01  1.76017788E-054
  1.072000E-01  4.29933445E-054
  1.084000E-01  9.60615124E-054
  1.097000E-01  2.24600372E-053
  1.109000E-01  4.82558396E-053
  1.122000E-01  1.08312005E-052
  1.135000E-01  2.38311343E-052
  1.148000E-01  5.14436480E-052
  1.161000E-01  1.09035233E-051
  1.175000E-01  2.40078637E-051
  1.189000E-01  5.18350622E-051
  1.202000E-01  1.04154326E-050
  1.216000E-01  2.16988112E-050
  1.230000E-01  4.44222403E-050
  1.244000E-01  8.94268168E-050
  1.259000E-01  1.85893145E-049
  1.274000E-01  3.79618844E-049
  1.288000E-01  7.27924983E-049
  1.303000E-01  1.42064927E-048
  1.318000E-01  2.78005224E-048
  1.333000E-01  5.36358912E-048
  1.349000E-01  1.06503520E-047
  1.365000E-01  2.08362384E-047
  1.380000E-01  3.85861830E-047
  1.396000E-01  7.34721281E-047
  1.412000E-01  1.38070227E-046
  1.429000E-01  2.66191290E-046
  1.445000E-01  4.87628100E-046
  1.462000E-01  9.15957808E-046
  1.479000E-01  1.69894845E-045
  1.496000E-01  3.11330516E-045
  1.514000E-01  5.83744682E-045
  1.531000E-01  1.04485582E-044
  1.549000E-01  1.91280921E-044
  1.567000E-01  3.46143022E-044
  1.585000E-01  6.19446315E-044
  1.603000E-01  1.09673526E-043
  1.622000E-01  1.98214343E-043
  1.641000E-01  3.54313299E-043
  1.660000E-01  6.26684303E-043
  1.679000E-01  1.09724744E-042
  1.698000E-01  1.90253057E-042
  1.718000E-01  3.35984180E-042
  1.738000E-01  5.87057842E-042
  1.758000E-01  1.01549483E-041
  1.778000E-01  1.74001589E-041
  1.799000E-01  3.03356367E-041
  1.820000E-01  5.23994782E-041
  1.841000E-01  8.97254321E-041
  1.862000E-01  1.52377634E-040
  1.884000E-01  2.63165316E-040
  1.905000E-01  4.39934041E-040
  1.928000E-01  7.65806911E-040
  1.950000E-01  1.29052552E-039
  1.972000E-01  2.15652543E-039
  1.995000E-01  3.65340323E-039
  2.018000E-01  6.12243545E-039
  2.042000E-01  1.03557995E-038
  2.065000E-01  1.68899706E-038
  2.089000E-01  2.76523817E-038
  2.113000E-01  4.43652043E-038
  2.138000E-01  7.08836940E-038
  2.163000E-01  1.10350999E-037
  2.188000E-01  1.67313122E-037
  2.213000E-01  2.47273355E-037
  2.239000E-01  3.62077732E-037
  2.265000E-01  5.18549896E-037
  2.291000E-01  7.28992903E-037
  2.317000E-01  1.00954249E-036
  2.344000E-01  1.39796607E-036
  2.371000E-01  1.91649698E-036
  2.399000E-01  2.63624322E-036
  2.427000E-01  3.60191909E-036
  2.455000E-01  4.89403398E-036
  2.483000E-01  6.61797977E-036
  2.512000E-01  9.00528248E-036
  2.541000E-01  1.22012268E-035
  2.570000E-01  1.64630453E-035
  2.600000E-01  2.23483376E-035
  2.630000E-01  3.02056633E-035
  2.661000E-01  4.10489840E-035
  2.691000E-01  5.49886716E-035
  2.723000E-01  7.47463116E-035
  2.754000E-01  1.00145828E-034
  2.786000E-01  1.34771637E-034
  2.818000E-01  1.80445378E-034
  2.851000E-01  2.42515988E-034
  2.884000E-01  3.24184072E-034
  2.917000E-01  4.31044430E-034
  2.951000E-01  5.74902538E-034
  2.985000E-01  7.62530366E-034
  3.020000E-01  1.01401890E-033
  3.055000E-01  1.29327227E-033
  3.090000E-01  1.67957948E-033
  3.126000E-01  2.18252226E-033
  3.162000E-01  2.81690945E-033
  3.199000E-01  3.63661943E-033
  3.236000E-01  4.66343305E-033
  3.273000E-01  5.94136192E-033
  3.311000E-01  7.56918041E-033
  3.350000E-01  9.63933212E-033
  3.388000E-01  1.21218731E-032
  3.428000E-01  1.53260645E-032
  3.467000E-01  1.91397007E-032
  3.507000E-01  2.38820987E-032
  3.548000E-01  2.97610535E-032
  3.589000E-01  3.68313429E-032
  3.631000E-01  4.54864245E-032
  3.673000E-01  5.57494960E-032
  3.715000E-01  6.77817176E-032
  3.758000E-01  8.20524956E-032
  3.802000E-01  9.87275139E-032
  3.846000E-01  1.17361414E-031
  3.891000E-01  1.38075382E-031
  3.936000E-01  1.59923814E-031
  3.981000E-01  1.82540094E-031
  4.027000E-01  2.06825421E-031
  4.074000E-01  2.34241166E-031
  4.121000E-01  2.66160024E-031
  4.169000E-01  3.05177338E-031
  4.217000E-01  3.52308418E-031
  4.266000E-01  4.10407408E-031
  4.315000E-01  4.80025631E-031
  4.365000E-01  5.63786107E-031
  4.416000E-01  6.62388685E-031
  4.467000E-01  7.72903691E-031
  4.519000E-01  8.94678670E-031
  4.571000E-01  1.02025043E-030
  4.624000E-01  1.14442564E-030
  4.677000E-01  1.25581551E-030
  4.732000E-01  1.35104817E-030
  4.786000E-01  1.42416441E-030
  4.842000E-01  1.48617542E-030
  4.898000E-01  1.54375870E-030
  4.954000E-01  1.60424238E-030
  5.012000E-01  1.67574802E-030
  5.070000E-01  1.76180346E-030
  5.129000E-01  1.86939119E-030
  5.188000E-01  1.99980284E-030
  5.248000E-01  2.15547588E-030
  5.309000E-01  2.33446253E-030
  5.370000E-01  2.52874658E-030
  5.433000E-01  2.73733745E-030
  5.495000E-01  2.94136500E-030
  5.559000E-01  3.14360557E-030
  5.623000E-01  3.33796122E-030
  5.688000E-01  3.53724153E-030
  5.754000E-01  3.75606418E-030
  5.821000E-01  4.00834909E-030
  5.888000E-01  4.30196229E-030
  5.957000E-01  4.65697934E-030
  6.026000E-01  5.07127440E-030
  6.095000E-01  5.54534574E-030
  6.166000E-01  6.09049281E-030
  6.237000E-01  6.68556311E-030
  6.310000E-01  7.33515158E-030
  6.383000E-01  8.00888288E-030
  6.457000E-01  8.69969717E-030
  6.531000E-01  9.38558430E-030
  6.607000E-01  1.00774964E-029
  6.683000E-01  1.07638315E-029
  6.761000E-01  1.14871305E-029
  6.839000E-01  1.22631981E-029
  6.918000E-01  1.31329086E-029
  6.998000E-01  1.41266383E-029
  7.079000E-01  1.52712961E-029
  7.161000E-01  1.65866633E-029
  7.244000E-01  1.80858912E-029
  7.328000E-01  1.97684679E-029
  7.413000E-01  2.16355099E-029
  7.499000E-01  2.36860735E-029
  7.586000E-01  2.59277660E-029
  7.674000E-01  2.83728381E-029
  7.763000E-01  3.10515502E-029
  7.852000E-01  3.39605811E-029
  7.943000E-01  3.71880692E-029
  8.035000E-01  4.07434928E-029
  8.128000E-01  4.46516286E-029
  8.222000E-01  4.89441145E-029
  8.318000E-01  5.37066030E-029
  8.414000E-01  5.88821232E-029
  8.511000E-01  6.45590687E-029
  8.610000E-01  7.08549292E-029
  8.710000E-01  7.77788900E-029
  8.810000E-01  8.53386060E-029
  8.913000E-01  9.38707682E-029
  9.016000E-01  1.03269918E-028
  9.120000E-01  1.13808326E-028
  9.226000E-01  1.25881016E-028
  9.333000E-01  1.39780760E-028
  9.441000E-01  1.56109231E-028
  9.550000E-01  1.75805834E-028
  9.661000E-01  2.00665180E-028
  9.772000E-01  2.32892289E-028
  9.886000E-01  2.78342117E-028
  1.000000E+00  3.45022370E-028
  1.012000E+00  4.55934398E-028
  1.023000E+00  6.19950813E-028
  1.035000E+00  8.86700362E-028
  1.047000E+00  1.14855375E-027
  1.059000E+00  1.17485385E-027
  1.071000E+00  1.00726739E-027
  1.084000E+00  8.30542639E-028
  1.097000E+00  7.22649321E-028
  1.109000E+00  6.70932791E-028
  1.122000E+00  6.48870771E-028
  1.135000E+00  6.50995402E-028
  1.148000E+00  6.71511010E-028
  1.161000E+00  7.08281959E-028
  1.175000E+00  7.66405186E-028
  1.189000E+00  8.45947120E-028
  1.202000E+00  9.41733070E-028
  1.216000E+00  1.06926042E-027
  1.230000E+00  1.21615207E-027
  1.245000E+00  1.37334817E-027
  1.259000E+00  1.48762005E-027
  1.273000E+00  1.54640637E-027
  1.288000E+00  1.54872021E-027
  1.303000E+00  1.51343157E-027
  1.318000E+00  1.46717431E-027
  1.334000E+00  1.42384888E-027
  1.349000E+00  1.39528087E-027
  1.365000E+00  1.37791739E-027
  1.380000E+00  1.37302607E-027
  1.396000E+00  1.37748868E-027
  1.413000E+00  1.39123001E-027
  1.429000E+00  1.41090588E-027
  1.445000E+00  1.43582506E-027
  1.462000E+00  1.46670338E-027
  1.479000E+00  1.50154186E-027
  1.496000E+00  1.53924413E-027
  1.514000E+00  1.58207589E-027
  1.531000E+00  1.62457378E-027
  1.549000E+00  1.67114809E-027
  1.567000E+00  1.71979839E-027
  1.585000E+00  1.76941063E-027
  1.603000E+00  1.82027146E-027
  1.622000E+00  1.87506337E-027
  1.641000E+00  1.93016369E-027
  1.660000E+00  1.98592959E-027
  1.679000E+00  2.04166106E-027
  1.698000E+00  2.09666641E-027
  1.718000E+00  2.15481292E-027
  1.738000E+00  2.21095333E-027
  1.758000E+00  2.26545890E-027
  1.778000E+00  2.31711681E-027
  1.799000E+00  2.36519880E-027
  1.820000E+00  2.40768733E-027
  1.841000E+00  2.44028010E-027
  1.862000E+00  2.46583355E-027
  1.884000E+00  2.49380618E-027
  1.906000E+00  2.53911970E-027
  1.928000E+00  2.61429532E-027
  1.950000E+00  2.71227736E-027
  1.972000E+00  2.81582361E-027
  1.995000E+00  2.92128102E-027
  2.018000E+00  3.02021123E-027
  2.042000E+00  3.11726275E-027
  2.065000E+00  3.20296553E-027
  2.089000E+00  3.28894314E-027
  2.114000E+00  3.37543878E-027
  2.138000E+00  3.45467948E-027
  2.163000E+00  3.53551895E-027
  2.188000E+00  3.61575093E-027
  2.213000E+00  3.69158731E-027
  2.239000E+00  3.76990854E-027
  2.265000E+00  3.84677170E-027
  2.291000E+00  3.92333631E-027
  2.317000E+00  3.99704248E-027
  2.344000E+00  4.07077379E-027
  2.371000E+00  4.14750365E-027
  2.399000E+00  4.22111173E-027
  2.427000E+00  4.29656013E-027
  2.455000E+00  4.36904026E-027
  2.483000E+00  4.44211010E-027
  2.512000E+00  4.51480597E-027
  2.541000E+00  4.58813978E-027
  2.570000E+00  4.65882214E-027
  2.600000E+00  4.73113175E-027
  2.630000E+00  4.80055133E-027
  2.661000E+00  4.87589110E-027
  2.691000E+00  4.94634229E-027
  2.723000E+00  5.02084039E-027
  2.754000E+00  5.09337939E-027
  2.786000E+00  5.16940505E-027
  2.818000E+00  5.24644685E-027
  2.851000E+00  5.32910572E-027
  2.884000E+00  5.41521071E-027
  2.917000E+00  5.50810667E-027
  2.951000E+00  5.61406038E-027
  2.985000E+00  5.73653569E-027
  3.020000E+00  5.89003085E-027
  3.055000E+00  6.08907918E-027
  3.090000E+00  6.36929973E-027
  3.126000E+00  6.81927187E-027
  3.162000E+00  7.62622362E-027
  3.199000E+00  9.43773392E-027
  3.236000E+00  1.48715967E-026
  3.273000E+00  4.36812759E-026
  3.311000E+00  9.14260260E-026
  3.350000E+00  2.17261251E-026
  3.388000E+00  1.18102418E-026
  3.428000E+00  8.96404939E-027
  3.467000E+00  7.87527729E-027
  3.507000E+00  7.33631332E-027
  3.548000E+00  7.04103244E-027
  3.589000E+00  6.87318376E-027
  3.631000E+00  6.77282584E-027
  3.673000E+00  6.71464317E-027
  3.715000E+00  6.68329489E-027
  3.758000E+00  6.66865896E-027
  3.802000E+00  6.66728101E-027
  3.846000E+00  6.67440394E-027
  3.891000E+00  6.68810780E-027
  3.935000E+00  6.70821791E-027
  3.981000E+00  6.73231933E-027
  4.027000E+00  6.76080864E-027
  4.074000E+00  6.79298763E-027
  4.121000E+00  6.82940817E-027
  4.169000E+00  6.86823435E-027
  4.217000E+00  6.91213383E-027
  4.266000E+00  6.95894522E-027
  4.315000E+00  7.01087907E-027
  4.365000E+00  7.06836270E-027
  4.416000E+00  7.13047170E-027
  4.467000E+00  7.20003317E-027
  4.519000E+00  7.27759371E-027
  4.571000E+00  7.36348522E-027
  4.624000E+00  7.46080266E-027
  4.677000E+00  7.57083341E-027
  4.732000E+00  7.70230262E-027
  4.786000E+00  7.85151680E-027
  4.842000E+00  8.03760758E-027
  4.898000E+00  8.26600919E-027
  4.955000E+00  8.56715893E-027
  5.012000E+00  8.98184691E-027
  5.070000E+00  9.62462085E-027
  5.129000E+00  1.07583375E-026
  5.188000E+00  1.29687630E-026
  5.248000E+00  1.63946605E-026
  5.309000E+00  1.62893713E-026
  5.370000E+00  1.40996592E-026
  5.432000E+00  1.34921464E-026
  5.495000E+00  1.42615188E-026
  5.559000E+00  1.65667097E-026
  5.623000E+00  2.14360987E-026
  5.688000E+00  2.77928397E-026
  5.754000E+00  2.65509302E-026
  5.821000E+00  2.36771292E-026
  5.888000E+00  2.46083067E-026
  5.957000E+00  2.96125454E-026
  6.026000E+00  4.11035417E-026
  6.095000E+00  6.76354194E-026
  6.166000E+00  1.29782106E-025
  6.237000E+00  1.67685878E-025
  6.310000E+00  1.01630232E-025
  6.383000E+00  6.28439224E-026
  6.457000E+00  4.90549843E-026
  6.531000E+00  4.60914168E-026
  6.607000E+00  4.79171486E-026
  6.683000E+00  5.03275931E-026
  6.761000E+00  5.04888239E-026
  6.839000E+00  4.95262419E-026
  6.918000E+00  5.00030739E-026
  6.998000E+00  5.31154194E-026
  7.080000E+00  5.92800695E-026
  7.161000E+00  6.84760264E-026
  7.244000E+00  8.15773194E-026
  7.328000E+00  1.00077876E-025
  7.413000E+00  1.28156576E-025
  7.499000E+00  1.71990270E-025
  7.586000E+00  2.16735607E-025
  7.674000E+00  2.20999303E-025
  7.762000E+00  2.15481600E-025
  7.852000E+00  2.09111144E-025
  7.943000E+00  1.73705699E-025
  8.035000E+00  1.30715198E-025
  8.128000E+00  1.01716117E-025
  8.222000E+00  8.69280847E-026
  8.318000E+00  8.15276091E-026
  8.414000E+00  8.27053001E-026
  8.511000E+00  9.46819224E-026
  8.610000E+00  1.05621155E-025
  8.710000E+00  8.44374259E-026
  8.811000E+00  5.97635119E-026
  8.913000E+00  4.55884074E-026
  9.016000E+00  3.77184461E-026
  9.120000E+00  3.29977525E-026
  9.226000E+00  2.99313108E-026
  9.333000E+00  2.78701846E-026
  9.441000E+00  2.64497151E-026
  9.550000E+00  2.54785843E-026
  9.660000E+00  2.48400638E-026
  9.772000E+00  2.44729658E-026
  9.885000E+00  2.43469237E-026
  1.000000E+01  2.44529237E-026
  1.012000E+01  2.48199815E-026
  1.023000E+01  2.54195111E-026
  1.035000E+01  2.64385328E-026
  1.047000E+01  2.80165856E-026
  1.059000E+01  3.06093897E-026
  1.072000E+01  3.47892860E-026
  1.084000E+01  4.05174513E-026
  1.097000E+01  5.40910483E-026
  1.109000E+01  8.69816040E-026
  1.122000E+01  2.17376651E-025
  1.135000E+01  1.70486860E-025
  1.148000E+01  1.11494202E-025
  1.161000E+01  7.91328867E-026
  1.175000E+01  7.27096576E-026
  1.189000E+01  8.08432705E-026
  1.202000E+01  8.54775587E-026
  1.216000E+01  7.88704263E-026
  1.230000E+01  7.77441191E-026
  1.244000E+01  9.09012391E-026
  1.259000E+01  1.11755555E-025
  1.273000E+01  1.05061508E-025
  1.288000E+01  7.54486644E-026
  1.303000E+01  6.07361406E-026
  1.318000E+01  5.59025998E-026
  1.334000E+01  5.80558740E-026
  1.349000E+01  6.00707744E-026
  1.365000E+01  5.34239734E-026
  1.380000E+01  4.72854646E-026
  1.396000E+01  4.48169080E-026
  1.412000E+01  4.64860285E-026
  1.429000E+01  4.46871609E-026
  1.445000E+01  4.09195216E-026
  1.462000E+01  3.93914487E-026
  1.479000E+01  3.88604648E-026
  1.496000E+01  3.87317564E-026
  1.514000E+01  3.88360900E-026
  1.531000E+01  3.91088269E-026
  1.549000E+01  3.96011601E-026
  1.567000E+01  4.04473820E-026
  1.585000E+01  4.20727457E-026
  1.603000E+01  4.34838163E-026
  1.622000E+01  4.73216943E-026
  1.641000E+01  6.37705123E-026
  1.660000E+01  5.71302505E-026
  1.679000E+01  5.64097258E-026
  1.698000E+01  5.89137252E-026
  1.718000E+01  5.86226461E-026
  1.738000E+01  5.88060862E-026
  1.758000E+01  4.99465741E-026
  1.778000E+01  4.72371830E-026
  1.799000E+01  4.43225298E-026
  1.820000E+01  4.14333223E-026
  1.841000E+01  4.00493842E-026
  1.862000E+01  3.91525333E-026
  1.884000E+01  3.84287943E-026
  1.906000E+01  3.77716345E-026
  1.927000E+01  3.71500841E-026
  1.950000E+01  3.65033523E-026
  1.972000E+01  3.59296130E-026
  1.995000E+01  3.53989033E-026
  2.018000E+01  3.49349141E-026
  2.042000E+01  3.45010087E-026
  2.065000E+01  3.41303187E-026
  2.089000E+01  3.37792177E-026
  2.114000E+01  3.34506326E-026
  2.138000E+01  3.31629100E-026
  2.163000E+01  3.28847845E-026
  2.188000E+01  3.26284450E-026
  2.213000E+01  3.23976185E-026
  2.239000E+01  3.21758466E-026
  2.265000E+01  3.19702162E-026
  2.291000E+01  3.17849635E-026
  2.317000E+01  3.16114400E-026
  2.344000E+01  3.14504016E-026
  2.371000E+01  3.13043938E-026
  2.399000E+01  3.11664553E-026
  2.427000E+01  3.10403801E-026
  2.455000E+01  3.09344572E-026
  2.483000E+01  3.08383410E-026
  2.512000E+01  3.07507699E-026
  2.541000E+01  3.06727579E-026
  2.570000E+01  3.06067466E-026
  2.600000E+01  3.05538815E-026
  2.630000E+01  3.05130069E-026
  2.661000E+01  3.04724192E-026
  2.692000E+01  3.04455042E-026
  2.723000E+01  3.04297096E-026
  2.754000E+01  3.04188089E-026
  2.786000E+01  3.04198073E-026
  2.818000E+01  3.04219069E-026
  2.851000E+01  3.04389292E-026
  2.884000E+01  3.04573959E-026
  2.917000E+01  3.04879742E-026
  2.951000E+01  3.05210317E-026
  2.985000E+01  3.05578216E-026
  3.020000E+01  3.06055537E-026
  3.055000E+01  3.06540300E-026
  3.090000E+01  3.07109927E-026
  3.126000E+01  3.07744805E-026
  3.162000E+01  3.08364279E-026
  3.199000E+01  3.09066548E-026
  3.236000E+01  3.09742113E-026
  3.273000E+01  3.10561544E-026
  3.311000E+01  3.11340138E-026
  3.350000E+01  3.12153739E-026
  3.388000E+01  3.12974886E-026
  3.428000E+01  3.13891501E-026
  3.467000E+01  3.14807948E-026
  3.508000E+01  3.15723966E-026
  3.548000E+01  3.16615491E-026
  3.589000E+01  3.17616659E-026
  3.631000E+01  3.18548226E-026
  3.673000E+01  3.19502355E-026
  3.715000E+01  3.20431592E-026
  3.758000E+01  3.21464108E-026
  3.802000E+01  3.22464183E-026
  3.846000E+01  3.23460037E-026
  3.890000E+01  3.24440626E-026
  3.935000E+01  3.25431431E-026
  3.981000E+01  3.26399551E-026
  4.027000E+01  3.27392240E-026
  4.074000E+01  3.28346062E-026
  4.121000E+01  3.29334689E-026
  4.169000E+01  3.30312117E-026
  4.217000E+01  3.31219791E-026
  4.266000E+01  3.32187282E-026
  4.315000E+01  3.33049252E-026
  4.365000E+01  3.33882137E-026
  4.416000E+01  3.34831660E-026
  4.467000E+01  3.35691354E-026
  4.519000E+01  3.36432483E-026
  4.571000E+01  3.37322803E-026
  4.624000E+01  3.38029850E-026
  4.677000E+01  3.38824518E-026
  4.731000E+01  3.39517956E-026
  4.786000E+01  3.40211481E-026
  4.842000E+01  3.40814660E-026
  4.898000E+01  3.41451756E-026
  4.954000E+01  3.42008732E-026
  5.012000E+01  3.42543125E-026
  5.070000E+01  3.43036132E-026
  5.129000E+01  3.43552094E-026
  5.188000E+01  3.43927257E-026
  5.248000E+01  3.44284231E-026
  5.309000E+01  3.44549300E-026
  5.370000E+01  3.44855588E-026
  5.433000E+01  3.45009553E-026
  5.495000E+01  3.45229088E-026
  5.559000E+01  3.45348217E-026
  5.623000E+01  3.45358109E-026
  5.688000E+01  3.45420568E-026
  5.754000E+01  3.45260468E-026
  5.821000E+01  3.45131307E-026
  5.888000E+01  3.44964387E-026
  5.957000E+01  3.44689091E-026
  6.026000E+01  3.44379874E-026
  6.095000E+01  3.43972499E-026
  6.166000E+01  3.43528651E-026
  6.237000E+01  3.42979105E-026
  6.310000E+01  3.42353884E-026
  6.383000E+01  3.41591465E-026
  6.457000E+01  3.40813195E-026
  6.531000E+01  3.40056207E-026
  6.607000E+01  3.39154663E-026
  6.683000E+01  3.38161957E-026
  6.761000E+01  3.37032766E-026
  6.839000E+01  3.35841781E-026
  6.918000E+01  3.34577324E-026
  6.998000E+01  3.33295100E-026
  7.079000E+01  3.31846100E-026
  7.161000E+01  3.30442188E-026
  7.244000E+01  3.28822076E-026
  7.328000E+01  3.27199577E-026
  7.413000E+01  3.25421167E-026
  7.499000E+01  3.23588014E-026
  7.586000E+01  3.21687077E-026
  7.674000E+01  3.19732440E-026
  7.762000E+01  3.17685961E-026
  7.852000E+01  3.15459722E-026
  7.943000E+01  3.13149078E-026
  8.035000E+01  3.10817177E-026
  8.128000E+01  3.08379231E-026
  8.222000E+01  3.05873879E-026
  8.318000E+01  3.03319539E-026
  8.414000E+01  3.00704426E-026
  8.511000E+01  2.97957461E-026
  8.610000E+01  2.95106217E-026
  8.710000E+01  2.92250954E-026
  8.811000E+01  2.89271563E-026
  8.912000E+01  2.86244560E-026
  9.016000E+01  2.83154586E-026
  9.120000E+01  2.80055097E-026
  9.226000E+01  2.76783720E-026
  9.332000E+01  2.73547323E-026
  9.441000E+01  2.70214674E-026
  9.550000E+01  2.66795091E-026
  9.661000E+01  2.63311889E-026
  9.772000E+01  2.59879360E-026
  9.886000E+01  2.56266199E-026
  1.000000E+02  2.52756536E-026
  1.012000E+02  2.49001501E-026
  1.023000E+02  2.45555858E-026
  1.035000E+02  2.41802027E-026
  1.047000E+02  2.38024691E-026
  1.059000E+02  2.34310215E-026
  1.072000E+02  2.30334144E-026
  1.084000E+02  2.26674448E-026
  1.097000E+02  2.22723327E-026
  1.109000E+02  2.19102112E-026
  1.122000E+02  2.15169422E-026
  1.135000E+02  2.11279746E-026
  1.148000E+02  2.07507430E-026
  1.161000E+02  2.03683588E-026
  1.175000E+02  1.99673570E-026
  1.188000E+02  1.95964944E-026
  1.202000E+02  1.92035172E-026
  1.216000E+02  1.88126303E-026
  1.230000E+02  1.84320413E-026
  1.244000E+02  1.80554466E-026
  1.259000E+02  1.76570057E-026
  1.273000E+02  1.72980267E-026
  1.288000E+02  1.69108390E-026
  1.303000E+02  1.65307347E-026
  1.318000E+02  1.61571402E-026
  1.334000E+02  1.57743259E-026
  1.349000E+02  1.54153277E-026
  1.365000E+02  1.50475441E-026
  1.380000E+02  1.47042636E-026
  1.396000E+02  1.43457493E-026
  1.412000E+02  1.39910754E-026
  1.429000E+02  1.36331129E-026
  1.445000E+02  1.32960123E-026
  1.462000E+02  1.29616960E-026
  1.479000E+02  1.26238691E-026
  1.496000E+02  1.22991560E-026
  1.514000E+02  1.19558173E-026
  1.531000E+02  1.16491603E-026
  1.549000E+02  1.13242851E-026
  1.567000E+02  1.10147320E-026
  1.585000E+02  1.07072043E-026
  1.603000E+02  1.04260095E-026
  1.622000E+02  1.01188063E-026
  1.641000E+02  9.82253763E-027
  1.660000E+02  9.53340004E-027
  1.679000E+02  9.25304377E-027
  1.698000E+02  9.00315655E-027
  1.718000E+02  8.72738318E-027
  1.738000E+02  8.45791527E-027
  1.758000E+02  8.19839631E-027
  1.778000E+02  7.94674433E-027
  1.799000E+02  7.69114837E-027
  1.820000E+02  7.46294395E-027
  1.841000E+02  7.22394667E-027
  1.862000E+02  6.99478668E-027
  1.884000E+02  6.76186265E-027
  1.906000E+02  6.53726897E-027
  1.928000E+02  6.33691018E-027
  1.950000E+02  6.12686258E-027
  1.972000E+02  5.92576223E-027
  1.995000E+02  5.72258297E-027
  2.018000E+02  5.52773345E-027
  2.042000E+02  5.34172231E-027
  2.065000E+02  5.16117034E-027
  2.089000E+02  4.98189559E-027
  2.114000E+02  4.80043440E-027
  2.138000E+02  4.63283898E-027
  2.163000E+02  4.46513674E-027
  2.188000E+02  4.31266992E-027
  2.213000E+02  4.15807278E-027
  2.239000E+02  4.00586960E-027
  2.265000E+02  3.85766506E-027
  2.291000E+02  3.71594360E-027
  2.317000E+02  3.58001900E-027
  2.344000E+02  3.45129975E-027
  2.371000E+02  3.32142664E-027
  2.399000E+02  3.19416415E-027
  2.427000E+02  3.07134753E-027
  2.455000E+02  2.95844613E-027
  2.483000E+02  2.84563340E-027
  2.512000E+02  2.73415995E-027
  2.541000E+02  2.62747166E-027
  2.570000E+02  2.52662530E-027
  2.600000E+02  2.42638974E-027
  2.630000E+02  2.33014919E-027
  2.661000E+02  2.23843319E-027
  2.691000E+02  2.15070949E-027
  2.723000E+02  2.06263140E-027
  2.754000E+02  1.98014631E-027
  2.786000E+02  1.90130017E-027
  2.818000E+02  1.82430740E-027
  2.851000E+02  1.74860778E-027
  2.884000E+02  1.67639491E-027
  2.917000E+02  1.60779594E-027
  2.951000E+02  1.54140914E-027
  2.985000E+02  1.47746569E-027
  3.020000E+02  1.41480141E-027
  3.055000E+02  1.35487930E-027
  3.090000E+02  1.29833324E-027
  3.126000E+02  1.24346910E-027
  3.162000E+02  1.19071673E-027
  3.199000E+02  1.13902512E-027
  3.236000E+02  1.09007179E-027
  3.273000E+02  1.04353997E-027
  3.311000E+02  9.98370884E-028
  3.350000E+02  9.54456859E-028
  3.388000E+02  9.13557586E-028
  3.428000E+02  8.72729523E-028
  3.467000E+02  8.34997067E-028
  3.508000E+02  7.97390558E-028
  3.548000E+02  7.62569058E-028
  3.589000E+02  7.28937260E-028
  3.631000E+02  6.96049791E-028
  3.673000E+02  6.65010130E-028
  3.715000E+02  6.35565180E-028
  3.758000E+02  6.06897137E-028
  3.802000E+02  5.79207922E-028
  3.846000E+02  5.52987157E-028
  3.890000E+02  5.28184353E-028
  3.935000E+02  5.04121456E-028
  3.981000E+02  4.80882103E-028
  4.027000E+02  4.58897445E-028
  4.074000E+02  4.37623034E-028
  4.121000E+02  4.17530533E-028
  4.169000E+02  3.98128900E-028
  4.217000E+02  3.79787201E-028
  4.266000E+02  3.62059534E-028
  4.315000E+02  3.45316643E-028
  4.365000E+02  3.29176498E-028
  4.416000E+02  3.13631980E-028
  4.467000E+02  2.98924758E-028
  4.519000E+02  2.84808085E-028
  4.571000E+02  2.71437583E-028
  4.624000E+02  2.58593771E-028
  4.677000E+02  2.46462861E-028
  4.731000E+02  2.34771168E-028
  4.786000E+02  2.23559798E-028
  4.842000E+02  2.12782723E-028
  4.898000E+02  2.02610559E-028
  4.955000E+02  1.92846286E-028
  5.012000E+02  1.83648835E-028
  5.070000E+02  1.74809914E-028
  5.129000E+02  1.66342059E-028
  5.188000E+02  1.58353604E-028
  5.248000E+02  1.50693573E-028
  5.309000E+02  1.43350811E-028
  5.370000E+02  1.36428524E-028
  5.432000E+02  1.29803409E-028
  5.495000E+02  1.23456752E-028
  5.559000E+02  1.17387732E-028
  5.623000E+02  1.11664975E-028
  5.688000E+02  1.06195789E-028
  5.754000E+02  1.00973402E-028
  5.821000E+02  9.59644180E-029
  5.888000E+02  9.12621630E-029
  5.957000E+02  8.66968715E-029
  6.026000E+02  8.24064802E-029
  6.095000E+02  7.83631042E-029
  6.166000E+02  7.44387968E-029
  6.237000E+02  7.07601084E-029
  6.310000E+02  6.71990064E-029
  6.383000E+02  6.38500695E-029
  6.457000E+02  6.06544421E-029
  6.531000E+02  5.76499535E-029
  6.607000E+02  5.47430079E-029
  6.683000E+02  5.20142111E-029
  6.761000E+02  4.93751780E-029
  6.839000E+02  4.69027910E-029
  6.918000E+02  4.45463309E-029
  6.998000E+02  4.22998225E-029
  7.080000E+02  4.01356622E-029
  7.161000E+02  3.81280261E-029
  7.244000E+02  3.61908430E-029
  7.328000E+02  3.43551971E-029
  7.413000E+02  3.26097145E-029
  7.499000E+02  3.09456226E-029
  7.586000E+02  2.93665047E-029
  7.674000E+02  2.78635211E-029
  7.762000E+02  2.64523093E-029
  7.852000E+02  2.51008682E-029
  7.943000E+02  2.38126008E-029
  8.035000E+02  2.25918209E-029
  8.128000E+02  2.14331186E-029
  8.222000E+02  2.03374759E-029
  8.318000E+02  1.92825869E-029
  8.414000E+02  1.82919717E-029
  8.511000E+02  1.73537204E-029
  8.610000E+02  1.64570823E-029
  8.710000E+02  1.56015387E-029
  8.810000E+02  1.48028044E-029
  8.912000E+02  1.40335144E-029
  9.016000E+02  1.33030928E-029
  9.120000E+02  1.26174148E-029
  9.226000E+02  1.19593855E-029
  9.333000E+02  1.13356830E-029
  9.441000E+02  1.07485833E-029
  9.550000E+02  1.01894313E-029
  9.660000E+02  9.66172238E-030
  9.772000E+02  9.15963306E-030
  9.885000E+02  8.68104138E-030
  1.000000E+03  8.22421184E-030
  1.012000E+03  7.77971543E-030
  1.023000E+03  7.39704799E-030
  1.035000E+03  7.00520427E-030
  1.047000E+03  6.63672813E-030
  1.059000E+03  6.29216260E-030
  1.072000E+03  5.94265411E-030
  1.084000E+03  5.64076767E-030
  1.096000E+03  5.35765612E-030
  1.109000E+03  5.06846585E-030
  1.122000E+03  4.79845944E-030
  1.135000E+03  4.54536282E-030
  1.148000E+03  4.30860633E-030
  1.161000E+03  4.08567273E-030
  1.175000E+03  3.86135859E-030
  1.188000E+03  3.66605265E-030
  1.202000E+03  3.46907315E-030
  1.216000E+03  3.28435931E-030
  1.230000E+03  3.11143793E-030
  1.244000E+03  2.94917171E-030
  1.259000E+03  2.78619142E-030
  1.274000E+03  2.63435777E-030
  1.288000E+03  2.50114217E-030
  1.303000E+03  2.36787135E-030
  1.318000E+03  2.24267557E-030
  1.334000E+03  2.11773746E-030
  1.349000E+03  2.00822738E-030
  1.365000E+03  1.89851080E-030
  1.380000E+03  1.80241705E-030
  1.396000E+03  1.70623756E-030
  1.412000E+03  1.61591050E-030
  1.429000E+03  1.52642836E-030
  1.445000E+03  1.44743555E-030
  1.462000E+03  1.36882733E-030
  1.479000E+03  1.29535015E-030
  1.496000E+03  1.22655497E-030
  1.514000E+03  1.15840150E-030
  1.531000E+03  1.09821484E-030
  1.549000E+03  1.03841831E-030
  1.567000E+03  9.82540441E-031
  1.585000E+03  9.30192523E-031
  1.603000E+03  8.81203684E-031
  1.622000E+03  8.32824297E-031
  1.641000E+03  7.87591088E-031
  1.660000E+03  7.45228285E-031
  1.679000E+03  7.05586480E-031
  1.698000E+03  6.68431140E-031
  1.718000E+03  6.31879151E-031
  1.738000E+03  5.97657084E-031
  1.758000E+03  5.65665328E-031
  1.778000E+03  5.35683837E-031
  1.799000E+03  5.06222526E-031
  1.820000E+03  4.78679548E-031
  1.841000E+03  4.52911110E-031
  1.862000E+03  4.28829303E-031
  1.884000E+03  4.05184059E-031
  1.906000E+03  3.83119556E-031
  1.928000E+03  3.62475380E-031
  1.950000E+03  3.43082398E-031
  1.972000E+03  3.25023600E-031
  1.995000E+03  3.07304061E-031
  2.018000E+03  2.90711909E-031
  2.042000E+03  2.74550869E-031
  2.065000E+03  2.60062518E-031
  2.089000E+03  2.45914407E-031
  2.114000E+03  2.32156196E-031
  2.138000E+03  2.19793442E-031
  2.163000E+03  2.07746952E-031
  2.188000E+03  1.96490993E-031
  2.213000E+03  1.85949719E-031
  2.239000E+03  1.75688071E-031
  2.265000E+03  1.66117375E-031
  2.291000E+03  1.57188363E-031
  2.317000E+03  1.48779210E-031
  2.344000E+03  1.40633525E-031
  2.371000E+03  1.33029955E-031
  2.399000E+03  1.25634728E-031
  2.427000E+03  1.18732959E-031
  2.455000E+03  1.12296733E-031
  2.483000E+03  1.06257975E-031
  2.512000E+03  1.00426098E-031
  2.541000E+03  9.49615020E-032
  2.570000E+03  8.98427177E-032
  2.600000E+03  8.49049746E-032
  2.630000E+03  8.02939476E-032
  2.661000E+03  7.58355005E-032
  2.692000E+03  7.16705930E-032
  2.723000E+03  6.77723897E-032
  2.754000E+03  6.41329155E-032
  2.786000E+03  6.06113174E-032
  2.818000E+03  5.73261746E-032
  2.851000E+03  5.41593983E-032
  2.884000E+03  5.11912350E-032
  2.917000E+03  4.84262390E-032
  2.951000E+03  4.57589129E-032
  2.985000E+03  4.32572245E-032
  3.020000E+03  4.08581705E-032
  3.055000E+03  3.86240717E-032
  3.090000E+03  3.65326398E-032
  3.126000E+03  3.45186269E-032
  3.162000E+03  3.26322007E-032
  3.199000E+03  3.08242414E-032
  3.236000E+03  2.91385809E-032
  3.273000E+03  2.75606279E-032
  3.311000E+03  2.60437641E-032
  3.350000E+03  2.45931096E-032
  3.388000E+03  2.32645675E-032
  3.428000E+03  2.19649984E-032
  3.467000E+03  2.07810297E-032
  3.508000E+03  1.96145204E-032
  3.548000E+03  1.85532065E-032
  3.589000E+03  1.75354685E-032
  3.631000E+03  1.65620902E-032
  3.673000E+03  1.56524038E-032
  3.715000E+03  1.48033452E-032
  3.758000E+03  1.39888121E-032
  3.802000E+03  1.32093870E-032
  3.846000E+03  1.24839416E-032
  3.890000E+03  1.18048535E-032
  3.936000E+03  1.11424938E-032
  3.981000E+03  1.05365120E-032
  4.027000E+03  9.95726892E-033
  4.074000E+03  9.40462980E-033
  4.121000E+03  8.88908020E-033
  4.169000E+03  8.39568078E-033
  4.217000E+03  7.93617596E-033
  4.266000E+03  7.49730307E-033
  4.315000E+03  7.08713656E-033
  4.365000E+03  6.69634781E-033
  4.416000E+03  6.32373165E-033
  4.467000E+03  5.97572900E-033
  4.519000E+03  5.64470291E-033
  4.571000E+03  5.33524425E-033
  4.624000E+03  5.04057275E-033
  4.677000E+03  4.76516394E-033
  4.732000E+03  4.49784916E-033
  4.786000E+03  4.25312069E-033
  4.842000E+03  4.01603905E-033
  4.898000E+03  3.79442527E-033
  4.954000E+03  3.58750191E-033
  5.012000E+03  3.38724606E-033
  5.070000E+03  3.20029157E-033
  5.129000E+03  3.02248549E-033
  5.188000E+03  2.85666347E-033
  5.248000E+03  2.69901324E-033
  5.309000E+03  2.54909601E-033
  5.370000E+03  2.40928562E-033
  5.432000E+03  2.27642286E-033
  5.495000E+03  2.15042247E-033
  5.559000E+03  2.03082150E-033
  5.623000E+03  1.91905122E-033
  5.688000E+03  1.81311008E-033
  5.754000E+03  1.71253680E-033
  5.821000E+03  1.61727697E-033
  5.888000E+03  1.52836039E-033
  5.957000E+03  1.44278184E-033
  6.026000E+03  1.36296048E-033
  6.095000E+03  1.28833146E-033
  6.166000E+03  1.21644598E-033
  6.237000E+03  1.14947131E-033
  6.310000E+03  1.08519355E-033
  6.383000E+03  1.02501023E-033
  6.456000E+03  9.69000449E-034
  6.531000E+03  9.15188510E-034
  6.607000E+03  8.64153523E-034
  6.683000E+03  8.16512371E-034
  6.761000E+03  7.71030253E-034
  6.839000E+03  7.28443592E-034
  6.918000E+03  6.88107966E-034
  6.998000E+03  6.50067176E-034
  7.080000E+03  6.13645446E-034
  7.161000E+03  5.79987500E-034
  7.244000E+03  5.47779531E-034
  7.328000E+03  5.17322412E-034
  7.413000E+03  4.88561928E-034
  7.499000E+03  4.61473348E-034
  7.586000E+03  4.35803974E-034
  7.674000E+03  4.11587425E-034
  7.762000E+03  3.88972169E-034
  7.852000E+03  3.67343817E-034
  7.943000E+03  3.46981809E-034
  8.035000E+03  3.27720167E-034
  8.128000E+03  3.09484182E-034
  8.222000E+03  2.92337789E-034
  8.318000E+03  2.76006019E-034
  8.414000E+03  2.60716909E-034
  8.511000E+03  2.46293913E-034
  8.610000E+03  2.32553965E-034
  8.710000E+03  2.19592125E-034
  8.810000E+03  2.07491233E-034
  8.912000E+03  1.96013552E-034
  9.016000E+03  1.85020956E-034
  9.120000E+03  1.74766227E-034
  9.226000E+03  1.65023841E-034
  9.332000E+03  1.55892279E-034
  9.441000E+03  1.47190418E-034
  9.550000E+03  1.39048911E-034
  9.660000E+03  1.31361184E-034
  9.772000E+03  1.24046690E-034
  9.886000E+03  1.17088122E-034
  1.000000E+04  1.10612683E-034
  1.012000E+04  1.06639537E-034
  1.023000E+04  1.03164030E-034
  1.035000E+04  9.95437841E-035
  1.047000E+04  9.60920304E-035
  1.059000E+04  9.27990253E-035
  1.072000E+04  8.94002394E-035
  1.084000E+04  8.64095378E-035
  1.096000E+04  8.35515409E-035
  1.109000E+04  8.05966550E-035
  1.122000E+04  7.77802633E-035
  1.135000E+04  7.50943050E-035
  1.148000E+04  7.25312786E-035
  1.161000E+04  7.00841963E-035
  1.175000E+04  6.75710802E-035
  1.188000E+04  6.53444899E-035
  1.202000E+04  6.30552346E-035
  1.216000E+04  6.08722039E-035
  1.230000E+04  5.87892798E-035
  1.244000E+04  5.68007640E-035
  1.259000E+04  5.47689482E-035
  1.274000E+04  5.28333354E-035
  1.288000E+04  5.11085691E-035
  1.303000E+04  4.93432750E-035
  1.318000E+04  4.76587007E-035
  1.334000E+04  4.59456384E-035
  1.349000E+04  4.44137207E-035
  1.365000E+04  4.28541248E-035
  1.380000E+04  4.14578952E-035
  1.396000E+04  4.00348986E-035
  1.412000E+04  3.86765355E-035
  1.429000E+04  3.73000253E-035
  1.445000E+04  3.60637418E-035
  1.462000E+04  3.48095445E-035
  1.479000E+04  3.36130399E-035
  1.496000E+04  3.24709376E-035
  1.514000E+04  3.13175444E-035
  1.531000E+04  3.02780180E-035
  1.549000E+04  2.92270471E-035
  1.567000E+04  2.82243122E-035
  1.585000E+04  2.72670693E-035
  1.603000E+04  2.63527600E-035
  1.622000E+04  2.54315981E-035
  1.641000E+04  2.45529977E-035
  1.660000E+04  2.37145220E-035
  1.679000E+04  2.29139003E-035
  1.698000E+04  2.21490146E-035
  1.718000E+04  2.13803072E-035
  1.738000E+04  2.06468569E-035
  1.758000E+04  1.99466603E-035
  1.778000E+04  1.92778494E-035
  1.799000E+04  1.86074711E-035
  1.820000E+04  1.79678933E-035
  1.841000E+04  1.73573630E-035
  1.862000E+04  1.67742461E-035
  1.884000E+04  1.61911043E-035
  1.906000E+04  1.56347415E-035
  1.928000E+04  1.51036348E-035
  1.950000E+04  1.45963643E-035
  1.972000E+04  1.41116050E-035
  1.995000E+04  1.36275382E-035
  2.018000E+04  1.31654042E-035
  2.042000E+04  1.27052311E-035
  2.065000E+04  1.22841780E-035
  2.089000E+04  1.18644582E-035
  2.114000E+04  1.14473742E-035
  2.138000E+04  1.10651991E-035
  2.163000E+04  1.06850082E-035
  2.188000E+04  1.03220666E-035
  2.213000E+04  9.97540541E-036
  2.239000E+04  9.63117674E-036
  2.265000E+04  9.30263078E-036
  2.291000E+04  8.98888313E-036
  2.317000E+04  8.68910867E-036
  2.344000E+04  8.39176870E-036
  2.371000E+04  8.10786170E-036
  2.399000E+04  7.82682538E-036
  2.427000E+04  7.55864688E-036
  2.455000E+04  7.30259822E-036
  2.483000E+04  7.05800038E-036
  2.512000E+04  6.81606272E-036
  2.541000E+04  6.58507162E-036
  2.570000E+04  6.36441415E-036
  2.600000E+04  6.14641344E-036
  2.630000E+04  5.93826820E-036
  2.661000E+04  5.73295319E-036
  2.692000E+04  5.53700586E-036
  2.723000E+04  5.34989741E-036
  2.754000E+04  5.17113448E-036
  2.786000E+04  4.99487059E-036
  2.818000E+04  4.82653572E-036
  2.851000E+04  4.66077815E-036
  2.884000E+04  4.50253218E-036
  2.917000E+04  4.35137669E-036
  2.951000E+04  4.20264166E-036
  2.985000E+04  4.06061500E-036
  3.020000E+04  3.92102366E-036
  3.055000E+04  3.78776366E-036
  3.090000E+04  3.66047977E-036
  3.126000E+04  3.53544481E-036
  3.162000E+04  3.41604496E-036
  3.199000E+04  3.29887025E-036
  3.236000E+04  3.18699808E-036
  3.273000E+04  3.08013164E-036
  3.311000E+04  2.97529651E-036
  3.350000E+04  2.87259520E-036
  3.388000E+04  2.77702741E-036
  3.428000E+04  2.68095805E-036
  3.467000E+04  2.59151316E-036
  3.508000E+04  2.50172313E-036
  3.548000E+04  2.41807936E-036
  3.589000E+04  2.33617228E-036
  3.631000E+04  2.25606091E-036
  3.673000E+04  2.17957321E-036
  3.715000E+04  2.10650646E-036
  3.758000E+04  2.03504658E-036
  3.802000E+04  1.96523369E-036
  3.846000E+04  1.89857970E-036
  3.890000E+04  1.83490784E-036
  3.936000E+04  1.77135138E-036
  3.981000E+04  1.71198698E-036
