# Zubko/ZDA BARE-GR-S model SED (this work), Mathis ISRF U =  2.00
# solver = heuristic
# columns: lambda[um]  lamI_total/NH  lamI_PAH/NH  lamI_GRA/NH  lamI_SIL/NH
#          [erg s^-1 cm^-2 sr^-1 H^-1]
  8.998430E-02  2.89381362E-042  1.91575022E-042  1.05138004E-044  9.67549606E-043
  9.120110E-02  5.25562756E-042  3.48769368E-042  1.94128136E-044  1.74852106E-042
  9.243430E-02  9.39980763E-042  6.30596197E-042  3.50470613E-044  3.05879860E-042
  9.368430E-02  1.66819034E-041  1.13229599E-041  6.24054012E-044  5.29653818E-042
  9.495110E-02  2.93670739E-041  2.01871967E-041  1.09213750E-043  9.07066345E-042
  9.623510E-02  5.13075231E-041  3.57360371E-041  1.84877622E-043  1.53866084E-041
  9.753640E-02  8.89830529E-041  6.28068105E-041  3.06534434E-043  2.58697079E-041
  9.885530E-02  1.53195882E-040  1.09592767E-040  5.04023182E-043  4.30990921E-041
  1.001920E-01  2.56332291E-040  1.84342059E-040  8.23574318E-043  7.11666570E-041
  1.015470E-01  4.31357269E-040  3.13928080E-040  1.35330724E-042  1.16075882E-040
  1.029200E-01  7.19080925E-040  5.29732243E-040  2.18141222E-042  1.87167270E-040
  1.043120E-01  1.18683092E-039  8.86128726E-040  3.40954563E-042  2.97292647E-040
  1.057220E-01  1.94578862E-039  1.46899676E-039  5.22659842E-042  4.71565258E-040
  1.071520E-01  3.17050735E-039  2.41528756E-039  7.91077226E-042  7.47309026E-040
  1.086010E-01  5.12795599E-039  3.93745973E-039  1.18719949E-041  1.17862426E-039
  1.100690E-01  8.23185695E-039  6.36500413E-039  1.75393960E-041  1.84931343E-039
  1.115580E-01  1.31215590E-038  1.02101469E-038  2.65263540E-041  2.88488575E-039
  1.130660E-01  2.07624626E-038  1.62433288E-038  4.20202805E-041  4.47711355E-039
  1.145950E-01  3.26083201E-038  2.56470842E-038  6.45266411E-041  6.89670929E-039
  1.161450E-01  5.08685459E-038  4.01936220E-038  1.00471854E-040  1.05744521E-038
  1.177150E-01  7.87619063E-038  6.25108123E-038  1.54551291E-040  1.60965428E-038
  1.193070E-01  1.21161039E-037  9.65448302E-038  2.37344267E-040  2.43788644E-038
  1.209210E-01  1.85130449E-037  1.48090790E-037  3.59618779E-040  3.66800405E-038
  1.225560E-01  2.80967288E-037  2.25578925E-037  5.45339731E-040  5.48430241E-038
  1.242130E-01  4.23677360E-037  3.41371743E-037  8.24670141E-040  8.14809465E-038
  1.258930E-01  6.35028218E-037  5.13445992E-037  1.24528574E-039  1.20336940E-037
  1.275950E-01  9.45987051E-037  7.67502187E-037  1.87908336E-039  1.76605781E-037
  1.293200E-01  1.40107872E-036  1.14071613E-036  2.85715788E-039  2.57505429E-037
  1.310690E-01  2.13809146E-036  1.76063087E-036  4.34095422E-039  3.73119642E-037
  1.328410E-01  3.15725899E-036  2.61337125E-036  6.62282419E-039  5.37264919E-037
  1.346380E-01  4.64457249E-036  3.86601376E-036  1.01370914E-038  7.68421637E-037
  1.364580E-01  6.80490498E-036  5.69810459E-036  1.54825730E-038  1.09131783E-036
  1.383040E-01  9.93685905E-036  8.37426238E-036  2.37011286E-038  1.53889554E-036
  1.401740E-01  1.44568977E-035  1.22683841E-035  3.61752990E-038  2.15233832E-036
  1.420690E-01  2.09524161E-035  1.79228029E-035  5.52413305E-038  2.97437182E-036
  1.439900E-01  3.02310442E-035  2.61182349E-035  8.45267795E-038  4.02828248E-036
  1.459370E-01  4.34391898E-035  3.79712166E-035  1.29747663E-037  5.33822557E-036
  1.479110E-01  6.22635111E-035  5.50893001E-035  2.00405731E-037  6.97380534E-036
  1.499110E-01  8.90885430E-035  7.97534748E-035  3.09056339E-037  9.02601189E-036
  1.519380E-01  1.27283618E-034  1.15246410E-034  4.76200005E-037  1.15610077E-035
  1.539930E-01  1.81572523E-034  1.66271976E-034  7.28817577E-037  1.45717296E-035
  1.560750E-01  2.58930615E-034  2.39490666E-034  1.11212911E-036  1.83278195E-035
  1.581860E-01  3.69220899E-034  3.44529324E-034  1.69137769E-036  2.30001969E-035
  1.603250E-01  5.26002596E-034  4.94992305E-034  2.55888553E-036  2.84514052E-035
  1.624930E-01  7.49840198E-034  7.10428039E-034  3.88280347E-036  3.55293558E-035
  1.646900E-01  1.06806918E-033  1.01867542E-033  5.84769766E-036  4.35460632E-035
  1.669170E-01  1.52219035E-033  1.45970489E-033  8.82120719E-036  5.36642536E-035
  1.691740E-01  2.16945907E-033  2.09056169E-033  1.32525579E-035  6.56448230E-035
  1.714620E-01  3.09291945E-033  2.99204666E-033  1.99382403E-035  8.09345566E-035
  1.737800E-01  4.40641791E-033  4.27662671E-033  2.99240798E-035  9.98671208E-035
  1.761300E-01  6.27464587E-033  6.10867723E-033  4.46215224E-035  1.21347118E-034
  1.785120E-01  8.93395187E-033  8.72301373E-033  6.61527604E-035  1.44785383E-034
  1.809260E-01  1.27282515E-032  1.24572400E-032  9.81276681E-035  1.72883846E-034
  1.833720E-01  1.81552849E-032  1.77983195E-032  1.46157329E-034  2.10807998E-034
  1.858520E-01  2.59269485E-032  2.54566189E-032  2.16736069E-034  2.53593535E-034
  1.883650E-01  3.70729654E-032  3.64525484E-032  3.20167317E-034  3.00249642E-034
  1.909120E-01  5.30965357E-032  5.22701578E-032  4.71524435E-034  3.54853517E-034
  1.934940E-01  7.61674451E-032  7.50507500E-032  6.90806080E-034  4.25889038E-034
  1.961100E-01  1.09333821E-031  1.07824665E-031  1.00468403E-033  5.04472571E-034
  1.987620E-01  1.56906697E-031  1.54868870E-031  1.44917055E-033  5.88656197E-034
  2.014500E-01  2.24710509E-031  2.21958419E-031  2.05785383E-033  6.94236437E-034
  2.041740E-01  3.20230612E-031  3.16535751E-031  2.86561735E-033  8.29243115E-034
  2.069350E-01  4.52443345E-031  4.47542578E-031  3.92064541E-033  9.80121896E-034
  2.097330E-01  6.30873715E-031  6.24470599E-031  5.25832550E-033  1.14479046E-033
  2.125690E-01  8.64011644E-031  8.55795516E-031  6.85112416E-033  1.36500349E-033
  2.154430E-01  1.15711895E-030  1.14681876E-030  8.66468928E-033  1.63550414E-033
  2.183570E-01  1.51126733E-030  1.49869996E-030  1.06012136E-032  1.96615848E-033
  2.213090E-01  1.92343259E-030  1.90851148E-030  1.25389625E-032  2.38214767E-033
  2.243020E-01  2.39080499E-030  2.37329597E-030  1.45944373E-032  2.91458394E-033
  2.273350E-01  2.91308805E-030  2.89260030E-030  1.69024228E-032  3.58532799E-033
  2.304090E-01  3.49598483E-030  3.47206197E-030  1.95008868E-032  4.42197188E-033
  2.335250E-01  4.15189380E-030  4.12410866E-030  2.23241038E-032  5.46103440E-033
  2.366830E-01  4.89952862E-030  4.86741421E-030  2.53617300E-032  6.75268219E-033
  2.398830E-01  5.76360920E-030  5.72639012E-030  2.88818929E-032  8.33718399E-033
  2.431270E-01  6.77481779E-030  6.73134787E-030  3.31608272E-032  1.03090920E-032
  2.464150E-01  7.96857879E-030  7.91766393E-030  3.82038106E-032  1.27110430E-032
  2.497470E-01  9.38651358E-030  9.32676396E-030  4.41235370E-032  1.56260869E-032
  2.531240E-01  1.10780883E-029  1.10076188E-029  5.14567258E-032  1.90127686E-032
  2.565470E-01  1.31008960E-029  1.30178510E-029  5.99925191E-032  2.30524569E-032
  2.600160E-01  1.55228608E-029  1.54247422E-029  7.02639184E-032  2.78546876E-032
  2.635320E-01  1.84241524E-029  1.83081537E-029  8.24553951E-032  3.35432335E-032
  2.670960E-01  2.18993562E-029  2.17627303E-029  9.63428837E-032  4.02829994E-032
  2.707070E-01  2.60577129E-029  2.58973517E-029  1.12118533E-031  4.82427229E-032
  2.743680E-01  3.10332284E-029  3.08453611E-029  1.30249941E-031  5.76173804E-032
  2.780780E-01  3.69797621E-029  3.67582096E-029  1.52993451E-031  6.85590420E-032
  2.818380E-01  4.40765094E-029  4.38165142E-029  1.78630263E-031  8.13649898E-032
  2.856490E-01  5.25361159E-029  5.22320724E-029  2.07731859E-031  9.63116534E-032
  2.895120E-01  6.26088892E-029  6.22526646E-029  2.42530511E-031  1.13694157E-031
  2.934270E-01  7.45815401E-029  7.41652218E-029  2.82467237E-031  1.33851100E-031
  2.973950E-01  8.87919586E-029  8.83061807E-029  3.28624448E-031  1.57153431E-031
  3.014160E-01  1.05626762E-028  1.05061906E-028  3.80797250E-031  1.84058610E-031
  3.054920E-01  1.20777295E-028  1.20122719E-028  4.39515462E-031  2.15060033E-031
  3.096230E-01  1.41236960E-028  1.40480999E-028  5.05272077E-031  2.50689585E-031
  3.138100E-01  1.64672416E-028  1.63797901E-028  5.83223666E-031  2.91291946E-031
  3.180530E-01  1.91411598E-028  1.90402559E-028  6.71380570E-031  3.37658652E-031
  3.223540E-01  2.21815253E-028  2.20654448E-028  7.70277733E-031  3.90527219E-031
  3.267130E-01  2.56240834E-028  2.54908789E-028  8.81384911E-031  4.50660014E-031
  3.311310E-01  2.95061480E-028  2.93530644E-028  1.01198058E-030  5.18855326E-031
  3.356090E-01  3.38614961E-028  3.36860225E-028  1.15865625E-030  5.96080228E-031
  3.401470E-01  3.87200645E-028  3.85194486E-028  1.32283342E-030  6.83325373E-031
  3.447470E-01  4.41044553E-028  4.38755394E-028  1.50751629E-030  7.81642595E-031
  3.494080E-01  5.00192175E-028  4.97578121E-028  1.72225380E-030  8.91800008E-031
  3.541330E-01  5.64446000E-028  5.61467733E-028  1.96283400E-030  1.01543321E-030
  3.589220E-01  6.33125759E-028  6.29740267E-028  2.23162127E-030  1.15387070E-030
  3.637750E-01  7.04780876E-028  7.00941246E-028  2.53107875E-030  1.30855088E-030
  3.686950E-01  7.76816494E-028  7.72470832E-028  2.86476316E-030  1.48089851E-030
  3.736800E-01  8.44858853E-028  8.39951021E-028  3.23527763E-030  1.67255460E-030
  3.787330E-01  9.02936434E-028  8.97405259E-028  3.64572461E-030  1.88545089E-030
  3.838550E-01  9.45496275E-028  9.39275569E-028  4.09945037E-030  2.12125549E-030
  3.890450E-01  9.73038315E-028  9.66056757E-028  4.59979990E-030  2.38175873E-030
  3.943060E-01  9.96274674E-028  9.88454683E-028  5.15056430E-030  2.66942615E-030
  3.996380E-01  1.03009791E-027  1.02135604E-027  5.75541795E-030  2.98645383E-030
  4.050420E-01  1.08386023E-027  1.07411419E-027  6.41239059E-030  3.33365640E-030
  4.105190E-01  1.15923496E-027  1.14839080E-027  7.12955268E-030  3.71460956E-030
  4.160700E-01  1.25290694E-027  1.24086383E-027  7.91115488E-030  4.13195876E-030
  4.216970E-01  1.35944984E-027  1.34609990E-027  8.76146022E-030  4.58847739E-030
  4.273990E-01  1.47297850E-027  1.45820751E-027  9.68418780E-030  5.08679882E-030
  4.331780E-01  1.58620812E-027  1.56989449E-027  1.06837211E-029  5.62991176E-030
  4.390360E-01  1.68727769E-027  1.66927777E-027  1.17786847E-029  6.22124024E-030
  4.449730E-01  1.75832892E-027  1.73848170E-027  1.29856897E-029  6.86152552E-030
  4.509900E-01  1.77818870E-027  1.75633884E-027  1.42945785E-029  7.55527641E-030
  4.570880E-01  1.73129456E-027  1.70728168E-027  1.57067257E-029  8.30615861E-030
  4.632690E-01  1.62237449E-027  1.59602908E-027  1.72276840E-029  9.11772296E-030
  4.695340E-01  1.48094667E-027  1.45209051E-027  1.88626803E-029  9.99347830E-030
  4.758830E-01  1.34098801E-027  1.30943461E-027  2.06164688E-029  1.09369230E-029
  4.823180E-01  1.21866929E-027  1.18422294E-027  2.24944983E-029  1.19518479E-029
  4.888400E-01  1.11172940E-027  1.07413443E-027  2.45535448E-029  1.30414186E-029
  4.954500E-01  1.01027797E-027  9.69235802E-028  2.68331118E-029  1.42090509E-029
  5.021500E-01  9.07580995E-028  8.62842062E-028  2.92793731E-029  1.54595600E-029
  5.089400E-01  8.06096250E-028  7.57399885E-028  3.18997152E-029  1.67966501E-029
  5.158220E-01  7.13611916E-028  6.60684754E-028  3.47027058E-029  1.82244562E-029
  5.227970E-01  6.35155498E-028  5.77712461E-028  3.76961119E-029  1.97469250E-029
  5.298670E-01  5.70435447E-028  5.08178488E-028  4.08885592E-029  2.13683998E-029
  5.370320E-01  5.16409662E-028  4.49029954E-028  4.42870953E-029  2.30926125E-029
  5.442940E-01  4.70231775E-028  3.97408176E-028  4.78999489E-029  2.49236501E-029
  5.516540E-01  4.30735117E-028  3.52101316E-028  5.17693468E-029  2.68644551E-029
  5.591140E-01  3.97867109E-028  3.12939153E-028  5.60129603E-029  2.89149958E-029
  5.666740E-01  3.71183485E-028  2.79573261E-028  6.05270609E-029  3.10831630E-029
  5.743370E-01  3.49841302E-028  2.51144088E-028  6.53236589E-029  3.33735544E-029
  5.821030E-01  3.32872490E-028  2.26669660E-028  7.04136416E-029  3.57891879E-029
  5.899750E-01  3.19519153E-028  2.05375214E-028  7.58092031E-029  3.83347358E-029
  5.979530E-01  3.09310252E-028  1.86776300E-028  8.15209151E-029  4.10130373E-029
  6.060380E-01  3.01898003E-028  1.70511355E-028  8.75591037E-029  4.38275440E-029
  6.142330E-01  2.96951825E-028  1.56232508E-028  9.39368792E-029  4.67824370E-029
  6.225390E-01  2.94164422E-028  1.43618653E-028  1.00665088E-028  4.98806811E-029
  6.309570E-01  2.93275742E-028  1.32396659E-028  1.07753973E-028  5.31251098E-029
  6.394890E-01  2.94082024E-028  1.22347865E-028  1.15214854E-028  5.65193047E-029
  6.481370E-01  2.96421819E-028  1.13296235E-028  1.23059295E-028  6.00662891E-029
  6.569010E-01  3.00172033E-028  1.05099515E-028  1.31304783E-028  6.37677356E-029
  6.657840E-01  3.05372472E-028  9.76372198E-029  1.40106289E-028  6.76289640E-029
  6.747870E-01  3.11809988E-028  9.08122214E-029  1.49347400E-028  7.16503666E-029
  6.839120E-01  3.19419716E-028  8.45439933E-029  1.59041851E-028  7.58338710E-029
  6.931600E-01  3.28149328E-028  7.87666684E-029  1.69200883E-028  8.01817765E-029
  7.025330E-01  3.37972669E-028  7.34248456E-029  1.79851846E-028  8.46959772E-029
  7.120330E-01  3.48893328E-028  6.84719850E-029  1.91041963E-028  8.93793805E-029
  7.216610E-01  3.60845195E-028  6.38688582E-029  2.02744771E-028  9.42315660E-029
  7.314200E-01  3.73810083E-028  5.95820793E-029  2.14973854E-028  9.92541494E-029
  7.413100E-01  3.87771792E-028  5.55839502E-029  2.27741145E-028  1.04446697E-028
  7.513350E-01  4.02720194E-028  5.18494397E-029  2.41059885E-028  1.09810869E-028
  7.614940E-01  4.18641767E-028  4.83585234E-029  2.54937520E-028  1.15345725E-028
  7.717920E-01  4.35537384E-028  4.50919632E-029  2.69392664E-028  1.21052757E-028
  7.822280E-01  4.53392852E-028  4.20349479E-029  2.84427975E-028  1.26929929E-028
  7.928060E-01  4.72210364E-028  3.91727658E-029  3.00059596E-028  1.32978003E-028
  8.035260E-01  4.92025303E-028  3.64937764E-029  3.16347656E-028  1.39183871E-028
  8.143920E-01  5.12899209E-028  3.39865784E-029  3.33375250E-028  1.45537380E-028
  8.254040E-01  5.34746522E-028  3.16417935E-029  3.51051469E-028  1.52053259E-028
  8.365660E-01  5.57575127E-028  2.94503595E-029  3.69393322E-028  1.58731445E-028
  8.478780E-01  5.81376212E-028  2.74046737E-029  3.88403330E-028  1.65568208E-028
  8.593430E-01  6.06156731E-028  2.54974595E-029  4.08096776E-028  1.72562495E-028
  8.709640E-01  6.31916444E-028  2.37219141E-029  4.28483230E-028  1.79711301E-028
  8.827410E-01  6.58648049E-028  2.20723706E-029  4.49566081E-028  1.87009597E-028
  8.946780E-01  6.86357277E-028  2.05430145E-029  4.71356747E-028  1.94457515E-028
  9.067760E-01  7.15169474E-028  1.91286793E-029  4.94008609E-028  2.02032186E-028
  9.190380E-01  7.45076174E-028  1.78246855E-029  5.17517452E-028  2.09734037E-028
  9.314650E-01  7.75983409E-028  1.66264251E-029  5.41789462E-028  2.17567521E-028
  9.440610E-01  8.07901155E-028  1.55297427E-029  5.66838442E-028  2.25532970E-028
  9.568270E-01  8.40820084E-028  1.45306856E-029  5.92667693E-028  2.33621705E-028
  9.697650E-01  8.74732878E-028  1.36256264E-029  6.19277563E-028  2.41829688E-028
  9.828790E-01  9.09650472E-028  1.28108763E-029  6.46687822E-028  2.50151773E-028
  9.961700E-01  9.45555751E-028  1.20833875E-029  6.74887794E-028  2.58584569E-028
  1.009640E+00  9.82890435E-028  1.14400131E-029  7.04314017E-028  2.67136405E-028
  1.023290E+00  1.02142289E-027  1.08779680E-029  7.34752873E-028  2.75792054E-028
  1.037130E+00  1.06102341E-027  1.03943080E-029  7.66081629E-028  2.84547468E-028
  1.051150E+00  1.10163855E-027  9.98695708E-030  7.98267661E-028  2.93383935E-028
  1.065370E+00  1.14333267E-027  9.65315045E-030  8.31369878E-028  3.02309638E-028
  1.079780E+00  1.18604809E-027  9.39114399E-030  8.65348463E-028  3.11308485E-028
  1.094380E+00  1.22976422E-027  9.19901830E-030  9.00194156E-028  3.20371047E-028
  1.109170E+00  1.27446472E-027  9.07500699E-030  9.35901406E-028  3.29488306E-028
  1.124170E+00  1.32021577E-027  9.01745664E-030  9.72529744E-028  3.38668571E-028
  1.139380E+00  1.36832415E-027  9.02516849E-030  1.01141736E-027  3.47881630E-028
  1.154780E+00  1.41780511E-027  9.09694614E-030  1.05159289E-027  3.57115272E-028
  1.170400E+00  1.46847496E-027  9.23199294E-030  1.09285443E-027  3.66388546E-028
  1.186220E+00  1.52021813E-027  9.42937231E-030  1.13511234E-027  3.75676413E-028
  1.202260E+00  1.57311575E-027  9.68877793E-030  1.17843962E-027  3.84987355E-028
  1.218520E+00  1.62714627E-027  1.00099237E-029  1.22282599E-027  3.94310354E-028
  1.235000E+00  1.68228323E-027  1.03926827E-029  1.26825664E-027  4.03633903E-028
  1.251700E+00  1.73882894E-027  1.08371144E-029  1.31477846E-027  4.13213358E-028
  1.268630E+00  1.79709710E-027  1.13437978E-029  1.36291804E-027  4.22835266E-028
  1.285780E+00  1.85646411E-027  1.19128871E-029  1.41210424E-027  4.32446981E-028
  1.303170E+00  1.91701256E-027  1.25457593E-029  1.46241176E-027  4.42055045E-028
  1.320790E+00  1.97908257E-027  1.32430272E-029  1.51415576E-027  4.51683776E-028
  1.338650E+00  2.04237083E-027  1.40062362E-029  1.56706779E-027  4.61296807E-028
  1.356750E+00  2.10679977E-027  1.48367536E-029  1.62108423E-027  4.70878782E-028
  1.375100E+00  2.17239551E-027  1.57367393E-029  1.67623007E-027  4.80428702E-028
  1.393690E+00  2.23973783E-027  1.67075331E-029  1.73311946E-027  4.89910838E-028
  1.412540E+00  2.30840774E-027  1.77522727E-029  1.79130851E-027  4.99346960E-028
  1.431640E+00  2.37821523E-027  1.88728655E-029  1.85062212E-027  5.08720243E-028
  1.451000E+00  2.44918682E-027  2.00724855E-029  1.91108490E-027  5.18029434E-028
  1.470620E+00  2.52245633E-027  2.13540229E-029  1.97384399E-027  5.27258316E-028
  1.490500E+00  2.59768436E-027  2.27206613E-029  2.03856329E-027  5.36400411E-028
  1.510660E+00  2.67424197E-027  2.41773192E-029  2.10459924E-027  5.45465409E-028
  1.531090E+00  2.75202864E-027  2.57270609E-029  2.17186717E-027  5.54434409E-028
  1.551790E+00  2.83114113E-027  2.73740287E-029  2.24047589E-027  5.63291208E-028
  1.572780E+00  2.91280290E-027  2.91242857E-029  2.31171625E-027  5.71962368E-028
  1.594040E+00  2.99567956E-027  3.09809684E-029  2.38418989E-027  5.80508706E-028
  1.615600E+00  3.07992616E-027  3.29519364E-029  2.45803125E-027  5.88942969E-028
  1.637440E+00  3.16537623E-027  3.50410665E-029  2.53309238E-027  5.97242785E-028
  1.659590E+00  3.25220670E-027  3.72572975E-029  2.60949747E-027  6.05451931E-028
  1.682030E+00  3.34025812E-027  3.96053690E-029  2.68709187E-027  6.13560887E-028
  1.704770E+00  3.42953059E-027  4.20933643E-029  2.76590978E-027  6.21527438E-028
  1.727830E+00  3.52011342E-027  4.47313159E-029  2.84602557E-027  6.29356535E-028
  1.751190E+00  3.61183073E-027  4.75253106E-029  2.92727703E-027  6.37028385E-028
  1.774870E+00  3.70507176E-027  5.04868646E-029  3.00997651E-027  6.44608392E-028
  1.798870E+00  3.80122651E-027  5.36259879E-029  3.09523408E-027  6.52366445E-028
  1.823200E+00  3.89870296E-027  5.69548033E-029  3.18177108E-027  6.59977080E-028
  1.847850E+00  3.99737902E-027  6.04838744E-029  3.26946810E-027  6.67427043E-028
  1.872840E+00  4.09735674E-027  6.42289552E-029  3.35840551E-027  6.74722267E-028
  1.898160E+00  4.19850714E-027  6.82028909E-029  3.44845378E-027  6.81850472E-028
  1.923830E+00  4.30262653E-027  7.24245399E-029  3.54134206E-027  6.88859931E-028
  1.949840E+00  4.40899115E-027  7.69096466E-029  3.63635905E-027  6.95722451E-028
  1.976210E+00  4.51676054E-027  8.16811102E-029  3.73266118E-027  7.02418247E-028
  2.002930E+00  4.62581100E-027  8.67586161E-029  3.83011606E-027  7.08936329E-028
  2.030020E+00  4.73624013E-027  9.21701755E-029  3.92878827E-027  7.15281676E-028
  2.057470E+00  4.84793425E-027  9.79408389E-029  4.02854869E-027  7.21444721E-028
  2.085290E+00  4.96179000E-027  1.04103105E-028  4.13027986E-027  7.27407037E-028
  2.113490E+00  5.07743663E-027  1.10694229E-028  4.23356369E-027  7.33178714E-028
  2.142070E+00  5.19449346E-027  1.17753362E-028  4.33780625E-027  7.38933845E-028
  2.171030E+00  5.31288942E-027  1.25325778E-028  4.44298879E-027  7.44574859E-028
  2.200390E+00  5.43273893E-027  1.33469211E-028  4.54923585E-027  7.50033872E-028
  2.230150E+00  5.55479624E-027  1.42244328E-028  4.65735674E-027  7.55195170E-028
  2.260300E+00  5.67869538E-027  1.51718951E-028  4.76680791E-027  7.60168518E-028
  2.290870E+00  5.80618847E-027  1.61984128E-028  4.87921826E-027  7.64986081E-028
  2.321850E+00  5.93532524E-027  1.73136428E-028  4.99257662E-027  7.69612197E-028
  2.353240E+00  6.06612004E-027  1.85291074E-028  5.10678539E-027  7.74043577E-028
  2.385060E+00  6.19877638E-027  1.98597248E-028  5.22189247E-027  7.78286661E-028
  2.417320E+00  6.33343378E-027  2.13229148E-028  5.33786292E-027  7.82341714E-028
  2.450000E+00  6.47347537E-027  2.29387090E-028  5.45783323E-027  7.86255049E-028
  2.483130E+00  6.61679182E-027  2.47341127E-028  5.57943831E-027  7.90012378E-028
  2.516710E+00  6.76159304E-027  2.67414271E-028  5.70045468E-027  7.93724084E-028
  2.550740E+00  6.90937536E-027  2.90012451E-028  5.82211499E-027  7.97247918E-028
  2.585230E+00  7.06060863E-027  3.15659553E-028  5.94436246E-027  8.00586616E-028
  2.620190E+00  7.21592964E-027  3.45037784E-028  6.06715012E-027  8.03741734E-028
  2.655620E+00  7.37610985E-027  3.79032540E-028  6.19036456E-027  8.06712755E-028
  2.691530E+00  7.54228958E-027  4.18840279E-028  6.31394824E-027  8.09501066E-028
  2.727930E+00  7.71604970E-027  4.66092152E-028  6.43784788E-027  8.12109668E-028
  2.764820E+00  7.90029044E-027  5.23045319E-028  6.56265607E-027  8.14589053E-028
  2.802210E+00  8.09975734E-027  5.92937660E-028  6.68978346E-027  8.17036219E-028
  2.840100E+00  8.31685857E-027  6.80492687E-028  6.81705690E-027  8.19308982E-028
  2.878500E+00  8.55873874E-027  7.92894200E-028  6.94443388E-027  8.21410661E-028
  2.917430E+00  8.83673455E-027  9.41491166E-028  7.07189839E-027  8.23344995E-028
  2.956880E+00  9.16918751E-027  1.14484640E-027  7.19922946E-027  8.25111644E-028
  2.996860E+00  9.58847903E-027  1.43538832E-027  7.32637709E-027  8.26713615E-028
  3.037390E+00  1.01553382E-026  1.87386039E-027  7.45332238E-027  8.28155473E-028
  3.078460E+00  1.09934018E-026  2.58412077E-027  7.57984467E-027  8.29436377E-028
  3.120090E+00  1.23931042E-026  3.85334299E-027  7.70871716E-027  8.31044045E-028
  3.162280E+00  1.51453673E-026  6.47233262E-027  7.84003080E-027  8.33003869E-028
  3.205040E+00  2.21130129E-026  1.33073191E-026  7.97087497E-027  8.34818808E-028
  3.248380E+00  5.02320016E-026  4.12943472E-026  8.10116156E-027  8.36492891E-028
  3.292300E+00  2.93541000E-025  2.84472848E-025  8.23067068E-027  8.37481002E-028
  3.336820E+00  8.44241634E-026  7.52266620E-026  8.35943702E-027  8.38064355E-028
  3.381950E+00  2.86144802E-026  1.92885998E-026  8.48736777E-027  8.38512554E-028
  3.427680E+00  1.81263406E-026  8.67192058E-027  8.61599065E-027  8.38429387E-028
  3.474030E+00  1.46326880E-026  5.04984397E-027  8.74492628E-027  8.37917793E-028
  3.521010E+00  1.31219755E-026  3.41190109E-027  8.87279503E-027  8.37279363E-028
  3.568620E+00  1.23786449E-026  2.54270735E-027  8.99941908E-027  8.36518476E-028
  3.616870E+00  1.19930897E-026  2.03275948E-027  9.12469262E-027  8.35637618E-028
  3.665780E+00  1.17987572E-026  1.71330372E-027  9.25088481E-027  8.34568623E-028
  3.715350E+00  1.17172436E-026  1.50472667E-027  9.37924626E-027  8.33270699E-028
  3.765590E+00  1.17034357E-026  1.36541175E-027  9.50615518E-027  8.31868769E-028
  3.816510E+00  1.17337874E-026  1.27195472E-027  9.63146657E-027  8.30366149E-028
  3.868120E+00  1.17942538E-026  1.21040887E-027  9.75507656E-027  8.28768379E-028
  3.920430E+00  1.18798852E-026  1.17208206E-027  9.88072188E-027  8.27081284E-028
  3.973440E+00  1.19816576E-026  1.15136898E-027  1.00049800E-026  8.25308710E-028
  4.027170E+00  1.20952926E-026  1.14455994E-027  1.01272766E-026  8.23456058E-028
  4.081630E+00  1.22181868E-026  1.14917689E-027  1.02474809E-026  8.21528979E-028
  4.136820E+00  1.23485324E-026  1.16356397E-027  1.03655004E-026  8.19468035E-028
  4.192760E+00  1.24853985E-026  1.18664721E-027  1.04822103E-026  8.16540970E-028
  4.249460E+00  1.26278561E-026  1.21778587E-027  1.05965154E-026  8.13554830E-028
  4.306920E+00  1.27754712E-026  1.25667140E-027  1.07082861E-026  8.10513749E-028
  4.365160E+00  1.29281257E-026  1.30330712E-027  1.08173946E-026  8.07423985E-028
  4.424190E+00  1.30860313E-026  1.35797524E-027  1.09237656E-026  8.04290469E-028
  4.484010E+00  1.32552311E-026  1.42125115E-027  1.10320945E-026  8.01885441E-028
  4.544650E+00  1.34315600E-026  1.49411207E-027  1.11379470E-026  7.99500909E-028
  4.606100E+00  1.36158677E-026  1.57797955E-027  1.12408003E-026  7.97087857E-028
  4.668390E+00  1.38102994E-026  1.67503826E-027  1.13406077E-026  7.94653451E-028
  4.731510E+00  1.40179178E-026  1.78854032E-027  1.14371771E-026  7.92200407E-028
  4.795490E+00  1.42485263E-026  1.92372857E-027  1.15345213E-026  7.90276398E-028
  4.860340E+00  1.45128144E-026  2.08942573E-027  1.16342902E-026  7.89098437E-028
  4.926060E+00  1.48203737E-026  2.30184281E-027  1.17306120E-026  7.87918853E-028
  4.992680E+00  1.52047818E-026  2.59450753E-027  1.18235309E-026  7.86743287E-028
  5.060190E+00  1.57403965E-026  3.04638201E-027  1.19075612E-026  7.86453288E-028
  5.128610E+00  1.66473833E-026  3.87392349E-027  1.19871857E-026  7.86274052E-028
  5.197970E+00  1.85023878E-026  5.65244283E-027  1.20628962E-026  7.87048758E-028
  5.268250E+00  2.07981325E-026  7.87475458E-027  1.21344287E-026  7.88949273E-028
  5.339490E+00  1.95773523E-026  6.58444274E-027  1.22020255E-026  7.90884026E-028
  5.411700E+00  1.86640204E-026  5.60560497E-027  1.22655571E-026  7.92858308E-028
  5.484870E+00  1.90384984E-026  5.91876574E-027  1.23248560E-026  7.94876697E-028
  5.559040E+00  2.06187058E-026  7.43730707E-027  1.23832265E-026  7.98172252E-028
  5.634210E+00  2.42864491E-026  1.10451690E-026  1.24391034E-026  8.02176689E-028
  5.710400E+00  2.77237805E-026  1.44229944E-026  1.24928471E-026  8.07939008E-028
  5.787620E+00  2.54856843E-026  1.21295068E-026  1.25423591E-026  8.13818474E-028
  5.865880E+00  2.50096899E-026  1.16023447E-026  1.25875562E-026  8.19789026E-028
  5.945200E+00  2.76038596E-026  1.41440595E-026  1.26331648E-026  8.26635259E-028
  6.025600E+00  3.47528634E-026  2.12396148E-026  1.26789273E-026  8.34321361E-028
  6.107080E+00  5.39377211E-026  4.03753641E-026  1.27202234E-026  8.42133602E-028
  6.189660E+00  9.82217981E-026  8.46146434E-026  1.27570736E-026  8.50081204E-028
  6.273360E+00  8.73641854E-026  7.37376129E-026  1.27699525E-026  8.56619970E-028
  6.358190E+00  5.13289393E-026  3.76898541E-026  1.27759723E-026  8.63112896E-028
  6.444170E+00  3.92649088E-026  2.55835340E-026  1.28135667E-026  8.67808178E-028
  6.531310E+00  3.67702287E-026  2.30516348E-026  1.28460132E-026  8.72580684E-028
  6.619620E+00  3.78287795E-026  2.40863676E-026  1.28661361E-026  8.76275821E-028
  6.709140E+00  3.88458230E-026  2.50839912E-026  1.28817470E-026  8.80084766E-028
  6.799860E+00  3.82631153E-026  2.44876131E-026  1.28921370E-026  8.83365215E-028
  6.891810E+00  3.78237830E-026  2.40389270E-026  1.28980320E-026  8.86823979E-028
  6.985000E+00  3.89988753E-026  2.51992530E-026  1.29047846E-026  8.94837771E-028
  7.079460E+00  4.21117049E-026  2.82989124E-026  1.29085399E-026  9.04252583E-028
  7.175190E+00  4.73076589E-026  3.34648315E-026  1.29088063E-026  9.34021106E-028
  7.272210E+00  5.49877266E-026  4.11172376E-026  1.29047716E-026  9.65717351E-028
  7.370550E+00  6.66966869E-026  5.27462891E-026  1.29013680E-026  1.04902978E-027
  7.470220E+00  8.62570647E-026  7.22131617E-026  1.28950292E-026  1.14887378E-027
  7.571230E+00  1.11442637E-025  9.72159982E-026  1.28883404E-026  1.33829842E-027
  7.673620E+00  1.15543697E-025  1.01060562E-025  1.28804933E-026  1.60264183E-027
  7.777380E+00  1.12874952E-025  9.80713565E-026  1.28685665E-026  1.93502948E-027
  7.882550E+00  1.06250208E-025  9.09576181E-026  1.28528724E-026  2.43971729E-027
  7.989140E+00  8.46919432E-026  6.88964478E-026  1.28329599E-026  2.96253544E-027
  8.097170E+00  6.73486114E-026  5.08279484E-026  1.28049680E-026  3.71569501E-027
  8.206660E+00  5.95344076E-026  4.22489338E-026  1.27726590E-026  4.51281475E-027
  8.317640E+00  5.81982060E-026  4.01549594E-026  1.27374988E-026  5.30574777E-027
  8.430110E+00  6.11699582E-026  4.24355170E-026  1.27005130E-026  6.03392825E-027
  8.544110E+00  7.14030076E-026  5.20315052E-026  1.26606527E-026  6.71084977E-027
  8.659640E+00  7.13019114E-026  5.12474027E-026  1.26188726E-026  7.43563608E-027
  8.776740E+00  5.59735443E-026  3.50958861E-026  1.25765554E-026  8.30110281E-027
  8.895420E+00  4.71899309E-026  2.53251450E-026  1.25323573E-026  9.33242859E-027
  9.015710E+00  4.36407761E-026  2.06786540E-026  1.24877843E-026  1.04743378E-026
  9.137630E+00  4.23800857E-026  1.83356474E-026  1.24430598E-026  1.16013784E-026
  9.261190E+00  4.20504553E-026  1.71124982E-026  1.23982392E-026  1.25397180E-026
  9.386420E+00  4.20011039E-026  1.65187683E-026  1.23557465E-026  1.31265891E-026
  9.513350E+00  4.19508369E-026  1.63332022E-026  1.23107199E-026  1.33069148E-026
  9.641990E+00  4.19134811E-026  1.64510651E-026  1.22667524E-026  1.31956636E-026
  9.772370E+00  4.19687925E-026  1.68268278E-026  1.22242250E-026  1.29177397E-026
  9.904520E+00  4.22599963E-026  1.74527568E-026  1.21830742E-026  1.26241654E-026
  1.003850E+01  4.28590576E-026  1.83545984E-026  1.21426124E-026  1.23618468E-026
  1.017420E+01  4.38282590E-026  1.95984721E-026  1.21038799E-026  1.21259069E-026
  1.031180E+01  4.52204402E-026  2.13237712E-026  1.20646909E-026  1.18319781E-026
  1.045120E+01  4.71898445E-026  2.38245450E-026  1.20258026E-026  1.13394969E-026
  1.059250E+01  5.06162041E-026  2.78900551E-026  1.19882974E-026  1.07378516E-026
  1.073580E+01  5.61229467E-026  3.40412914E-026  1.19533198E-026  1.01283356E-026
  1.088090E+01  6.62270346E-026  4.47178391E-026  1.19217088E-026  9.58748666E-027
  1.102810E+01  9.34780971E-026  7.24388024E-026  1.18976114E-026  9.14168335E-027
  1.117720E+01  2.11365633E-025  1.90772809E-025  1.18940970E-026  8.69872692E-027
  1.132840E+01  2.36608132E-025  2.16398400E-025  1.19298425E-026  8.27988963E-027
  1.148150E+01  1.52401298E-025  1.31268944E-025  1.32370065E-026  7.89534729E-027
  1.163680E+01  1.08381902E-025  8.91299802E-026  1.16949150E-026  7.55700680E-027
  1.179420E+01  1.06826279E-025  8.79614541E-026  1.16688213E-026  7.19600360E-027
  1.195360E+01  1.21122055E-025  1.02634339E-025  1.16622090E-026  6.82550658E-027
  1.211530E+01  1.17224643E-025  9.91075693E-026  1.16563747E-026  6.46069875E-027
  1.227910E+01  1.12130440E-025  9.43318572E-026  1.16561519E-026  6.14243084E-027
  1.244510E+01  1.32128693E-025  1.14621802E-025  1.16511056E-026  5.85578551E-027
  1.261340E+01  1.62254988E-025  1.45053849E-025  1.16375724E-026  5.56356724E-027
  1.278400E+01  1.34929348E-025  1.18018329E-025  1.16291465E-026  5.28187221E-027
  1.295690E+01  9.97932262E-026  8.31548529E-026  1.16237010E-026  5.01467237E-027
  1.313210E+01  8.67626724E-026  7.03473226E-026  1.16215407E-026  4.79380913E-027
  1.330970E+01  8.79067398E-026  7.16925892E-026  1.16276263E-026  4.58652424E-027
  1.348960E+01  9.21856684E-026  7.61622489E-026  1.16391773E-026  4.38424220E-027
  1.367200E+01  8.20849082E-026  6.61939090E-026  1.16575739E-026  4.23342530E-027
  1.385690E+01  7.37914749E-026  5.79774736E-026  1.16839216E-026  4.13007974E-027
  1.404430E+01  7.35188363E-026  5.77009497E-026  1.17203276E-026  4.09755903E-027
  1.423420E+01  7.57780503E-026  5.98409793E-026  1.17649731E-026  4.17209791E-027
  1.442670E+01  6.93277350E-026  5.32220807E-026  1.18148283E-026  4.29082593E-027
  1.462180E+01  6.74035140E-026  5.10157233E-026  1.18777080E-026  4.51008275E-027
  1.481950E+01  6.74312566E-026  5.07336748E-026  1.19483206E-026  4.74926119E-027
  1.501990E+01  6.82225431E-026  5.11720599E-026  1.20333358E-026  5.01714744E-027
  1.522300E+01  6.94705103E-026  5.20232235E-026  1.21344517E-026  5.31283517E-027
  1.542880E+01  7.11373368E-026  5.32569187E-026  1.22447795E-026  5.63563862E-027
  1.563750E+01  7.34578706E-026  5.51012871E-026  1.23707278E-026  5.98585571E-027
  1.584890E+01  7.73175550E-026  5.84518013E-026  1.25071219E-026  6.35863186E-027
  1.606320E+01  8.12116238E-026  6.17936985E-026  1.26619773E-026  6.75594798E-027
  1.628050E+01  9.25572100E-026  7.25575477E-026  1.28264174E-026  7.17324490E-027
  1.650060E+01  1.16357472E-025  9.57404397E-026  1.30127136E-026  7.60431831E-027
  1.672370E+01  1.03781856E-025  8.25238869E-026  1.32086647E-026  8.04930494E-027
  1.694990E+01  1.09867564E-025  8.79615312E-026  1.34299932E-026  8.47603950E-027
  1.717910E+01  1.11185008E-025  8.86149684E-026  1.36622121E-026  8.90782775E-027
  1.741140E+01  1.10545266E-025  8.72993300E-026  1.39268636E-026  9.31907186E-027
  1.764680E+01  9.69706945E-026  7.30385333E-026  1.42058985E-026  9.72626269E-027
  1.788550E+01  9.48754440E-026  7.02827035E-026  1.45218234E-026  1.00709170E-026
  1.812730E+01  8.84459982E-026  6.31987706E-026  1.48591419E-026  1.03880857E-026
  1.837240E+01  8.61170923E-026  6.02416469E-026  1.52249161E-026  1.06505293E-026
  1.862090E+01  8.50768880E-026  5.85951070E-026  1.56159400E-026  1.08658410E-026
  1.887270E+01  8.44598331E-026  5.73957746E-026  1.60343240E-026  1.10297345E-026
  1.912790E+01  8.39076673E-026  5.63055074E-026  1.64942758E-026  1.11078840E-026
  1.938650E+01  8.33785931E-026  5.52334514E-026  1.69715351E-026  1.11736066E-026
  1.964870E+01  8.28537119E-026  5.42152150E-026  1.75033303E-026  1.11351666E-026
  1.991440E+01  8.24296428E-026  5.32825175E-026  1.80533432E-026  1.10937822E-026
  2.018370E+01  8.20965526E-026  5.24317857E-026  1.86483869E-026  1.10163800E-026
  2.045660E+01  8.18960694E-026  5.16451825E-026  1.92941120E-026  1.09567748E-026
  2.073320E+01  8.18256778E-026  5.09042970E-026  1.99896927E-026  1.09316880E-026
  2.101360E+01  8.18316823E-026  5.01951306E-026  2.07353592E-026  1.09011924E-026
  2.129770E+01  8.19179196E-026  4.95083480E-026  2.15478155E-026  1.08617562E-026
  2.158570E+01  8.21044233E-026  4.88369831E-026  2.24207876E-026  1.08466526E-026
  2.187760E+01  8.23736094E-026  4.81769193E-026  2.33564061E-026  1.08402840E-026
  2.217350E+01  8.27103375E-026  4.75253254E-026  2.43571354E-026  1.08278767E-026
  2.247330E+01  8.30916312E-026  4.68807495E-026  2.54376116E-026  1.07732701E-026
  2.277720E+01  8.35829967E-026  4.62418035E-026  2.65967766E-026  1.07444166E-026
  2.308520E+01  8.41791358E-026  4.56080399E-026  2.78318980E-026  1.07391978E-026
  2.339740E+01  8.48820017E-026  4.49788858E-026  2.91455659E-026  1.07575501E-026
  2.371370E+01  8.56706781E-026  4.43545656E-026  3.05631433E-026  1.07529692E-026
  2.403440E+01  8.65587601E-026  4.37344259E-026  3.20638963E-026  1.07604380E-026
  2.435940E+01  8.75468071E-026  4.31188462E-026  3.36505603E-026  1.07774005E-026
  2.468880E+01  8.86543687E-026  4.25077100E-026  3.53447385E-026  1.08019201E-026
  2.502270E+01  8.98224084E-026  4.19010168E-026  3.71130292E-026  1.08083623E-026
  2.536100E+01  9.11587937E-026  4.12990213E-026  3.90340677E-026  1.08257047E-026
  2.570400E+01  9.25678106E-026  4.07013535E-026  4.10229114E-026  1.08435457E-026
  2.605150E+01  9.40540733E-026  4.01084726E-026  4.30839945E-026  1.08616062E-026
  2.640380E+01  9.56227850E-026  3.95199681E-026  4.52227273E-026  1.08800896E-026
  2.676090E+01  9.72793016E-026  3.89359119E-026  4.74444795E-026  1.08989102E-026
  2.712270E+01  9.90293715E-026  3.83565461E-026  4.97549277E-026  1.09178977E-026
  2.748950E+01  1.00879078E-025  3.77814480E-026  5.21603649E-026  1.09372655E-026
  2.786120E+01  1.02679107E-025  3.72107937E-026  5.44947407E-026  1.09735730E-026
  2.823800E+01  1.04504466E-025  3.66443435E-026  5.68462836E-026  1.10138390E-026
  2.861980E+01  1.06379500E-025  3.60822442E-026  5.92427174E-026  1.10545386E-026
  2.900680E+01  1.08300771E-025  3.55242322E-026  6.16807395E-026  1.10957996E-026
  2.939910E+01  1.10263438E-025  3.49702040E-026  6.41555433E-026  1.11376908E-026
  2.979660E+01  1.12260706E-025  3.44203105E-026  6.66603129E-026  1.11800825E-026
  3.019950E+01  1.13974084E-025  3.38742820E-026  6.88677139E-026  1.12320886E-026
  3.060790E+01  1.15344788E-025  3.33320146E-026  7.07188294E-026  1.12939444E-026
  3.102180E+01  1.16662505E-025  3.27935538E-026  7.25123636E-026  1.13565876E-026
  3.144130E+01  1.17918320E-025  3.22587449E-026  7.42394679E-026  1.14201070E-026
  3.186640E+01  1.19103813E-025  3.17276457E-026  7.58916278E-026  1.14845395E-026
  3.229730E+01  1.20212112E-025  3.12000754E-026  7.74619402E-026  1.15500968E-026
  3.273410E+01  1.21237383E-025  3.06759109E-026  7.89445422E-026  1.16169297E-026
  3.317670E+01  1.22174590E-025  3.01553942E-026  8.03341571E-026  1.16850386E-026
  3.362530E+01  1.22871917E-025  2.96382795E-026  8.14685976E-026  1.17650404E-026
  3.408000E+01  1.23077384E-025  2.91245812E-026  8.20755047E-026  1.18772984E-026
  3.454090E+01  1.23250283E-025  2.86141897E-026  8.26434814E-026  1.19926119E-026
  3.500800E+01  1.23404238E-025  2.81072558E-026  8.31857497E-026  1.21112325E-026
  3.548130E+01  1.23553909E-025  2.76038673E-026  8.37166288E-026  1.22334129E-026
  3.596110E+01  1.23716389E-025  2.71037547E-026  8.42528906E-026  1.23597438E-026
  3.644740E+01  1.23907570E-025  2.66070800E-026  8.48099012E-026  1.24905884E-026
  3.694030E+01  1.24143768E-025  2.61138366E-026  8.54034663E-026  1.26264654E-026
  3.743980E+01  1.24440178E-025  2.56241278E-026  8.60482358E-026  1.27678140E-026
  3.794610E+01  1.24741079E-025  2.51379115E-026  8.66868173E-026  1.29163504E-026
  3.845920E+01  1.25154475E-025  2.46552962E-026  8.74271098E-026  1.30720690E-026
  3.897920E+01  1.25724798E-025  2.41763512E-026  8.83130324E-026  1.32354139E-026
  3.950630E+01  1.26463227E-025  2.37010190E-026  8.93549155E-026  1.34072923E-026
  4.004050E+01  1.27377659E-025  2.32294652E-026  9.05596917E-026  1.35885022E-026
  4.058200E+01  1.28476361E-025  2.27616291E-026  9.19346006E-026  1.37801312E-026
  4.113080E+01  1.29763907E-025  2.22977247E-026  9.34830551E-026  1.39831274E-026
  4.168690E+01  1.31331412E-025  2.18378751E-026  9.52879731E-026  1.42055638E-026
  4.225060E+01  1.33169987E-025  2.13819687E-026  9.73422057E-026  1.44458123E-026
  4.282200E+01  1.35237819E-025  2.09301739E-026  9.96063595E-026  1.47012855E-026
  4.340100E+01  1.37532134E-025  2.04826568E-026  1.02076315E-025  1.49731622E-026
  4.398790E+01  1.40054134E-025  2.00393701E-026  1.04751642E-025  1.52631224E-026
  4.458270E+01  1.42799928E-025  1.96004902E-026  1.07626861E-025  1.55725764E-026
  4.518560E+01  1.45813497E-025  1.91660364E-026  1.10740384E-025  1.59070767E-026
  4.579660E+01  1.49291751E-025  1.87362150E-026  1.14271311E-025  1.62842243E-026
  4.641590E+01  1.53009122E-025  1.83109737E-026  1.18010924E-025  1.66872242E-026
  4.704350E+01  1.56957731E-025  1.78904879E-026  1.21949406E-025  1.71178371E-026
  4.767970E+01  1.61133534E-025  1.74747745E-026  1.26080498E-025  1.75782612E-026
  4.832440E+01  1.65524690E-025  1.70640340E-026  1.30390492E-025  1.80701633E-026
  4.897790E+01  1.70125026E-025  1.66582274E-026  1.34870980E-025  1.85958185E-026
  4.964020E+01  1.74922055E-025  1.62574931E-026  1.39507538E-025  1.91570242E-026
  5.031140E+01  1.80041849E-025  1.58619667E-026  1.44412111E-025  1.97677715E-026
  5.099180E+01  1.85506744E-025  1.54715589E-026  1.49602025E-025  2.04331603E-026
  5.168130E+01  1.91156446E-025  1.50865221E-026  1.54927635E-025  2.11422888E-026
  5.238010E+01  1.97147102E-025  1.47068764E-026  1.60527499E-025  2.19127268E-026
  5.308840E+01  2.03303097E-025  1.43326107E-026  1.66238614E-025  2.27318721E-026
  5.380630E+01  2.09608204E-025  1.39638504E-026  1.72042861E-025  2.36014927E-026
  5.453390E+01  2.16230128E-025  1.36006499E-026  1.78091160E-025  2.45383180E-026
  5.527130E+01  2.23007315E-025  1.32430714E-026  1.84231688E-025  2.55325555E-026
  5.601870E+01  2.29894013E-025  1.28911493E-026  1.90419441E-025  2.65834219E-026
  5.677620E+01  2.37014032E-025  1.25449355E-026  1.96760942E-025  2.77081543E-026
  5.754400E+01  2.44333087E-025  1.22044302E-026  2.03221678E-025  2.89069797E-026
  5.832210E+01  2.51713672E-025  1.18697436E-026  2.09676142E-025  3.01677866E-026
  5.911080E+01  2.59163209E-025  1.15408342E-026  2.16127504E-025  3.14948701E-026
  5.991010E+01  2.66904362E-025  1.12178171E-026  2.22764091E-025  3.29224536E-026
  6.072020E+01  2.74657926E-025  1.09006605E-026  2.29340745E-025  3.44165205E-026
  6.154130E+01  2.82401322E-025  1.05893656E-026  2.35835418E-025  3.59765380E-026
  6.237350E+01  2.90220998E-025  1.02839654E-026  2.42322544E-025  3.76144886E-026
  6.321690E+01  2.98121785E-025  9.98449451E-027  2.48803854E-025  3.93334361E-026
  6.407180E+01  3.06060201E-025  9.69089727E-027  2.55230232E-025  4.11390711E-026
  6.493820E+01  3.13988575E-025  9.40321974E-027  2.61559252E-025  4.30261031E-026
  6.581630E+01  3.21929702E-025  9.12143377E-027  2.67815558E-025  4.49927102E-026
  6.670630E+01  3.29811602E-025  8.84553698E-027  2.73935172E-025  4.70308931E-026
  6.760830E+01  3.37659154E-025  8.57551642E-027  2.79936689E-025  4.91469481E-026
  6.852250E+01  3.45397033E-025  8.31134375E-027  2.85755492E-025  5.13301974E-026
  6.944910E+01  3.53069612E-025  8.05298035E-027  2.91412442E-025  5.36041895E-026
  7.038820E+01  3.60631492E-025  7.80042075E-027  2.96887282E-025  5.59437892E-026
  7.134000E+01  3.68096430E-025  7.55362088E-027  3.02190379E-025  5.83524301E-026
  7.230470E+01  3.75412180E-025  7.31254079E-027  3.07257901E-025  6.08417385E-026
  7.328250E+01  3.82537222E-025  7.07712726E-027  3.12074158E-025  6.33859365E-026
  7.427340E+01  3.89518839E-025  6.84738377E-027  3.16678629E-025  6.59928264E-026
  7.527780E+01  3.96222286E-025  6.62320694E-027  3.20964643E-025  6.86344368E-026
  7.629570E+01  4.02816562E-025  6.40458049E-027  3.25070460E-025  7.13415207E-026
  7.732740E+01  4.09061469E-025  6.19142947E-027  3.28806468E-025  7.40635717E-026
  7.837300E+01  4.15187667E-025  5.98371139E-027  3.32339477E-025  7.68644794E-026
  7.943280E+01  4.20980625E-025  5.78134386E-027  3.35517251E-025  7.96820295E-026
  8.050690E+01  4.26521758E-025  5.58427820E-027  3.38411564E-025  8.25259160E-026
  8.159560E+01  4.31816259E-025  5.39242947E-027  3.41029969E-025  8.53938608E-026
  8.269900E+01  4.36698742E-025  5.20574507E-027  3.43250191E-025  8.82428058E-026
  8.381720E+01  4.41481344E-025  5.02417172E-027  3.45301813E-025  9.11553588E-026
  8.495060E+01  4.45822603E-025  4.84759765E-027  3.46943948E-025  9.40310570E-026
  8.609940E+01  4.49905199E-025  4.67595474E-027  3.48322761E-025  9.69064830E-026
  8.726360E+01  4.53714594E-025  4.50919177E-027  3.49433044E-025  9.97723588E-026
  8.844370E+01  4.57057569E-025  4.34718901E-027  3.50136801E-025  1.02573579E-025
  8.963960E+01  4.60273460E-025  4.18990959E-027  3.50665204E-025  1.05418347E-025
  9.085180E+01  4.63053194E-025  4.03723232E-027  3.50818713E-025  1.08197248E-025
  9.208030E+01  4.65417127E-025  3.88910444E-027  3.50623151E-025  1.10904871E-025
  9.332540E+01  4.67583592E-025  3.74542835E-027  3.50237429E-025  1.13600735E-025
  9.458740E+01  4.69262153E-025  3.60611259E-027  3.49466457E-025  1.16189584E-025
  9.586650E+01  4.70611710E-025  3.47107077E-027  3.48418241E-025  1.18722398E-025
  9.716280E+01  4.71734339E-025  3.34023549E-027  3.47160444E-025  1.21233660E-025
  9.847670E+01  4.72367605E-025  3.21350235E-027  3.45539467E-025  1.23614635E-025
  9.980830E+01  4.72507145E-025  3.09079039E-027  3.43563124E-025  1.25853230E-025
  1.011580E+02  4.72592176E-025  2.97200584E-027  3.41534830E-025  1.28085340E-025
  1.025260E+02  4.72270715E-025  2.85706041E-027  3.39226688E-025  1.30186967E-025
  1.039120E+02  4.71824909E-025  2.74591140E-027  3.36853681E-025  1.32225317E-025
  1.053170E+02  4.71417976E-025  2.63841047E-027  3.34538962E-025  1.34240603E-025
  1.067420E+02  4.70596396E-025  2.53441982E-027  3.31968005E-025  1.36093971E-025
  1.081850E+02  4.69347883E-025  2.43401460E-027  3.29146082E-025  1.37767786E-025
  1.096480E+02  4.67695535E-025  2.33698348E-027  3.26098002E-025  1.39260549E-025
  1.111310E+02  4.65646328E-025  2.24326377E-027  3.22839628E-025  1.40563436E-025
  1.126330E+02  4.63202426E-025  2.15284615E-027  3.19384491E-025  1.41665089E-025
  1.141560E+02  4.61344221E-025  2.06553795E-027  3.16450276E-025  1.42828406E-025
  1.157000E+02  4.59223201E-025  1.98127762E-027  3.13429384E-025  1.43812539E-025
  1.172650E+02  4.56802893E-025  1.89999926E-027  3.10305617E-025  1.44597277E-025
  1.188500E+02  4.54405826E-025  1.82168343E-027  3.07298478E-025  1.45285665E-025
  1.204570E+02  4.52082628E-025  1.74616366E-027  3.04442155E-025  1.45894309E-025
  1.220860E+02  4.49516288E-025  1.67337366E-027  3.01540136E-025  1.46302779E-025
  1.237370E+02  4.46721385E-025  1.60325138E-027  2.98610623E-025  1.46507511E-025
  1.254100E+02  4.44178023E-025  1.53572945E-027  2.95897571E-025  1.46744722E-025
  1.271060E+02  4.41404289E-025  1.47070327E-027  2.93105285E-025  1.46828302E-025
  1.288250E+02  4.38294466E-025  1.40811239E-027  2.90170409E-025  1.46715945E-025
  1.305670E+02  4.34827799E-025  1.34789092E-027  2.87073622E-025  1.46406286E-025
  1.323330E+02  4.30982396E-025  1.28994561E-027  2.83790924E-025  1.45901526E-025
  1.341220E+02  4.26725989E-025  1.23424699E-027  2.80291765E-025  1.45199977E-025
  1.359360E+02  4.21673926E-025  1.18067072E-027  2.75970243E-025  1.44523013E-025
  1.377740E+02  4.15687579E-025  1.12918888E-027  2.70691080E-025  1.43867310E-025
  1.396370E+02  4.09075335E-025  1.07971688E-027  2.64960984E-025  1.43034634E-025
  1.415250E+02  4.01860348E-025  1.03219680E-027  2.58801195E-025  1.42026956E-025
  1.434390E+02  3.94078605E-025  9.86547024E-028  2.52243605E-025  1.40848453E-025
  1.453780E+02  3.85770757E-025  9.42738211E-028  2.45327043E-025  1.39500975E-025
  1.473440E+02  3.76990157E-025  9.00669781E-028  2.38098551E-025  1.37990937E-025
  1.493370E+02  3.67792924E-025  8.60291748E-028  2.30610232E-025  1.36322401E-025
  1.513560E+02  3.58431719E-025  8.21573315E-028  2.22769868E-025  1.34840278E-025
  1.534030E+02  3.49065805E-025  7.84423888E-028  2.14899101E-025  1.33382280E-025
  1.554770E+02  3.39672006E-025  7.48814727E-028  2.07135779E-025  1.31787412E-025
  1.575800E+02  3.30278379E-025  7.14664325E-028  1.99501486E-025  1.30062228E-025
  1.597100E+02  3.20906980E-025  6.81955523E-028  1.92014843E-025  1.28210182E-025
  1.618700E+02  3.11579255E-025  6.50598764E-028  1.84689758E-025  1.26238898E-025
  1.640590E+02  3.02311584E-025  6.20565211E-028  1.77537963E-025  1.24153056E-025
  1.662770E+02  2.93118570E-025  5.91810179E-028  1.70568142E-025  1.21958618E-025
  1.685260E+02  2.84013406E-025  5.64267356E-028  1.63786381E-025  1.19662758E-025
  1.708050E+02  2.75005975E-025  5.37907605E-028  1.57197125E-025  1.17270942E-025
  1.731140E+02  2.66105559E-025  5.12690660E-028  1.50802995E-025  1.14789873E-025
  1.754550E+02  2.57496380E-025  4.88555552E-028  1.44690116E-025  1.12317708E-025
  1.778280E+02  2.49712477E-025  4.65466874E-028  1.39103109E-025  1.10143902E-025
  1.802330E+02  2.42018218E-025  4.43388132E-028  1.33675400E-025  1.07899429E-025
  1.826700E+02  2.34417671E-025  4.22283593E-028  1.28405284E-025  1.05590103E-025
  1.851400E+02  2.26914573E-025  4.02109884E-028  1.23290714E-025  1.03221749E-025
  1.876430E+02  2.19513061E-025  3.82833648E-028  1.18330060E-025  1.00800167E-025
  1.901810E+02  2.12216522E-025  3.64408019E-028  1.13520710E-025  9.83314037E-026
  1.927530E+02  2.05028643E-025  3.46810078E-028  1.08860993E-025  9.58208400E-026
  1.953590E+02  1.97953249E-025  3.30008465E-028  1.04348977E-025  9.32742640E-026
  1.980010E+02  1.90993198E-025  3.13961516E-028  9.99818786E-026  9.06973578E-026
  2.006780E+02  1.84292235E-025  2.98647356E-028  9.58200885E-026  8.81734994E-026
  2.033920E+02  1.78115696E-025  2.84026920E-028  9.19698349E-026  8.58618339E-026
  2.061420E+02  1.72033607E-025  2.70080081E-028  8.82326459E-026  8.35308808E-026
  2.089300E+02  1.66049379E-025  2.56770854E-028  8.46074456E-026  8.11851625E-026
  2.117550E+02  1.60167204E-025  2.44079705E-028  8.10938889E-026  7.88292354E-026
  2.146180E+02  1.54390068E-025  2.31978218E-028  7.76906241E-026  7.64674659E-026
  2.175200E+02  1.48720736E-025  2.20439469E-028  7.43962765E-026  7.41040205E-026
  2.204620E+02  1.43161746E-025  2.09437692E-028  7.12094217E-026  7.17428866E-026
  2.234430E+02  1.37716137E-025  1.98955566E-028  6.81290334E-026  6.93881477E-026
  2.264640E+02  1.32475624E-025  1.88968708E-028  6.51533417E-026  6.71333134E-026
  2.295270E+02  1.27446254E-025  1.79451375E-028  6.22802629E-026  6.49865402E-026
  2.326310E+02  1.22530616E-025  1.70387629E-028  5.95083834E-026  6.28518455E-026
  2.357760E+02  1.17730030E-025  1.61759160E-028  5.68360345E-026  6.07322362E-026
  2.389640E+02  1.13044714E-025  1.53542626E-028  5.42607640E-026  5.86304075E-026
  2.421960E+02  1.08477694E-025  1.45719089E-028  5.17804666E-026  5.65515085E-026
  2.454710E+02  1.04029165E-025  1.38274820E-028  4.93934096E-026  5.44974807E-026
  2.487900E+02  9.96914792E-026  1.31191588E-028  4.70974647E-026  5.24628229E-026
  2.521540E+02  9.54743531E-026  1.24452469E-028  4.49506330E-026  5.03992676E-026
  2.555640E+02  9.13816915E-026  1.18041173E-028  4.29171114E-026  4.83465389E-026
  2.590200E+02  8.73988068E-026  1.11943918E-028  4.09586193E-026  4.63282436E-026
  2.625230E+02  8.35928507E-026  1.06145777E-028  3.90734529E-026  4.44132520E-026
  2.660730E+02  7.99189326E-026  1.00634076E-028  3.72600669E-026  4.25582316E-026
  2.696700E+02  7.63510695E-026  9.53963755E-029  3.55169335E-026  4.07387397E-026
  2.733170E+02  7.28879457E-026  9.04167037E-029  3.38418096E-026  3.89557194E-026
  2.770130E+02  6.96094576E-026  8.56854160E-029  3.22332486E-026  3.72905237E-026
  2.807590E+02  6.64952984E-026  8.11904111E-029  3.06894449E-026  3.57246631E-026
  2.845550E+02  6.34782507E-026  7.69213589E-029  2.92086745E-026  3.41926548E-026
  2.884030E+02  6.05568997E-026  7.28661513E-029  2.77889401E-026  3.26950935E-026
  2.923030E+02  5.77302554E-026  6.90154511E-029  2.64285384E-026  3.12327016E-026
  2.962560E+02  5.49970560E-026  6.53592578E-029  2.51256170E-026  2.98060797E-026
  3.002620E+02  5.23696019E-026  6.18889879E-029  2.38809931E-026  2.84267199E-026
  3.043220E+02  5.00104722E-026  5.85954467E-029  2.27223848E-026  2.72294919E-026
  3.084370E+02  4.77298812E-026  5.54698807E-029  2.16122746E-026  2.60621367E-026
  3.126080E+02  4.55264403E-026  5.25039712E-029  2.05490937E-026  2.49248426E-026
  3.168350E+02  4.33990485E-026  4.96906498E-029  1.95314847E-026  2.38178731E-026
  3.211200E+02  4.13460584E-026  4.70215707E-029  1.85577971E-026  2.27412397E-026
  3.254620E+02  3.93663794E-026  4.44908155E-029  1.76267912E-026  2.16950974E-026
  3.298630E+02  3.74583475E-026  4.20909214E-029  1.67368881E-026  2.06793685E-026
  3.343230E+02  3.56205427E-026  3.98158385E-029  1.58867206E-026  1.96940063E-026
  3.388440E+02  3.38512460E-026  3.76588231E-029  1.50748039E-026  1.87387833E-026
  3.434260E+02  3.21489831E-026  3.56144280E-029  1.42998035E-026  1.78135652E-026
  3.480700E+02  3.05121626E-026  3.36769577E-029  1.35603671E-026  1.69181185E-026
  3.527770E+02  2.90274552E-026  3.18410620E-029  1.28551464E-026  1.61404677E-026
  3.575470E+02  2.76285042E-026  3.01019754E-029  1.21935599E-026  1.54048423E-026
  3.623820E+02  2.62879954E-026  2.84543751E-029  1.15669387E-026  1.46926023E-026
  3.672820E+02  2.49995891E-026  2.68939994E-029  1.09691853E-026  1.40035098E-026
  3.722490E+02  2.37618107E-026  2.54160827E-029  1.03991557E-026  1.33372389E-026
  3.772830E+02  2.25733413E-026  2.40166893E-029  9.85581910E-027  1.26935055E-026
  3.823840E+02  2.14328881E-026  2.26921013E-029  9.33818589E-027  1.20720101E-026
  3.875550E+02  2.03388514E-026  2.14379509E-029  8.84513150E-027  1.14722820E-026
  3.927960E+02  1.92899457E-026  2.02508767E-029  8.37571044E-027  1.08939844E-026
  3.981070E+02  1.82848915E-026  1.91276468E-029  7.92899763E-027  1.03367663E-026
  4.034910E+02  1.73683040E-026  1.80645302E-029  7.50398268E-027  9.84625684E-027
  4.089470E+02  1.64953636E-026  1.70588525E-029  7.09982051E-027  9.37848425E-027
  4.144770E+02  1.56610872E-026  1.61074093E-029  6.71741320E-027  8.92756662E-027
  4.200810E+02  1.48685693E-026  1.52075601E-029  6.36016786E-027  8.49319384E-027
  4.257620E+02  1.41095349E-026  1.43563241E-029  6.02026469E-027  8.07491390E-027
  4.315190E+02  1.33830280E-026  1.35514679E-029  5.69703269E-027  7.67244380E-027
  4.373540E+02  1.26878909E-026  1.27904111E-029  5.38974228E-027  7.28535820E-027
  4.432680E+02  1.20230686E-026  1.20708723E-029  5.09769954E-027  6.91329819E-027
  4.492620E+02  1.13905650E-026  1.13906751E-029  4.82024614E-027  6.55892818E-027
  4.553370E+02  1.08089419E-026  1.07477492E-029  4.55674299E-027  6.24145120E-027
  4.614950E+02  1.02529090E-026  1.01400469E-029  4.30654983E-027  5.93621912E-027
  4.677350E+02  9.72164927E-027  9.56588451E-030  4.06911659E-027  5.64296680E-027
  4.740600E+02  9.21416680E-027  9.02332313E-030  3.84382345E-027  5.36132002E-027
  4.804700E+02  8.72962591E-027  8.51076993E-030  3.63014144E-027  5.09097370E-027
  4.869680E+02  8.26709354E-027  8.02649255E-030  3.42750110E-027  4.83156595E-027
  4.935520E+02  7.82584634E-027  7.56917594E-030  3.23544014E-027  4.58283702E-027
  5.002260E+02  7.40580895E-027  7.13721543E-030  3.05365332E-027  4.34501841E-027
  5.069910E+02  7.02314638E-027  6.72923173E-030  2.88625422E-027  4.13016293E-027
  5.138460E+02  6.65789674E-027  6.34409132E-030  2.72742191E-027  3.92413074E-027
  5.207950E+02  6.30931651E-027  5.98038414E-030  2.57672813E-027  3.72660800E-027
  5.278370E+02  5.97681327E-027  5.63708549E-030  2.43382199E-027  3.53735420E-027
  5.349750E+02  5.65971339E-027  5.31298406E-030  2.29831908E-027  3.35608132E-027
  5.422090E+02  5.35743760E-027  5.00710834E-030  2.16988740E-027  3.18254310E-027
  5.495410E+02  5.07094425E-027  4.71843026E-030  2.04818346E-027  3.01804236E-027
  5.569720E+02  4.80431675E-027  4.44602146E-030  1.93288764E-027  2.86698309E-027
  5.645040E+02  4.55022384E-027  4.18897232E-030  1.82368788E-027  2.72234699E-027
  5.721370E+02  4.30818020E-027  3.94648016E-030  1.72030168E-027  2.58393204E-027
  5.798740E+02  4.07765172E-027  3.71769699E-030  1.62242990E-027  2.45150412E-027
  5.877150E+02  3.85818135E-027  3.50190665E-030  1.52981375E-027  2.32486570E-027
  5.956620E+02  3.64929401E-027  3.29837386E-030  1.44218997E-027  2.20380567E-027
  6.037170E+02  3.45291488E-027  3.10641009E-030  1.35930568E-027  2.09050279E-027
  6.118810E+02  3.26706707E-027  2.92538435E-030  1.28092779E-027  1.98321390E-027
  6.201550E+02  3.09032170E-027  2.75470259E-030  1.20683319E-027  1.88073381E-027
  6.285410E+02  2.92371335E-027  2.59377327E-030  1.13679903E-027  1.78432055E-027
  6.370400E+02  2.76527817E-027  2.44206528E-030  1.07062348E-027  1.69221262E-027
  6.456540E+02  2.61583455E-027  2.29905392E-030  1.00810592E-027  1.60542958E-027
  6.543850E+02  2.47387139E-027  2.16424500E-030  9.49057204E-028  1.52264995E-027
  6.632340E+02  2.33951705E-027  2.03719207E-030  8.93299523E-028  1.44418033E-027
  6.722020E+02  2.21218595E-027  1.91746229E-030  8.40663120E-028  1.36960537E-027
  6.812920E+02  2.09156900E-027  1.80462935E-030  7.90980604E-028  1.29878376E-027
  6.905050E+02  1.97757847E-027  1.69831236E-030  7.44098163E-028  1.23178200E-027
  6.998420E+02  1.86931377E-027  1.59814959E-030  6.99870923E-028  1.16784470E-027
  7.093060E+02  1.76909276E-027  1.50378118E-030  6.59524726E-028  1.10806426E-027
  7.188970E+02  1.67389373E-027  1.41489359E-030  6.21428751E-028  1.05105009E-027
  7.286180E+02  1.58341680E-027  1.33116529E-030  5.85428342E-028  9.96657291E-028
  7.384710E+02  1.49744556E-027  1.25230135E-030  5.51415255E-028  9.44778007E-028
  7.484570E+02  1.41577985E-027  1.17803082E-030  5.19287902E-028  8.95313919E-028
  7.585780E+02  1.33901673E-027  1.10809035E-030  4.88947366E-028  8.48961275E-028
  7.688350E+02  1.26625949E-027  1.04223806E-030  4.60301988E-028  8.04915269E-028
  7.792320E+02  1.19716308E-027  9.80226832E-031  4.33258574E-028  7.62924275E-028
  7.897690E+02  1.13156803E-027  9.21847901E-031  4.07736685E-028  7.22909498E-028
  8.004480E+02  1.06952808E-027  8.66892069E-031  3.83654010E-028  6.85007177E-028
  8.112720E+02  1.01116425E-027  8.15157341E-031  3.60933043E-028  6.49416053E-028
  8.222430E+02  9.55771218E-028  7.66458425E-031  3.39500922E-028  6.15503838E-028
  8.333610E+02  9.03213807E-028  7.20629059E-031  3.19290782E-028  5.83202396E-028
  8.446300E+02  8.53352130E-028  6.77495648E-031  3.00234598E-028  5.52440036E-028
  8.560520E+02  8.06056700E-028  6.36902301E-031  2.82269597E-028  5.23150201E-028
  8.676280E+02  7.61207943E-028  5.98706313E-031  2.65337615E-028  4.95271622E-028
  8.793600E+02  7.18688033E-028  5.62768135E-031  2.49382442E-028  4.68742823E-028
  8.912510E+02  6.78382030E-028  5.28955114E-031  2.34349761E-028  4.43503313E-028
  9.033030E+02  6.40351307E-028  4.97143598E-031  2.20188847E-028  4.19665316E-028
  9.155180E+02  6.04699200E-028  4.67217795E-031  2.06851878E-028  3.97380104E-028
  9.278980E+02  5.70910665E-028  4.39068378E-031  1.94292996E-028  3.76178601E-028
  9.404450E+02  5.38895661E-028  4.12591454E-031  1.82469412E-028  3.56013657E-028
  9.531620E+02  5.08565090E-028  3.87689375E-031  1.71339407E-028  3.36837994E-028
  9.660510E+02  4.79835967E-028  3.64269391E-031  1.60864317E-028  3.18607381E-028
  9.791140E+02  4.52629535E-028  3.42245504E-031  1.51007664E-028  3.01279626E-028
  9.923540E+02  4.26869167E-028  3.21534789E-031  1.41734056E-028  2.84813577E-028
  1.005770E+03  4.02806352E-028  3.02065214E-031  1.33104768E-028  2.69399519E-028
  1.019370E+03  3.80407223E-028  2.83756236E-031  1.25093975E-028  2.55029491E-028
  1.033160E+03  3.59177728E-028  2.66535037E-031  1.17546463E-028  2.41364730E-028
  1.047130E+03  3.39071174E-028  2.50353120E-031  1.10440299E-028  2.28380521E-028
  1.061290E+03  3.20024944E-028  2.35140322E-031  1.03748637E-028  2.16041167E-028
  1.075640E+03  3.01988458E-028  2.20841714E-031  9.74490396E-029  2.04318576E-028
  1.090180E+03  2.84912574E-028  2.07405622E-031  9.15199761E-029  1.93185192E-028
  1.104930E+03  2.68737724E-028  1.94766020E-031  8.59368219E-029  1.82606136E-028
  1.119870E+03  2.53433234E-028  1.82894799E-031  8.06850036E-029  1.72565335E-028
  1.135010E+03  2.38950223E-028  1.71740070E-031  7.57439998E-029  1.63034483E-028
  1.150360E+03  2.25243177E-028  1.61254179E-031  7.10950058E-029  1.53986917E-028
  1.165910E+03  2.12279044E-028  1.51405808E-031  6.67234587E-029  1.45404180E-028
  1.181680E+03  2.00011892E-028  1.42146561E-031  6.26108938E-029  1.37258852E-028
  1.197660E+03  1.88411791E-028  1.33448862E-031  5.87443313E-029  1.29534011E-028
  1.213850E+03  1.77611142E-028  1.25280411E-031  5.51388123E-029  1.22347049E-028
  1.230270E+03  1.67420654E-028  1.17601408E-031  5.17515609E-029  1.15551492E-028
  1.246900E+03  1.57871339E-028  1.10393073E-031  4.85811255E-029  1.09179821E-028
  1.263770E+03  1.48943318E-028  1.03616015E-031  4.56152052E-029  1.03224497E-028
  1.280860E+03  1.40497244E-028  9.72534210E-032  4.28255398E-029  9.75744510E-029
  1.298180E+03  1.32505992E-028  9.12778909E-032  4.02013795E-029  9.22133350E-029
  1.315730E+03  1.24947087E-028  8.56669349E-032  3.77334883E-029  8.71279321E-029
  1.333520E+03  1.17796497E-028  8.03966185E-032  3.54123463E-029  8.23037541E-029
  1.351550E+03  1.11033894E-028  7.54474357E-032  3.32298292E-029  7.77286177E-029
  1.369830E+03  1.04637900E-028  7.07983443E-032  3.11774685E-029  7.33896329E-029
  1.388350E+03  9.85922323E-029  6.64344981E-032  2.92486239E-029  6.92771739E-029
  1.407130E+03  9.28753631E-029  6.23350299E-032  2.74351466E-029  6.53778815E-029
  1.426150E+03  8.74744478E-029  5.84888183E-032  2.57316152E-029  6.16843437E-029
  1.445440E+03  8.23684182E-029  5.48753167E-032  2.41302833E-029  5.81832596E-029
  1.464990E+03  7.75440599E-029  5.14831749E-032  2.26258719E-029  5.48667049E-029
  1.484800E+03  7.29870690E-029  4.82993886E-032  2.12128203E-029  5.17259493E-029
  1.504870E+03  6.87273169E-029  4.53118243E-032  1.98927078E-029  4.87892973E-029
  1.525220E+03  6.48299678E-029  4.25062548E-032  1.86718451E-029  4.61156164E-029
  1.545850E+03  6.11433394E-029  3.98721960E-032  1.75236443E-029  4.35798229E-029
  1.566750E+03  5.76579932E-029  3.74010237E-032  1.64443575E-029  4.11762347E-029
  1.587940E+03  5.43616804E-029  3.50808573E-032  1.54295035E-029  3.88970960E-029
  1.609410E+03  5.12458839E-029  3.29039831E-032  1.44757320E-029  3.67372479E-029
  1.631170E+03  4.83005109E-029  3.08610771E-032  1.35793107E-029  3.46903391E-029
  1.653230E+03  4.55162174E-029  2.89434781E-032  1.27367900E-029  3.27504839E-029
  1.675590E+03  4.28848078E-029  2.71438704E-032  1.19451114E-029  3.09125525E-029
  1.698240E+03  4.03991894E-029  2.54561465E-032  1.12015657E-029  2.91721675E-029
  1.721210E+03  3.80499405E-029  2.38716053E-032  1.05028431E-029  2.75232257E-029
  1.744480E+03  3.58313021E-029  2.23855274E-032  9.84673916E-030  2.59621774E-029
  1.768070E+03  3.37354511E-029  2.09909458E-032  9.23048049E-030  2.44839797E-029
  1.791980E+03  3.17560865E-029  1.96824848E-032  8.65178739E-030  2.30846166E-029
  1.816210E+03  2.98871801E-029  1.84551414E-032  8.10849755E-030  2.17602274E-029
  1.840770E+03  2.81225822E-029  1.73036153E-032  7.59842933E-030  2.05068492E-029
  1.865660E+03  2.64568991E-029  1.62234967E-032  7.11967151E-030  1.93210041E-029
  1.890890E+03  2.48845721E-029  1.52101617E-032  6.67029430E-030  1.81990676E-029
  1.916460E+03  2.34007820E-029  1.42596911E-032  6.24859367E-030  1.71379286E-029
  1.942380E+03  2.20005601E-029  1.33680523E-032  5.85286708E-030  1.61343250E-029
  1.968640E+03  2.06798429E-029  1.25320815E-032  5.48167926E-030  1.51856315E-029
  1.995260E+03  1.94338516E-029  1.17478719E-032  5.13343076E-030  1.42886730E-029
  2.022240E+03  1.83205034E-029  1.10123897E-032  4.82993020E-030  1.34795608E-029
  2.049590E+03  1.72807165E-029  1.03225084E-032  4.54869963E-030  1.27216943E-029
  2.077300E+03  1.62975460E-029  9.67576909E-033  4.28351944E-030  1.20043508E-029
  2.105390E+03  1.53676992E-029  9.06916355E-033  4.03341243E-030  1.13252176E-029
  2.133860E+03  1.44885044E-029  8.50033360E-033  3.79757129E-030  1.06824328E-029
  2.162720E+03  1.36572227E-029  7.96684981E-033  3.57517874E-030  1.00740771E-029
  2.191960E+03  1.28715932E-029  7.46680546E-033  3.36555341E-030  9.49857297E-030
  2.221600E+03  1.21289614E-029  6.99787121E-033  3.16791415E-030  8.95404940E-030
  2.251650E+03  1.14270062E-029  6.55806732E-033  2.98158020E-030  8.43886797E-030
  2.282090E+03  1.07639365E-029  6.14594823E-033  2.80601181E-030  7.95177876E-030
  2.312950E+03  1.01373483E-029  5.75946085E-033  2.64051504E-030  7.49107380E-030
  2.344230E+03  9.54539279E-030  5.39710217E-033  2.48454146E-030  7.05545423E-030
  2.375930E+03  8.98629420E-030  5.05743051E-033  2.33758026E-030  6.64365651E-030
  2.408060E+03  8.45824970E-030  4.73899632E-033  2.19910639E-030  6.25440430E-030
  2.440620E+03  7.95966364E-030  4.44053399E-033  2.06865611E-030  5.88656700E-030
  2.473620E+03  7.48891175E-030  4.16075991E-033  1.94576675E-030  5.53898424E-030
  2.507070E+03  7.05588636E-030  3.89848249E-033  1.83000237E-030  5.22198551E-030
  2.540970E+03  6.64924593E-030  3.65266131E-033  1.72096977E-030  4.92462350E-030
  2.575330E+03  6.26503818E-030  3.42224284E-033  1.61828087E-030  4.64333506E-030
  2.610160E+03  5.90204564E-030  3.20624389E-033  1.52156936E-030  4.37727004E-030
  2.645450E+03  5.55924040E-030  3.00386755E-033  1.43052231E-030  4.12571422E-030
  2.681230E+03  5.23539889E-030  2.81412861E-033  1.34477930E-030  3.88780546E-030
  2.717480E+03  4.92965020E-030  2.63637586E-033  1.26407521E-030  3.66293861E-030
  2.754230E+03  4.64090062E-030  2.46974959E-033  1.18809074E-030  3.45034013E-030
  2.791470E+03  4.36831669E-030  2.31362735E-033  1.11657767E-030  3.24942539E-030
  2.829220E+03  4.11097043E-030  2.16729727E-033  1.04926432E-030  3.05953882E-030
  2.867480E+03  3.86806692E-030  2.03017862E-033  9.85916672E-031  2.88012006E-030
  2.906250E+03  3.63884813E-030  1.90171331E-033  9.26311564E-031  2.71063485E-030
  2.945550E+03  3.42252679E-030  1.78132244E-033  8.70223755E-031  2.55052171E-030
  2.985380E+03  3.21842782E-030  1.66851720E-033  8.17456184E-031  2.39930312E-030
  3.025750E+03  3.03037037E-030  1.56281810E-033  7.67813838E-031  2.26099372E-030
  3.066670E+03  2.85524276E-030  1.46377266E-033  7.21114736E-031  2.13266425E-030
  3.108140E+03  2.68986578E-030  1.37098309E-033  6.77193410E-031  2.01130138E-030
  3.150170E+03  2.53370786E-030  1.28404974E-033  6.35888061E-031  1.89653575E-030
  3.192760E+03  2.38628416E-030  1.20261813E-033  5.97049512E-031  1.78803203E-030
  3.235940E+03  2.24707454E-030  1.12630391E-033  5.60522103E-031  1.68542613E-030
  3.279690E+03  2.11569121E-030  1.05483200E-033  5.26185742E-031  1.58845063E-030
  3.324040E+03  1.99166681E-030  9.87863101E-034  4.93902078E-031  1.49677687E-030
  3.368990E+03  1.87461444E-030  9.25127844E-034  4.63554534E-031  1.41013478E-030
  3.414550E+03  1.76415429E-030  8.66355985E-034  4.35029435E-031  1.32825850E-030
  3.460720E+03  1.65993684E-030  8.11308515E-034  4.08222273E-031  1.25090326E-030
  3.507520E+03  1.56160516E-030  7.59739338E-034  3.83028646E-031  1.17781677E-030
  3.554950E+03  1.46884661E-030  7.11436003E-034  3.59355708E-031  1.10877946E-030
  3.603020E+03  1.38135623E-030  6.66192553E-034  3.37114285E-031  1.04357575E-030
  3.651740E+03  1.29884253E-030  6.23815274E-034  3.16218994E-031  9.81999717E-031
  3.701120E+03  1.22102957E-030  5.84121679E-034  2.96589884E-031  9.23855563E-031
  3.751170E+03  1.14765813E-030  5.46942091E-034  2.78152076E-031  8.68959111E-031
  3.801890E+03  1.07849096E-030  5.12124424E-034  2.60836772E-031  8.17142066E-031
  3.853300E+03  1.01328642E-030  4.79512367E-034  2.44574923E-031  7.68231981E-031
  3.905410E+03  9.51825284E-031  4.48966024E-034  2.29304092E-031  7.22072225E-031
  3.958220E+03  8.93906885E-031  4.20360790E-034  2.14966784E-031  6.78519740E-031
  4.011750E+03  8.39830179E-031  3.93568798E-034  2.01505678E-031  6.37930932E-031
  4.065990E+03  7.90499797E-031  3.68483949E-034  1.88871104E-031  6.01260208E-031
  4.120980E+03  7.43953756E-031  3.44985949E-034  1.77009722E-031  5.66599047E-031
  4.176700E+03  7.00054378E-031  3.22985831E-034  1.65878768E-031  5.33852624E-031
  4.233180E+03  6.58645565E-031  3.02381542E-034  1.55432218E-031  5.02910966E-031
  4.290420E+03  6.19594590E-031  2.83088591E-034  1.45629926E-031  4.73681575E-031
  4.348440E+03  5.82767085E-031  2.65019965E-034  1.36432143E-031  4.46069922E-031
  4.407240E+03  5.48043889E-031  2.48102609E-034  1.27803402E-031  4.19992384E-031
  4.466840E+03  5.15305130E-031  2.32260019E-034  1.19708529E-031  3.95364341E-031
  4.527240E+03  4.84444052E-031  2.17427197E-034  1.12116027E-031  3.72110598E-031
  4.588460E+03  4.55353399E-031  2.03537909E-034  1.04994887E-031  3.50154975E-031
  4.650500E+03  4.27937668E-031  1.90534621E-034  9.83171037E-032  3.29430030E-031
  4.713390E+03  4.02098183E-031  1.78357269E-034  9.20545897E-032  3.09865237E-031
  4.777130E+03  3.77750450E-031  1.66955743E-034  8.61828192E-032  2.91400675E-031
  4.841720E+03  3.54813053E-031  1.56282891E-034  8.06784188E-032  2.73978351E-031
  4.907200E+03  3.33201223E-031  1.46287769E-034  7.55177290E-032  2.57537206E-031
  4.973550E+03  3.12846763E-031  1.36932125E-034  7.06810367E-032  2.42028794E-031
  5.040810E+03  2.94083766E-031  1.28171323E-034  6.61473640E-032  2.27808231E-031
  5.108970E+03  2.76648327E-031  1.19970501E-034  6.18989981E-032  2.14629359E-031
  5.178060E+03  2.60209552E-031  1.12292103E-034  5.79177460E-032  2.02179514E-031
  5.248070E+03  2.44715099E-031  1.05105081E-034  5.41878646E-032  1.90422130E-031
  5.319040E+03  2.30108404E-031  9.83754882E-035  5.06930711E-032  1.79316957E-031
  5.390970E+03  2.16341526E-031  9.20756139E-035  4.74191884E-032  1.68830262E-031
  5.463870E+03  2.03367818E-031  8.61783106E-035  4.43526569E-032  1.58928982E-031
  5.537750E+03  1.91143273E-031  8.06580373E-035  4.14806879E-032  1.49581927E-031
  5.612630E+03  1.79624761E-031  7.54904196E-035  3.87910689E-032  1.40758201E-031
  5.688530E+03  1.68772193E-031  7.06525595E-035  3.62723399E-032  1.32429200E-031
  5.765450E+03  1.58549326E-031  6.61242514E-035  3.39141132E-032  1.24569089E-031
  5.843410E+03  1.48920042E-031  6.18854641E-035  3.17062549E-032  1.17151902E-031
  5.922430E+03  1.39850566E-031  5.79174401E-035  2.96393593E-032  1.10153289E-031
  6.002520E+03  1.31309436E-031  5.42031097E-035  2.77046156E-032  1.03550617E-031
  6.083680E+03  1.23267708E-031  5.07269782E-035  2.58939438E-032  9.73230372E-032
  6.165950E+03  1.15695562E-031  4.74727293E-035  2.41992856E-032  9.14488036E-032
  6.249330E+03  1.08685219E-031  4.44268499E-035  2.26134946E-032  8.60272971E-032
  6.333830E+03  1.02158264E-031  4.15761594E-035  2.11297828E-032  8.09869049E-032
  6.419480E+03  9.60088347E-032  3.89077442E-035  1.97415616E-032  7.62283654E-032
  6.506290E+03  9.02158694E-032  3.64101414E-035  1.84428901E-032  7.17365692E-032
  6.594270E+03  8.47594358E-032  3.40726106E-035  1.72281149E-032  6.74972483E-032
  6.683440E+03  7.96204649E-032  3.18848100E-035  1.60919328E-032  6.34966473E-032
  6.773820E+03  7.47806210E-032  2.98370852E-035  1.50293249E-032  5.97214591E-032
  6.865410E+03  7.02235601E-032  2.79208131E-035  1.40356923E-032  5.61599470E-032
  6.958250E+03  6.59325085E-032  2.61271486E-035  1.31065555E-032  5.27998258E-032
  7.052340E+03  6.19562381E-032  2.44485470E-035  1.22378706E-032  4.96939190E-032
  7.147710E+03  5.82613253E-032  2.28774475E-035  1.14257277E-032  4.68127201E-032
  7.244360E+03  5.47800643E-032  2.14072448E-035  1.06665993E-032  4.40920577E-032
  7.342320E+03  5.15001460E-032  2.00312835E-035  9.95703409E-033  4.15230806E-032
  7.441610E+03  4.84101278E-032  1.87435177E-035  9.29384834E-033  3.90975359E-032
  7.542230E+03  4.54995882E-032  1.75385218E-035  8.67414495E-033  3.68079047E-032
  7.644220E+03  4.27579085E-032  1.64107464E-035  8.09503524E-033  3.46464625E-032
  7.747590E+03  4.01756984E-032  1.53553382E-035  7.55395069E-033  3.26063923E-032
  7.852360E+03  3.77438602E-032  1.43676574E-035  7.04843281E-033  3.06810597E-032
  7.958540E+03  3.54539408E-032  1.34434321E-035  6.57621239E-033  2.88642850E-032
  8.066160E+03  3.32977478E-032  1.25785278E-035  6.13510677E-033  2.71500625E-032
  8.175230E+03  3.12677359E-032  1.17691974E-035  5.72312969E-033  2.55328370E-032
  8.285780E+03  2.93566033E-032  1.10118198E-035  5.33836854E-033  2.40072229E-032
  8.397820E+03  2.75576538E-032  1.03031182E-035  4.97907687E-033  2.25682738E-032
  8.511380E+03  2.58643945E-032  9.63991669E-036  4.64358345E-033  2.12111711E-032
  8.626470E+03  2.42708482E-032  9.01936356E-036  4.33035259E-033  1.99314763E-032
  8.743120E+03  2.27712241E-032  8.43866812E-036  4.03792485E-033  1.87248606E-032
  8.861350E+03  2.13601479E-032  7.89528812E-036  3.76494181E-033  1.75873108E-032
  8.981180E+03  2.00325267E-032  7.38682970E-036  3.51013450E-033  1.65150054E-032
  9.102630E+03  1.88117821E-032  6.91107040E-036  3.27231623E-033  1.55325548E-032
  9.225710E+03  1.76668631E-032  6.46593993E-036  3.05038811E-033  1.46100090E-032
  9.350470E+03  1.65889689E-032  6.04938302E-036  2.84327473E-033  1.37396448E-032
  9.476910E+03  1.55743784E-032  5.65964083E-036  2.65002902E-033  1.29186898E-032
  9.605060E+03  1.46194226E-032  5.29497136E-036  2.46973030E-033  1.21443973E-032
  9.734940E+03  1.37207025E-032  4.95376796E-036  2.30152608E-033  1.14142227E-032
  9.866580E+03  1.28749597E-032  4.63450903E-036  2.14461652E-033  1.07257087E-032
  1.000000E+04  1.20789201E-032  4.33579623E-036  1.99825603E-033  1.00763282E-032
