# Zubko/ZDA BARE-GR-S model SED (this work), Mathis ISRF U =  1.00
# solver = heuristic
# columns: lambda[um]  lamI_total/NH  lamI_PAH/NH  lamI_GRA/NH  lamI_SIL/NH
#          [erg s^-1 cm^-2 sr^-1 H^-1]
  8.998430E-02  5.95695868E-046  5.30869816E-046  3.27602802E-049  6.44984491E-047
  9.120110E-02  8.74920259E-046  7.80216696E-046  4.70584219E-049  9.42329787E-047
  9.243430E-02  9.15447149E-043  9.15312803E-043  6.63824209E-049  1.33682031E-046
  9.368430E-02  2.48475810E-042  1.61804771E-042  1.08676740E-044  8.55842719E-043
  9.495110E-02  4.30664470E-042  2.83915092E-042  1.88255401E-044  1.44866823E-042
  9.623510E-02  7.40496504E-042  4.94502711E-042  3.15381116E-044  2.42839982E-042
  9.753640E-02  1.90537424E-041  1.31985345E-041  7.08309218E-044  5.78437698E-042
  9.885530E-02  3.25421570E-041  2.28394565E-041  1.15999756E-043  9.58670072E-042
  1.001920E-01  5.40215699E-041  3.80878758E-041  1.88760663E-043  1.57449335E-041
  1.015470E-01  1.02493594E-040  7.40111738E-041  3.08848335E-043  2.81735715E-041
  1.029200E-01  1.70247088E-040  1.24378581E-040  5.35543291E-043  4.53329644E-041
  1.043120E-01  2.79845489E-040  2.07163174E-040  8.35837636E-043  7.18464776E-041
  1.057220E-01  4.60233834E-040  3.41874847E-040  1.27931831E-042  1.17079668E-040
  1.071520E-01  7.78322837E-040  5.90958402E-040  1.97241404E-042  1.85392021E-040
  1.086010E-01  1.25651454E-039  9.61414900E-040  2.95868215E-042  2.92140956E-040
  1.100690E-01  2.01726126E-039  1.55073311E-039  4.36886791E-042  4.62159286E-040
  1.115580E-01  3.26334686E-039  2.53596071E-039  6.63884616E-042  7.20747300E-040
  1.130660E-01  5.15937704E-039  4.03067577E-039  1.05150219E-041  1.11818626E-039
  1.145950E-01  8.09567987E-039  6.35763902E-039  1.61443331E-041  1.72189651E-039
  1.161450E-01  1.26250326E-038  9.95246294E-039  2.51332358E-041  2.64743646E-039
  1.177150E-01  1.96741154E-038  1.56059061E-038  3.87156549E-041  4.02949365E-039
  1.193070E-01  3.02528940E-038  2.40913882E-038  5.94527508E-041  6.10205302E-039
  1.209210E-01  4.62143001E-038  3.69349922E-038  9.00766869E-041  9.18923116E-039
  1.225560E-01  7.03229773E-038  5.64474296E-038  1.36587615E-040  1.37389601E-038
  1.242130E-01  1.06023386E-037  8.54055022E-038  2.06643740E-040  2.04112397E-038
  1.258930E-01  1.58892286E-037  1.28426448E-037  3.12037404E-040  3.01538007E-038
  1.275950E-01  2.36647669E-037  1.91923712E-037  4.70845814E-040  4.42531114E-038
  1.293200E-01  3.50929257E-037  2.85689361E-037  7.16030353E-040  6.45238652E-038
  1.310690E-01  5.35497194E-037  4.40905492E-037  1.08789237E-039  9.35038094E-038
  1.328410E-01  7.90683848E-037  6.54385014E-037  1.65976976E-039  1.34639064E-037
  1.346380E-01  1.16379838E-036  9.68690053E-037  2.54051783E-039  1.92567810E-037
  1.364580E-01  1.70509760E-036  1.42771796E-036  3.88046151E-039  2.73499179E-037
  1.383040E-01  2.48981507E-036  2.09820202E-036  5.94044030E-039  3.85672611E-037
  1.401740E-01  3.62227915E-036  3.07379374E-036  9.06717878E-039  5.39418235E-037
  1.420690E-01  5.25138022E-036  4.49207507E-036  1.38466632E-038  7.45458495E-037
  1.439900E-01  7.57706090E-036  6.54625718E-036  2.11879945E-038  1.00961572E-036
  1.459370E-01  1.08877524E-035  9.51727129E-036  3.25245449E-038  1.33795659E-036
  1.479110E-01  1.56062866E-035  1.38081143E-035  5.02388628E-038  1.74793345E-036
  1.499110E-01  2.23344308E-035  1.99945719E-035  7.74803126E-038  2.26237859E-036
  1.519380E-01  3.19117129E-035  2.88944595E-035  1.19389456E-037  2.89786397E-036
  1.539930E-01  4.55255285E-035  4.16901462E-035  1.82734582E-037  3.65264770E-036
  1.560750E-01  6.49310668E-035  6.00578506E-035  2.78859263E-037  4.59435690E-036
  1.581860E-01  9.25966089E-035  8.64066231E-035  4.24134289E-037  5.76585154E-036
  1.603250E-01  1.31929122E-034  1.24154673E-034  6.41723737E-037  7.13272573E-036
  1.624930E-01  1.88091843E-034  1.78210398E-034  9.73824221E-037  8.90762086E-036
  1.646900E-01  2.67961379E-034  2.55576494E-034  1.46676919E-036  1.09181154E-035
  1.669170E-01  3.81947924E-034  3.66279234E-034  2.21284887E-036  1.34558406E-035
  1.691740E-01  5.44446662E-034  5.24660803E-034  3.32486380E-036  1.64609955E-035
  1.714620E-01  7.76332625E-034  7.51033236E-034  5.00283502E-036  2.02965533E-035
  1.737800E-01  1.10625964E-033  1.07370366E-033  7.50949953E-036  2.50464800E-035
  1.761300E-01  1.57562568E-033  1.53398974E-033  1.11995506E-035  3.04363866E-035
  1.785120E-01  2.24392686E-033  2.19100164E-033  1.66064242E-035  3.63187950E-035
  1.809260E-01  3.19774852E-033  3.12973906E-033  2.46375773E-035  4.33718794E-035
  1.833720E-01  4.56251136E-033  4.47291514E-033  3.67039337E-035  5.28922859E-035
  1.858520E-01  6.51754806E-033  6.39947284E-033  5.44397107E-035  6.36355162E-035
  1.883650E-01  9.32252491E-033  9.16673302E-033  8.04381312E-035  7.53537597E-035
  1.909120E-01  1.33567357E-032  1.31491699E-032  1.18494416E-034  8.90713354E-035
  1.934940E-01  1.91678048E-032  1.88872380E-032  1.73647137E-034  1.06919614E-034
  1.961100E-01  2.75258106E-032  2.71465196E-032  2.52620156E-034  1.26670829E-034
  1.987620E-01  3.95206706E-032  3.90083350E-032  3.64497871E-034  1.47837766E-034
  2.014500E-01  5.66265645E-032  5.59344031E-032  5.17770949E-034  1.74390400E-034
  2.041740E-01  8.07399854E-032  7.98103602E-032  7.21274073E-034  2.08351135E-034
  2.069350E-01  1.14139546E-031  1.12906013E-031  9.87211942E-034  2.46320549E-034
  2.097330E-01  1.59249608E-031  1.57637232E-031  1.32459611E-033  2.87780485E-034
  2.125690E-01  2.18242404E-031  2.16172558E-031  1.72660988E-033  3.43235805E-034
  2.154430E-01  2.92482575E-031  2.89886475E-031  2.18471977E-033  4.11379955E-034
  2.183570E-01  3.82284192E-031  3.79115100E-031  2.67438053E-033  4.94711972E-034
  2.213090E-01  4.86929624E-031  4.83165065E-031  3.16496784E-033  5.99591075E-034
  2.243020E-01  6.05759515E-031  6.01339667E-031  3.68596536E-033  7.33882362E-034
  2.273350E-01  7.38752197E-031  7.33577507E-031  4.27155364E-033  9.03136559E-034
  2.304090E-01  8.87416208E-031  8.81370314E-031  4.93153026E-033  1.11436398E-033
  2.335250E-01  1.05497264E-030  1.04794629E-030  5.64950264E-033  1.37684492E-033
  2.366830E-01  1.24626948E-030  1.23814308E-030  6.42307378E-033  1.70332873E-033
  2.398830E-01  1.46771026E-030  1.45828571E-030  7.32044355E-033  2.10410375E-033
  2.431270E-01  1.72726208E-030  1.71624675E-030  8.41212037E-033  2.60320317E-033
  2.464150E-01  2.03415293E-030  2.02124120E-030  9.70010959E-033  3.21161571E-033
  2.497470E-01  2.39925898E-030  2.38409460E-030  1.12137870E-032  3.95059737E-033
  2.531240E-01  2.83554148E-030  2.81764090E-030  1.30905879E-032  4.80998928E-033
  2.565470E-01  3.35814637E-030  3.33703210E-030  1.52782275E-032  5.83604839E-033
  2.600160E-01  3.98498941E-030  3.96001845E-030  1.79139571E-032  7.05700142E-033
  2.635320E-01  4.73728880E-030  4.70773714E-030  2.10468424E-032  8.50481768E-033
  2.670960E-01  5.64015265E-030  5.60530863E-030  2.46219489E-032  1.02220672E-032
  2.707070E-01  6.72269483E-030  6.68175160E-030  2.86907351E-032  1.22524973E-032
  2.743680E-01  8.02070942E-030  7.97268689E-030  3.33757492E-032  1.46467808E-032
  2.780780E-01  9.57545549E-030  9.51875114E-030  3.92594084E-032  1.74449460E-032
  2.818380E-01  1.14351833E-029  1.13685528E-029  4.59062916E-032  2.07242932E-032
  2.856490E-01  1.36573243E-029  1.35792988E-029  5.34682779E-032  2.45572606E-032
  2.895120E-01  1.63097271E-029  1.62181788E-029  6.25267219E-032  2.90215400E-032
  2.934270E-01  1.94704569E-029  1.93633040E-029  7.29464787E-032  3.42064711E-032
  2.973950E-01  2.32318268E-029  2.31065997E-029  8.50167581E-032  4.02103276E-032
  3.014160E-01  2.76999628E-029  2.75541127E-029  9.86958065E-032  4.71542813E-032
  3.054920E-01  3.17536233E-029  3.15843205E-029  1.14133155E-031  5.51696889E-032
  3.096230E-01  3.72245646E-029  3.70286951E-029  1.31470588E-031  6.43988193E-032
  3.138100E-01  4.35120568E-029  4.32850520E-029  1.52067861E-031  7.49370138E-032
  3.180530E-01  5.07106789E-029  5.04482532E-029  1.75429909E-031  8.69957319E-032
  3.223540E-01  5.89252925E-029  5.86227981E-029  2.01719978E-031  1.00774352E-031
  3.267130E-01  6.82615964E-029  6.79137667E-029  2.31349294E-031  1.16480481E-031
  3.311310E-01  7.88315429E-029  7.84309471E-029  2.66262695E-031  1.34333111E-031
  3.356090E-01  9.07402028E-029  9.02799987E-029  3.05606903E-031  1.54597295E-031
  3.401470E-01  1.04085146E-028  1.03557800E-028  3.49799208E-031  1.77546813E-031
  3.447470E-01  1.18948394E-028  1.18345236E-028  3.99683268E-031  2.03474549E-031
  3.494080E-01  1.35368054E-028  1.34677598E-028  4.57853001E-031  2.32602428E-031
  3.541330E-01  1.53324423E-028  1.52535775E-028  5.23266244E-031  2.65382281E-031
  3.589220E-01  1.72677478E-028  1.71778658E-028  5.96629528E-031  3.02190405E-031
  3.637750E-01  1.93094449E-028  1.92072326E-028  6.78687185E-031  3.43436205E-031
  3.686950E-01  2.13956733E-028  2.12796711E-028  7.70490716E-031  3.89531287E-031
  3.736800E-01  2.34193576E-028  2.32879778E-028  8.72848411E-031  4.40948784E-031
  3.787330E-01  2.52329742E-028  2.50844776E-028  9.86720168E-031  4.98245663E-031
  3.838550E-01  2.66979212E-028  2.65304149E-028  1.11314673E-030  5.61916172E-031
  3.890450E-01  2.78245779E-028  2.76360101E-028  1.25318547E-030  6.32493245E-031
  3.943060E-01  2.88751304E-028  2.86632569E-028  1.40803649E-030  7.10698581E-031
  3.996380E-01  3.02089503E-028  2.99713425E-028  1.57888697E-030  7.97190862E-031
  4.050420E-01  3.20354907E-028  3.17697248E-028  1.76539002E-030  8.92269008E-031
  4.105190E-01  3.43584087E-028  3.40617132E-028  1.96997553E-030  9.96978824E-031
  4.160700E-01  3.70511549E-028  3.67205368E-028  2.19405083E-030  1.11213035E-030
  4.216970E-01  3.99612509E-028  3.95934874E-028  2.43905445E-030  1.23858123E-030
  4.273990E-01  4.29915524E-028  4.25832067E-028  2.70629514E-030  1.37716232E-030
  4.331780E-01  4.60606493E-028  4.56080381E-028  2.99729541E-030  1.52881718E-030
  4.390360E-01  4.89558567E-028  4.84546328E-028  3.31761804E-030  1.69462048E-030
  4.449730E-01  5.12653388E-028  5.07106108E-028  3.67234599E-030  1.87493375E-030
  4.509900E-01  5.24563161E-028  5.18432957E-028  4.05904886E-030  2.07115570E-030
  4.570880E-01  5.21145931E-028  5.14382902E-028  4.47855195E-030  2.28447685E-030
  4.632690E-01  5.03184499E-028  4.95735531E-028  4.93289011E-030  2.51607796E-030
  4.695340E-01  4.77441637E-028  4.69250448E-028  5.42404278E-030  2.76714590E-030
  4.758830E-01  4.51436642E-028  4.42443874E-028  5.95388592E-030  3.03888216E-030
  4.823180E-01  4.27804162E-028  4.17947032E-028  6.52453509E-030  3.33259555E-030
  4.888400E-01  4.04236230E-028  3.93433700E-028  7.15309086E-030  3.64943920E-030
  4.954500E-01  3.76696351E-028  3.64853796E-028  7.85189909E-030  3.99065606E-030
  5.021500E-01  3.43237807E-028  3.30273778E-028  8.60611607E-030  4.35791292E-030
  5.089400E-01  3.06359238E-028  2.92187989E-028  9.41867267E-030  4.75257691E-030
  5.158220E-01  2.70953576E-028  2.55484489E-028  1.02929143E-029  5.17617302E-030
  5.227970E-01  2.40273456E-028  2.23411244E-028  1.12320126E-029  5.63019946E-030
  5.298670E-01  2.14710047E-028  1.96354338E-028  1.22394260E-029  6.11628288E-030
  5.370320E-01  1.93130826E-028  1.73176700E-028  1.33182136E-029  6.63591236E-030
  5.442940E-01  1.74399783E-028  1.52737240E-028  1.44718387E-029  7.19070402E-030
  5.516540E-01  1.58140512E-028  1.34644437E-028  1.57141129E-029  7.78196281E-030
  5.591140E-01  1.44468449E-028  1.18976137E-028  1.70821436E-029  8.41016849E-030
  5.666740E-01  1.33305439E-028  1.05681503E-028  1.85458331E-029  9.07810235E-030
  5.743370E-01  1.24324813E-028  9.44269922E-029  2.01101877E-029  9.78763315E-030
  5.821030E-01  1.17115614E-028  8.47955193E-029  2.17798811E-029  1.05402132E-029
  5.899750E-01  1.11357047E-028  7.64591429E-029  2.35601175E-029  1.13377868E-029
  5.979530E-01  1.06859195E-028  6.92218200E-029  2.54555922E-029  1.21817833E-029
  6.060380E-01  1.03485353E-028  6.29404296E-029  2.74710732E-029  1.30738502E-029
  6.142330E-01  1.01100314E-028  5.74722232E-029  2.96122064E-029  1.40158842E-029
  6.225390E-01  9.95747800E-029  5.26812978E-029  3.18840542E-029  1.50094280E-029
  6.309570E-01  9.87990318E-029  4.84515584E-029  3.42914491E-029  1.60560242E-029
  6.394890E-01  9.86880030E-029  4.46908284E-029  3.68397288E-029  1.71574458E-029
  6.481370E-01  9.91750351E-029  4.13253542E-029  3.95343304E-029  1.83153505E-029
  6.569010E-01  1.00209265E-028  3.82956699E-029  4.23826324E-029  1.95309626E-029
  6.657840E-01  1.01795295E-028  3.55518236E-029  4.54367859E-029  2.08066855E-029
  6.747870E-01  1.03858377E-028  3.30536219E-029  4.86613677E-029  2.21433877E-029
  6.839120E-01  1.06373527E-028  3.07681776E-029  5.20628459E-029  2.35425037E-029
  6.931600E-01  1.09321182E-028  2.86687097E-029  5.56469895E-029  2.50054829E-029
  7.025330E-01  1.12691451E-028  2.67328421E-029  5.94248418E-029  2.65337670E-029
  7.120330E-01  1.16485451E-028  2.49419418E-029  6.34144361E-029  2.81290730E-029
  7.216610E-01  1.20681710E-028  2.32804898E-029  6.76091332E-029  2.97920873E-029
  7.314200E-01  1.25275378E-028  2.17352710E-029  7.20159014E-029  3.15242053E-029
  7.413100E-01  1.30262392E-028  2.02954652E-029  7.66408790E-029  3.33260479E-029
  7.513350E-01  1.35641410E-028  1.89513507E-029  8.14910079E-029  3.51990509E-029
  7.614940E-01  1.41410102E-028  1.76952206E-029  8.65712161E-029  3.71436651E-029
  7.717920E-01  1.47571137E-028  1.65197583E-029  9.18900118E-029  3.91613667E-029
  7.822280E-01  1.54122430E-028  1.54193531E-029  9.74509262E-029  4.12521505E-029
  7.928060E-01  1.61067563E-028  1.43884759E-029  1.03261893E-028  4.34171934E-029
  8.035260E-01  1.68421897E-028  1.34228108E-029  1.09346038E-028  4.56530479E-029
  8.143920E-01  1.76210490E-028  1.25181523E-029  1.15735304E-028  4.79570341E-029
  8.254040E-01  1.84406621E-028  1.16710839E-029  1.22400759E-028  5.03347783E-029
  8.365660E-01  1.93016261E-028  1.08783287E-029  1.29350863E-028  5.27870689E-029
  8.478780E-01  2.02040083E-028  1.01371714E-029  1.36589589E-028  5.53133231E-029
  8.593430E-01  2.11483529E-028  9.44502212E-030  1.44124527E-028  5.79139805E-029
  8.709640E-01  2.21350692E-028  8.79949651E-030  1.51962458E-028  6.05887378E-029
  8.827410E-01  2.31641836E-028  8.19862561E-030  1.60106556E-028  6.33366538E-029
  8.946780E-01  2.42362673E-028  7.64038609E-030  1.68564017E-028  6.61582694E-029
  9.067760E-01  2.53561987E-028  7.12302761E-030  1.77392394E-028  6.90465654E-029
  9.190380E-01  2.65240868E-028  6.64494682E-030  1.86593798E-028  7.20021238E-029
  9.314650E-01  2.77369852E-028  6.20459216E-030  1.96138194E-028  7.50270660E-029
  9.440610E-01  2.89954500E-028  5.80056986E-030  2.06031941E-028  7.81219889E-029
  9.568270E-01  3.02996223E-028  5.43156557E-030  2.16280304E-028  8.12843536E-029
  9.697650E-01  3.16495810E-028  5.09638289E-030  2.26886109E-028  8.45133181E-029
  9.828790E-01  3.30460298E-028  4.79378913E-030  2.37858950E-028  8.78075584E-029
  9.961700E-01  3.44886991E-028  4.52280986E-030  2.49198179E-028  9.11660020E-029
  1.009640E+00  3.59944227E-028  4.28240684E-030  2.61069591E-028  9.45922288E-029
  1.023290E+00  3.75549051E-028  4.07168775E-030  2.73396410E-028  9.80809537E-029
  1.037130E+00  3.91658506E-028  3.88969197E-030  2.86137391E-028  1.01631423E-028
  1.051150E+00  4.08255338E-028  3.73578288E-030  2.99283100E-028  1.05236456E-028
  1.065370E+00  4.25368686E-028  3.60905430E-030  3.12859409E-028  1.08900223E-028
  1.079780E+00  4.42980668E-028  3.50898988E-030  3.26855217E-028  1.12616461E-028
  1.094380E+00  4.61083703E-028  3.43499982E-030  3.41267136E-028  1.16381566E-028
  1.109170E+00  4.79675987E-028  3.38654804E-030  3.56096923E-028  1.20192516E-028
  1.124170E+00  4.98787275E-028  3.36313894E-030  3.71371343E-028  1.24052793E-028
  1.139380E+00  5.18921297E-028  3.36444496E-030  3.87605861E-028  1.27950991E-028
  1.154780E+00  5.39708429E-028  3.39014070E-030  4.04436226E-028  1.31882062E-028
  1.170400E+00  5.61080375E-028  3.44004628E-030  4.21786745E-028  1.35853584E-028
  1.186220E+00  5.82995348E-028  3.51393538E-030  4.39625873E-028  1.39855540E-028
  1.202260E+00  6.05489506E-028  3.61181504E-030  4.57986503E-028  1.43891188E-028
  1.218520E+00  6.28557692E-028  3.73370183E-030  4.76867785E-028  1.47956205E-028
  1.235000E+00  6.52192098E-028  3.87967591E-030  4.96266737E-028  1.52045685E-028
  1.251700E+00  6.76515191E-028  4.04988702E-030  5.16209197E-028  1.56256107E-028
  1.268630E+00  7.01650357E-028  4.24468901E-030  5.36898573E-028  1.60507094E-028
  1.285780E+00  7.27358185E-028  4.46427117E-030  5.58115742E-028  1.64778172E-028
  1.303170E+00  7.53676385E-028  4.70931265E-030  5.79895116E-028  1.69071956E-028
  1.320790E+00  7.80741080E-028  4.98017668E-030  6.02363997E-028  1.73396905E-028
  1.338650E+00  8.08443038E-028  5.27761037E-030  6.25426460E-028  1.77738968E-028
  1.356750E+00  8.36742986E-028  5.60229393E-030  6.49049021E-028  1.82091671E-028
  1.375100E+00  8.65657977E-028  5.95522202E-030  6.73248371E-028  1.86454384E-028
  1.393690E+00  8.95423032E-028  6.33707228E-030  6.98273961E-028  1.90811999E-028
  1.412540E+00  9.25875981E-028  6.74924882E-030  7.23953541E-028  1.95173191E-028
  1.431640E+00  9.56940125E-028  7.19265400E-030  7.50217243E-028  1.99530227E-028
  1.451000E+00  9.88641070E-028  7.66872033E-030  7.77090231E-028  2.03882119E-028
  1.470620E+00  1.02142354E-027  8.17877524E-030  8.05023103E-028  2.08221664E-028
  1.490500E+00  1.05515969E-027  8.72426061E-030  8.33889802E-028  2.12545626E-028
  1.510660E+00  1.08960040E-027  9.30734176E-030  8.63435465E-028  2.16857591E-028
  1.531090E+00  1.12470443E-027  9.92942864E-030  8.93626194E-028  2.21148812E-028
  1.551790E+00  1.16051265E-027  1.05923930E-029  9.24508344E-028  2.25411915E-028
  1.572780E+00  1.19755631E-027  1.12988835E-029  9.56640168E-028  2.29617255E-028
  1.594040E+00  1.23525216E-027  1.20504001E-029  9.89414434E-028  2.33787330E-028
  1.615600E+00  1.27367775E-027  1.28503409E-029  1.02289998E-027  2.37927429E-028
  1.637440E+00  1.31276522E-027  1.37005452E-029  1.05703788E-027  2.42026791E-028
  1.659590E+00  1.35259373E-027  1.46048594E-029  1.09188551E-027  2.46103360E-028
  1.682030E+00  1.39312023E-027  1.55654949E-029  1.12740312E-027  2.50151618E-028
  1.704770E+00  1.43429752E-027  1.65860230E-029  1.16355761E-027  2.54153879E-028
  1.727830E+00  1.47619874E-027  1.76708415E-029  1.20041604E-027  2.58111861E-028
  1.751190E+00  1.51872964E-027  1.88227820E-029  1.23789111E-027  2.62015752E-028
  1.774870E+00  1.56206502E-027  2.00468189E-029  1.27612597E-027  2.65892230E-028
  1.798870E+00  1.60679433E-027  2.13474392E-029  1.31559474E-027  2.69852153E-028
  1.823200E+00  1.65228906E-027  2.27299903E-029  1.35579813E-027  2.73760941E-028
  1.847850E+00  1.69843147E-027  2.41992025E-029  1.39662030E-027  2.77611962E-028
  1.872840E+00  1.74527971E-027  2.57619590E-029  1.43811058E-027  2.81407171E-028
  1.898160E+00  1.79278771E-027  2.74240640E-029  1.48022332E-027  2.85140329E-028
  1.923830E+00  1.84172937E-027  2.91936413E-029  1.52370444E-027  2.88831287E-028
  1.949840E+00  1.89179711E-027  3.10777413E-029  1.56825231E-027  2.92467060E-028
  1.976210E+00  1.94269219E-027  3.30863676E-029  1.61356677E-027  2.96039051E-028
  2.002930E+00  1.99426453E-027  3.52282313E-029  1.65949495E-027  2.99541343E-028
  2.030020E+00  2.04657307E-027  3.75155308E-029  1.70608166E-027  3.02975881E-028
  2.057470E+00  2.09958354E-027  3.99594303E-029  1.75328684E-027  3.06337264E-028
  2.085290E+00  2.15368974E-027  4.25738545E-029  1.80149879E-027  3.09617094E-028
  2.113490E+00  2.20872595E-027  4.53751867E-029  1.85053185E-027  3.12818911E-028
  2.142070E+00  2.26461750E-027  4.83804741E-029  1.90022064E-027  3.16016387E-028
  2.171030E+00  2.32119513E-027  5.16095294E-029  1.95041825E-027  3.19167346E-028
  2.200390E+00  2.37852481E-027  5.50872342E-029  2.00119516E-027  3.22242411E-028
  2.230150E+00  2.43696924E-027  5.88402504E-029  2.05293796E-027  3.25191025E-028
  2.260300E+00  2.49636725E-027  6.28975478E-029  2.10541058E-027  3.28059120E-028
  2.290870E+00  2.55748548E-027  6.72987244E-029  2.15932619E-027  3.30860562E-028
  2.321850E+00  2.61959442E-027  7.20854518E-029  2.21392997E-027  3.33578998E-028
  2.353240E+00  2.68250876E-027  7.73077000E-029  2.26898877E-027  3.36212295E-028
  2.385060E+00  2.74632668E-027  8.30296553E-029  2.32453424E-027  3.38762780E-028
  2.417320E+00  2.81115682E-027  8.93269311E-029  2.38059966E-027  3.41230235E-028
  2.450000E+00  2.87850822E-027  9.62849038E-029  2.43858962E-027  3.43633701E-028
  2.483130E+00  2.94742325E-027  1.04020313E-028  2.49743587E-027  3.45967066E-028
  2.516710E+00  3.01727824E-027  1.12672085E-028  2.55632804E-027  3.48278109E-028
  2.550740E+00  3.08848247E-027  1.22415073E-028  2.61556342E-027  3.50503986E-028
  2.585230E+00  3.16123394E-027  1.33474182E-028  2.67511416E-027  3.52645599E-028
  2.620190E+00  3.23587897E-027  1.46144002E-028  2.73503184E-027  3.54703123E-028
  2.655620E+00  3.31275592E-027  1.60803322E-028  2.79527693E-027  3.56675671E-028
  2.691530E+00  3.39232189E-027  1.77967290E-028  2.85579096E-027  3.58563631E-028
  2.727930E+00  3.47550061E-027  1.98337386E-028  2.91679537E-027  3.60367853E-028
  2.764820E+00  3.56323208E-027  2.22885158E-028  2.97823661E-027  3.62110313E-028
  2.802210E+00  3.65756865E-027  2.53002222E-028  3.04073247E-027  3.63833958E-028
  2.840100E+00  3.75960248E-027  2.90724849E-028  3.10340246E-027  3.65475165E-028
  2.878500E+00  3.87239955E-027  3.39140677E-028  3.16622379E-027  3.67035080E-028
  2.917430E+00  4.00087506E-027  4.03140535E-028  3.22921914E-027  3.68515385E-028
  2.956880E+00  4.15316208E-027  4.90722561E-028  3.29252432E-027  3.69915201E-028
  2.996860E+00  4.34284174E-027  6.15870735E-028  3.35573537E-027  3.71235635E-028
  3.037390E+00  4.59606617E-027  8.04781798E-028  3.41880574E-027  3.72478637E-028
  3.078460E+00  4.96633525E-027  1.11092843E-027  3.48176360E-027  3.73643221E-028
  3.120090E+00  5.57913677E-027  1.65830076E-027  3.54588644E-027  3.74949579E-028
  3.162280E+00  6.77628757E-027  2.78861232E-027  3.61126574E-027  3.76409512E-028
  3.205040E+00  9.79574783E-027  5.74110523E-027  3.67684342E-027  3.77799182E-028
  3.248380E+00  2.19648400E-026  1.78435892E-026  3.74213073E-027  3.79120075E-028
  3.292300E+00  1.27341556E-025  1.23154488E-025  3.80694332E-027  3.80124434E-028
  3.336820E+00  3.68934161E-026  3.26409999E-026  3.87147720E-027  3.80938996E-028
  3.381950E+00  1.27088482E-026  8.39147017E-027  3.93569214E-027  3.81685864E-028
  3.427680E+00  8.16670211E-027  3.78415556E-027  4.00036260E-027  3.82183943E-028
  3.474030E+00  6.65918236E-027  2.21107102E-027  4.06563183E-027  3.82479512E-028
  3.521010E+00  6.01216713E-027  1.49940969E-027  4.13004762E-027  3.82709822E-028
  3.568620E+00  5.69896652E-027  1.12180090E-027  4.19428914E-027  3.82876481E-028
  3.616870E+00  5.54106105E-027  9.00441442E-028  4.25763878E-027  3.82980829E-028
  3.665780E+00  5.46646268E-027  7.62006431E-028  4.32146490E-027  3.82991345E-028
  3.715350E+00  5.44126095E-027  6.71918819E-028  4.38645306E-027  3.82889070E-028
  3.765590E+00  5.44606317E-027  6.12081285E-028  4.45125056E-027  3.82731327E-028
  3.816510E+00  5.46968754E-027  5.72319327E-028  4.51484868E-027  3.82519531E-028
  3.868120E+00  5.50693393E-027  5.46575647E-028  4.57810202E-027  3.82256269E-028
  3.920430E+00  5.55501341E-027  5.31070081E-028  4.64199920E-027  3.81944128E-028
  3.973440E+00  5.61018384E-027  5.23352801E-028  4.70524629E-027  3.81584756E-028
  4.027170E+00  5.67061407E-027  5.21828217E-028  4.76760500E-027  3.81180858E-028
  4.081630E+00  5.73530966E-027  5.25429195E-028  4.82914544E-027  3.80735034E-028
  4.136820E+00  5.80386322E-027  5.33441211E-028  4.89020241E-027  3.80219597E-028
  4.192760E+00  5.87526795E-027  5.45422042E-028  4.95055122E-027  3.79294691E-028
  4.249460E+00  5.94878501E-027  5.61094265E-028  5.00935675E-027  3.78333992E-028
  4.306920E+00  6.02463344E-027  5.80363559E-028  5.06693043E-027  3.77339449E-028
  4.365160E+00  6.10279259E-027  6.03231737E-028  5.12324644E-027  3.76314416E-028
  4.424190E+00  6.18360533E-027  6.29871331E-028  5.17847296E-027  3.75261036E-028
  4.484010E+00  6.27027320E-027  6.60563000E-028  5.23516989E-027  3.74540306E-028
  4.544650E+00  6.35961175E-027  6.95790036E-028  5.28999965E-027  3.73822061E-028
  4.606100E+00  6.45339091E-027  7.36255854E-028  5.34405140E-027  3.73083657E-028
  4.668390E+00  6.55143750E-027  7.83003308E-028  5.39610561E-027  3.72328582E-028
  4.731510E+00  6.65565319E-027  8.37556686E-028  5.44653820E-027  3.71558298E-028
  4.795490E+00  6.77080243E-027  9.02437295E-028  5.49733528E-027  3.71029857E-028
  4.860340E+00  6.90302124E-027  9.81852630E-028  5.55032196E-027  3.70846652E-028
  4.926060E+00  7.05478852E-027  1.08348922E-027  5.60064212E-027  3.70657179E-028
  4.992680E+00  7.24385368E-027  1.22331729E-027  5.65007167E-027  3.70464727E-028
  5.060190E+00  7.50408868E-027  1.43879062E-027  5.69461323E-027  3.70684817E-028
  5.128610E+00  7.94069416E-027  1.83281650E-027  5.73692425E-027  3.70953418E-028
  5.197970E+00  8.82789895E-027  2.67891000E-027  5.77732039E-027  3.71668564E-028
  5.268250E+00  9.92695217E-027  3.73801509E-027  5.81602354E-027  3.72913549E-028
  5.339490E+00  9.35666583E-027  3.12913119E-027  5.85336225E-027  3.74172384E-028
  5.411700E+00  8.93024295E-027  2.66693905E-027  5.88785570E-027  3.75448203E-028
  5.484870E+00  9.11751999E-027  2.81962356E-027  5.92115324E-027  3.76743188E-028
  5.559040E+00  9.87999924E-027  3.54811474E-027  5.95324160E-027  3.78642903E-028
  5.634210E+00  1.16416597E-026  5.27683198E-027  5.98394852E-027  3.80879170E-028
  5.710400E+00  1.32969738E-026  6.89945741E-027  6.01356613E-027  3.83950290E-028
  5.787620E+00  1.22373322E-026  5.80870961E-027  6.04154397E-027  3.87078580E-028
  5.865880E+00  1.20205526E-026  5.56238280E-027  6.06791784E-027  3.90251912E-028
  5.945200E+00  1.32763970E-026  6.78904110E-027  6.09351168E-027  3.93844181E-028
  6.025600E+00  1.67258097E-026  1.02078332E-026  6.12013648E-027  3.97840024E-028
  6.107080E+00  2.59747017E-026  1.94290582E-026  6.14374369E-027  4.01899768E-028
  6.189660E+00  4.73348505E-026  4.07638605E-026  6.16496367E-027  4.06026300E-028
  6.273360E+00  4.21441824E-026  3.55601813E-026  6.17451872E-027  4.09482380E-028
  6.358190E+00  2.47882362E-026  1.81931035E-026  6.18221418E-027  4.12918526E-028
  6.444170E+00  1.89793361E-026  1.23601973E-026  6.20364286E-027  4.15495924E-028
  6.531310E+00  1.77894777E-026  1.11477517E-026  6.22361383E-027  4.18112128E-028
  6.619620E+00  1.83167939E-026  1.16598639E-026  6.23671685E-027  4.20213127E-028
  6.709140E+00  1.88237066E-026  1.21539942E-026  6.24734559E-027  4.22366806E-028
  6.799860E+00  1.85549755E-026  1.18753499E-026  6.25535871E-027  4.24266921E-028
  6.891810E+00  1.83555679E-026  1.16681206E-026  6.26119539E-027  4.26251859E-028
  6.985000E+00  1.89409915E-026  1.22416962E-026  6.26886797E-027  4.30427300E-028
  7.079460E+00  2.04681192E-026  1.37593186E-026  6.27351861E-027  4.35281960E-028
  7.175190E+00  2.30133627E-026  1.62858863E-026  6.27753005E-027  4.49946329E-028
  7.272210E+00  2.67723899E-026  2.00282960E-026  6.27853841E-027  4.65555545E-028
  7.370550E+00  3.24996996E-026  2.57141133E-026  6.27950040E-027  5.06085896E-028
  7.470220E+00  4.20665949E-026  3.52329960E-026  6.27894771E-027  5.54651148E-028
  7.571230E+00  5.43969792E-026  4.74715237E-026  6.27889605E-027  6.46559407E-028
  7.673620E+00  5.64352453E-026  4.93819529E-026  6.27847460E-027  7.74817752E-028
  7.777380E+00  5.51618328E-026  4.79505904E-026  6.27506963E-027  9.36172712E-028
  7.882550E+00  5.19504027E-026  4.44983039E-026  6.27094430E-027  1.18115452E-027
  7.989140E+00  4.14139097E-026  3.37148385E-026  6.26382163E-027  1.43524957E-027
  8.097170E+00  3.29173290E-026  2.48636333E-026  6.25235290E-027  1.80134278E-027
  8.206660E+00  2.90719032E-026  2.06439777E-026  6.23868816E-027  2.18923736E-027
  8.317640E+00  2.83929815E-026  1.95929832E-026  6.22440299E-027  2.57559533E-027
  8.430110E+00  2.98165362E-026  2.06762041E-026  6.20928482E-027  2.93104726E-027
  8.544110E+00  3.47682775E-026  2.53144962E-026  6.19181123E-027  3.26197005E-027
  8.659640E+00  3.47333906E-026  2.49422919E-026  6.17452980E-027  3.61656890E-027
  8.776740E+00  2.73180800E-026  1.71219529E-026  6.15605568E-027  4.04007144E-027
  8.895420E+00  2.30663992E-026  1.23853608E-026  6.13621084E-027  4.54482763E-027
  9.015710E+00  2.13521676E-026  1.01320171E-026  6.11609954E-027  5.10405101E-027
  9.137630E+00  2.07506721E-026  8.99715789E-027  6.09677920E-027  5.65673496E-027
  9.261190E+00  2.06006089E-026  8.40526050E-027  6.07733904E-027  6.11800941E-027
  9.386420E+00  2.05860595E-026  8.11978180E-027  6.05817008E-027  6.40810760E-027
  9.513350E+00  2.05727248E-026  8.03393760E-027  6.03888331E-027  6.49990385E-027
  9.641990E+00  2.05647987E-026  8.09627524E-027  6.01923175E-027  6.44929169E-027
  9.772370E+00  2.06005910E-026  8.28378899E-027  5.99979510E-027  6.31700687E-027
  9.904520E+00  2.07515741E-026  8.59375641E-027  5.98096222E-027  6.17685551E-027
  1.003850E+01  2.10554855E-026  9.04003071E-027  5.96341665E-027  6.05203817E-027
  1.017420E+01  2.15391207E-026  9.65287734E-027  5.94652872E-027  5.93971460E-027
  1.031180E+01  2.22293777E-026  1.05019544E-026  5.92863291E-027  5.79879029E-027
  1.045120E+01  2.32047157E-026  1.17323680E-026  5.91199288E-027  5.56035477E-027
  1.059250E+01  2.48933041E-026  1.37300860E-026  5.89520226E-027  5.26801586E-027
  1.073580E+01  2.75996441E-026  1.67490604E-026  5.87912638E-027  4.97145734E-027
  1.088090E+01  3.25597825E-026  2.19868659E-026  5.86464471E-027  4.70827183E-027
  1.102810E+01  4.59286061E-026  3.55827977E-026  5.85408124E-027  4.49172716E-027
  1.117720E+01  1.03750652E-025  9.36196110E-026  5.85495253E-027  4.27608872E-027
  1.132840E+01  1.16167590E-025  1.06221829E-025  5.87369946E-027  4.07206233E-027
  1.148150E+01  7.49021757E-026  6.44977286E-026  6.51971190E-027  3.88473523E-027
  1.163680E+01  5.33215928E-026  4.38401071E-026  5.76158820E-027  3.71989745E-027
  1.179420E+01  5.25708045E-026  4.32775087E-026  5.74959313E-027  3.54370273E-027
  1.195360E+01  5.96029240E-026  5.04929520E-026  5.74713775E-027  3.36283422E-027
  1.211530E+01  5.77042462E-026  4.87744678E-026  5.74536021E-027  3.18441822E-027
  1.227910E+01  5.52185130E-026  4.64422289E-026  5.74753831E-027  3.02874580E-027
  1.244510E+01  6.50582012E-026  5.64236903E-026  5.74600071E-027  2.88851019E-027
  1.261340E+01  7.98751208E-026  7.13895694E-026  5.74010948E-027  2.74544198E-027
  1.278400E+01  6.64650439E-026  5.81199093E-026  5.73774839E-027  2.60738629E-027
  1.295690E+01  4.92000032E-026  4.09873907E-026  5.73626570E-027  2.47634679E-027
  1.313210E+01  4.27961251E-026  3.46920996E-026  5.73578521E-027  2.36824028E-027
  1.330970E+01  4.33651968E-026  3.53588462E-026  5.73973635E-027  2.26661427E-027
  1.348960E+01  4.54771369E-026  3.75623309E-026  5.74747200E-027  2.16733395E-027
  1.367200E+01  4.05162879E-026  3.26655067E-026  5.75736662E-027  2.09341449E-027
  1.385690E+01  3.64408714E-026  2.86269119E-026  5.77099626E-027  2.04296332E-027
  1.404430E+01  3.63216440E-026  2.85036370E-026  5.79054495E-027  2.02746204E-027
  1.423420E+01  3.74468747E-026  2.95683189E-026  5.81365538E-027  2.06490041E-027
  1.442670E+01  3.42572369E-026  2.62941681E-026  5.83869129E-027  2.12437749E-027
  1.462180E+01  3.33046299E-026  2.52009381E-026  5.87015826E-027  2.23353360E-027
  1.481950E+01  3.33212309E-026  2.50619912E-026  5.90669928E-027  2.35254036E-027
  1.501990E+01  3.37138728E-026  2.52780061E-026  5.95007006E-027  2.48579670E-027
  1.522300E+01  3.43266175E-026  2.56930911E-026  6.00057521E-027  2.63295117E-027
  1.542880E+01  3.51481770E-026  2.62981542E-026  6.05649650E-027  2.79352633E-027
  1.563750E+01  3.62929566E-026  2.72055390E-026  6.11972394E-027  2.96769366E-027
  1.584890E+01  3.81935569E-026  2.88527220E-026  6.18748320E-027  3.15335172E-027
  1.606320E+01  4.01089012E-026  3.04935715E-026  6.26427138E-027  3.35105827E-027
  1.628050E+01  4.57052325E-026  3.58001933E-026  6.34642214E-027  3.55861710E-027
  1.650060E+01  5.74515370E-026  4.72375916E-026  6.44090140E-027  3.77304401E-027
  1.672370E+01  5.12354643E-026  4.07028732E-026  6.53804900E-027  3.99454207E-027
  1.694990E+01  5.42253428E-026  4.33707450E-026  6.64767383E-027  4.20692401E-027
  1.717910E+01  5.48729464E-026  4.36873730E-026  6.76381712E-027  4.42175630E-027
  1.741140E+01  5.45485624E-026  4.30259910E-026  6.89575638E-027  4.62681499E-027
  1.764680E+01  4.78481462E-026  3.59846353E-026  7.03387145E-027  4.82963944E-027
  1.788550E+01  4.68127118E-026  3.46204398E-026  7.19104345E-027  5.00122857E-027
  1.812730E+01  4.36479807E-026  3.11289317E-026  7.35988291E-027  5.15916608E-027
  1.837240E+01  4.24939499E-026  2.96622572E-026  7.54157460E-027  5.29011811E-027
  1.862090E+01  4.19747574E-026  2.88421611E-026  7.73510212E-027  5.39749413E-027
  1.887270E+01  4.16682771E-026  2.82457471E-026  7.94334548E-027  5.47918455E-027
  1.912790E+01  4.13936357E-026  2.77032136E-026  8.17200509E-027  5.51841709E-027
  1.938650E+01  4.11266049E-026  2.71667052E-026  8.40806745E-027  5.55183227E-027
  1.964870E+01  4.08676605E-026  2.66626215E-026  8.67217216E-027  5.53286683E-027
  1.991440E+01  4.06577207E-026  2.62005622E-026  8.94473469E-027  5.51242389E-027
  2.018370E+01  4.04923786E-026  2.57767053E-026  9.24166916E-027  5.47400414E-027
  2.045660E+01  4.03884460E-026  2.53826650E-026  9.56102323E-027  5.44475769E-027
  2.073320E+01  4.03499700E-026  2.50126143E-026  9.90513496E-027  5.43222081E-027
  2.101360E+01  4.03545885E-026  2.46611582E-026  1.02763138E-026  5.41711652E-027
  2.129770E+01  4.03925104E-026  2.43169116E-026  1.06778428E-026  5.39775592E-027
  2.158570E+01  4.04837350E-026  2.39836979E-026  1.11097984E-026  5.39023870E-027
  2.187760E+01  4.06187945E-026  2.36581310E-026  1.15737749E-026  5.38688868E-027
  2.217350E+01  4.07886539E-026  2.33376188E-026  1.20706340E-026  5.38040106E-027
  2.247330E+01  4.09741617E-026  2.30158237E-026  1.26050282E-026  5.35330973E-027
  2.277720E+01  4.12149326E-026  2.26988335E-026  1.31775512E-026  5.33854790E-027
  2.308520E+01  4.15056115E-026  2.23831913E-026  1.37867884E-026  5.33563181E-027
  2.339740E+01  4.18590617E-026  2.20766589E-026  1.44380940E-026  5.34430883E-027
  2.371370E+01  4.22458695E-026  2.17664727E-026  1.51373604E-026  5.34203634E-027
  2.403440E+01  4.26886544E-026  2.14643665E-026  1.58791665E-026  5.34512150E-027
  2.435940E+01  4.31756201E-026  2.11615283E-026  1.66612769E-026  5.35281488E-027
  2.468880E+01  4.37231760E-026  2.08619769E-026  1.74965783E-026  5.36462087E-027
  2.502270E+01  4.42945220E-026  2.05620944E-026  1.83654788E-026  5.36694879E-027
  2.536100E+01  4.49466669E-026  2.02650185E-026  1.93070527E-026  5.37459577E-027
  2.570400E+01  4.56446337E-026  1.99758863E-026  2.02860601E-026  5.38268735E-027
  2.605150E+01  4.63697461E-026  1.96858923E-026  2.12927016E-026  5.39115210E-027
  2.640380E+01  4.71372463E-026  1.94002735E-026  2.23378840E-026  5.39908881E-027
  2.676090E+01  4.79406704E-026  1.91154152E-026  2.34181803E-026  5.40707495E-027
  2.712270E+01  4.87846279E-026  1.88329026E-026  2.45365128E-026  5.41521257E-027
  2.748950E+01  4.96728768E-026  1.85522701E-026  2.56971339E-026  5.42347277E-027
  2.786120E+01  5.05294609E-026  1.82743561E-026  2.68153804E-026  5.43972446E-027
  2.823800E+01  5.13921829E-026  1.80007151E-026  2.79333949E-026  5.45807293E-027
  2.861980E+01  5.22735124E-026  1.77289164E-026  2.90682829E-026  5.47631308E-027
  2.900680E+01  5.31613230E-026  1.74589143E-026  3.02074429E-026  5.49496590E-027
  2.939910E+01  5.40608046E-026  1.71938839E-026  3.13537085E-026  5.51321217E-027
  2.979660E+01  5.49526473E-026  1.69265564E-026  3.24946196E-026  5.53147132E-027
  3.019950E+01  5.56896452E-026  1.66619319E-026  3.34730877E-026  5.55462559E-027
  3.060790E+01  5.62402741E-026  1.64004428E-026  3.42578839E-026  5.58194738E-027
  3.102180E+01  5.67455601E-026  1.61429475E-026  3.49931973E-026  5.60941535E-027
  3.144130E+01  5.71916144E-026  1.58848387E-026  3.56697222E-026  5.63705347E-027
  3.186640E+01  5.75789428E-026  1.56298958E-026  3.62841815E-026  5.66486540E-027
  3.229730E+01  5.79031307E-026  1.53793459E-026  3.68314842E-026  5.69230061E-027
  3.273410E+01  5.81404595E-026  1.51259754E-026  3.72947027E-026  5.71978137E-027
  3.317670E+01  5.83042972E-026  1.48764408E-026  3.76803210E-026  5.74753537E-027
  3.362530E+01  5.83214156E-026  1.46295062E-026  3.79115084E-026  5.78040097E-027
  3.408000E+01  5.80700794E-026  1.43834016E-026  3.78583404E-026  5.82833735E-027
  3.454090E+01  5.77618979E-026  1.41374942E-026  3.77475811E-026  5.87682265E-027
  3.500800E+01  5.74163458E-026  1.38957929E-026  3.75946244E-026  5.92592854E-027
  3.548130E+01  5.70347953E-026  1.36574526E-026  3.74017584E-026  5.97558433E-027
  3.596110E+01  5.66155950E-026  1.34175054E-026  3.71722878E-026  6.02580181E-027
  3.644740E+01  5.61771973E-026  1.31818982E-026  3.69182714E-026  6.07702772E-027
  3.694030E+01  5.57201440E-026  1.29447534E-026  3.66465307E-026  6.12885990E-027
  3.743980E+01  5.52638448E-026  1.27111847E-026  3.63704500E-026  6.18221012E-027
  3.794610E+01  5.47772817E-026  1.24777774E-026  3.60629724E-026  6.23653184E-027
  3.845920E+01  5.43178045E-026  1.22484360E-026  3.57771510E-026  6.29221748E-027
  3.897920E+01  5.39045847E-026  1.20196032E-026  3.55356025E-026  6.34937895E-027
  3.950630E+01  5.35496207E-026  1.17953548E-026  3.53462059E-026  6.40806001E-027
  4.004050E+01  5.32418721E-026  1.15700369E-026  3.52035056E-026  6.46832957E-027
  4.058200E+01  5.29983727E-026  1.13468070E-026  3.51211574E-026  6.53040832E-027
  4.113080E+01  5.28201287E-026  1.11237193E-026  3.51014106E-026  6.59499881E-027
  4.168690E+01  5.27478105E-026  1.09028406E-026  3.51803602E-026  6.66460970E-027
  4.225060E+01  5.27851554E-026  1.06867874E-026  3.53596563E-026  6.73871168E-027
  4.282200E+01  5.29085153E-026  1.04708583E-026  3.56217470E-026  6.81591004E-027
  4.340100E+01  5.31313069E-026  1.02592940E-026  3.59759221E-026  6.89609077E-027
  4.398790E+01  5.34395239E-026  1.00463962E-026  3.64132268E-026  6.97990097E-027
  4.458270E+01  5.38463083E-026  9.83603940E-027  3.69424297E-026  7.06783926E-027
  4.518560E+01  5.43644830E-026  9.62649167E-027  3.75761466E-026  7.16184474E-027
  4.579660E+01  5.50714747E-026  9.42035569E-027  3.83818026E-026  7.26931634E-027
  4.641590E+01  5.58891752E-026  9.21827823E-027  3.92886498E-026  7.38224716E-027
  4.704350E+01  5.68164285E-026  9.01739870E-027  4.02976193E-026  7.50141045E-027
  4.767970E+01  5.78509474E-026  8.81791099E-027  4.14055488E-026  7.62748768E-027
  4.832440E+01  5.89932125E-026  8.61958352E-027  4.26127587E-026  7.76087037E-027
  4.897790E+01  6.02466047E-026  8.42442479E-027  4.39197267E-026  7.90245315E-027
  4.964020E+01  6.16078698E-026  8.23094410E-027  4.53242525E-026  8.05267329E-027
  5.031140E+01  6.31233672E-026  8.04030494E-027  4.68661018E-026  8.21696042E-027
  5.099180E+01  6.48056308E-026  7.85360545E-027  4.85543333E-026  8.39769199E-027
  5.168130E+01  6.65984836E-026  7.66798966E-027  5.03406662E-026  8.58982772E-027
  5.238010E+01  6.85577933E-026  7.48396956E-027  5.22731839E-026  8.80063985E-027
  5.308840E+01  7.06274110E-026  7.30231085E-027  5.42996126E-026  9.02548753E-027
  5.380630E+01  7.28075985E-026  7.12428207E-027  5.64188702E-026  9.26444626E-027
  5.453390E+01  7.51517913E-026  6.94693641E-027  5.86800587E-026  9.52479616E-027
  5.527130E+01  7.76133387E-026  6.77389709E-027  6.10371405E-026  9.80230106E-027
  5.601870E+01  8.01792581E-026  6.60471175E-027  6.34770271E-026  1.00975193E-026
  5.677620E+01  8.28849490E-026  6.43503625E-027  6.60326714E-026  1.04172414E-026
  5.754400E+01  8.57271763E-026  6.26825161E-027  6.86968846E-026  1.07620401E-026
  5.832210E+01  8.86639135E-026  6.10572276E-027  7.14302987E-026  1.11278921E-026
  5.911080E+01  9.16930751E-026  5.94441857E-027  7.42317475E-026  1.15169091E-026
  5.991010E+01  9.48953497E-026  5.78599548E-027  7.71669013E-026  1.19424529E-026
  6.072020E+01  9.81788269E-026  5.63259745E-027  8.01536363E-026  1.23925931E-026
  6.154130E+01  1.01528293E-025  5.47912915E-027  8.31811438E-026  1.28680200E-026
  6.237350E+01  1.04978177E-025  5.32836834E-027  8.62756244E-026  1.33741845E-026
  6.321690E+01  1.08533447E-025  5.18091591E-027  8.94394733E-026  1.39130581E-026
  6.407180E+01  1.12175282E-025  5.03589313E-027  9.26520032E-026  1.44873860E-026
  6.493820E+01  1.15889914E-025  4.89386942E-027  9.58992505E-026  1.50967937E-026
  6.581630E+01  1.19684349E-025  4.75546164E-027  9.91872874E-026  1.57416002E-026
  6.670630E+01  1.23530163E-025  4.61888294E-027  1.02491489E-025  1.64197912E-026
  6.760830E+01  1.27436195E-025  4.48463213E-027  1.05816408E-025  1.71351541E-026
  6.852250E+01  1.31373785E-025  4.35296005E-027  1.09136012E-025  1.78848132E-026
  6.944910E+01  1.35355960E-025  4.22325237E-027  1.12454090E-025  1.86786174E-026
  7.038820E+01  1.39368500E-025  4.09776585E-027  1.15762131E-025  1.95086023E-026
  7.134000E+01  1.43413756E-025  3.97433465E-027  1.19061816E-025  2.03776055E-026
  7.230470E+01  1.47469317E-025  3.85516988E-027  1.22323315E-025  2.12908323E-026
  7.328250E+01  1.51514118E-025  3.73638950E-027  1.25537545E-025  2.22401840E-026
  7.427340E+01  1.55567405E-025  3.62098695E-027  1.28716894E-025  2.32295239E-026
  7.527780E+01  1.59569893E-025  3.50719622E-027  1.31812201E-025  2.42504954E-026
  7.629570E+01  1.63589694E-025  3.39728585E-027  1.34877732E-025  2.53146762E-026
  7.732740E+01  1.67527028E-025  3.28928925E-027  1.37832414E-025  2.64053241E-026
  7.837300E+01  1.71470390E-025  3.18486141E-027  1.40739185E-025  2.75463435E-026
  7.943280E+01  1.75330706E-025  3.08251943E-027  1.43531886E-025  2.87163009E-026
  8.050690E+01  1.79134238E-025  2.98214943E-027  1.46232910E-025  2.99191782E-026
  8.159560E+01  1.82881478E-025  2.88382552E-027  1.48842675E-025  3.11549780E-026
  8.269900E+01  1.86500217E-025  2.78836815E-027  1.51303062E-025  3.24087869E-026
  8.381720E+01  1.90118216E-025  2.69537026E-027  1.53711591E-025  3.37112545E-026
  8.495060E+01  1.93587542E-025  2.60607762E-027  1.55955532E-025  3.50259323E-026
  8.609940E+01  1.96981418E-025  2.51804662E-027  1.58096582E-025  3.63667902E-026
  8.726360E+01  2.00288963E-025  2.43222420E-027  1.60126619E-025  3.77301197E-026
  8.844370E+01  2.03421378E-025  2.34802819E-027  1.61977789E-025  3.90955607E-026
  8.963960E+01  2.06522990E-025  2.26685795E-027  1.63752313E-025  4.05038196E-026
  9.085180E+01  2.09456310E-025  2.18785726E-027  1.65354951E-025  4.19135017E-026
  9.208030E+01  2.12223712E-025  2.11113362E-027  1.66790947E-025  4.33216312E-026
  9.332540E+01  2.14919900E-025  2.03653140E-027  1.68131998E-025  4.47513706E-026
  9.458740E+01  2.17410140E-025  1.96465261E-027  1.69280833E-025  4.61646543E-026
  9.586650E+01  2.19757535E-025  1.89360927E-027  1.70283300E-025  4.75806260E-026
  9.716280E+01  2.22008168E-025  1.82519854E-027  1.71170226E-025  4.90127435E-026
  9.847670E+01  2.24038263E-025  1.75938997E-027  1.71862486E-025  5.04163872E-026
  9.980830E+01  2.25838156E-025  1.69469012E-027  1.72358560E-025  5.17849061E-026
  1.011580E+02  2.27611481E-025  1.63202207E-027  1.72806034E-025  5.31734245E-026
  1.025260E+02  2.29190204E-025  1.57182638E-027  1.73088880E-025  5.45294972E-026
  1.039120E+02  2.30705046E-025  1.51293166E-027  1.73312534E-025  5.58795799E-026
  1.053170E+02  2.32237354E-025  1.45610691E-027  1.73540912E-025  5.72403352E-026
  1.067420E+02  2.33564797E-025  1.40155966E-027  1.73611233E-025  5.85520041E-026
  1.081850E+02  2.34672450E-025  1.34783744E-027  1.73520744E-025  5.98038682E-026
  1.096480E+02  2.35569328E-025  1.29599137E-027  1.73279589E-025  6.09937476E-026
  1.111310E+02  2.36254807E-025  1.24596526E-027  1.72893923E-025  6.21149191E-026
  1.126330E+02  2.36725530E-025  1.19770848E-027  1.72368265E-025  6.31595567E-026
  1.141560E+02  2.37484690E-025  1.15107904E-027  1.72089665E-025  6.42439462E-026
  1.157000E+02  2.38098883E-025  1.10634020E-027  1.71733486E-025  6.52590577E-026
  1.172650E+02  2.38544542E-025  1.06218010E-027  1.71289015E-025  6.61933465E-026
  1.188500E+02  2.38985386E-025  1.01958566E-027  1.70874736E-025  6.70910647E-026
  1.204570E+02  2.39451862E-025  9.79157359E-028  1.70513546E-025  6.79591587E-026
  1.220860E+02  2.39776057E-025  9.39658998E-028  1.70096789E-025  6.87396096E-026
  1.237370E+02  2.39963003E-025  9.01875904E-028  1.69632991E-025  6.94281363E-026
  1.254100E+02  2.40262802E-025  8.65393771E-028  1.69262779E-025  7.01346290E-026
  1.271060E+02  2.40416591E-025  8.29897610E-028  1.68816789E-025  7.07699051E-026
  1.288250E+02  2.40364370E-025  7.95442542E-028  1.68257794E-025  7.13111328E-026
  1.305670E+02  2.40091594E-025  7.62728709E-028  1.67573955E-025  7.17549110E-026
  1.323330E+02  2.39579461E-025  7.30869289E-028  1.66748766E-025  7.20998252E-026
  1.341220E+02  2.38805298E-025  7.00724785E-028  1.65762459E-025  7.23421145E-026
  1.359360E+02  2.37514457E-025  6.71329351E-028  1.64252253E-025  7.25908741E-026
  1.377740E+02  2.35613421E-025  6.42890640E-028  1.62126459E-025  7.28440711E-026
  1.396370E+02  2.33297609E-025  6.15360933E-028  1.59681337E-025  7.30009106E-026
  1.415250E+02  2.30574134E-025  5.89058721E-028  1.56925097E-025  7.30599782E-026
  1.434390E+02  2.27458441E-025  5.63773591E-028  1.53873456E-025  7.30212117E-026
  1.453780E+02  2.23968400E-025  5.39815117E-028  1.50545415E-025  7.28831699E-026
  1.473440E+02  2.20131910E-025  5.16552518E-028  1.46967894E-025  7.26474627E-026
  1.493370E+02  2.15976853E-025  4.94024761E-028  1.43168805E-025  7.23140229E-026
  1.513560E+02  2.11625992E-025  4.72170038E-028  1.39088918E-025  7.20649035E-026
  1.534030E+02  2.07194620E-025  4.51289433E-028  1.34928055E-025  7.18152752E-026
  1.554770E+02  2.02682321E-025  4.31460355E-028  1.30773098E-025  7.14777628E-026
  1.575800E+02  1.98106839E-025  4.12651814E-028  1.26639669E-025  7.10545184E-026
  1.597100E+02  1.93480961E-025  3.94187530E-028  1.22541333E-025  7.05454409E-026
  1.618700E+02  1.88819869E-025  3.76615675E-028  1.18489510E-025  6.99537438E-026
  1.640590E+02  1.84134197E-025  3.59488330E-028  1.14494329E-025  6.92803800E-026
  1.662770E+02  1.79433350E-025  3.43131671E-028  1.10562950E-025  6.85272684E-026
  1.685260E+02  1.74728447E-025  3.27652348E-028  1.06703106E-025  6.76976894E-026
  1.708050E+02  1.70026054E-025  3.13007674E-028  1.02919807E-025  6.67932397E-026
  1.731140E+02  1.65331573E-025  2.98610210E-028  9.92163875E-026  6.58165749E-026
  1.754550E+02  1.60761810E-025  2.84750838E-028  9.56532543E-026  6.48238044E-026
  1.778280E+02  1.56651167E-025  2.71636676E-028  9.23963539E-026  6.39831768E-026
  1.802330E+02  1.52546712E-025  2.58951084E-028  8.92054714E-026  6.30822898E-026
  1.826700E+02  1.48453609E-025  2.46999860E-028  8.60826929E-026  6.21239164E-026
  1.851400E+02  1.44374587E-025  2.35683812E-028  8.30279885E-026  6.11109147E-026
  1.876430E+02  1.40312685E-025  2.24511419E-028  8.00422068E-026  6.00459670E-026
  1.901810E+02  1.36272327E-025  2.13857497E-028  7.71258370E-026  5.89326323E-026
  1.927530E+02  1.32256293E-025  2.03811434E-028  7.42789056E-026  5.77735761E-026
  1.953590E+02  1.28268320E-025  1.94043522E-028  7.15023809E-026  5.65718957E-026
  1.980010E+02  1.24312341E-025  1.84871300E-028  6.87961684E-026  5.53313011E-026
  2.006780E+02  1.20482087E-025  1.76206948E-028  6.62036902E-026  5.41021902E-026
  2.033920E+02  1.16952130E-025  1.67657696E-028  6.38006235E-026  5.29838487E-026
  2.061420E+02  1.13446010E-025  1.59484100E-028  6.14515514E-026  5.18349747E-026
  2.089300E+02  1.09967429E-025  1.51821914E-028  5.91572617E-026  5.06583452E-026
  2.117550E+02  1.06520430E-025  1.44394581E-028  5.69190807E-026  4.94569547E-026
  2.146180E+02  1.03107643E-025  1.37444232E-028  5.47367753E-026  4.82334238E-026
  2.175200E+02  9.97329631E-026  1.30875870E-028  5.26114834E-026  4.69906038E-026
  2.204620E+02  9.63982948E-026  1.24373546E-028  5.05425617E-026  4.57313596E-026
  2.234430E+02  9.31068411E-026  1.18174225E-028  4.85303252E-026  4.44583417E-026
  2.264640E+02  8.99195470E-026  1.12386688E-028  4.65750539E-026  4.32321065E-026
  2.295270E+02  8.68426394E-026  1.06742145E-028  4.46766989E-026  4.20591984E-026
  2.326310E+02  8.38146995E-026  1.01523697E-028  4.28349342E-026  4.08782416E-026
  2.357760E+02  8.08375712E-026  9.65422964E-029  4.10495250E-026  3.96915039E-026
  2.389640E+02  7.79125541E-026  9.16867993E-029  3.93195635E-026  3.85013038E-026
  2.421960E+02  7.50428652E-026  8.70217803E-029  3.76445247E-026  3.73113186E-026
  2.454710E+02  7.22300129E-026  8.26039812E-029  3.60243055E-026  3.61231034E-026
  2.487900E+02  6.94701750E-026  7.84435541E-029  3.44582009E-026  3.49335306E-026
  2.521540E+02  6.67748942E-026  7.45148283E-029  3.29897566E-026  3.37106228E-026
  2.555640E+02  6.41454038E-026  7.08143042E-029  3.15934690E-026  3.24811205E-026
  2.590200E+02  6.15705147E-026  6.71832629E-029  3.02421573E-026  3.12611741E-026
  2.625230E+02  5.90968116E-026  6.37213143E-029  2.89351607E-026  3.00979296E-026
  2.660730E+02  5.66957587E-026  6.04092218E-029  2.76723920E-026  2.89629574E-026
  2.696700E+02  5.43507635E-026  5.73426932E-029  2.64531372E-026  2.78402836E-026
  2.733170E+02  5.20616089E-026  5.43912262E-029  2.52760897E-026  2.67311279E-026
  2.770130E+02  4.98846977E-026  5.16341357E-029  2.41411404E-026  2.56919231E-026
  2.807590E+02  4.78069460E-026  4.89309944E-029  2.30470407E-026  2.47109743E-026
  2.845550E+02  4.57837196E-026  4.63844681E-029  2.19934359E-026  2.37438992E-026
  2.884030E+02  4.38147147E-026  4.39321104E-029  2.09793025E-026  2.27914801E-026
  2.923030E+02  4.18999093E-026  4.16537183E-029  2.00035958E-026  2.18546598E-026
  2.962560E+02  4.00392022E-026  3.94537396E-029  1.90654992E-026  2.09342493E-026
  3.002620E+02  3.82424573E-026  3.74440042E-029  1.81662183E-026  2.00387951E-026
  3.043220E+02  3.66267029E-026  3.54536052E-029  1.73270272E-026  1.92642221E-026
  3.084370E+02  3.50576125E-026  3.35859905E-029  1.65200961E-026  1.85039304E-026
  3.126080E+02  3.35348837E-026  3.17824574E-029  1.57446821E-026  1.77584192E-026
  3.168350E+02  3.20579142E-026  3.01100884E-029  1.49996318E-026  1.70281723E-026
  3.211200E+02  3.06264821E-026  2.84944286E-029  1.42844333E-026  1.63135544E-026
  3.254620E+02  2.92401993E-026  2.70228877E-029  1.35982305E-026  1.56149459E-026
  3.298630E+02  2.78984371E-026  2.55575843E-029  1.29401852E-026  1.49326943E-026
  3.343230E+02  2.66007901E-026  2.41812355E-029  1.23095743E-026  1.42670346E-026
  3.388440E+02  2.53463535E-026  2.28796688E-029  1.17053431E-026  1.36181308E-026
  3.434260E+02  2.41345571E-026  2.16442906E-029  1.11267258E-026  1.29861870E-026
  3.480700E+02  2.29648306E-026  2.04727804E-029  1.05731084E-026  1.23712495E-026
  3.527770E+02  2.19011707E-026  1.94082372E-029  1.00435032E-026  1.18382593E-026
  3.575470E+02  2.08962076E-026  1.83464055E-029  9.54559039E-027  1.13322708E-026
  3.623820E+02  1.99300757E-026  1.73392327E-029  9.07282230E-027  1.08399142E-026
  3.672820E+02  1.89980466E-026  1.63905093E-029  8.62041234E-027  1.03612438E-026
  3.722490E+02  1.80994449E-026  1.54968765E-029  8.18779135E-027  9.89615663E-027
  3.772830E+02  1.72337598E-026  1.46608942E-029  7.77442163E-027  9.44467730E-027
  3.823840E+02  1.64002133E-026  1.38722345E-029  7.37952806E-027  9.00681303E-027
  3.875550E+02  1.55979786E-026  1.31073228E-029  7.00251734E-027  8.58235397E-027
  3.927960E+02  1.48262495E-026  1.23763401E-029  6.64254080E-027  8.17133239E-027
  3.981070E+02  1.40843215E-026  1.16933064E-029  6.29908854E-027  7.77353969E-027
  4.034910E+02  1.34061910E-026  1.10446764E-029  5.97156646E-027  7.42357988E-027
  4.089470E+02  1.27585042E-026  1.04448311E-029  5.65936939E-027  7.08869002E-027
  4.144770E+02  1.21377933E-026  9.87680091E-030  5.36338229E-027  6.76453423E-027
  4.200810E+02  1.15468120E-026  9.32562819E-030  5.08639576E-027  6.45109060E-027
  4.257620E+02  1.09790350E-026  8.79909946E-030  4.82218297E-027  6.14805296E-027
  4.315190E+02  1.04339908E-026  8.30169038E-030  4.57035171E-027  5.85533738E-027
  4.373540E+02  9.91108996E-027  7.84221110E-030  4.33046951E-027  5.57277824E-027
  4.432680E+02  9.40956245E-027  7.40394947E-030  4.10196689E-027  5.30019161E-027
  4.492620E+02  8.93129231E-027  6.99765197E-030  3.88452824E-027  5.03976642E-027
  4.553370E+02  8.49048035E-027  6.60664804E-030  3.67749558E-027  4.80637813E-027
  4.614950E+02  8.06797074E-027  6.23201950E-030  3.48054140E-027  4.58119732E-027
  4.677350E+02  7.66324048E-027  5.87587733E-030  3.29323122E-027  4.36413338E-027
  4.740600E+02  7.27572998E-027  5.54560921E-030  3.11521473E-027  4.15496964E-027
  4.804700E+02  6.90484872E-027  5.22903714E-030  2.94605361E-027  3.95356607E-027
  4.869680E+02  6.54996819E-027  4.93708234E-030  2.78532160E-027  3.75970951E-027
  4.935520E+02  6.21059043E-027  4.66462505E-030  2.63269289E-027  3.57323291E-027
  5.002260E+02  5.88677139E-027  4.39791236E-030  2.48795011E-027  3.39442337E-027
  5.069910E+02  5.59142351E-027  4.14628027E-030  2.35452204E-027  3.23275519E-027
  5.138460E+02  5.30893893E-027  3.90664535E-030  2.22772121E-027  3.07731108E-027
  5.207950E+02  5.03876967E-027  3.68250607E-030  2.10724736E-027  2.92783981E-027
  5.278370E+02  4.78044201E-027  3.47646228E-030  1.99275202E-027  2.78421353E-027
  5.349750E+02  4.53358875E-027  3.28175779E-030  1.88403251E-027  2.64627448E-027
  5.422090E+02  4.29774191E-027  3.09143015E-030  1.78079112E-027  2.51385936E-027
  5.495410E+02  4.07382262E-027  2.91449186E-030  1.68283244E-027  2.38807570E-027
  5.569720E+02  3.86506536E-027  2.74446595E-030  1.58990325E-027  2.27241765E-027
  5.645040E+02  3.66570052E-027  2.58573403E-030  1.50172998E-027  2.16138481E-027
  5.721370E+02  3.47543205E-027  2.43771471E-030  1.41812064E-027  2.05487369E-027
  5.798740E+02  3.29387538E-027  2.30191900E-030  1.33886143E-027  1.95271203E-027
  5.877150E+02  3.12071905E-027  2.16700418E-030  1.26374522E-027  1.85480683E-027
  5.956620E+02  2.95559477E-027  2.04106385E-030  1.19258097E-027  1.76097273E-027
  6.037170E+02  2.80014213E-027  1.92214335E-030  1.12520881E-027  1.67301118E-027
  6.118810E+02  2.65272912E-027  1.80893447E-030  1.06136861E-027  1.58955157E-027
  6.201550E+02  2.51230467E-027  1.70508558E-030  1.00094069E-027  1.50965889E-027
  6.285410E+02  2.37974433E-027  1.60815758E-030  9.43763976E-028  1.43437219E-027
  6.370400E+02  2.25344977E-027  1.51477343E-030  8.89651800E-028  1.36228320E-027
  6.456540E+02  2.13415935E-027  1.42573482E-030  8.38483581E-028  1.29425003E-027
  6.543850E+02  2.02066888E-027  1.34211840E-030  7.90104107E-028  1.22922265E-027
  6.632340E+02  1.91307418E-027  1.26271860E-030  7.44340868E-028  1.16747059E-027
  6.722020E+02  1.81095261E-027  1.18965737E-030  7.01090075E-028  1.10867288E-027
  6.812920E+02  1.71408153E-027  1.12020459E-030  6.60227399E-028  1.05273393E-027
  6.905050E+02  1.62240859E-027  1.05597286E-030  6.21624707E-028  9.99727913E-028
  6.998420E+02  1.53521950E-027  9.93442757E-031  5.85179488E-028  9.49046573E-028
  7.093060E+02  1.45442328E-027  9.34150865E-031  5.51891832E-028  9.01597293E-028
  7.188970E+02  1.37756545E-027  8.78941738E-031  5.20422398E-028  8.56264112E-028
  7.286180E+02  1.30442261E-027  8.27295827E-031  4.90658165E-028  8.12937152E-028
  7.384710E+02  1.23482851E-027  7.79210282E-031  4.62506784E-028  7.71542518E-028
  7.484570E+02  1.16864236E-027  7.34046372E-031  4.35898334E-028  7.32009976E-028
  7.585780E+02  1.10634288E-027  6.90459194E-031  4.10743822E-028  6.94908603E-028
  7.688350E+02  1.04721629E-027  6.48995193E-031  3.86960854E-028  6.59606438E-028
  7.792320E+02  9.90987333E-028  6.09983528E-031  3.64483291E-028  6.25894058E-028
  7.897690E+02  9.37545869E-028  5.74163023E-031  3.43258683E-028  5.93713023E-028
  8.004480E+02  8.86946094E-028  5.39658903E-031  3.23208218E-028  5.63198216E-028
  8.112720E+02  8.39288944E-028  5.09200772E-031  3.04280785E-028  5.34498958E-028
  8.222430E+02  7.94004277E-028  4.78618822E-031  2.86406936E-028  5.07118723E-028
  8.333610E+02  7.50981345E-028  4.49847475E-031  2.69533270E-028  4.80998228E-028
  8.446300E+02  7.10113987E-028  4.22639374E-031  2.53608814E-028  4.56082534E-028
  8.560520E+02  6.71316497E-028  3.97594450E-031  2.38585932E-028  4.32332971E-028
  8.676280E+02  6.34480556E-028  3.73578523E-031  2.24414248E-028  4.09692730E-028
  8.793600E+02  5.99530825E-028  3.51631618E-031  2.11057937E-028  3.88121256E-028
  8.912510E+02  5.66352346E-028  3.31148868E-031  1.98453073E-028  3.67568125E-028
  9.033030E+02  5.35014406E-028  3.11135270E-031  1.86571780E-028  3.48131491E-028
  9.155180E+02  5.05609416E-028  2.92229377E-031  1.75370411E-028  3.29946776E-028
  9.278980E+02  4.77716203E-028  2.74645914E-031  1.64818714E-028  3.12622842E-028
  9.404450E+02  4.51262264E-028  2.58051839E-031  1.54877386E-028  2.96126826E-028
  9.531620E+02  4.26173808E-028  2.42654165E-031  1.45513985E-028  2.80417168E-028
  9.660510E+02  4.02384229E-028  2.28593702E-031  1.36690277E-028  2.65465359E-028
  9.791140E+02  3.79834096E-028  2.14674866E-031  1.28383456E-028  2.51235965E-028
  9.923540E+02  3.58466101E-028  2.01647967E-031  1.20560414E-028  2.37704039E-028
  1.005770E+03  3.38490996E-028  1.89447250E-031  1.13279425E-028  2.25022124E-028
  1.019370E+03  3.19882701E-028  1.77854277E-031  1.06518051E-028  2.13186795E-028
  1.033160E+03  3.02229917E-028  1.67230436E-031  1.00140990E-028  2.01921696E-028
  1.047130E+03  2.85494195E-028  1.57172144E-031  9.41322116E-029  1.91204812E-028
  1.061290E+03  2.69630550E-028  1.47874578E-031  8.84705490E-029  1.81012127E-028
  1.075640E+03  2.54595511E-028  1.38818694E-031  8.31371600E-029  1.71319532E-028
  1.090180E+03  2.40346111E-028  1.30440594E-031  7.81145387E-029  1.62101132E-028
  1.104930E+03  2.26842105E-028  1.22416247E-031  7.33856465E-029  1.53334042E-028
  1.119870E+03  2.14048794E-028  1.14884375E-031  6.89301585E-029  1.45003751E-028
  1.135010E+03  2.01936249E-028  1.08009130E-031  6.47367518E-029  1.37091488E-028
  1.150360E+03  1.90464805E-028  1.01698435E-031  6.07891702E-029  1.29573936E-028
  1.165910E+03  1.79603156E-028  9.54319425E-032  5.70751133E-029  1.22432611E-028
  1.181680E+03  1.69320163E-028  8.95587261E-032  5.35802315E-029  1.15650372E-028
  1.197660E+03  1.59588503E-028  8.41228851E-032  5.02931976E-029  1.09211182E-028
  1.213850E+03  1.50520911E-028  7.89272675E-032  4.72244569E-029  1.03217527E-028
  1.230270E+03  1.41961493E-028  7.41769648E-032  4.43400683E-029  9.75472481E-029
  1.246900E+03  1.33934465E-028  6.96757382E-032  4.16397816E-029  9.22250075E-029
  1.263770E+03  1.26424577E-028  6.55086783E-032  3.91118704E-029  8.72471978E-029
  1.280860E+03  1.19315470E-028  6.14512323E-032  3.67340185E-029  8.25200006E-029
  1.298180E+03  1.12585947E-028  5.76817515E-032  3.44966142E-029  7.80316511E-029
  1.315730E+03  1.06215945E-028  5.41293725E-032  3.23899717E-029  7.37718440E-029
  1.333520E+03  1.00185046E-028  5.08348608E-032  3.04076992E-029  6.97265123E-029
  1.351550E+03  9.44779236E-029  4.77086360E-032  2.85435638E-029  6.58866511E-029
  1.369830E+03  8.90768423E-029  4.48904917E-032  2.67892715E-029  6.22426803E-029
  1.388350E+03  8.39692054E-029  4.21117771E-032  2.51412645E-029  5.87858291E-029
  1.407130E+03  7.91374574E-029  3.95108515E-032  2.35904279E-029  5.55075186E-029
  1.426150E+03  7.45680222E-029  3.70591442E-032  2.21322337E-029  5.23987294E-029
  1.445440E+03  7.02457198E-029  3.48026201E-032  2.07609878E-029  4.94499295E-029
  1.464990E+03  6.61601043E-029  3.26392546E-032  1.94728491E-029  4.66546160E-029
  1.484800E+03  6.22981163E-029  3.06622704E-032  1.82623208E-029  4.40051332E-029
  1.504870E+03  5.86876033E-029  2.88106849E-032  1.71316696E-029  4.15271230E-029
  1.525220E+03  5.53824860E-029  2.70313603E-032  1.60847827E-029  3.92706720E-029
  1.545850E+03  5.22536119E-029  2.53434587E-032  1.50996300E-029  3.71286385E-029
  1.566750E+03  4.92940540E-029  2.37612654E-032  1.41734567E-029  3.50968360E-029
  1.587940E+03  4.64939622E-029  2.23109867E-032  1.33023788E-029  3.31692725E-029
  1.609410E+03  4.38458559E-029  2.09191652E-032  1.24834368E-029  3.13414999E-029
  1.631170E+03  4.13423835E-029  1.96486272E-032  1.17140480E-029  2.96086869E-029
  1.653230E+03  3.89731249E-029  1.84645073E-032  1.09899626E-029  2.79646978E-029
  1.675590E+03  3.67331814E-029  1.73133816E-032  1.03093678E-029  2.64065002E-029
  1.698240E+03  3.46165792E-029  1.62292132E-032  9.66996604E-030  2.49303840E-029
  1.721210E+03  3.26148161E-029  1.52252390E-032  9.06900218E-030  2.35305887E-029
  1.744480E+03  3.07241303E-029  1.42802732E-032  8.50452107E-030  2.22053290E-029
  1.768070E+03  2.89373398E-029  1.34094718E-032  7.97457914E-030  2.09493512E-029
  1.791980E+03  2.72484754E-029  1.26006356E-032  7.47625188E-030  1.97596229E-029
  1.816210E+03  2.56534423E-029  1.18103964E-032  7.00830522E-030  1.86333267E-029
  1.840770E+03  2.41464133E-029  1.10718934E-032  6.56886094E-030  1.75664804E-029
  1.865660E+03  2.27237508E-029  1.03846709E-032  6.15641696E-030  1.65569492E-029
  1.890890E+03  2.13802454E-029  9.73181053E-033  5.76915252E-030  1.56013611E-029
  1.916460E+03  2.01116653E-029  9.13623589E-033  5.40571995E-030  1.46968091E-029
  1.942380E+03  1.89139665E-029  8.56769257E-033  5.06435879E-030  1.38410400E-029
  1.968640E+03  1.77840431E-029  8.04907773E-033  4.74418174E-030  1.30318123E-029
  1.995260E+03  1.67174449E-029  7.54309173E-033  4.44359376E-030  1.22663080E-029
  2.022240E+03  1.57644257E-029  7.07037015E-033  4.18172412E-030  1.15756312E-029
  2.049590E+03  1.48741463E-029  6.62936772E-033  3.93908055E-030  1.09284364E-029
  2.077300E+03  1.40317918E-029  6.21162317E-033  3.71012592E-030  1.03154542E-029
  2.105390E+03  1.32350183E-029  5.83036459E-033  3.49405769E-030  9.73513025E-030
  2.133860E+03  1.24812420E-029  5.47427483E-033  3.29033695E-030  9.18543079E-030
  2.162720E+03  1.17684210E-029  5.13409004E-033  3.09811423E-030  8.66517265E-030
  2.191960E+03  1.10944376E-029  4.81068742E-033  2.91698868E-030  8.17263826E-030
  2.221600E+03  1.04570917E-029  4.51172265E-033  2.74623500E-030  7.70634498E-030
  2.251650E+03  9.85445800E-030  4.22658787E-033  2.58513609E-030  7.26509532E-030
  2.282090E+03  9.28504169E-030  3.96370466E-033  2.43324348E-030  6.84783451E-030
  2.312950E+03  8.74676220E-030  3.71573789E-033  2.29010102E-030  6.45294544E-030
  2.344230E+03  8.23803120E-030  3.49190742E-033  2.15511951E-030  6.07941978E-030
  2.375930E+03  7.75742682E-030  3.27102844E-033  2.02798177E-030  5.72617402E-030
  2.408060E+03  7.30332892E-030  3.06620680E-033  1.90818442E-030  5.39207829E-030
  2.440620E+03  6.87455153E-030  2.87309806E-033  1.79527669E-030  5.07640175E-030
  2.473620E+03  6.46950722E-030  2.69148042E-033  1.68883149E-030  4.77798425E-030
  2.507070E+03  6.09679539E-030  2.52384964E-033  1.58856356E-030  4.50570797E-030
  2.540970E+03  5.74673596E-030  2.36799957E-033  1.49413767E-030  4.25023030E-030
  2.575330E+03  5.41579317E-030  2.22251957E-033  1.40515442E-030  4.00841623E-030
  2.610160E+03  5.10322128E-030  2.08160226E-033  1.32141820E-030  3.77972148E-030
  2.645450E+03  4.80782313E-030  1.95057488E-033  1.24252853E-030  3.56334402E-030
  2.681230E+03  4.52877559E-030  1.82774772E-033  1.16817878E-030  3.35876906E-030
  2.717480E+03  4.26511641E-030  1.71360414E-033  1.09819712E-030  3.16520569E-030
  2.754230E+03  4.01613406E-030  1.60497846E-033  1.03232869E-030  2.98220039E-030
  2.791470E+03  3.78094968E-030  1.50567934E-033  9.70293713E-031  2.80915029E-030
  2.829220E+03  3.55902385E-030  1.41302973E-033  9.11983619E-031  2.64562720E-030
  2.867480E+03  3.34941322E-030  1.32382088E-033  8.57015301E-031  2.49107410E-030
  2.906250E+03  3.15153374E-030  1.23971207E-033  8.05285155E-031  2.34500888E-030
  2.945550E+03  2.96472905E-030  1.16106617E-033  7.56596133E-031  2.20697185E-030
  2.985380E+03  2.78843378E-030  1.08873918E-033  7.10811022E-031  2.07653402E-030
  3.025750E+03  2.62594234E-030  1.01962385E-033  6.67704975E-031  1.95721775E-030
  3.066670E+03  2.47469571E-030  9.56401269E-034  6.27200456E-031  1.84653885E-030
  3.108140E+03  2.33180787E-030  8.97263810E-034  5.89067821E-031  1.74184279E-030
  3.150170E+03  2.19681674E-030  8.40665950E-034  5.53193678E-031  1.64278239E-030
  3.192760E+03  2.06934222E-030  7.87144745E-034  5.19449091E-031  1.54910599E-030
  3.235940E+03  1.94893563E-030  7.37674804E-034  4.87724179E-031  1.46047378E-030
  3.279690E+03  1.83530875E-030  6.91065584E-034  4.57887449E-031  1.37673023E-030
  3.324040E+03  1.72801082E-030  6.47755601E-034  4.29860747E-031  1.29750232E-030
  3.368990E+03  1.62675155E-030  6.06947228E-034  4.03492445E-031  1.22265216E-030
  3.414550E+03  1.53113437E-030  5.69550003E-034  3.78699820E-031  1.15186500E-030
  3.460720E+03  1.44090572E-030  5.33367741E-034  3.55390381E-031  1.08498197E-030
  3.507520E+03  1.35574361E-030  4.99369446E-034  3.33486682E-031  1.02175756E-030
  3.554950E+03  1.27542777E-030  4.67867421E-034  3.12905195E-031  9.62054706E-031
  3.603020E+03  1.19965761E-030  4.38264419E-034  2.93573728E-031  9.05645615E-031
  3.651740E+03  1.12818253E-030  4.10743273E-034  2.75413216E-031  8.52358573E-031
  3.701120E+03  1.06074993E-030  3.85332719E-034  2.58335864E-031  8.02028736E-031
  3.751170E+03  9.97143085E-031  3.61079397E-034  2.42296639E-031  7.54485366E-031
  3.801890E+03  9.37183900E-031  3.38109988E-034  2.27231542E-031  7.09614249E-031
  3.853300E+03  8.80648312E-031  3.16521814E-034  2.13082119E-031  6.67249672E-031
  3.905410E+03  8.27360753E-031  2.96502133E-034  1.99801426E-031  6.27262825E-031
  3.958220E+03  7.77134229E-031  2.77673424E-034  1.87331438E-031  5.89525118E-031
  4.011750E+03  7.30220973E-031  2.60238181E-034  1.75612579E-031  5.54348156E-031
  4.065990E+03  6.87413002E-031  2.44090777E-034  1.64614763E-031  5.22554147E-031
  4.120980E+03  6.47023048E-031  2.28711267E-034  1.54288255E-031  4.92506081E-031
  4.176700E+03  6.08924463E-031  2.14110591E-034  1.44597018E-031  4.64113334E-031
  4.233180E+03  5.72983578E-031  2.00595889E-034  1.35502993E-031  4.37279990E-031
  4.290420E+03  5.39090563E-031  1.87761335E-034  1.26975133E-031  4.11927669E-031
  4.348440E+03  5.07110234E-031  1.75920688E-034  1.18962195E-031  3.87972118E-031
  4.407240E+03  4.76949258E-031  1.64794710E-034  1.11446906E-031  3.65337558E-031
  4.466840E+03  4.48513175E-031  1.54518343E-034  1.04395443E-031  3.43963214E-031
  4.527240E+03  4.21708682E-031  1.44761405E-034  9.77795763E-032  3.23784344E-031
  4.588460E+03  3.96434454E-031  1.35507553E-034  9.15775853E-032  3.04721361E-031
  4.650500E+03  3.72615444E-031  1.26950197E-034  8.57655218E-032  2.86722972E-031
  4.713390E+03  3.50156249E-031  1.18816941E-034  8.03065902E-032  2.69730842E-031
  4.777130E+03  3.28987277E-031  1.11309185E-034  7.51885648E-032  2.53687403E-031
  4.841720E+03  3.09049938E-031  1.04241065E-034  7.03907826E-032  2.38554914E-031
  4.907200E+03  2.90258969E-031  9.77509844E-035  6.58924265E-032  2.24268792E-031
  4.973550E+03  2.72559647E-031  9.15722555E-035  6.16778176E-032  2.10790257E-031
  5.040810E+03  2.56248655E-031  8.57429276E-035  5.77297617E-032  1.98433151E-031
  5.108970E+03  2.41078334E-031  8.02552619E-035  5.40245555E-032  1.86973523E-031
  5.178060E+03  2.26777090E-031  7.51383771E-035  5.05522489E-032  1.76149702E-031
  5.248070E+03  2.13296324E-031  7.03907592E-035  4.72997582E-032  1.65926175E-031
  5.319040E+03  2.00585736E-031  6.59066219E-035  4.42516441E-032  1.56268185E-031
  5.390970E+03  1.88605954E-031  6.17883534E-035  4.13975049E-032  1.47146661E-031
  5.463870E+03  1.77317631E-031  5.78892926E-035  3.87255026E-032  1.38534240E-031
  5.537750E+03  1.66674578E-031  5.41971455E-035  3.62198089E-032  1.30400572E-031
  5.612630E+03  1.56645875E-031  5.07238564E-035  3.38728123E-032  1.22722339E-031
  5.688530E+03  1.47197242E-031  4.74832594E-035  3.16747783E-032  1.15474981E-031
  5.765450E+03  1.38293751E-031  4.44806265E-035  2.96175451E-032  1.08631725E-031
  5.843410E+03  1.29905597E-031  4.16453632E-035  2.76910996E-032  1.02172852E-031
  5.922430E+03  1.22008693E-031  3.90111448E-035  2.58884007E-032  9.60812808E-032
  6.002520E+03  1.14569023E-031  3.65888468E-035  2.42009670E-032  9.03314673E-032
  6.083680E+03  1.07562616E-031  3.42380741E-035  2.26203977E-032  8.49079801E-032
  6.165950E+03  1.00966032E-031  3.20376666E-035  2.11408361E-032  7.97931584E-032
  6.249330E+03  9.48560485E-032  3.00079791E-035  1.97568024E-032  7.50692381E-032
  6.333830E+03  8.91670652E-032  2.80886857E-035  1.84612412E-032  7.06777353E-032
  6.419480E+03  8.38080077E-032  2.63124485E-035  1.72496908E-032  6.65320045E-032
  6.506290E+03  7.87593907E-032  2.46347388E-035  1.61170259E-032  6.26177300E-032
  6.594270E+03  7.40025479E-032  2.30981513E-035  1.50562314E-032  5.89232183E-032
  6.683440E+03  6.95222288E-032  2.16174941E-035  1.40638221E-032  5.54367892E-032
  6.773820E+03  6.53008565E-032  2.02269476E-035  1.31356156E-032  5.21450140E-032
  6.865410E+03  6.13266893E-032  1.89406044E-035  1.22679761E-032  4.90397725E-032
  6.958250E+03  5.75847704E-032  1.77306749E-035  1.14567256E-032  4.61103142E-032
  7.052340E+03  5.41172877E-032  1.66061847E-035  1.06987430E-032  4.34019385E-032
  7.147710E+03  5.08939650E-032  1.55477546E-035  9.98910696E-033  4.08893103E-032
  7.244360E+03  4.78573297E-032  1.45773713E-035  9.32589950E-033  3.85168528E-032
  7.342320E+03  4.49948014E-032  1.36390624E-035  8.70582847E-033  3.62753339E-032
  7.441610E+03  4.22980433E-032  1.27645031E-035  8.12643481E-033  3.41588440E-032
  7.542230E+03  3.97587438E-032  1.19506898E-035  7.58500864E-033  3.21617845E-032
  7.644220E+03  3.73662687E-032  1.11811872E-035  7.07920070E-033  3.02758868E-032
  7.747590E+03  3.51127889E-032  1.04764960E-035  6.60667089E-033  2.84956415E-032
  7.852360E+03  3.29902126E-032  9.80955721E-036  6.16482134E-033  2.68155817E-032
  7.958540E+03  3.09906172E-032  9.19489441E-036  5.75203088E-033  2.52293914E-032
  8.066160E+03  2.91076641E-032  8.60325868E-036  5.36638557E-033  2.37326753E-032
  8.175230E+03  2.73355592E-032  8.05117270E-036  5.00630036E-033  2.23212077E-032
  8.285780E+03  2.56667633E-032  7.53694721E-036  4.67009623E-033  2.09891301E-032
  8.397820E+03  2.40961372E-032  7.05135716E-036  4.35629761E-033  1.97327882E-032
  8.511380E+03  2.26178660E-032  6.60553447E-036  4.06292261E-033  1.85483378E-032
  8.626470E+03  2.12255691E-032  6.18185858E-036  3.78902888E-033  1.74303584E-032
  8.743120E+03  1.99152442E-032  5.79721780E-036  3.53329288E-033  1.63761541E-032
  8.861350E+03  1.86828388E-032  5.42409836E-036  3.29460014E-033  1.53828146E-032
  8.981180E+03  1.75228278E-032  5.07754774E-036  3.07176437E-033  1.44459859E-032
  9.102630E+03  1.64564686E-032  4.75137821E-036  2.86398440E-033  1.35877328E-032
  9.225710E+03  1.54560617E-032  4.44502318E-036  2.66991424E-033  1.27817024E-032
  9.350470E+03  1.45138149E-032  4.16198787E-036  2.48872545E-033  1.20209274E-032
  9.476910E+03  1.36268653E-032  3.89574971E-036  2.31968081E-033  1.13032887E-032
  9.605060E+03  1.27924251E-032  3.65079403E-036  2.16193623E-033  1.06268381E-032
  9.734940E+03  1.20066760E-032  3.41819199E-036  2.01480419E-033  9.98845362E-033
  9.866580E+03  1.12676076E-032  3.19950910E-036  1.87758482E-033  9.38682324E-033
  1.000000E+04  1.05716063E-032  2.99309205E-036  1.74964846E-033  8.81896473E-033
