# Zubko/ZDA BARE-GR-S model SED (this work), Mathis ISRF U =  1.00
# solver = qm
# artificial hard component below the Lyman limit: W*B_lambda(T), T =  1.000E+05 K, W =  2.000E-19
# columns: lambda[um]  lamI_total/NH  lamI_PAH/NH  lamI_GRA/NH  lamI_SIL/NH
#          [erg s^-1 cm^-2 sr^-1 H^-1]
  1.000000E-03  0.00000000E+000  0.00000000E+000  0.00000000E+000  0.00000000E+000
  1.013520E-03  0.00000000E+000  0.00000000E+000  0.00000000E+000  0.00000000E+000
  1.027230E-03  0.00000000E+000  0.00000000E+000  0.00000000E+000  0.00000000E+000
  1.041120E-03  0.00000000E+000  0.00000000E+000  0.00000000E+000  0.00000000E+000
  1.055200E-03  0.00000000E+000  0.00000000E+000  0.00000000E+000  0.00000000E+000
  1.069470E-03  0.00000000E+000  0.00000000E+000  0.00000000E+000  0.00000000E+000
  1.083930E-03  0.00000000E+000  0.00000000E+000  0.00000000E+000  0.00000000E+000
  1.098580E-03  0.00000000E+000  0.00000000E+000  0.00000000E+000  0.00000000E+000
  1.113440E-03  0.00000000E+000  0.00000000E+000  0.00000000E+000  0.00000000E+000
  1.128500E-03  0.00000000E+000  0.00000000E+000  0.00000000E+000  0.00000000E+000
  1.143760E-03  0.00000000E+000  0.00000000E+000  0.00000000E+000  0.00000000E+000
  1.159220E-03  0.00000000E+000  0.00000000E+000  0.00000000E+000  0.00000000E+000
  1.174900E-03  0.00000000E+000  0.00000000E+000  0.00000000E+000  0.00000000E+000
  1.190780E-03  0.00000000E+000  0.00000000E+000  0.00000000E+000  0.00000000E+000
  1.206890E-03  0.00000000E+000  0.00000000E+000  0.00000000E+000  0.00000000E+000
  1.223210E-03  0.00000000E+000  0.00000000E+000  0.00000000E+000  0.00000000E+000
  1.239750E-03  0.00000000E+000  0.00000000E+000  0.00000000E+000  0.00000000E+000
  1.256510E-03  0.00000000E+000  0.00000000E+000  0.00000000E+000  0.00000000E+000
  1.273500E-03  0.00000000E+000  0.00000000E+000  0.00000000E+000  0.00000000E+000
  1.290720E-03  0.00000000E+000  0.00000000E+000  0.00000000E+000  0.00000000E+000
  1.308180E-03  0.00000000E+000  0.00000000E+000  0.00000000E+000  0.00000000E+000
  1.325870E-03  0.00000000E+000  0.00000000E+000  0.00000000E+000  0.00000000E+000
  1.343800E-03  0.00000000E+000  0.00000000E+000  0.00000000E+000  0.00000000E+000
  1.361970E-03  0.00000000E+000  0.00000000E+000  0.00000000E+000  0.00000000E+000
  1.380380E-03  0.00000000E+000  0.00000000E+000  0.00000000E+000  0.00000000E+000
  1.399050E-03  0.00000000E+000  0.00000000E+000  0.00000000E+000  0.00000000E+000
  1.417970E-03  0.00000000E+000  0.00000000E+000  0.00000000E+000  0.00000000E+000
  1.437140E-03  0.00000000E+000  0.00000000E+000  0.00000000E+000  0.00000000E+000
  1.456580E-03  0.00000000E+000  0.00000000E+000  0.00000000E+000  0.00000000E+000
  1.476270E-03  0.00000000E+000  0.00000000E+000  0.00000000E+000  0.00000000E+000
  1.496240E-03  0.00000000E+000  0.00000000E+000  0.00000000E+000  0.00000000E+000
  1.516470E-03  0.00000000E+000  0.00000000E+000  0.00000000E+000  0.00000000E+000
  1.536970E-03  0.00000000E+000  0.00000000E+000  0.00000000E+000  0.00000000E+000
  1.557760E-03  0.00000000E+000  0.00000000E+000  0.00000000E+000  0.00000000E+000
  1.578820E-03  0.00000000E+000  0.00000000E+000  0.00000000E+000  0.00000000E+000
  1.600170E-03  0.00000000E+000  0.00000000E+000  0.00000000E+000  0.00000000E+000
  1.621810E-03  0.00000000E+000  0.00000000E+000  0.00000000E+000  0.00000000E+000
  1.643740E-03  0.00000000E+000  0.00000000E+000  0.00000000E+000  0.00000000E+000
  1.665970E-03  0.00000000E+000  0.00000000E+000  0.00000000E+000  0.00000000E+000
  1.688500E-03  0.00000000E+000  0.00000000E+000  0.00000000E+000  0.00000000E+000
  1.711330E-03  0.00000000E+000  0.00000000E+000  0.00000000E+000  0.00000000E+000
  1.734470E-03  0.00000000E+000  0.00000000E+000  0.00000000E+000  0.00000000E+000
  1.757920E-03  0.00000000E+000  0.00000000E+000  0.00000000E+000  0.00000000E+000
  1.781690E-03  0.00000000E+000  0.00000000E+000  0.00000000E+000  0.00000000E+000
  1.805790E-03  0.00000000E+000  0.00000000E+000  0.00000000E+000  0.00000000E+000
  1.830210E-03  0.00000000E+000  0.00000000E+000  0.00000000E+000  0.00000000E+000
  1.854950E-03  0.00000000E+000  0.00000000E+000  0.00000000E+000  0.00000000E+000
  1.880040E-03  0.00000000E+000  0.00000000E+000  0.00000000E+000  0.00000000E+000
  1.905460E-03  0.00000000E+000  0.00000000E+000  0.00000000E+000  0.00000000E+000
  1.931230E-03  0.00000000E+000  0.00000000E+000  0.00000000E+000  0.00000000E+000
  1.957340E-03  0.00000000E+000  0.00000000E+000  0.00000000E+000  0.00000000E+000
  1.983810E-03  0.00000000E+000  0.00000000E+000  0.00000000E+000  0.00000000E+000
  2.010640E-03  0.00000000E+000  0.00000000E+000  0.00000000E+000  0.00000000E+000
  2.037820E-03  0.00000000E+000  0.00000000E+000  0.00000000E+000  0.00000000E+000
  2.065380E-03  0.00000000E+000  0.00000000E+000  0.00000000E+000  0.00000000E+000
  2.093310E-03  0.00000000E+000  0.00000000E+000  0.00000000E+000  0.00000000E+000
  2.121620E-03  0.00000000E+000  0.00000000E+000  0.00000000E+000  0.00000000E+000
  2.150300E-03  0.00000000E+000  0.00000000E+000  0.00000000E+000  0.00000000E+000
  2.179380E-03  0.00000000E+000  0.00000000E+000  0.00000000E+000  0.00000000E+000
  2.208850E-03  0.00000000E+000  0.00000000E+000  0.00000000E+000  0.00000000E+000
  2.238720E-03  0.00000000E+000  0.00000000E+000  0.00000000E+000  0.00000000E+000
  2.268990E-03  0.00000000E+000  0.00000000E+000  0.00000000E+000  0.00000000E+000
  2.299680E-03  0.00000000E+000  0.00000000E+000  0.00000000E+000  0.00000000E+000
  2.330770E-03  0.00000000E+000  0.00000000E+000  0.00000000E+000  0.00000000E+000
  2.362290E-03  0.00000000E+000  0.00000000E+000  0.00000000E+000  0.00000000E+000
  2.394230E-03  0.00000000E+000  0.00000000E+000  0.00000000E+000  0.00000000E+000
  2.426610E-03  0.00000000E+000  0.00000000E+000  0.00000000E+000  0.00000000E+000
  2.459420E-03  0.00000000E+000  0.00000000E+000  0.00000000E+000  0.00000000E+000
  2.492680E-03  0.00000000E+000  0.00000000E+000  0.00000000E+000  0.00000000E+000
  2.526390E-03  0.00000000E+000  0.00000000E+000  0.00000000E+000  0.00000000E+000
  2.560550E-03  0.00000000E+000  0.00000000E+000  0.00000000E+000  0.00000000E+000
  2.595180E-03  0.00000000E+000  0.00000000E+000  0.00000000E+000  0.00000000E+000
  2.630270E-03  0.00000000E+000  0.00000000E+000  0.00000000E+000  0.00000000E+000
  2.665840E-03  0.00000000E+000  0.00000000E+000  0.00000000E+000  0.00000000E+000
  2.701880E-03  0.00000000E+000  0.00000000E+000  0.00000000E+000  0.00000000E+000
  2.738420E-03  0.00000000E+000  0.00000000E+000  0.00000000E+000  0.00000000E+000
  2.775450E-03  0.00000000E+000  0.00000000E+000  0.00000000E+000  0.00000000E+000
  2.812980E-03  0.00000000E+000  0.00000000E+000  0.00000000E+000  0.00000000E+000
  2.851020E-03  0.00000000E+000  0.00000000E+000  0.00000000E+000  0.00000000E+000
  2.889570E-03  0.00000000E+000  0.00000000E+000  0.00000000E+000  0.00000000E+000
  2.928640E-03  0.00000000E+000  0.00000000E+000  0.00000000E+000  0.00000000E+000
  2.968250E-03  0.00000000E+000  0.00000000E+000  0.00000000E+000  0.00000000E+000
  3.008380E-03  0.00000000E+000  0.00000000E+000  0.00000000E+000  0.00000000E+000
  3.049070E-03  0.00000000E+000  0.00000000E+000  0.00000000E+000  0.00000000E+000
  3.090300E-03  0.00000000E+000  0.00000000E+000  0.00000000E+000  0.00000000E+000
  3.132080E-03  0.00000000E+000  0.00000000E+000  0.00000000E+000  0.00000000E+000
  3.174440E-03  0.00000000E+000  0.00000000E+000  0.00000000E+000  0.00000000E+000
  3.217360E-03  0.00000000E+000  0.00000000E+000  0.00000000E+000  0.00000000E+000
  3.260870E-03  0.00000000E+000  0.00000000E+000  0.00000000E+000  0.00000000E+000
  3.304960E-03  0.00000000E+000  0.00000000E+000  0.00000000E+000  0.00000000E+000
  3.349650E-03  1.07130388E-058  0.00000000E+000  1.07585201E-076  1.07130388E-058
  3.394950E-03  1.84133576E-058  0.00000000E+000  3.38786454E-076  1.84133576E-058
  3.440860E-03  3.13698026E-058  0.00000000E+000  1.04889810E-075  3.13698026E-058
  3.487390E-03  5.32324469E-058  0.00000000E+000  3.20871696E-075  5.32324469E-058
  3.534540E-03  8.95629839E-058  0.00000000E+000  9.65502672E-075  8.95629839E-058
  3.582340E-03  1.49418366E-057  0.00000000E+000  2.85887372E-074  1.49418366E-057
  3.630780E-03  5.97437850E-057  0.00000000E+000  8.32916000E-074  5.97437850E-057
  3.679880E-03  1.01129635E-056  0.00000000E+000  2.38422843E-073  1.01129635E-056
  3.729640E-03  1.70072988E-056  0.00000000E+000  6.71404673E-073  1.70072988E-056
  3.780070E-03  2.83698165E-056  0.00000000E+000  1.87210839E-072  2.83698165E-056
  3.831190E-03  4.69526471E-056  0.00000000E+000  5.17367896E-072  4.69526471E-056
  3.882990E-03  7.71704293E-056  0.00000000E+000  1.43820525E-071  7.71704293E-056
  3.935500E-03  1.26469786E-055  0.00000000E+000  4.33533794E-071  1.26469786E-055
  3.988720E-03  2.80139959E-055  0.00000000E+000  1.31790979E-070  2.80139959E-055
  4.042660E-03  4.60383302E-055  0.00000000E+000  3.45995846E-070  4.60383302E-055
  4.097320E-03  7.51250263E-055  0.00000000E+000  7.39239885E-070  7.51250263E-055
  4.152730E-03  1.21943781E-054  5.12874725E-319  1.79595772E-069  1.21943781E-054
  4.208880E-03  1.98490392E-054  6.57340976E-315  5.71965013E-069  1.98490392E-054
  4.265800E-03  3.18787299E-054  3.14228803E-311  7.57823015E-069  3.18787299E-054
  4.323480E-03  5.09768387E-054  3.93717532E-307  2.93995243E-068  5.09768387E-054
  4.381940E-03  8.10035004E-054  1.46740272E-304  3.77902245E-069  8.10035004E-054
  4.441200E-03  1.60401689E-053  7.24281786E-301  7.14669103E-069  1.60401689E-053
  4.501250E-03  2.56972345E-053  4.02890457E-297  1.69443627E-068  2.56972345E-053
  4.562120E-03  4.09314351E-053  1.99936236E-293  3.97157469E-068  4.09314351E-053
  4.623810E-03  9.09653432E-053  8.85212312E-290  9.20376356E-068  9.09653432E-053
  4.686340E-03  1.47439302E-052  3.50491249E-286  2.10868335E-067  1.47439302E-052
  4.749710E-03  2.37754330E-052  1.23941125E-282  4.77036398E-067  2.37754330E-052
  4.813930E-03  3.82282754E-052  3.93793423E-279  1.07073337E-066  3.82282754E-052
  4.879030E-03  6.89984381E-052  1.12506728E-275  2.37849099E-066  6.89984381E-052
  4.945000E-03  1.10851364E-051  2.88154005E-272  5.21910682E-066  1.10851364E-051
  5.011870E-03  1.77628847E-051  6.64070779E-269  1.13188308E-065  1.77628847E-051
  5.079640E-03  2.83301271E-051  1.37719073E-265  2.42662902E-065  2.83301271E-051
  5.148330E-03  5.30873301E-051  2.57625492E-262  5.14495012E-065  5.30873301E-051
  5.217950E-03  8.50335759E-051  4.38090895E-259  1.08622964E-064  8.50335759E-051
  5.288510E-03  1.35595411E-050  6.74677689E-256  2.27315982E-064  1.35595411E-050
  5.360020E-03  2.28971028E-050  9.39925321E-253  4.70599666E-064  2.28971028E-050
  5.432500E-03  3.63880120E-050  1.18711898E-249  9.64254070E-064  3.63880120E-050
  5.505960E-03  5.76009954E-050  1.36073469E-246  1.95617800E-063  5.76009954E-050
  5.580420E-03  9.06985855E-050  1.41839676E-243  3.93097639E-063  9.06985855E-050
  5.655880E-03  1.51184759E-049  1.34813969E-240  7.84715259E-063  1.51184759E-049
  5.732360E-03  2.37618308E-049  1.17538801E-237  1.56315491E-062  2.37618308E-049
  5.809870E-03  3.71516571E-049  9.34093783E-235  3.08574398E-062  3.71516571E-049
  5.888440E-03  5.77895558E-049  6.78470410E-232  6.04015537E-062  5.77895558E-049
  5.968060E-03  9.26331745E-049  4.50089419E-229  1.17269267E-061  9.26331745E-049
  6.048760E-03  1.43510760E-048  2.73410872E-226  2.25953708E-061  1.43510760E-048
  6.130560E-03  2.21216686E-048  1.52334997E-223  4.32278249E-061  2.21216686E-048
  6.213460E-03  3.47594365E-048  7.79502918E-221  8.22392683E-061  3.47594365E-048
  6.297480E-03  5.33117653E-048  3.68533549E-218  1.56338810E-060  5.33117653E-048
  6.382640E-03  8.13912472E-048  1.60249746E-215  2.95296621E-060  8.13912472E-048
  6.468940E-03  1.23727806E-047  6.40976317E-213  5.54342037E-060  1.23727806E-047
  6.556420E-03  1.90252662E-047  2.36964240E-210  1.03675147E-059  1.90252662E-047
  6.645080E-03  2.87669030E-047  8.10830980E-208  1.93468728E-059  2.87669030E-047
  6.734930E-03  4.33570517E-047  2.56069693E-205  3.59016960E-059  4.33570517E-047
  6.826010E-03  6.52046974E-047  7.48374208E-203  6.62760955E-059  6.52046974E-047
  6.918310E-03  9.88351775E-047  2.02558986E-200  1.21872566E-058  9.88351775E-047
  7.011860E-03  1.48611097E-046  5.09345881E-198  2.23547740E-058  1.48611097E-046
  7.106680E-03  2.22467497E-046  1.18892953E-195  4.08225878E-058  2.22467497E-046
  7.202780E-03  3.29453997E-046  2.58190766E-193  7.43304999E-058  3.29453997E-046
  7.300180E-03  4.82087595E-046  5.21152791E-191  1.34663690E-057  4.82087595E-046
  7.398890E-03  7.07547242E-046  9.81924772E-189  2.43605796E-057  7.07547242E-046
  7.498940E-03  1.04877277E-045  1.72259822E-186  4.38188760E-057  1.04877277E-045
  7.600350E-03  1.55084643E-045  2.81689174E-184  7.83715531E-057  1.55084643E-045
  7.703120E-03  2.22792664E-045  4.29424518E-182  1.39350570E-056  2.22792664E-045
  7.807280E-03  3.24413489E-045  6.13367819E-180  2.47176480E-056  3.24413489E-045
  7.912860E-03  4.88863357E-045  8.21200091E-178  4.36889302E-056  4.88863357E-045
  8.019860E-03  6.85772522E-045  1.02778274E-175  7.67218055E-056  6.85772522E-045
  8.128310E-03  9.43247568E-045  1.20424288E-173  1.33859929E-055  9.43247568E-045
  8.238220E-03  1.34573887E-044  1.32168113E-171  2.32021738E-055  1.34573887E-044
  8.349620E-03  1.92606086E-044  1.36717348E-169  4.01461121E-055  1.92606086E-044
  8.462530E-03  2.74185038E-044  1.32929907E-167  6.90883843E-055  2.74185038E-044
  8.576960E-03  3.89067754E-044  1.21350422E-165  1.18055731E-054  3.89067754E-044
  8.692940E-03  5.51807645E-044  1.04146963E-163  2.00319028E-054  5.51807645E-044
  8.810490E-03  7.81026403E-044  8.41019836E-162  3.37532093E-054  7.81026403E-044
  8.929630E-03  1.10128145E-043  6.42229170E-160  5.67134906E-054  1.10128145E-043
  9.050380E-03  1.54836039E-043  4.63229217E-158  9.48414281E-054  1.54836039E-043
  9.172760E-03  2.17170694E-043  3.15011692E-156  1.57445171E-053  2.17170694E-043
  9.296800E-03  3.07683449E-043  2.02196846E-154  2.59498057E-053  3.07683449E-043
  9.422510E-03  4.34818036E-043  1.22556467E-152  4.24660878E-053  4.34818036E-043
  9.549930E-03  6.12991945E-043  7.02961138E-151  6.90625973E-053  6.12991945E-043
  9.679060E-03  8.75139420E-043  3.83769598E-149  1.12258455E-052  8.75139420E-043
  9.809950E-03  1.27222298E-042  1.98357763E-147  1.81156538E-052  1.27222298E-042
  9.942600E-03  1.82432529E-042  9.70768654E-146  2.90256472E-052  1.82432529E-042
  1.007700E-02  2.45144997E-042  4.49801925E-144  4.61774941E-052  2.45144997E-042
  1.021330E-02  3.28135475E-042  1.98167786E-142  7.29864941E-052  3.28135475E-042
  1.035140E-02  4.32397927E-042  8.28797478E-141  1.14707325E-051  4.32397926E-042
  1.049140E-02  5.83637724E-042  3.31730438E-139  1.80285107E-051  5.83637724E-042
  1.063330E-02  8.23530082E-042  1.26197112E-137  2.81434169E-051  8.23530082E-042
  1.077710E-02  1.18460074E-041  4.56352973E-136  4.36423706E-051  1.18460074E-041
  1.092280E-02  1.66736461E-041  1.56896972E-134  6.72388323E-051  1.66736461E-041
  1.107050E-02  2.14255792E-041  5.14144776E-133  1.02966470E-050  2.14255792E-041
  1.122020E-02  2.81122667E-041  1.60597659E-131  1.56746254E-050  2.81122667E-041
  1.137190E-02  3.84596500E-041  4.80840592E-130  2.38545026E-050  3.84596499E-041
  1.152570E-02  5.63983319E-041  1.37875932E-128  3.61927043E-050  5.63983318E-041
  1.168150E-02  9.34427774E-041  3.76762448E-127  5.45849244E-050  9.34427773E-041
  1.183950E-02  1.05730648E-040  9.85398533E-126  8.18897655E-050  1.05730647E-040
  1.199960E-02  1.03951376E-040  2.46181389E-124  1.22201320E-049  1.03951376E-040
  1.216190E-02  1.28851544E-040  5.88716348E-123  1.81470213E-049  1.28851543E-040
  1.232630E-02  1.68738426E-040  1.34518303E-121  2.68172908E-049  1.68738425E-040
  1.249300E-02  2.20194359E-040  2.95908058E-120  3.96083000E-049  2.20194359E-040
  1.266190E-02  2.91846712E-040  6.24797793E-119  5.83980872E-049  2.91846711E-040
  1.283320E-02  3.82918064E-040  1.26719160E-117  8.57586317E-049  3.82918063E-040
  1.300670E-02  5.03265018E-040  2.46034881E-116  1.25416173E-048  5.03265016E-040
  1.318260E-02  6.85542887E-040  4.60502201E-115  1.83405022E-048  6.85542885E-040
  1.336080E-02  8.79723940E-040  8.27493094E-114  2.67522267E-048  8.79723937E-040
  1.354150E-02  1.10986891E-039  1.43055918E-112  3.89007525E-048  1.10986890E-039
  1.372460E-02  1.44387767E-039  2.37578904E-111  5.63937373E-048  1.44387767E-039
  1.391020E-02  1.89044500E-039  3.80951815E-110  8.18198361E-048  1.89044499E-039
  1.409830E-02  2.47038741E-039  5.88418473E-109  1.18549074E-047  2.47038740E-039
  1.428890E-02  3.22878326E-039  8.74410621E-108  1.71336546E-047  3.22878324E-039
  1.448220E-02  4.21279746E-039  1.25371950E-106  2.47149622E-047  4.21279744E-039
  1.467800E-02  5.47807344E-039  1.73408601E-105  3.56640416E-047  5.47807340E-039
  1.487650E-02  7.10223327E-039  2.32044470E-104  5.15134465E-047  7.10223322E-039
  1.507760E-02  9.20158646E-039  2.99167515E-103  7.42579440E-047  9.20158639E-039
  1.528150E-02  1.19020874E-038  3.72594369E-102  1.06879805E-046  1.19020873E-038
  1.548820E-02  1.53643209E-038  4.48281614E-101  1.53608735E-046  1.53643207E-038
  1.569760E-02  1.97839853E-038  5.23193006E-100  2.21580249E-046  1.97839851E-038
  1.590990E-02  2.54169960E-038  5.90606849E-099  3.19208489E-046  2.54169957E-038
  1.612500E-02  3.25888480E-038  6.44022015E-098  4.59064493E-046  3.25888475E-038
  1.634310E-02  4.17032393E-038  6.79922888E-097  6.59268761E-046  4.17032386E-038
  1.656410E-02  5.34303197E-038  6.94893305E-096  9.46100198E-046  5.34303188E-038
  1.678800E-02  6.92573708E-038  6.90280634E-095  1.36196458E-045  6.92573695E-038
  1.701510E-02  8.77454038E-038  6.65105545E-094  1.95741093E-045  8.77454018E-038
  1.724510E-02  1.10506122E-037  6.19834811E-093  2.80719291E-045  1.10506119E-037
  1.747830E-02  1.40318339E-037  5.60381588E-092  4.01877181E-045  1.40318335E-037
  1.771470E-02  1.78519082E-037  4.91544426E-091  5.74301259E-045  1.78519077E-037
  1.795420E-02  2.20904395E-037  4.20499042E-090  8.23975556E-045  2.20904387E-037
  1.819700E-02  2.75100011E-037  3.49206939E-089  1.17945402E-044  2.75099999E-037
  1.844310E-02  3.49004321E-037  2.81545695E-088  1.68425552E-044  3.49004304E-037
  1.869250E-02  4.44197782E-037  2.20398489E-087  2.39919595E-044  4.44197758E-037
  1.894520E-02  5.66621842E-037  1.67538504E-086  3.40896455E-044  5.66621808E-037
  1.920140E-02  7.22130932E-037  1.24292286E-085  4.84854222E-044  7.22130884E-037
  1.946110E-02  9.16414112E-037  8.99708032E-085  6.90055780E-044  9.16414043E-037
  1.972420E-02  1.16202919E-036  6.32811253E-084  9.79103360E-044  1.16202909E-036
  1.999090E-02  1.43828775E-036  4.33161724E-083  1.38527364E-043  1.43828761E-036
  2.026130E-02  1.74017793E-036  2.88776495E-082  1.95451474E-043  1.74017774E-036
  2.053530E-02  2.11761956E-036  1.87388002E-081  2.74960406E-043  2.11761929E-036
  2.081290E-02  2.60323610E-036  1.18695601E-080  3.86728350E-043  2.60323571E-036
  2.109440E-02  3.22963754E-036  7.34944633E-080  5.43638322E-043  3.22963699E-036
  2.137960E-02  4.01463738E-036  4.43213565E-079  7.61745342E-043  4.01463662E-036
  2.166870E-02  4.98912785E-036  2.60964495E-078  1.06532673E-042  4.98912679E-036
  2.196170E-02  6.41981719E-036  1.50136291E-077  1.48805149E-042  6.41981570E-036
  2.225870E-02  8.63712431E-036  8.43755178E-077  2.07424592E-042  8.63712224E-036
  2.255970E-02  1.13395734E-035  4.63429679E-076  2.88658968E-042  1.13395705E-035
  2.286480E-02  1.36152113E-035  2.48514371E-075  4.00428148E-042  1.36152073E-035
  2.317390E-02  1.39773260E-035  1.30307420E-074  5.54728528E-042  1.39773204E-035
  2.348730E-02  1.55336133E-035  6.68389817E-074  7.66748401E-042  1.55336056E-035
  2.380490E-02  1.81869232E-035  3.35597631E-073  1.05848761E-041  1.81869126E-035
  2.412680E-02  2.18702914E-035  1.64905479E-072  1.45837734E-041  2.18702768E-035
  2.445310E-02  2.65224418E-035  7.92361875E-072  2.00288225E-041  2.65224218E-035
  2.478370E-02  3.23834618E-035  3.72148049E-071  2.74163190E-041  3.23834343E-035
  2.511890E-02  3.93542198E-035  1.71694677E-070  3.75462419E-041  3.93541822E-035
  2.545850E-02  4.78431123E-035  7.74722816E-070  5.12526817E-041  4.78430611E-035
  2.580280E-02  5.82171012E-035  3.42317814E-069  6.97461700E-041  5.82170314E-035
  2.615170E-02  7.08797386E-035  1.48591257E-068  9.49496710E-041  7.08796437E-035
  2.650530E-02  8.61109605E-035  6.31748904E-068  1.28875839E-040  8.61108316E-035
  2.686380E-02  1.04335358E-034  2.63226190E-067  1.74382789E-040  1.04335184E-034
  2.722700E-02  1.25880674E-034  1.07677171E-066  2.35784643E-040  1.25880438E-034
  2.759520E-02  1.51394666E-034  4.32169919E-066  3.18062178E-040  1.51394347E-034
  2.796830E-02  1.82251799E-034  1.69995100E-065  4.27677280E-040  1.82251371E-034
  2.834650E-02  2.20247194E-034  6.57043624E-065  5.74356459E-040  2.20246620E-034
  2.872980E-02  2.65710988E-034  2.49616733E-064  7.70612371E-040  2.65710217E-034
  2.911830E-02  3.20037137E-034  9.30380079E-064  1.03068863E-039  3.20036106E-034
  2.951210E-02  3.84861592E-034  3.40354700E-063  1.37436596E-039  3.84860218E-034
  2.991120E-02  4.62477191E-034  1.22618755E-062  1.83321047E-039  4.62475357E-034
  3.031560E-02  5.54866361E-034  4.33587087E-062  2.43765679E-039  5.54863923E-034
  3.072560E-02  6.64728366E-034  1.50625945E-061  3.23192107E-039  6.64725134E-034
  3.114110E-02  7.95327819E-034  5.14419642E-061  4.27616976E-039  7.95323543E-034
  3.156220E-02  9.50601075E-034  1.72898157E-060  5.65061285E-039  9.50595424E-034
  3.198900E-02  1.13454114E-033  5.71387958E-060  7.44870180E-039  1.13453369E-033
  3.242150E-02  1.35211800E-033  1.85692579E-059  9.79591189E-039  1.35210820E-033
  3.285990E-02  1.60973070E-033  5.93895737E-059  1.28563301E-038  1.60971784E-033
  3.330430E-02  1.91437888E-033  1.86962866E-058  1.68373558E-038  1.91436204E-033
  3.375460E-02  2.27355505E-033  5.76922021E-058  2.19163987E-038  2.27353313E-033
  3.421110E-02  2.69668679E-033  1.74758686E-057  2.83778445E-038  2.69665842E-033
  3.467370E-02  3.19508719E-033  4.97414353E-057  3.49919989E-038  3.19505219E-033
  3.514260E-02  3.78168032E-033  1.32793114E-056  4.09997829E-038  3.78163932E-033
  3.561780E-02  4.47041906E-033  3.61977816E-056  4.96903923E-038  4.47036937E-033
  3.609940E-02  5.27819585E-033  1.03001133E-055  6.36728142E-038  5.27813218E-033
  3.658760E-02  6.22532797E-033  2.89157823E-055  8.14978523E-038  6.22524647E-033
  3.708230E-02  7.33556857E-033  8.02584224E-055  1.04431787E-037  7.33546414E-033
  3.758370E-02  8.63408658E-033  2.19576908E-054  1.33516945E-037  8.63395306E-033
  3.809200E-02  1.01516704E-032  5.93337905E-054  1.70605160E-037  1.01514998E-032
  3.860710E-02  1.19229117E-032  1.58057768E-053  2.17485053E-037  1.19226942E-032
  3.912910E-02  1.40014143E-032  4.17385716E-053  2.78083640E-037  1.40011362E-032
  3.965820E-02  1.64306146E-032  1.08897751E-052  3.55341007E-037  1.64302592E-032
  4.019450E-02  1.92615900E-032  2.80406289E-052  4.53205826E-037  1.92611368E-032
  4.073800E-02  2.25572789E-032  7.12912091E-052  5.77167863E-037  2.25567018E-032
  4.128890E-02  2.63911426E-032  1.78828468E-051  7.33184221E-037  2.63904094E-032
  4.184720E-02  3.12316639E-032  4.44369242E-051  9.32754790E-037  3.12307311E-032
  4.241310E-02  3.69413589E-032  1.08975728E-050  1.18363626E-036  3.69401753E-032
  4.298660E-02  4.35687548E-032  2.66731623E-050  1.51506584E-036  4.35672397E-032
  4.356790E-02  5.12105780E-032  6.54348539E-050  1.96392572E-036  5.12086141E-032
  4.415700E-02  6.01209410E-032  1.58147730E-049  2.53403940E-036  6.01184070E-032
  4.475420E-02  7.03334145E-032  3.75026592E-049  3.24019625E-036  7.03301743E-032
  4.535930E-02  8.21419954E-032  8.76118251E-049  4.12315666E-036  8.21378723E-032
  4.597270E-02  9.58221275E-032  2.02304700E-048  5.23649360E-036  9.58168910E-032
  4.659440E-02  1.11434622E-031  4.67423523E-048  6.71909454E-036  1.11427903E-031
  4.722440E-02  1.29476277E-031  1.06543923E-047  8.58770718E-036  1.29467689E-031
  4.786300E-02  1.50242318E-031  2.39702385E-047  1.09349780E-035  1.50231383E-031
  4.851020E-02  1.73979679E-031  5.32337903E-047  1.38728644E-035  1.73965806E-031
  4.916620E-02  2.01315586E-031  1.16809949E-046  1.75484829E-035  2.01298037E-031
  4.983100E-02  2.32695086E-031  2.53694024E-046  2.21710134E-035  2.32672915E-031
  5.050490E-02  2.68626491E-031  5.46285260E-046  2.80172747E-035  2.68598473E-031
  5.118780E-02  3.09884722E-031  1.16303363E-045  3.53156269E-035  3.09849406E-031
  5.188000E-02  3.57335677E-031  2.45085517E-045  4.44410136E-035  3.57291236E-031
  5.258150E-02  4.12012434E-031  5.11674826E-045  5.58808007E-035  4.11956554E-031
  5.329260E-02  4.74756312E-031  1.05736899E-044  7.01297288E-035  4.74686182E-031
  5.401320E-02  5.47274480E-031  2.16290709E-044  8.78502319E-035  5.47186630E-031
  5.474360E-02  6.34301004E-031  4.38159815E-044  1.09872146E-034  6.34191132E-031
  5.548390E-02  7.34627852E-031  8.79326086E-044  1.37225765E-034  7.34490626E-031
  5.623410E-02  8.50196863E-031  1.74842876E-043  1.71171503E-034  8.50025691E-031
  5.699460E-02  9.95337580E-031  3.42371511E-043  2.11898032E-034  9.95125682E-031
  5.776530E-02  1.16668205E-030  6.64141379E-043  2.61877338E-034  1.16642018E-030
  5.854640E-02  1.36603939E-030  1.38052123E-042  3.23534245E-034  1.36571585E-030
  5.933810E-02  1.60252744E-030  2.80048461E-042  3.99683376E-034  1.60212776E-030
  6.014050E-02  1.88641620E-030  5.58115988E-042  4.93488656E-034  1.88592271E-030
  6.095370E-02  2.21701628E-030  1.09450101E-041  6.08469085E-034  2.21640781E-030
  6.177790E-02  2.60151738E-030  2.11487969E-041  7.49152839E-034  2.60076823E-030
  6.261330E-02  3.03718247E-030  4.03092704E-041  9.29523624E-034  3.03625295E-030
  6.346000E-02  3.53469734E-030  7.58438669E-041  1.15462336E-033  3.53354271E-030
  6.431810E-02  4.10562134E-030  1.40969077E-040  1.43107397E-033  4.10419027E-030
  6.518790E-02  4.75941447E-030  2.59014314E-040  1.76976402E-033  4.75764471E-030
  6.606930E-02  5.46312056E-030  4.70618715E-040  2.22239410E-033  5.46089817E-030
  6.696280E-02  6.25304394E-030  8.43331519E-040  2.78124573E-033  6.25026270E-030
  6.786830E-02  7.14098308E-030  1.50430979E-039  3.46237007E-033  7.13752071E-030
  6.878600E-02  8.13644888E-030  2.66215216E-039  4.28651592E-033  8.13216236E-030
  6.971610E-02  9.16388816E-030  4.65336246E-039  5.16126821E-033  9.15872689E-030
  7.065890E-02  1.02874476E-029  7.99152135E-039  6.14505928E-033  1.02813026E-029
  7.161430E-02  1.15231113E-029  1.34114165E-038  7.25217985E-033  1.15158591E-029
  7.258270E-02  1.28791974E-029  2.19177226E-038  8.48610050E-033  1.28707113E-029
  7.356420E-02  1.42580772E-029  3.48559258E-038  9.76635822E-033  1.42483108E-029
  7.455900E-02  1.56912547E-029  5.40721890E-038  1.11204501E-032  1.56801342E-029
  7.556720E-02  1.72387973E-029  8.21975458E-038  1.25950411E-032  1.72262021E-029
  7.658910E-02  1.89075671E-029  1.23098024E-037  1.41941683E-032  1.88933728E-029
  7.762470E-02  2.06561589E-029  1.82464947E-037  1.58824040E-032  2.06402763E-029
  7.867440E-02  2.21902206E-029  2.68697066E-037  1.74368895E-032  2.21727835E-029
  7.973820E-02  2.38149273E-029  3.94016364E-037  1.91360734E-032  2.37957908E-029
  8.081650E-02  2.55342890E-029  5.76201300E-037  2.09994915E-032  2.55132890E-029
  8.190930E-02  2.73512630E-029  8.40828648E-037  2.30468693E-032  2.73282153E-029
  8.301690E-02  2.95104127E-029  1.22463765E-036  2.54530358E-032  2.94849584E-029
  8.413950E-02  3.23628457E-029  1.78008074E-036  2.85017222E-032  3.23343422E-029
  8.527730E-02  3.54663048E-029  2.58169600E-036  3.19691387E-032  3.54343331E-029
  8.643040E-02  3.88396621E-029  3.73476162E-036  3.59118955E-032  3.88037465E-029
  8.759920E-02  4.25041156E-029  5.38776776E-036  4.03938742E-032  4.24637163E-029
  8.878370E-02  4.65856963E-029  7.74802796E-036  4.54175443E-032  4.65402710E-029
  8.998430E-02  5.14900752E-029  1.11051267E-035  5.06468084E-032  5.14394173E-029
  9.120110E-02  5.67665824E-029  1.58597303E-035  5.62130447E-032  5.67103535E-029
  9.243430E-02  6.10596001E-029  2.25644514E-035  6.15105820E-032  6.09980670E-029
  9.368430E-02  6.55087533E-029  3.19791743E-035  6.69242662E-032  6.54417970E-029
  9.495110E-02  7.00422863E-029  4.51379017E-035  7.21449139E-032  6.99700962E-029
  9.623510E-02  7.47311413E-029  6.34492680E-035  7.58239245E-032  7.46552540E-029
  9.753640E-02  7.96140196E-029  8.88127021E-035  7.86673672E-032  7.95352634E-029
  9.885530E-02  8.46550468E-029  1.23785964E-034  8.15644788E-032  8.45733586E-029
  1.001920E-01  8.98571590E-029  1.66799901E-034  8.46815845E-032  8.97723106E-029
  1.015470E-01  9.48719661E-029  2.28197292E-034  8.90708444E-032  9.47826671E-029
  1.029200E-01  9.97218521E-029  3.10238471E-034  9.25930850E-032  9.96289488E-029
  1.043120E-01  1.03944904E-028  4.19254447E-034  9.40022908E-032  1.03850483E-028
  1.057220E-01  1.08950442E-028  5.63110294E-034  9.42937369E-032  1.08855586E-028
  1.071520E-01  1.14815708E-028  7.52063517E-034  9.40271977E-032  1.14720929E-028
  1.086010E-01  1.21213775E-028  9.98623622E-034  9.36261293E-032  1.21119150E-028
  1.100690E-01  1.28146238E-028  1.31846997E-033  9.24226570E-032  1.28052497E-028
  1.115580E-01  1.35504747E-028  1.73163979E-033  9.40019782E-032  1.35409013E-028
  1.130660E-01  1.43478185E-028  2.26172848E-033  1.00841049E-031  1.43375083E-028
  1.145950E-01  1.51692589E-028  2.93910387E-033  1.05541727E-031  1.51584108E-028
  1.161450E-01  1.60580791E-028  3.80032230E-033  1.12723855E-031  1.60464267E-028
  1.177150E-01  1.69800702E-028  4.88914440E-033  1.19729702E-031  1.69676083E-028
  1.193070E-01  1.79655571E-028  6.26101046E-033  1.27738120E-031  1.79521572E-028
  1.209210E-01  1.89895638E-028  7.98193643E-033  1.35283562E-031  1.89752372E-028
  1.225560E-01  2.00625771E-028  1.01302827E-032  1.44298734E-031  2.00471342E-028
  1.242130E-01  2.11796123E-028  1.28032516E-032  1.54415678E-031  2.11628904E-028
  1.258930E-01  2.23445896E-028  1.61190893E-032  1.65965914E-031  2.23263811E-028
  1.275950E-01  2.35549097E-028  2.02165600E-032  1.79322087E-031  2.35349558E-028
  1.293200E-01  2.48007043E-028  2.52680816E-032  1.96362809E-031  2.47785412E-028
  1.310690E-01  2.60815567E-028  3.28680130E-032  2.16050485E-031  2.60566648E-028
  1.328410E-01  2.74001435E-028  4.12100901E-032  2.40068443E-031  2.73720156E-028
  1.346380E-01  2.87314061E-028  5.16024588E-032  2.69053182E-031  2.86993406E-028
  1.364580E-01  3.00711821E-028  6.45253411E-032  3.02587106E-031  3.00344709E-028
  1.383040E-01  3.13960695E-028  8.06139886E-032  3.42829193E-031  3.13537252E-028
  1.401740E-01  3.26739193E-028  1.00615897E-031  3.89379607E-031  3.26249197E-028
  1.420690E-01  3.37591729E-028  1.25491341E-031  4.44778944E-031  3.37021459E-028
  1.439900E-01  3.43431528E-028  1.56444232E-031  5.11660868E-031  3.42763422E-028
  1.459370E-01  3.43448105E-028  1.94966133E-031  5.93436397E-031  3.42659703E-028
  1.479110E-01  3.40124473E-028  2.42947321E-031  6.95950831E-031  3.39185575E-028
  1.499110E-01  3.35259540E-028  3.02704363E-031  8.18947112E-031  3.34137888E-028
  1.519380E-01  3.28518699E-028  3.77203220E-031  9.67478784E-031  3.27174017E-028
  1.539930E-01  3.18182877E-028  4.70187208E-031  1.14056934E-030  3.16572120E-028
  1.560750E-01  3.08922803E-028  5.86276405E-031  1.34700697E-030  3.06989519E-028
  1.581860E-01  3.00553675E-028  7.31480407E-031  1.59260922E-030  2.98229585E-028
  1.603250E-01  2.89561857E-028  9.13209760E-031  1.88172988E-030  2.86766917E-028
  1.624930E-01  2.82865880E-028  1.14102008E-030  2.23981382E-030  2.79485046E-028
  1.646900E-01  2.72493973E-028  1.42698435E-030  2.65779591E-030  2.68409193E-028
  1.669170E-01  2.65145363E-028  1.78666825E-030  3.17238977E-030  2.60186305E-028
  1.691740E-01  2.57342261E-028  2.23987957E-030  3.78722075E-030  2.51315160E-028
  1.714620E-01  2.52933450E-028  2.81110775E-030  4.54629114E-030  2.45576051E-028
  1.737800E-01  2.50075149E-028  3.52981836E-030  5.46712495E-030  2.41078206E-028
  1.761300E-01  2.44881738E-028  4.43697923E-030  6.55803707E-030  2.33886722E-028
  1.785120E-01  2.37048282E-028  5.58532622E-030  7.85205956E-030  2.23610897E-028
  1.809260E-01  2.31200277E-028  7.04372381E-030  9.44359141E-030  2.14712962E-028
  1.833720E-01  2.31633738E-028  8.90257196E-030  1.14490389E-029  2.11282127E-028
  1.858520E-01  2.30949201E-028  1.12827402E-029  1.38704957E-029  2.05795965E-028
  1.883650E-01  2.29109185E-028  1.43404806E-029  1.68028940E-029  1.97965811E-028
  1.909120E-01  2.29375200E-028  1.82826934E-029  2.03679633E-029  1.90724543E-028
  1.934940E-01  2.35224632E-028  2.33779350E-029  2.46480665E-029  1.87198630E-028
  1.961100E-01  2.41615639E-028  2.99620292E-029  2.97172694E-029  1.81936341E-028
  1.987620E-01  2.48842234E-028  3.84524282E-029  3.56571687E-029  1.74732638E-028
  2.014500E-01  2.61725079E-028  4.93227055E-029  4.22647019E-029  1.70137672E-028
  2.041740E-01  2.80656001E-028  6.30563162E-029  4.92940478E-029  1.68305636E-028
  2.069350E-01  3.01971110E-028  8.00521300E-029  5.66742823E-029  1.65244698E-028
  2.097330E-01  3.25351728E-028  1.00459519E-028  6.40851302E-029  1.60807080E-028
  2.125690E-01  3.54859559E-028  1.24018483E-028  7.06229303E-029  1.60218145E-028
  2.154430E-01  3.86613781E-028  1.49951572E-028  7.57869608E-029  1.60875248E-028
  2.183570E-01  4.18530969E-028  1.77087843E-028  7.89185434E-029  1.62524583E-028
  2.213090E-01  4.49773435E-028  2.04126999E-028  7.96950073E-029  1.65951429E-028
  2.243020E-01  4.81136724E-028  2.30125713E-028  7.94302840E-029  1.71580727E-028
  2.273350E-01  5.12545386E-028  2.54686709E-028  7.90088071E-029  1.78849869E-028
  2.304090E-01  5.43967879E-028  2.78034773E-028  7.85191409E-029  1.87413965E-028
  2.335250E-01  5.75635125E-028  3.00827988E-028  7.76475351E-029  1.97159602E-028
  2.366830E-01  6.08558611E-028  3.23931140E-028  7.64175099E-029  2.08209961E-028
  2.398830E-01  6.43968673E-028  3.48254725E-028  7.55997503E-029  2.20114198E-028
  2.431270E-01  6.83915144E-028  3.74678221E-028  7.56087972E-029  2.33628126E-028
  2.464150E-01  7.27952951E-028  4.03998351E-028  7.60800788E-029  2.47874522E-028
  2.497470E-01  7.76751711E-028  4.36949210E-028  7.69500528E-029  2.62852448E-028
  2.531240E-01  8.29571884E-028  4.74240305E-028  7.87921478E-029  2.76539431E-028
  2.565470E-01  8.88037934E-028  5.16574548E-028  8.08624779E-029  2.90600908E-028
  2.600160E-01  9.53281686E-028  5.64663533E-028  8.35767278E-029  3.05041425E-028
  2.635320E-01  1.02588210E-027  6.19273350E-028  8.67661589E-029  3.19842593E-028
  2.670960E-01  1.10633525E-027  6.81238730E-028  8.99038414E-029  3.35192681E-028
  2.707070E-01  1.19553423E-027  7.51430022E-028  9.30076811E-029  3.51096523E-028
  2.743680E-01  1.29470815E-027  8.30898896E-028  9.62736186E-029  3.67535631E-028
  2.780780E-01  1.40587091E-027  9.20724010E-028  1.00995406E-028  3.84151494E-028
  2.818380E-01  1.52903067E-027  1.02215933E-027  1.05553470E-028  4.01317874E-028
  2.856490E-01  1.66575346E-027  1.13660035E-027  1.10123116E-028  4.19029994E-028
  2.895120E-01  1.81843982E-027  1.26561795E-027  1.15597640E-028  4.37224236E-028
  2.934270E-01  1.98813836E-027  1.41092828E-027  1.21310805E-028  4.55899271E-028
  2.973950E-01  2.17694846E-027  1.57448612E-027  1.27439027E-028  4.75023312E-028
  3.014160E-01  2.38675646E-027  1.75842282E-027  1.33623231E-028  4.94710414E-028
  3.054920E-01  2.54971276E-027  1.89489426E-027  1.39840503E-028  5.14977997E-028
  3.096230E-01  2.76947470E-027  2.08758538E-027  1.46060532E-028  5.35828783E-028
  3.138100E-01  3.00702637E-027  2.29675789E-027  1.53479858E-028  5.56788621E-028
  3.180530E-01  3.26280709E-027  2.52339621E-027  1.61155946E-028  5.78254936E-028
  3.223540E-01  3.53784716E-027  2.76859537E-027  1.68971046E-028  6.00280747E-028
  3.267130E-01  3.83317998E-027  3.03329248E-027  1.77026031E-028  6.22861470E-028
  3.311310E-01  4.15082015E-027  3.31843320E-027  1.86446052E-028  6.45940899E-028
  3.356090E-01  4.49054338E-027  3.62478653E-027  1.96169774E-028  6.69587071E-028
  3.401470E-01  4.85286836E-027  3.95288595E-027  2.06185904E-028  6.93796507E-028
  3.447470E-01  5.23825728E-027  4.30304056E-027  2.16694970E-028  7.18521755E-028
  3.494080E-01  5.64693617E-027  4.67477107E-027  2.28703977E-028  7.43461125E-028
  3.541330E-01  6.07719596E-027  5.06704316E-027  2.41199912E-028  7.68952884E-028
  3.589220E-01  6.52640829E-027  5.47722958E-027  2.54185796E-028  7.94992910E-028
  3.637750E-01  6.98975904E-027  5.90052201E-027  2.67662378E-028  8.21574650E-028
  3.686950E-01  7.45953282E-027  6.32922748E-027  2.81713218E-028  8.48592125E-028
  3.736800E-01  7.92339567E-027  6.75098237E-027  2.96318228E-028  8.76095074E-028
  3.787330E-01  8.36606126E-027  7.15044365E-027  3.11476172E-028  9.04141437E-028
  3.838550E-01  8.77466307E-027  7.51483654E-027  3.27199952E-028  9.32626579E-028
  3.890450E-01  9.15297652E-027  7.84797188E-027  3.43498212E-028  9.61506426E-028
  3.943060E-01  9.52800453E-027  8.17670674E-027  3.60384422E-028  9.90913369E-028
  3.996380E-01  9.92785282E-027  8.52915104E-027  3.77862804E-028  1.02083898E-027
  4.050420E-01  1.03552554E-026  8.90888623E-027  3.95576388E-028  1.05079279E-027
  4.105190E-01  1.07885500E-026  9.29352191E-027  4.13830298E-028  1.08119780E-027
  4.160700E-01  1.11957441E-026  9.65101766E-027  4.32646540E-028  1.11207994E-027
  4.216970E-01  1.15612279E-026  9.96575239E-027  4.52033005E-028  1.14344247E-027
  4.273990E-01  1.19050877E-026  1.02578426E-026  4.71978206E-028  1.17526693E-027
  4.331780E-01  1.22611794E-026  1.05611358E-026  4.92486918E-028  1.20755668E-027
  4.390360E-01  1.26321537E-026  1.08776122E-026  5.14180553E-028  1.24036089E-027
  4.449730E-01  1.29771004E-026  1.11663897E-026  5.37473112E-028  1.27323759E-027
  4.509900E-01  1.32368500E-026  1.13687536E-026  5.61629731E-028  1.30646667E-027
  4.570880E-01  1.33765727E-026  1.14499746E-026  5.86484425E-028  1.34011372E-027
  4.632690E-01  1.34208827E-026  1.14346631E-026  6.12038015E-028  1.37418157E-027
  4.695340E-01  1.34340510E-026  1.13871046E-026  6.38284603E-028  1.40866183E-027
  4.758830E-01  1.34520317E-026  1.13432840E-026  6.65206407E-028  1.44354131E-027
  4.823180E-01  1.34471139E-026  1.12754952E-026  6.92799371E-028  1.47881926E-027
  4.888400E-01  1.33561718E-026  1.11191827E-026  7.22573056E-028  1.51441602E-027
  4.954500E-01  1.31310891E-026  1.08255123E-026  7.55285869E-028  1.55029100E-027
  5.021500E-01  1.27788125E-026  1.04032300E-026  7.89042328E-028  1.58654012E-027
  5.089400E-01  1.23667830E-026  9.91980425E-027  8.23836414E-028  1.62314236E-027
  5.158220E-01  1.19663399E-026  9.44656491E-027  8.59679572E-028  1.66009546E-027
  5.227970E-01  1.15963516E-026  9.00238805E-027  8.96571116E-028  1.69739248E-027
  5.298670E-01  1.12280469E-026  8.55850344E-027  9.34515451E-028  1.73502800E-027
  5.370320E-01  1.08250774E-026  8.07859164E-027  9.73496842E-028  1.77298894E-027
  5.442940E-01  1.03804161E-026  7.55563899E-027  1.01351402E-027  1.81126313E-027
  5.516540E-01  9.92906676E-027  7.02404870E-027  1.05525792E-027  1.84976013E-027
  5.591140E-01  9.51287763E-027  6.52385692E-027  1.10080370E-027  1.88821701E-027
  5.666740E-01  9.13608033E-027  6.06141126E-027  1.14773681E-027  1.92693226E-027
  5.743370E-01  8.77452085E-027  5.61253544E-027  1.19607718E-027  1.96590823E-027
  5.821030E-01  8.40714197E-027  5.15619002E-027  1.24582653E-027  2.00512542E-027
  5.899750E-01  8.04267709E-027  4.70108730E-027  1.29700149E-027  2.04458830E-027
  5.979530E-01  7.70737819E-027  4.27352025E-027  1.34959205E-027  2.08426590E-027
  6.060380E-01  7.41126075E-027  3.88351877E-027  1.40359187E-027  2.12415011E-027
  6.142330E-01  7.14225081E-027  3.51899187E-027  1.45901523E-027  2.16424371E-027
  6.225390E-01  6.88801580E-027  3.16763846E-027  1.51585430E-027  2.20452304E-027
  6.309570E-01  6.65211638E-027  2.83305052E-027  1.57408991E-027  2.24497595E-027
  6.394890E-01  6.44520323E-027  2.52589184E-027  1.63371610E-027  2.28559529E-027
  6.481370E-01  6.26861883E-027  2.24751911E-027  1.69472396E-027  2.32637577E-027
  6.569010E-01  6.11557334E-027  1.99109070E-027  1.75719916E-027  2.36728347E-027
  6.657840E-01  5.98438539E-027  1.75301105E-027  1.82298563E-027  2.40838870E-027
  6.747870E-01  5.87622076E-027  1.53630958E-027  1.89030680E-027  2.44960437E-027
  6.839120E-01  5.79327004E-027  1.34319094E-027  1.95915690E-027  2.49092220E-027
  6.931600E-01  5.73324534E-027  1.17140382E-027  2.02951481E-027  2.53232671E-027
  7.025330E-01  5.69362491E-027  1.01826766E-027  2.10153348E-027  2.57382377E-027
  7.120330E-01  5.67435038E-027  8.83326125E-028  2.17559056E-027  2.61543370E-027
  7.216610E-01  5.67448828E-027  7.66212619E-028  2.25119067E-027  2.65708500E-027
  7.314200E-01  5.69230255E-027  6.65196157E-028  2.32832627E-027  2.69878012E-027
  7.413100E-01  5.72587923E-027  5.78430787E-028  2.40696358E-027  2.74048487E-027
  7.513350E-01  5.77380250E-027  5.04517500E-028  2.48708786E-027  2.78219715E-027
  7.614940E-01  5.83452615E-027  4.41995484E-028  2.56864105E-027  2.82388961E-027
  7.717920E-01  5.90630269E-027  3.89103475E-028  2.65163065E-027  2.86556857E-027
  7.822280E-01  5.98733542E-027  3.44172318E-028  2.73597330E-027  2.90718980E-027
  7.928060E-01  6.07616829E-027  3.05747575E-028  2.82166215E-027  2.94875856E-027
  8.035260E-01  6.17179448E-027  2.72650150E-028  2.90912435E-027  2.99001998E-027
  8.143920E-01  6.27362130E-027  2.43927367E-028  2.99894175E-027  3.03075218E-027
  8.254040E-01  6.38029928E-027  2.18836671E-028  3.09012567E-027  3.07133695E-027
  8.365660E-01  6.49122943E-027  1.96783771E-028  3.18266659E-027  3.11177907E-027
  8.478780E-01  6.60582825E-027  1.77303168E-028  3.27648592E-027  3.15203916E-027
  8.593430E-01  6.72369382E-027  1.60018356E-028  3.37155734E-027  3.19211813E-027
  8.709640E-01  6.84445931E-027  1.44626724E-028  3.46783472E-027  3.23199787E-027
  8.827410E-01  6.96776707E-027  1.30885345E-028  3.56524171E-027  3.27164001E-027
  8.946780E-01  7.09339205E-027  1.18590751E-028  3.66374337E-027  3.31105793E-027
  9.067760E-01  7.22191003E-027  1.07575814E-028  3.76439368E-027  3.34994054E-027
  9.190380E-01  7.35303296E-027  9.76985672E-029  3.86699512E-027  3.38833928E-027
  9.314650E-01  7.48595627E-027  8.88392169E-029  3.97070802E-027  3.42640903E-027
  9.440610E-01  7.62056176E-027  8.08940769E-029  4.07549392E-027  3.46417377E-027
  9.568270E-01  7.75665223E-027  7.37750571E-029  4.18129996E-027  3.50157721E-027
  9.697650E-01  7.89404476E-027  6.74054568E-029  4.28802257E-027  3.53861674E-027
  9.828790E-01  8.03265946E-027  6.17169461E-029  4.39566872E-027  3.57527379E-027
  9.961700E-01  8.17229786E-027  5.66514828E-029  4.50410709E-027  3.61153929E-027
  1.009640E+00  8.31587534E-027  5.21567730E-029  4.61610284E-027  3.64761572E-027
  1.023290E+00  8.46159472E-027  4.81870881E-029  4.73006748E-027  3.68334015E-027
  1.037130E+00  8.60839131E-027  4.46992704E-029  4.84502671E-027  3.71866532E-027
  1.051150E+00  8.75588264E-027  4.16597080E-029  4.96075154E-027  3.75347139E-027
  1.065370E+00  8.90431359E-027  3.90319264E-029  5.07742005E-027  3.78786162E-027
  1.079780E+00  9.05330953E-027  3.67892719E-029  5.19477624E-027  3.82174401E-027
  1.094380E+00  9.20268865E-027  3.49054901E-029  5.31271255E-027  3.85507061E-027
  1.109170E+00  9.35233330E-027  3.33568294E-029  5.43114811E-027  3.88782836E-027
  1.124170E+00  9.50245784E-027  3.21203863E-029  5.55025302E-027  3.92008443E-027
  1.139380E+00  9.66022067E-027  3.11780592E-029  5.67747432E-027  3.95156828E-027
  1.154780E+00  9.82000676E-027  3.05140317E-029  5.80717605E-027  3.98231668E-027
  1.170400E+00  9.98053938E-027  3.01119732E-029  5.93791863E-027  4.01250878E-027
  1.186220E+00  1.01412855E-026  2.99591515E-029  6.06930172E-027  4.04202461E-027
  1.202260E+00  1.03024920E-026  3.00435467E-029  6.20152492E-027  4.07092357E-027
  1.218520E+00  1.04640194E-026  3.03550230E-029  6.33448656E-027  4.09917781E-027
  1.235000E+00  1.06256937E-026  3.08847780E-029  6.46805857E-027  4.12675031E-027
  1.251700E+00  1.07903312E-026  3.16250140E-029  6.60244274E-027  4.15626347E-027
  1.268630E+00  1.09582199E-026  3.25697340E-029  6.74012703E-027  4.18552316E-027
  1.285780E+00  1.11260431E-026  3.37128509E-029  6.87823820E-027  4.21409206E-027
  1.303170E+00  1.12940820E-026  3.50514019E-029  7.01698853E-027  4.24204206E-027
  1.320790E+00  1.14641741E-026  3.65813297E-029  7.15790076E-027  4.26969201E-027
  1.338650E+00  1.16345721E-026  3.83010794E-029  7.29955032E-027  4.29672072E-027
  1.356750E+00  1.18048731E-026  4.02091641E-029  7.44162208E-027  4.32304182E-027
  1.375100E+00  1.19751390E-026  4.23061508E-029  7.58415336E-027  4.34867945E-027
  1.393690E+00  1.21478922E-026  4.45910655E-029  7.72990527E-027  4.37339589E-027
  1.412540E+00  1.23211769E-026  4.70674026E-029  7.87670037E-027  4.39740913E-027
  1.431640E+00  1.24941616E-026  4.97358472E-029  8.02377596E-027  4.42064978E-027
  1.451000E+00  1.26669117E-026  5.26003099E-029  8.17118645E-027  4.44312492E-027
  1.470620E+00  1.28441939E-026  5.56641432E-029  8.32375807E-027  4.46477172E-027
  1.490500E+00  1.30244100E-026  5.89313944E-029  8.47989019E-027  4.48558843E-027
  1.510660E+00  1.32047573E-026  6.24103086E-029  8.63670288E-027  4.50564415E-027
  1.531090E+00  1.33848560E-026  6.61048181E-029  8.79387849E-027  4.52487270E-027
  1.551790E+00  1.35650744E-026  7.00212091E-029  8.95186179E-027  4.54319141E-027
  1.572780E+00  1.37498110E-026  7.41703231E-029  9.11561755E-027  4.56002317E-027
  1.594040E+00  1.39341117E-026  7.85560779E-029  9.27959618E-027  4.57595947E-027
  1.615600E+00  1.41184481E-026  8.31932888E-029  9.44416670E-027  4.59108813E-027
  1.637440E+00  1.43022714E-026  8.80872555E-029  9.60886741E-027  4.60531671E-027
  1.659590E+00  1.44862522E-026  9.32550184E-029  9.77402710E-027  4.61897005E-027
  1.682030E+00  1.46699229E-026  9.87034435E-029  9.93917879E-027  4.63204065E-027
  1.704770E+00  1.48531070E-026  1.04447045E-028  1.01044233E-026  4.64423666E-027
  1.727830E+00  1.50360641E-026  1.10504392E-028  1.02699638E-026  4.65559584E-027
  1.751190E+00  1.52182322E-026  1.16884912E-028  1.04353088E-026  4.66603845E-027
  1.774870E+00  1.54011902E-026  1.23609756E-028  1.06015209E-026  4.67605957E-027
  1.798870E+00  1.55907593E-026  1.30696510E-028  1.07724590E-026  4.68760382E-027
  1.823200E+00  1.57800381E-026  1.38166828E-028  1.09435547E-026  4.69831665E-027
  1.847850E+00  1.59686647E-026  1.46038470E-028  1.11144645E-026  4.70816170E-027
  1.872840E+00  1.61568939E-026  1.54340327E-028  1.12853955E-026  4.71715804E-027
  1.898160E+00  1.63444428E-026  1.63094103E-028  1.14560498E-026  4.72529893E-027
  1.923830E+00  1.65372355E-026  1.72334018E-028  1.16320084E-026  4.73289313E-027
  1.949840E+00  1.67327913E-026  1.82086913E-028  1.18109125E-026  4.73979188E-027
  1.976210E+00  1.69281222E-026  1.92394005E-028  1.19898720E-026  4.74585612E-027
  2.002930E+00  1.71229648E-026  2.03289227E-028  1.21686133E-026  4.75106222E-027
  2.030020E+00  1.73175112E-026  2.14822593E-028  1.23472507E-026  4.75543785E-027
  2.057470E+00  1.75114770E-026  2.27037558E-028  1.25254834E-026  4.75895608E-027
  2.085290E+00  1.77075907E-026  2.39990926E-028  1.27060904E-026  4.76150930E-027
  2.113490E+00  1.79046089E-026  2.53749216E-028  1.28876801E-026  4.76317953E-027
  2.142070E+00  1.81020115E-026  2.68380278E-028  1.30685204E-026  4.76511077E-027
  2.171030E+00  1.82993094E-026  2.83963963E-028  1.32486615E-026  4.76668395E-027
  2.200390E+00  1.84964170E-026  3.00602654E-028  1.34283734E-026  4.76744095E-027
  2.230150E+00  1.86952629E-026  3.18401703E-028  1.36101733E-026  4.76668780E-027
  2.260300E+00  1.88951106E-026  3.37480316E-028  1.37924821E-026  4.76514822E-027
  2.290870E+00  1.91009817E-026  3.58000571E-028  1.39799713E-026  4.76300974E-027
  2.321850E+00  1.93069755E-026  3.80129971E-028  1.41667706E-026  4.76007485E-027
  2.353240E+00  1.95131982E-026  4.04071881E-028  1.43527765E-026  4.75634984E-027
  2.385060E+00  1.97200858E-026  4.30090126E-028  1.45381403E-026  4.75185543E-027
  2.417320E+00  1.99278125E-026  4.58490982E-028  1.47227077E-026  4.74661378E-027
  2.450000E+00  2.01458738E-026  4.89624094E-028  1.49153215E-026  4.74092818E-027
  2.483130E+00  2.03678855E-026  5.23968352E-028  1.51092190E-026  4.73469814E-027
  2.516710E+00  2.05893035E-026  5.62089283E-028  1.52986255E-026  4.72858874E-027
  2.550740E+00  2.08132721E-026  6.04700824E-028  1.54868170E-026  4.72175429E-027
  2.585230E+00  2.10407829E-026  6.52724442E-028  1.56738371E-026  4.71422137E-027
  2.620190E+00  2.12730144E-026  7.07359016E-028  1.58596566E-026  4.70599872E-027
  2.655620E+00  2.15111547E-026  7.70158348E-028  1.60439055E-026  4.69709081E-027
  2.691530E+00  2.17574282E-026  8.43221162E-028  1.62266919E-026  4.68751512E-027
  2.727930E+00  2.20146263E-026  9.29409459E-028  1.64079299E-026  4.67728687E-027
  2.764820E+00  2.22884605E-026  1.03267556E-027  1.65890798E-026  4.66670515E-027
  2.802210E+00  2.25888402E-026  1.15868870E-027  1.67738329E-026  4.65631851E-027
  2.840100E+00  2.29178483E-026  1.31570925E-027  1.69568154E-026  4.64532365E-027
  2.878500E+00  2.32880328E-026  1.51628811E-027  1.71380139E-026  4.63373082E-027
  2.917430E+00  2.37190281E-026  1.78023851E-027  1.73172270E-026  4.62156249E-027
  2.956880E+00  2.42430812E-026  2.13992652E-027  1.74943245E-026  4.60883015E-027
  2.996860E+00  2.49165982E-026  2.65184224E-027  1.76692131E-026  4.59554291E-027
  3.037390E+00  2.58450981E-026  3.42168724E-027  1.78416849E-026  4.58172588E-027
  3.078460E+00  2.72436897E-026  4.66474655E-027  1.80115579E-026  4.56738520E-027
  3.120090E+00  2.96203155E-026  6.87963200E-027  1.81854924E-026  4.55519106E-027
  3.162280E+00  3.43467694E-026  1.14378090E-026  1.83637157E-026  4.54524475E-027
  3.205040E+00  4.63779701E-026  2.33040679E-026  1.85390880E-026  4.53481415E-027
  3.248380E+00  9.50098347E-026  7.17740471E-026  1.87118663E-026  4.52392133E-027
  3.292300E+00  5.15081274E-025  4.91690057E-025  1.88815892E-026  4.50962806E-027
  3.336820E+00  1.53127733E-025  1.29586159E-025  1.90480926E-026  4.49348167E-027
  3.381950E+00  5.68814840E-026  3.31930219E-026  1.92115238E-026  4.47693827E-027
  3.427680E+00  3.87762138E-026  1.49424758E-026  1.93758435E-026  4.45789449E-027
  3.474030E+00  3.27068415E-026  8.73052013E-027  1.95394028E-026  4.43691860E-027
  3.521010E+00  3.00433970E-026  5.92825076E-027  1.96995310E-026  4.41561527E-027
  3.568620E+00  2.86953590E-026  4.44509649E-027  1.98562561E-026  4.39400641E-027
  3.616870E+00  2.79588364E-026  3.57745543E-027  2.00092723E-026  4.37210865E-027
  3.665780E+00  2.75484465E-026  3.03569764E-027  2.01631937E-026  4.34955510E-027
  3.715350E+00  2.73305469E-026  2.68331906E-027  2.03210884E-026  4.32613948E-027
  3.765590E+00  2.72272835E-026  2.44902975E-027  2.04757452E-026  4.30250850E-027
  3.816510E+00  2.71971655E-026  2.29277911E-027  2.06257044E-026  4.27868197E-027
  3.868120E+00  2.72168232E-026  2.19071702E-027  2.07714273E-026  4.25467889E-027
  3.920430E+00  2.72798222E-026  2.12799265E-027  2.09213037E-026  4.23052586E-027
  3.973440E+00  2.73690537E-026  2.09503288E-027  2.10677790E-026  4.20624179E-027
  4.027170E+00  2.74766389E-026  2.08550542E-027  2.12092852E-026  4.18184828E-027
  4.081630E+00  2.75989019E-026  2.09518012E-027  2.13463548E-026  4.15736690E-027
  4.136820E+00  2.77325288E-026  2.12122969E-027  2.14788032E-026  4.13249590E-027
  4.192760E+00  2.78731817E-026  2.16182031E-027  2.16078080E-026  4.10355337E-027
  4.249460E+00  2.80221528E-026  2.21585336E-027  2.17316814E-026  4.07461802E-027
  4.306920E+00  2.81796383E-026  2.28279873E-027  2.18511320E-026  4.04570759E-027
  4.365160E+00  2.83437377E-026  2.36265578E-027  2.19642418E-026  4.01684010E-027
  4.424190E+00  2.85157686E-026  2.45590404E-027  2.20718228E-026  3.98804170E-027
  4.484010E+00  2.87104240E-026  2.56352229E-027  2.21837824E-026  3.96311929E-027
  4.544650E+00  2.89167674E-026  2.68717760E-027  2.22910456E-026  3.93854422E-027
  4.606100E+00  2.91352350E-026  2.82931219E-027  2.23918527E-026  3.91407013E-027
  4.668390E+00  2.93701024E-026  2.99367935E-027  2.24867032E-026  3.88971992E-027
  4.731510E+00  2.96278937E-026  3.18589470E-027  2.25764905E-026  3.86550851E-027
  4.795490E+00  2.99261026E-026  3.41502241E-027  2.26669898E-026  3.84409040E-027
  4.860340E+00  3.02853065E-026  3.69637030E-027  2.27624491E-026  3.82648712E-027
  4.926060E+00  3.07190182E-026  4.05811363E-027  2.28518567E-026  3.80904786E-027
  4.992680E+00  3.12855802E-026  4.55859725E-027  2.29351904E-026  3.79179264E-027
  5.060190E+00  3.21152078E-026  5.33527070E-027  2.30009826E-026  3.77895447E-027
  5.128610E+00  3.35900090E-026  6.76457631E-027  2.30586559E-026  3.76677676E-027
  5.197970E+00  3.67135203E-026  9.84357729E-027  2.31106660E-026  3.75927697E-027
  5.268250E+00  4.05783427E-026  1.36671007E-026  2.31540073E-026  3.75723472E-027
  5.339490E+00  3.83153853E-026  1.13695932E-026  2.31903848E-026  3.75540731E-027
  5.411700E+00  3.66046485E-026  9.62999067E-027  2.32208359E-026  3.75382192E-027
  5.484870E+00  3.71204491E-026  1.01247714E-026  2.32431814E-026  3.75249623E-027
  5.559040E+00  3.96977827E-026  1.26763643E-026  2.32641956E-026  3.75722269E-027
  5.634210E+00  4.58093536E-026  1.87628725E-026  2.32811946E-026  3.76528656E-027
  5.710400E+00  5.14851928E-026  2.44070783E-026  2.32965499E-026  3.78156459E-027
  5.787620E+00  4.75320778E-026  2.04305311E-026  2.33032179E-026  3.79832872E-027
  5.865880E+00  4.65747874E-026  1.94567291E-026  2.33026079E-026  3.81545028E-027
  5.945200E+00  5.07692089E-026  2.36277070E-026  2.33049362E-026  3.83656563E-027
  6.025600E+00  6.25229345E-026  3.53541725E-026  2.33072861E-026  3.86147592E-027
  6.107080E+00  9.41577068E-026  6.69690148E-026  2.33018366E-026  3.88685548E-027
  6.189660E+00  1.67024688E-025  1.39822807E-025  2.32891438E-026  3.91273780E-027
  6.273360E+00  1.48511749E-025  1.21344778E-025  2.32349415E-026  3.93202976E-027
  6.358190E+00  8.88645039E-026  6.17451665E-026  2.31683099E-026  3.95102757E-027
  6.444170E+00  6.88451155E-026  4.17237027E-026  2.31596855E-026  3.96172736E-027
  6.531310E+00  6.45524148E-026  3.74359534E-026  2.31437247E-026  3.97273664E-027
  6.619620E+00  6.60450014E-026  3.89608151E-026  2.31053760E-026  3.97881028E-027
  6.709140E+00  6.74585992E-026  4.04136006E-026  2.30596223E-026  3.98537623E-027
  6.799860E+00  6.62877164E-026  3.92922615E-026  2.30059243E-026  3.98953059E-027
  6.891810E+00  6.53552926E-026  3.84155403E-026  2.29452792E-026  3.99447311E-027
  6.985000E+00  6.70182063E-026  4.01114351E-026  2.28869039E-026  4.01986732E-027
  7.079460E+00  7.17497682E-026  4.48748247E-026  2.28235350E-026  4.05140846E-027
  7.175190E+00  7.98012444E-026  5.28711079E-026  2.27563962E-026  4.17374035E-027
  7.272210E+00  9.17113063E-026  6.47254578E-026  2.26818210E-026  4.30402759E-027
  7.370550E+00  1.10005932E-025  8.27341932E-026  2.26086515E-026  4.66308743E-027
  7.470220E+00  1.40494616E-025  1.12869139E-025  2.25319150E-026  5.09356126E-027
  7.571230E+00  1.79775747E-025  1.51401945E-025  2.24558817E-026  5.91791967E-027
  7.673620E+00  1.86215499E-025  1.56768964E-025  2.23780966E-026  7.06843791E-027
  7.777380E+00  1.82309823E-025  1.51503721E-025  2.22937577E-026  8.51234445E-027
  7.882550E+00  1.72801319E-025  1.39891274E-025  2.22052462E-026  1.07047988E-026
  7.989140E+00  1.40433824E-025  1.05358987E-025  2.21095029E-026  1.29653340E-026
  8.097170E+00  1.15325747E-025  7.71056607E-026  2.20002581E-026  1.62198287E-026
  8.206660E+00  1.04917481E-025  6.33824141E-026  2.18859958E-026  1.96490707E-026
  8.317640E+00  1.04289072E-025  5.94798459E-026  2.17665405E-026  2.30426856E-026
  8.430110E+00  1.09873183E-025  6.20892410E-026  2.16453413E-026  2.61386006E-026
  8.544110E+00  1.25705425E-025  7.51875567E-026  2.15203340E-026  2.89975345E-026
  8.659640E+00  1.27144469E-025  7.37027216E-026  2.13934374E-026  3.20483097E-026
  8.776740E+00  1.07632461E-025  5.06775615E-026  2.12661789E-026  3.56887208E-026
  8.895420E+00  9.79037501E-026  3.67453948E-026  2.11361224E-026  4.00222329E-026
  9.015710E+00  9.58916859E-026  3.00759129E-026  2.10081354E-026  4.48076376E-026
  9.137630E+00  9.70581657E-026  2.66732664E-026  2.08791424E-026  4.95057568E-026
  9.261190E+00  9.89898271E-026  2.48607805E-026  2.07513170E-026  5.33777296E-026
  9.386420E+00  1.00309531E-025  2.39420458E-026  2.06287416E-026  5.57387439E-026
  9.513350E+00  1.00470238E-025  2.36013162E-026  2.05027537E-026  5.63661685E-026
  9.641990E+00  9.98253477E-026  2.36875764E-026  2.03789998E-026  5.57587716E-026
  9.772370E+00  9.88438699E-026  2.41333432E-026  2.02583280E-026  5.44521987E-026
  9.904520E+00  9.81526840E-026  2.49240048E-026  2.01418573E-026  5.30868219E-026
  1.003850E+01  9.79760783E-026  2.60911251E-026  2.00257997E-026  5.18591535E-026
  1.017420E+01  9.83838124E-026  2.77213109E-026  1.99142752E-026  5.07482263E-026
  1.031180E+01  9.92034416E-026  3.00000402E-026  1.98024635E-026  4.94009379E-026
  1.045120E+01  1.00247185E-025  3.33212206E-026  1.96921812E-026  4.72337832E-026
  1.059250E+01  1.02953639E-025  3.87457540E-026  1.95846791E-026  4.46232062E-026
  1.073580E+01  1.08432345E-025  4.69584141E-026  1.94812666E-026  4.19926645E-026
  1.088090E+01  1.20267260E-025  6.12227417E-026  1.93854098E-026  3.96591089E-026
  1.102810E+01  1.55342109E-025  9.83125162E-026  1.93010912E-026  3.77285018E-026
  1.117720E+01  3.11677196E-025  2.56607211E-025  1.92509970E-026  3.58189882E-026
  1.132840E+01  3.43277282E-025  2.89994918E-025  1.92647175E-026  3.40176465E-026
  1.148150E+01  2.29375809E-025  1.75682662E-025  2.13274017E-026  3.23657455E-026
  1.163680E+01  1.68883483E-025  1.19173662E-025  1.87995909E-026  3.09102302E-026
  1.179420E+01  1.65296012E-025  1.17210984E-025  1.87160117E-026  2.93690162E-026
  1.195360E+01  1.82575454E-025  1.36115041E-025  1.86639334E-026  2.77964795E-026
  1.211530E+01  1.75850755E-025  1.30983890E-025  1.86124351E-026  2.62544303E-026
  1.227910E+01  1.67724245E-025  1.24245481E-025  1.85709005E-026  2.49078629E-026
  1.244510E+01  1.92396302E-025  1.50179264E-025  1.85216974E-026  2.36953402E-026
  1.261340E+01  2.29966822E-025  1.89040627E-025  1.84601961E-026  2.24659988E-026
  1.278400E+01  1.93045384E-025  1.53355064E-025  1.84058477E-026  2.12844726E-026
  1.295690E+01  1.46407129E-025  1.07883209E-025  1.83575736E-026  2.01663465E-026
  1.313210E+01  1.28578991E-025  9.10250210E-026  1.83149209E-026  1.92390493E-026
  1.330970E+01  1.28998382E-025  9.23435504E-026  1.82842680E-026  1.83705635E-026
  1.348960E+01  1.33395178E-025  9.76066096E-026  1.82630421E-026  1.75255262E-026
  1.367200E+01  1.19719742E-025  8.45772600E-026  1.82529934E-026  1.68894886E-026
  1.385690E+01  1.08577488E-025  7.38769798E-026  1.82552321E-026  1.64452765E-026
  1.404430E+01  1.07823884E-025  7.32665976E-026  1.82725482E-026  1.62847381E-026
  1.423420E+01  1.10505312E-025  7.56517092E-026  1.83040623E-026  1.65495407E-026
  1.442670E+01  1.02262226E-025  6.69307630E-026  1.83428185E-026  1.69886441E-026
  1.462180E+01  1.00041151E-025  6.38160801E-026  1.84011972E-026  1.78238738E-026
  1.481950E+01  1.00327317E-025  6.31200795E-026  1.84722646E-026  1.87349724E-026
  1.501990E+01  1.01633405E-025  6.33134098E-026  1.85640433E-026  1.97559516E-026
  1.522300E+01  1.03567394E-025  6.40031686E-026  1.86812477E-026  2.08829774E-026
  1.542880E+01  1.06069318E-025  6.51449602E-026  1.88113534E-026  2.21130042E-026
  1.563750E+01  1.09421811E-025  6.70096242E-026  1.89656457E-026  2.34465412E-026
  1.584890E+01  1.14665854E-025  7.06666706E-026  1.91353206E-026  2.48638633E-026
  1.606320E+01  1.19966630E-025  7.42623027E-026  1.93316440E-026  2.63726828E-026
  1.628050E+01  1.34175390E-025  8.66775897E-026  1.95424669E-026  2.79553334E-026
  1.650060E+01  1.63057165E-025  1.13685755E-025  1.97850692E-026  2.95863412E-026
  1.672370E+01  1.48694686E-025  9.73862452E-026  2.00418140E-026  3.12666270E-026
  1.694990E+01  1.56369391E-025  1.03162948E-025  2.03348500E-026  3.28715935E-026
  1.717910E+01  1.58421213E-025  1.03285064E-025  2.06446149E-026  3.44915339E-026
  1.741140E+01  1.58144542E-025  1.01115620E-025  2.10015651E-026  3.60273570E-026
  1.764680E+01  1.42985757E-025  8.40644143E-026  2.13777852E-026  3.75435576E-026
  1.788550E+01  1.41006156E-025  8.03828290E-026  2.18082452E-026  3.88150816E-026
  1.812730E+01  1.34071436E-025  7.18239171E-026  2.22698229E-026  3.99776964E-026
  1.837240E+01  1.31726642E-025  6.80291032E-026  2.27705731E-026  4.09269652E-026
  1.862090E+01  1.30749080E-025  6.57489550E-026  2.33066054E-026  4.16935195E-026
  1.887270E+01  1.30139152E-025  6.39946624E-026  2.38820397E-026  4.22624495E-026
  1.912790E+01  1.29398276E-025  6.23790509E-026  2.45177898E-026  4.25014352E-026
  1.938650E+01  1.28668654E-025  6.08013396E-026  2.51739854E-026  4.26933286E-026
  1.964870E+01  1.27699053E-025  5.93011135E-026  2.59095552E-026  4.24883839E-026
  1.991440E+01  1.26851068E-025  5.79090363E-026  2.66681660E-026  4.22738654E-026
  2.018370E+01  1.26035318E-025  5.66216466E-026  2.74905282E-026  4.19231427E-026
  2.045660E+01  1.25440957E-025  5.54171053E-026  2.83823228E-026  4.16415291E-026
  2.073320E+01  1.25115144E-025  5.42766298E-026  2.93454604E-026  4.14930533E-026
  2.101360E+01  1.24881663E-025  5.31811241E-026  3.03748604E-026  4.13256783E-026
  2.129770E+01  1.24745765E-025  5.21221495E-026  3.14986707E-026  4.11249452E-026
  2.158570E+01  1.24816604E-025  5.10930772E-026  3.27061377E-026  4.10173893E-026
  2.187760E+01  1.25028056E-025  5.00858200E-026  3.39977928E-026  4.09444428E-026
  2.217350E+01  1.25328282E-025  4.90999094E-026  3.53783281E-026  4.08500450E-026
  2.247330E+01  1.25601043E-025  4.81335487E-026  3.68704493E-026  4.05970447E-026
  2.277720E+01  1.26092620E-025  4.71843217E-026  3.84659845E-026  4.04423143E-026
  2.308520E+01  1.26791447E-025  4.62508726E-026  4.01618815E-026  4.03786931E-026
  2.339740E+01  1.27703661E-025  4.53342444E-026  4.19661684E-026  4.04032481E-026
  2.371370E+01  1.28686435E-025  4.44352017E-026  4.39083870E-026  4.03428467E-026
  2.403440E+01  1.29836334E-025  4.35493756E-026  4.59583103E-026  4.03286486E-026
  2.435940E+01  1.31154502E-025  4.26788565E-026  4.81241169E-026  4.03515282E-026
  2.468880E+01  1.32653335E-025  4.18257444E-026  5.04251954E-026  4.04023953E-026
  2.502270E+01  1.34190392E-025  4.09865034E-026  5.28172163E-026  4.03866727E-026
  2.536100E+01  1.35989216E-025  4.01616384E-026  5.54148663E-026  4.04127116E-026
  2.570400E+01  1.37885864E-025  3.93520370E-026  5.80923313E-026  4.04414956E-026
  2.605150E+01  1.39878530E-025  3.85585696E-026  6.08488874E-026  4.04710735E-026
  2.640380E+01  1.41974684E-025  3.77770836E-026  6.36940791E-026  4.05035217E-026
  2.676090E+01  1.44182878E-025  3.70097823E-026  6.66356315E-026  4.05374639E-026
  2.712270E+01  1.46500648E-025  3.62588639E-026  6.96685899E-026  4.05731943E-026
  2.748950E+01  1.48936323E-025  3.55199399E-026  7.28061657E-026  4.06102172E-026
  2.786120E+01  1.51312018E-025  3.47935530E-026  7.58075786E-026  4.07108869E-026
  2.823800E+01  1.53710613E-025  3.40813879E-026  7.88022739E-026  4.08269513E-026
  2.861980E+01  1.56142048E-025  3.33834260E-026  8.18140751E-026  4.09445468E-026
  2.900680E+01  1.58589989E-025  3.26953286E-026  8.48306945E-026  4.10639655E-026
  2.939910E+01  1.61047494E-025  3.20194768E-026  8.78418174E-026  4.11861999E-026
  2.979660E+01  1.63507562E-025  3.13584232E-026  9.08379224E-026  4.13112161E-026
  3.019950E+01  1.65537148E-025  3.07076899E-026  9.33593266E-026  4.14701313E-026
  3.060790E+01  1.67052916E-025  3.00667900E-026  9.53207769E-026  4.16653491E-026
  3.102180E+01  1.68426747E-025  2.94386473E-026  9.71251146E-026  4.18629848E-026
  3.144130E+01  1.69642189E-025  2.88223601E-026  9.87559729E-026  4.20638559E-026
  3.186640E+01  1.70670251E-025  2.82145812E-026  1.00189816E-025  4.22658535E-026
  3.229730E+01  1.71498897E-025  2.76166531E-026  1.01411317E-025  4.24709268E-026
  3.273410E+01  1.72113130E-025  2.70312511E-026  1.02402414E-025  4.26794650E-026
  3.317670E+01  1.72504685E-025  2.64551197E-026  1.03159072E-025  4.28904930E-026
  3.362530E+01  1.72489781E-025  2.58873188E-026  1.03460673E-025  4.31417893E-026
  3.408000E+01  1.71811908E-025  2.53297931E-026  1.02973445E-025  4.35086693E-026
  3.454090E+01  1.70977716E-025  2.47831463E-026  1.02311430E-025  4.38831395E-026
  3.500800E+01  1.70016167E-025  2.42424792E-026  1.01509313E-025  4.42643753E-026
  3.548130E+01  1.68930096E-025  2.37126320E-026  1.00564443E-025  4.46530205E-026
  3.596110E+01  1.67742509E-025  2.31894359E-026  9.95030741E-026  4.50499992E-026
  3.644740E+01  1.66481620E-025  2.26777181E-026  9.83467884E-026  4.54571135E-026
  3.694030E+01  1.65163186E-025  2.21716419E-026  9.71193724E-026  4.58721714E-026
  3.743980E+01  1.63802664E-025  2.16754655E-026  9.58298033E-026  4.62973948E-026
  3.794610E+01  1.62355552E-025  2.11875131E-026  9.44310213E-026  4.67370176E-026
  3.845920E+01  1.60944357E-025  2.07062140E-026  9.30483317E-026  4.71898109E-026
  3.897920E+01  1.59633984E-025  2.02335598E-026  9.17462178E-026  4.76542061E-026
  3.950630E+01  1.58420182E-025  1.97674509E-026  9.05212610E-026  4.81314702E-026
  4.004050E+01  1.57324502E-025  1.93113390E-026  8.93894612E-026  4.86237013E-026
  4.058200E+01  1.56355582E-025  1.88597232E-026  8.83646770E-026  4.91311814E-026
  4.113080E+01  1.55533157E-025  1.84169773E-026  8.74626303E-026  4.96535496E-026
  4.168690E+01  1.54950479E-025  1.79826704E-026  8.67505946E-026  5.02172143E-026
  4.225060E+01  1.54598622E-025  1.75536606E-026  8.62311449E-026  5.08138163E-026
  4.282200E+01  1.54416458E-025  1.71322330E-026  8.58544101E-026  5.14298150E-026
  4.340100E+01  1.54416643E-025  1.67168279E-026  8.56350001E-026  5.20648148E-026
  4.398790E+01  1.54604394E-025  1.63100412E-026  8.55732716E-026  5.27210808E-026
  4.458270E+01  1.54975873E-025  1.59109287E-026  8.56646771E-026  5.34002673E-026
  4.518560E+01  1.55584469E-025  1.55158967E-026  8.59529708E-026  5.41156011E-026
  4.579660E+01  1.56613414E-025  1.51300864E-026  8.65620923E-026  5.49212352E-026
  4.641590E+01  1.57841794E-025  1.47490869E-026  8.73372331E-026  5.57554739E-026
  4.704350E+01  1.59267250E-025  1.43760415E-026  8.82719997E-026  5.66192086E-026
  4.767970E+01  1.60891791E-025  1.40088066E-026  8.93696789E-026  5.75133054E-026
  4.832440E+01  1.62701896E-025  1.36482316E-026  9.06158880E-026  5.84377767E-026
  4.897790E+01  1.64718889E-025  1.32945591E-026  9.20297635E-026  5.93945667E-026
  4.964020E+01  1.66902672E-025  1.29463857E-026  9.35714789E-026  6.03848078E-026
  5.031140E+01  1.69385584E-025  1.26059069E-026  9.53348470E-026  6.14448297E-026
  5.099180E+01  1.72188518E-025  1.22698203E-026  9.73336014E-026  6.25850961E-026
  5.168130E+01  1.75183789E-025  1.19415644E-026  9.94785103E-026  6.37637138E-026
  5.238010E+01  1.78493307E-025  1.16197415E-026  1.01845066E-025  6.50284990E-026
  5.308840E+01  1.81967757E-025  1.13030140E-026  1.04330955E-025  6.63337881E-026
  5.380630E+01  1.85606912E-025  1.09938311E-026  1.06933245E-025  6.76798359E-026
  5.453390E+01  1.89546314E-025  1.06881850E-026  1.09749524E-025  6.91086052E-026
  5.527130E+01  1.93662567E-025  1.03908045E-026  1.12684241E-025  7.05875219E-026
  5.601870E+01  1.97915533E-025  1.00993423E-026  1.15708662E-025  7.21075279E-026
  5.677620E+01  2.02421475E-025  9.81307248E-027  1.18897908E-025  7.37104953E-026
  5.754400E+01  2.07157471E-025  9.53231390E-027  1.22233654E-025  7.53915022E-026
  5.832210E+01  2.11997375E-025  9.25851543E-027  1.25624490E-025  7.71143691E-026
  5.911080E+01  2.16958095E-025  8.98931835E-027  1.29083230E-025  7.88855461E-026
  5.991010E+01  2.22242151E-025  8.72655102E-027  1.32728856E-025  8.07867439E-026
  6.072020E+01  2.27611613E-025  8.46879781E-027  1.36414085E-025  8.27287306E-026
  6.154130E+01  2.33050477E-025  8.21801330E-027  1.40124784E-025  8.47076795E-026
  6.237350E+01  2.38610705E-025  7.97206297E-027  1.43889343E-025  8.67492990E-026
  6.321690E+01  2.44314652E-025  7.73086407E-027  1.47724788E-025  8.88590001E-026
  6.407180E+01  2.50143303E-025  7.49521786E-027  1.51601484E-025  9.10466019E-026
  6.493820E+01  2.56055714E-025  7.26693006E-027  1.55490083E-025  9.32987010E-026
  6.581630E+01  2.62052959E-025  7.04190421E-027  1.59402869E-025  9.56081864E-026
  6.670630E+01  2.68089155E-025  6.82407702E-027  1.63306674E-025  9.79584036E-026
  6.760830E+01  2.74177101E-025  6.60964799E-027  1.67205107E-025  1.00362346E-025
  6.852250E+01  2.80265249E-025  6.40215219E-027  1.71063990E-025  1.02799107E-025
  6.944910E+01  2.86401782E-025  6.19870393E-027  1.74887893E-025  1.05315185E-025
  7.038820E+01  2.92524042E-025  5.99861358E-027  1.78664693E-025  1.07860735E-025
  7.134000E+01  2.98655101E-025  5.80529585E-027  1.82405104E-025  1.10444702E-025
  7.230470E+01  3.04762428E-025  5.61632242E-027  1.86056428E-025  1.13089678E-025
  7.328250E+01  3.10789857E-025  5.43268197E-027  1.89608679E-025  1.15748496E-025
  7.427340E+01  3.16785873E-025  5.25478213E-027  1.93092449E-025  1.18438642E-025
  7.527780E+01  3.22613675E-025  5.07951671E-027  1.96421679E-025  1.21112479E-025
  7.629570E+01  3.28429689E-025  4.90895461E-027  1.99693057E-025  1.23827677E-025
  7.732740E+01  3.34022886E-025  4.74412314E-027  2.02779434E-025  1.26499329E-025
  7.837300E+01  3.39612684E-025  4.58277183E-027  2.05789660E-025  1.29240252E-025
  7.943280E+01  3.44987423E-025  4.42799938E-027  2.08611710E-025  1.31947714E-025
  8.050690E+01  3.50214391E-025  4.27539408E-027  2.11295968E-025  1.34643029E-025
  8.159560E+01  3.55291139E-025  4.12693049E-027  2.13838594E-025  1.37325615E-025
  8.269900E+01  3.60075790E-025  3.98333781E-027  2.16162368E-025  1.39930085E-025
  8.381720E+01  3.64839694E-025  3.84333899E-027  2.18403977E-025  1.42592378E-025
  8.495060E+01  3.69285456E-025  3.70799100E-027  2.20419484E-025  1.45157981E-025
  8.609940E+01  3.73548870E-025  3.57505544E-027  2.22285572E-025  1.47688242E-025
  8.726360E+01  3.77612362E-025  3.44737747E-027  2.23991031E-025  1.50173954E-025
  8.844370E+01  3.81314020E-025  3.32407880E-027  2.25452827E-025  1.52537114E-025
  8.963960E+01  3.84952881E-025  3.20309569E-027  2.26806559E-025  1.54943226E-025
  9.085180E+01  3.88253269E-025  3.08807627E-027  2.27932232E-025  1.57232960E-025
  9.208030E+01  3.91210038E-025  2.97429945E-027  2.28830744E-025  1.59404994E-025
  9.332540E+01  3.94022949E-025  2.86492468E-027  2.29607554E-025  1.61550470E-025
  9.458740E+01  3.96426441E-025  2.75836252E-027  2.30131964E-025  1.63536115E-025
  9.586650E+01  3.98564171E-025  2.65427527E-027  2.30470832E-025  1.65439063E-025
  9.716280E+01  4.00536654E-025  2.55596285E-027  2.30668600E-025  1.67312092E-025
  9.847670E+01  4.02082157E-025  2.45977759E-027  2.30615841E-025  1.69006538E-025
  9.980830E+01  4.03198974E-025  2.36542134E-027  2.30320957E-025  1.70512596E-025
  1.011580E+02  4.04285769E-025  2.27692855E-027  2.29990155E-025  1.72018685E-025
  1.025260E+02  4.04991106E-025  2.18948402E-027  2.29440939E-025  1.73360684E-025
  1.039120E+02  4.05570930E-025  2.10638376E-027  2.28832769E-025  1.74631777E-025
  1.053170E+02  4.06160909E-025  2.02453720E-027  2.28250425E-025  1.75885947E-025
  1.067420E+02  4.06359517E-025  1.94442348E-027  2.27472022E-025  1.76943072E-025
  1.081850E+02  4.06159605E-025  1.86805713E-027  2.26503439E-025  1.77788109E-025
  1.096480E+02  4.05580060E-025  1.79527688E-027  2.25364768E-025  1.78420015E-025
  1.111310E+02  4.04609807E-025  1.72296655E-027  2.24052254E-025  1.78834586E-025
  1.126330E+02  4.03253524E-025  1.65416796E-027  2.22578916E-025  1.79020440E-025
  1.141560E+02  4.02341931E-025  1.58718539E-027  2.21443893E-025  1.79310853E-025
  1.157000E+02  4.01153848E-025  1.52294866E-027  2.20225657E-025  1.79405242E-025
  1.172650E+02  3.99653003E-025  1.46023333E-027  2.18913779E-025  1.79278990E-025
  1.188500E+02  3.98131115E-025  1.40316469E-027  2.17662962E-025  1.79064988E-025
  1.204570E+02  3.96638699E-025  1.34523437E-027  2.16510605E-025  1.78782860E-025
  1.220860E+02  3.94873037E-025  1.29425491E-027  2.15292081E-025  1.78286701E-025
  1.237370E+02  3.92843426E-025  1.23990068E-027  2.14027648E-025  1.77575878E-025
  1.254100E+02  3.91018699E-025  1.18776452E-027  2.12894351E-025  1.76936584E-025
  1.271060E+02  3.88967991E-025  1.13866816E-027  2.11684771E-025  1.76144552E-025
  1.288250E+02  3.86591352E-025  1.09105239E-027  2.10350749E-025  1.75149551E-025
  1.305670E+02  3.83875814E-025  1.04430487E-027  2.08876260E-025  1.73955249E-025
  1.323330E+02  3.80804104E-025  9.99315183E-028  2.07244231E-025  1.72560557E-025
  1.341220E+02  3.77355845E-025  9.56631118E-028  2.05430876E-025  1.70968338E-025
  1.359360E+02  3.73349543E-025  9.17884096E-028  2.02992456E-025  1.69439203E-025
  1.377740E+02  3.68654572E-025  8.77809338E-028  1.99808615E-025  1.67968147E-025
  1.396370E+02  3.63438392E-025  8.42606329E-028  1.96273619E-025  1.66322167E-025
  1.415250E+02  3.57680275E-025  8.06312667E-028  1.92369194E-025  1.64504768E-025
  1.434390E+02  3.51422677E-025  7.70647391E-028  1.88129624E-025  1.62522405E-025
  1.453780E+02  3.44697212E-025  7.36397469E-028  1.83583011E-025  1.60377803E-025
  1.473440E+02  3.37559903E-025  7.04642056E-028  1.78775111E-025  1.58080150E-025
  1.493370E+02  3.30022234E-025  6.73410701E-028  1.73718145E-025  1.55630678E-025
  1.513560E+02  3.22417601E-025  6.43083358E-028  1.68349712E-025  1.53424806E-025
  1.534030E+02  3.14814613E-025  6.13984943E-028  1.62925925E-025  1.51274704E-025
  1.554770E+02  3.07116069E-025  5.86074375E-028  1.57532680E-025  1.48997314E-025
  1.575800E+02  2.99357956E-025  5.61547470E-028  1.52196478E-025  1.46599930E-025
  1.597100E+02  2.91551877E-025  5.35836971E-028  1.46928898E-025  1.44087142E-025
  1.618700E+02  2.83729874E-025  5.13801658E-028  1.41749483E-025  1.41466590E-025
  1.640590E+02  2.75900122E-025  4.90095675E-028  1.36662763E-025  1.38747263E-025
  1.662770E+02  2.68076434E-025  4.67428875E-028  1.31679734E-025  1.35929272E-025
  1.685260E+02  2.60276943E-025  4.45787384E-028  1.26807658E-025  1.33023497E-025
  1.708050E+02  2.52522571E-025  4.25670827E-028  1.22061110E-025  1.30035791E-025
  1.731140E+02  2.44802141E-025  4.05716691E-028  1.17422776E-025  1.26973649E-025
  1.754550E+02  2.37309815E-025  3.89569002E-028  1.12975731E-025  1.23944515E-025
  1.778280E+02  2.30545055E-025  3.71255490E-028  1.08907538E-025  1.21266262E-025
  1.802330E+02  2.23820683E-025  3.53643599E-028  1.04936936E-025  1.18530103E-025
  1.826700E+02  2.17146798E-025  3.38000759E-028  1.01066233E-025  1.15742563E-025
  1.851400E+02  2.10522773E-025  3.21885352E-028  9.72916724E-026  1.12909215E-025
  1.876430E+02  2.03964149E-025  3.08167745E-028  9.36174905E-026  1.10038491E-025
  1.901810E+02  1.97472070E-025  2.93355999E-028  9.00468614E-026  1.07131853E-025
  1.927530E+02  1.91039998E-025  2.79205816E-028  8.65639999E-026  1.04196792E-025
  1.953590E+02  1.84683232E-025  2.65708343E-028  8.31784179E-026  1.01239106E-025
  1.980010E+02  1.78406825E-025  2.53015026E-028  7.98889284E-026  9.82648814E-026
  2.006780E+02  1.72353707E-025  2.43072064E-028  7.67472007E-026  9.53634342E-026
  2.033920E+02  1.66771564E-025  2.31186895E-028  7.38345903E-026  9.27057872E-026
  2.061420E+02  1.61257018E-025  2.19860047E-028  7.09967416E-026  9.00404167E-026
  2.089300E+02  1.55817975E-025  2.09577185E-028  6.82341248E-026  8.73742731E-026
  2.117550E+02  1.50452197E-025  1.99304802E-028  6.55457880E-026  8.47071046E-026
  2.146180E+02  1.45181435E-025  1.94803720E-028  6.29407907E-026  8.20458401E-026
  2.175200E+02  1.39981256E-025  1.85387034E-028  6.04020339E-026  7.93938350E-026
  2.204620E+02  1.34868157E-025  1.76182002E-028  5.79369750E-026  7.67550003E-026
  2.234430E+02  1.29851004E-025  1.69206873E-028  5.55482808E-026  7.41335167E-026
  2.264640E+02  1.25020346E-025  1.60762831E-028  5.32308965E-026  7.16286871E-026
  2.295270E+02  1.20387578E-025  1.52791357E-028  5.09867543E-026  6.92480327E-026
  2.326310E+02  1.15849700E-025  1.45112286E-028  4.88141522E-026  6.68904356E-026
  2.357760E+02  1.11406024E-025  1.37796321E-028  4.67128289E-026  6.45553992E-026
  2.389640E+02  1.07070898E-025  1.34036238E-028  4.46893669E-026  6.22474949E-026
  2.421960E+02  1.02825373E-025  1.27264345E-028  4.27270773E-026  5.99710318E-026
  2.454710E+02  9.86832576E-026  1.21182246E-028  4.08340327E-026  5.77280426E-026
  2.487900E+02  9.46348454E-026  1.15083485E-028  3.90075534E-026  5.55122085E-026
  2.521540E+02  9.06780149E-026  1.09220202E-028  3.72966318E-026  5.32721630E-026
  2.555640E+02  8.68256970E-026  1.03636098E-028  3.56722730E-026  5.10497880E-026
  2.590200E+02  8.30758132E-026  9.94316069E-029  3.41053484E-026  4.88710332E-026
  2.625230E+02  7.94910773E-026  9.43249855E-029  3.25913294E-026  4.68054230E-026
  2.660730E+02  7.60365518E-026  9.10902891E-029  3.11370537E-026  4.48084078E-026
  2.696700E+02  7.26692669E-026  8.64033775E-029  2.97295266E-026  4.28533369E-026
  2.733170E+02  6.93965275E-026  8.19419722E-029  2.83734732E-026  4.09411123E-026
  2.770130E+02  6.63027951E-026  7.76981785E-029  2.70681311E-026  3.91569658E-026
  2.807590E+02  6.33682654E-026  7.38187080E-029  2.58133809E-026  3.74810658E-026
  2.845550E+02  6.05205718E-026  6.99762091E-029  2.46061326E-026  3.58444630E-026
  2.884030E+02  5.77628908E-026  6.69588592E-029  2.34475579E-026  3.42483740E-026
  2.923030E+02  5.50876442E-026  6.34589347E-029  2.23331830E-026  3.26910023E-026
  2.962560E+02  5.25030555E-026  6.08301225E-029  2.12680629E-026  3.11741625E-026
  3.002620E+02  5.00114123E-026  5.76417023E-029  2.02437255E-026  2.97100450E-026
  3.043220E+02  4.77822492E-026  5.46119304E-029  1.92892844E-026  2.84383529E-026
  3.084370E+02  4.56246138E-026  5.17330121E-029  1.83726952E-026  2.72001856E-026
  3.126080E+02  4.35375893E-026  4.89978661E-029  1.74929489E-026  2.59956426E-026
  3.168350E+02  4.15203101E-026  4.64004569E-029  1.66491399E-026  2.48247697E-026
  3.211200E+02  3.95724106E-026  4.39529815E-029  1.58411059E-026  2.36873517E-026
  3.254620E+02  3.76940654E-026  4.18523707E-029  1.50674743E-026  2.25847387E-026
  3.298630E+02  3.58792677E-026  3.96190475E-029  1.43254539E-026  2.15141947E-026
  3.343230E+02  3.41336413E-026  3.77139637E-029  1.36187728E-026  2.04771545E-026
  3.388440E+02  3.24473556E-026  3.56940920E-029  1.29389083E-026  1.94727532E-026
  3.434260E+02  3.08234189E-026  3.37775096E-029  1.22887087E-026  1.85009327E-026
  3.480700E+02  2.92604575E-026  3.19591563E-029  1.16672545E-026  1.75612438E-026
  3.527770E+02  2.78489831E-026  3.02342935E-029  1.10737147E-026  1.67450341E-026
  3.575470E+02  2.65192547E-026  2.85986975E-029  1.05160851E-026  1.59745710E-026
  3.623820E+02  2.52424251E-026  2.70476009E-029  9.98706085E-027  1.52283167E-026
  3.672820E+02  2.40146685E-026  2.55778959E-029  9.48220469E-027  1.45068859E-026
  3.722490E+02  2.28379756E-026  2.42819499E-029  9.00336193E-027  1.38103318E-026
  3.772830E+02  2.17029002E-026  2.29570395E-029  8.54233694E-027  1.31376063E-026
  3.823840E+02  2.06128163E-026  2.17017839E-029  8.10251068E-027  1.24886038E-026
  3.875550E+02  1.95661766E-026  2.05121970E-029  7.68278100E-027  1.18628834E-026
  3.927960E+02  1.85619903E-026  1.93852539E-029  7.28260939E-027  1.12599956E-026
  3.981070E+02  1.75990589E-026  1.83180230E-029  6.90120100E-027  1.06795398E-026
  4.034910E+02  1.67245230E-026  1.73070881E-029  6.53787580E-027  1.01693401E-026
  4.089470E+02  1.58913170E-026  1.63557021E-029  6.19264503E-027  9.68231622E-027
  4.144770E+02  1.50934282E-026  1.54493544E-029  5.86479054E-027  9.21318829E-027
  4.200810E+02  1.43369792E-026  1.45969934E-029  5.56055589E-027  8.76182631E-027
  4.257620E+02  1.36092980E-026  1.37847496E-029  5.26835116E-027  8.32716208E-027
  4.315190E+02  1.29123575E-026  1.30162402E-029  4.99010863E-027  7.90923265E-027
  4.373540E+02  1.22451443E-026  1.22890811E-029  4.72535337E-027  7.50750188E-027
  4.432680E+02  1.16071595E-026  1.16011615E-029  4.47330984E-027  7.12224853E-027
  4.492620E+02  1.09993617E-026  1.09504658E-029  4.23355669E-027  6.75485457E-027
  4.553370E+02  1.04430244E-026  1.03354374E-029  4.00687063E-027  6.42581829E-027
  4.614950E+02  9.90942283E-027  9.75343226E-030  3.79010400E-027  6.10956539E-027
  4.677350E+02  9.40008160E-027  9.20338803E-030  3.58476192E-027  5.80611629E-027
  4.740600E+02  8.91258625E-027  8.68323566E-030  3.38921284E-027  5.51469018E-027
  4.804700E+02  8.44668919E-027  8.19161930E-030  3.20348978E-027  5.23500780E-027
  4.869680E+02  8.00158351E-027  7.72691399E-030  3.02708393E-027  4.96677267E-027
  4.935520E+02  7.57670860E-027  7.28789436E-030  2.85970355E-027  4.70971715E-027
  5.002260E+02  7.17252736E-027  6.87304660E-030  2.70113455E-027  4.46451976E-027
  5.069910E+02  6.80407346E-027  6.48107732E-030  2.55501240E-027  4.24257998E-027
  5.138460E+02  6.45321709E-027  6.11092375E-030  2.41724870E-027  4.02985746E-027
  5.207950E+02  6.11718224E-027  5.76124685E-030  2.28539805E-027  3.82602295E-027
  5.278370E+02  5.79661757E-027  5.43108365E-030  2.16023231E-027  3.63095417E-027
  5.349750E+02  5.49056117E-027  5.11929052E-030  2.04143105E-027  3.44401082E-027
  5.422090E+02  5.19875552E-027  4.82494716E-030  1.92876945E-027  3.26516112E-027
  5.495410E+02  4.92235781E-027  4.54707922E-030  1.82187789E-027  3.09593283E-027
  5.569720E+02  4.66505963E-027  4.28480696E-030  1.72049623E-027  2.94027859E-027
  5.645040E+02  4.41972561E-027  4.03726569E-030  1.62438522E-027  2.79130312E-027
  5.721370E+02  4.18616769E-027  3.80369400E-030  1.53356674E-027  2.64879725E-027
  5.798740E+02  3.96332867E-027  3.58328326E-030  1.44726133E-027  2.51248406E-027
  5.877150E+02  3.75140909E-027  3.37535261E-030  1.36570218E-027  2.38233155E-027
  5.956620E+02  3.54927590E-027  3.17920095E-030  1.28829078E-027  2.25780592E-027
  6.037170E+02  3.35927641E-027  2.99417120E-030  1.21500376E-027  2.14127848E-027
  6.118810E+02  3.17962264E-027  2.81966051E-030  1.14565516E-027  2.03114782E-027
  6.201550E+02  3.00850184E-027  2.65510161E-030  1.08003050E-027  1.92581624E-027
  6.285410E+02  2.84718715E-027  2.49992880E-030  1.01795190E-027  1.82673533E-027
  6.370400E+02  2.69378339E-027  2.35363360E-030  9.59323821E-028  1.73210593E-027
  6.456540E+02  2.54900316E-027  2.21571325E-030  9.03818297E-028  1.64296915E-027
  6.543850E+02  2.41151266E-027  2.08569453E-030  8.51352362E-028  1.55807460E-027
  6.632340E+02  2.28130927E-027  1.96314915E-030  8.01832825E-028  1.47751330E-027
  6.722020E+02  2.15781069E-027  1.84766170E-030  7.54992381E-028  1.40097064E-027
  6.812920E+02  2.04085438E-027  1.73882278E-030  7.10748474E-028  1.32836708E-027
  6.905050E+02  1.93023706E-027  1.63626664E-030  6.68968391E-028  1.25963240E-027
  6.998420E+02  1.82511880E-027  1.53964553E-030  6.29526963E-028  1.19405219E-027
  7.093060E+02  1.72774533E-027  1.44861347E-030  5.93551781E-028  1.13274493E-027
  7.188970E+02  1.63519685E-027  1.36286890E-030  5.59546243E-028  1.07428774E-027
  7.286180E+02  1.54720229E-027  1.28210212E-030  5.27389428E-028  1.01853076E-027
  7.384710E+02  1.46361575E-027  1.20602949E-030  4.96997690E-028  9.65412033E-028
  7.484570E+02  1.38412474E-027  1.13438975E-030  4.68262213E-028  9.14728140E-028
  7.585780E+02  1.30943568E-027  1.06692925E-030  4.41107505E-028  8.67261250E-028
  7.688350E+02  1.23860217E-027  1.00341500E-030  4.15453823E-028  8.22144929E-028
  7.792320E+02  1.17130678E-027  9.43608417E-031  3.91219863E-028  7.79143308E-028
  7.897690E+02  1.10739642E-027  8.87308529E-031  3.68336826E-028  7.38172290E-028
  8.004480E+02  1.04693557E-027  8.34313377E-031  3.46730091E-028  6.99371168E-028
  8.112720E+02  9.90059058E-028  7.84428037E-031  3.26333206E-028  6.62941424E-028
  8.222430E+02  9.36070081E-028  7.37473519E-031  3.07082341E-028  6.28250266E-028
  8.333610E+02  8.84812530E-028  6.93289653E-031  2.88918919E-028  5.95200321E-028
  8.446300E+02  8.36168631E-028  6.51708729E-031  2.71783185E-028  5.63733738E-028
  8.560520E+02  7.90007500E-028  6.12580103E-031  2.55619971E-028  5.33774949E-028
  8.676280E+02  7.46218429E-028  5.75766021E-031  2.40378129E-028  5.05264534E-028
  8.793600E+02  7.04688392E-028  5.41131670E-031  2.26008154E-028  4.78139107E-028
  8.912510E+02  6.65306904E-028  5.08548993E-031  2.12462154E-028  4.52336201E-028
  9.033030E+02  6.28142922E-028  4.77898452E-031  1.99695361E-028  4.27969662E-028
  9.155180E+02  5.93309448E-028  4.49068173E-031  1.87665538E-028  4.05194842E-028
  9.278980E+02  5.60283338E-028  4.21952628E-031  1.76332141E-028  3.83529245E-028
  9.404450E+02  5.28980138E-028  3.96451147E-031  1.65657290E-028  3.62926397E-028
  9.531620E+02  4.99313500E-028  3.72469707E-031  1.55604032E-028  3.43336998E-028
  9.660510E+02  4.71203854E-028  3.49918424E-031  1.46138082E-028  3.24715854E-028
  9.791140E+02  4.44575327E-028  3.28714307E-031  1.37227067E-028  3.07019546E-028
  9.923540E+02  4.19354056E-028  3.08777174E-031  1.28839553E-028  2.90205726E-028
  1.005770E+03  3.95790197E-028  2.90037469E-031  1.21032245E-028  2.74467914E-028
  1.019370E+03  3.73852409E-028  2.72417339E-031  1.13782390E-028  2.59797602E-028
  1.033160E+03  3.53054026E-028  2.55846378E-031  1.06948985E-028  2.45849195E-028
  1.047130E+03  3.33350143E-028  2.40277744E-031  1.00512545E-028  2.32597321E-028
  1.061290E+03  3.14680088E-028  2.25643653E-031  9.44491329E-029  2.20005311E-028
  1.075640E+03  2.96994963E-028  2.11891008E-031  8.87387541E-029  2.08044318E-028
  1.090180E+03  2.80247221E-028  1.98969875E-031  8.33621980E-029  1.96686053E-028
  1.104930E+03  2.64378988E-028  1.86816528E-031  7.82974381E-029  1.85894733E-028
  1.119870E+03  2.49360736E-028  1.75403757E-031  7.35315049E-029  1.75653827E-028
  1.135010E+03  2.35145007E-028  1.64681438E-031  6.90460273E-029  1.65934299E-028
  1.150360E+03  2.21687590E-028  1.54603588E-031  6.48241664E-029  1.56708820E-028
  1.165910E+03  2.08956472E-028  1.45139920E-031  6.08528994E-029  1.47958433E-028
  1.181680E+03  1.96906950E-028  1.36243741E-031  5.71156578E-029  1.39655048E-028
  1.197660E+03  1.85510009E-028  1.27888399E-031  5.36008171E-029  1.31781303E-028
  1.213850E+03  1.74898982E-028  1.20042685E-031  5.03224640E-029  1.24456476E-028
  1.230270E+03  1.64885668E-028  1.12668258E-031  4.72416419E-029  1.17531357E-028
  1.246900E+03  1.55501806E-028  1.05746907E-031  4.43571848E-029  1.11038874E-028
  1.263770E+03  1.46728485E-028  9.92406796E-032  4.16580543E-029  1.04971190E-028
  1.280860E+03  1.38426936E-028  9.31333112E-032  3.91185641E-029  9.92152391E-029
  1.298180E+03  1.30570720E-028  8.73983877E-032  3.67290397E-029  9.37542818E-029
  1.315730E+03  1.23137978E-028  8.20142026E-032  3.44811702E-029  8.85747932E-029
  1.333520E+03  1.16105277E-028  7.69576818E-032  3.23663775E-029  8.36619414E-029
  1.351550E+03  1.09452816E-028  7.22100073E-032  3.03773455E-029  7.90032602E-029
  1.369830E+03  1.03159741E-028  6.77509045E-032  2.85064341E-029  7.45855560E-029
  1.388350E+03  9.72102039E-029  6.35660435E-032  2.67476620E-029  7.03989759E-029
  1.407130E+03  9.15831663E-029  5.96353225E-032  2.50936670E-029  6.64298640E-029
  1.426150E+03  8.62661346E-029  5.59480062E-032  2.35395630E-029  6.26706236E-029
  1.445440E+03  8.12384981E-029  5.24843197E-032  2.20783425E-029  5.91076713E-029
  1.464990E+03  7.64873647E-029  4.92333086E-032  2.07052381E-029  5.57328933E-029
  1.484800E+03  7.19987686E-029  4.61824554E-032  1.94152224E-029  5.25373638E-029
  1.504870E+03  6.78029096E-029  4.33200655E-032  1.82098173E-029  4.95497722E-029
  1.525220E+03  6.39653550E-029  4.06324471E-032  1.70948935E-029  4.68298291E-029
  1.545850E+03  6.03346528E-029  3.81095132E-032  1.60460947E-029  4.42504486E-029
  1.566750E+03  5.69015884E-029  3.57429406E-032  1.50600327E-029  4.18058127E-029
  1.587940E+03  5.36541737E-029  3.35213126E-032  1.41326428E-029  3.94880096E-029
  1.609410E+03  5.05840913E-029  3.14372013E-032  1.32608934E-029  3.72917607E-029
  1.631170E+03  4.76814614E-029  2.94816350E-032  1.24413980E-029  3.52105818E-029
  1.653230E+03  4.49371375E-029  2.76462826E-032  1.16710290E-029  3.32384621E-029
  1.675590E+03  4.23431003E-029  2.59241124E-032  1.09470105E-029  3.13701657E-029
  1.698240E+03  3.98924138E-029  2.43092421E-032  1.02668857E-029  2.96012189E-029
  1.721210E+03  3.75758345E-029  2.27933131E-032  9.62764598E-030  2.79253952E-029
  1.744480E+03  3.53877321E-029  2.13717872E-032  9.02729129E-030  2.63390690E-029
  1.768070E+03  3.33204322E-029  2.00379669E-032  8.46329998E-030  2.48370943E-029
  1.791980E+03  3.13677621E-029  1.87866891E-032  7.93360011E-030  2.34153753E-029
  1.816210E+03  2.95238088E-029  1.76131454E-032  7.43622538E-030  2.20699702E-029
  1.840770E+03  2.77825418E-029  1.65122460E-032  6.96919113E-030  2.07968384E-029
  1.865660E+03  2.61386688E-029  1.54797530E-032  6.53075845E-030  1.95924306E-029
  1.890890E+03  2.45867340E-029  1.45112283E-032  6.11917012E-030  1.84530527E-029
  1.916460E+03  2.31220070E-029  1.36029090E-032  5.73287474E-030  1.73755293E-029
  1.942380E+03  2.17396085E-029  1.27509231E-032  5.37032133E-030  1.63565363E-029
  1.968640E+03  2.04355517E-029  1.19522344E-032  5.03020274E-030  1.53933967E-029
  1.995260E+03  1.92051372E-029  1.12030943E-032  4.71106064E-030  1.44828735E-029
  2.022240E+03  1.81050221E-029  1.05005922E-032  4.43296941E-030  1.36615521E-029
  2.049590E+03  1.70774196E-029  9.84172930E-033  4.17526359E-030  1.28923143E-029
  2.077300E+03  1.61057366E-029  9.22414523E-033  3.93223035E-030  1.21642821E-029
  2.105390E+03  1.51867226E-029  8.64495759E-033  3.70297909E-030  1.14750986E-029
  2.133860E+03  1.43177438E-029  8.10190401E-033  3.48677442E-030  1.08228674E-029
  2.162720E+03  1.34960967E-029  7.59265689E-033  3.28287136E-030  1.02056326E-029
  2.191960E+03  1.27195516E-029  7.11538692E-033  3.09064914E-030  9.62178707E-030
  2.221600E+03  1.19854888E-029  6.66786313E-033  2.90939500E-030  9.06942593E-030
  2.251650E+03  1.12916169E-029  6.24818890E-033  2.73848791E-030  8.54688085E-030
  2.282090E+03  1.06361692E-029  5.85497748E-033  2.57743582E-030  8.05287836E-030
  2.312950E+03  1.00167712E-029  5.48626400E-033  2.42560495E-030  7.58567999E-030
  2.344230E+03  9.43159923E-030  5.14060863E-033  2.28249481E-030  7.14396382E-030
  2.375930E+03  8.87889908E-030  4.81663095E-033  2.14763895E-030  6.72644349E-030
  2.408060E+03  8.35689071E-030  4.51294310E-033  2.02055774E-030  6.33182003E-030
  2.440620E+03  7.86399873E-030  4.22833289E-033  1.90082757E-030  5.95894283E-030
  2.473620E+03  7.39861873E-030  3.96157284E-033  1.78802564E-030  5.60663152E-030
  2.507070E+03  6.97080012E-030  3.71152211E-033  1.68175340E-030  5.28533520E-030
  2.540970E+03  6.56909535E-030  3.47718533E-033  1.58165147E-030  4.98396669E-030
  2.575330E+03  6.18953746E-030  3.25755425E-033  1.48736495E-030  4.69891496E-030
  2.610160E+03  5.83092569E-030  3.05168909E-033  1.39855873E-030  4.42931527E-030
  2.645450E+03  5.49224663E-030  2.85882688E-033  1.31494667E-030  4.17444113E-030
  2.681230E+03  5.17229316E-030  2.67802629E-033  1.23619889E-030  3.93341625E-030
  2.717480E+03  4.87020634E-030  2.50866403E-033  1.16207281E-030  3.70562487E-030
  2.754230E+03  4.58490706E-030  2.34991852E-033  1.09227614E-030  3.49028100E-030
  2.791470E+03  4.31557296E-030  2.20119470E-033  1.02658164E-030  3.28679013E-030
  2.829220E+03  4.06128832E-030  2.06181227E-033  9.64740500E-031  3.09448601E-030
  2.867480E+03  3.82126896E-030  1.93121624E-033  9.06538446E-031  2.91279930E-030
  2.906250E+03  3.59476690E-030  1.80887348E-033  8.51771069E-031  2.74118695E-030
  2.945550E+03  3.38100479E-030  1.69423094E-033  8.00231977E-031  2.57907859E-030
  2.985380E+03  3.17931644E-030  1.58682133E-033  7.51740614E-031  2.42598900E-030
  3.025750E+03  2.99357949E-030  1.48618719E-033  7.06118284E-031  2.28597502E-030
  3.066670E+03  2.82066215E-030  1.39189634E-033  6.63198171E-031  2.15607208E-030
  3.108140E+03  2.65736379E-030  1.30356865E-033  6.22828606E-031  2.03323162E-030
  3.150170E+03  2.50316061E-030  1.22082292E-033  5.84861235E-031  1.91707855E-030
  3.192760E+03  2.35757489E-030  1.14332027E-033  5.49159271E-031  1.80727230E-030
  3.235940E+03  2.22009398E-030  1.07069443E-033  5.15579958E-031  1.70344333E-030
  3.279690E+03  2.09033588E-030  1.00268241E-033  4.84013167E-031  1.60532003E-030
  3.324040E+03  1.96783978E-030  9.38960723E-034  4.54331963E-031  1.51256885E-030
  3.368990E+03  1.85222430E-030  8.79272233E-034  4.26429393E-031  1.42491563E-030
  3.414550E+03  1.74311508E-030  8.23359116E-034  4.00201173E-031  1.34209055E-030
  3.460720E+03  1.64016760E-030  7.70993349E-034  3.75551398E-031  1.26384521E-030
  3.507520E+03  1.54302982E-030  7.21940354E-034  3.52384244E-031  1.18992364E-030
  3.554950E+03  1.45139357E-030  6.75997316E-034  3.30614500E-031  1.12010307E-030
  3.603020E+03  1.36495806E-030  6.32967867E-034  3.10160309E-031  1.05416479E-030
  3.651740E+03  1.28343585E-030  5.92667434E-034  2.90943285E-031  9.91899902E-031
  3.701120E+03  1.20655480E-030  5.54921925E-034  2.72890021E-031  9.33109862E-031
  3.751170E+03  1.13405921E-030  5.19569594E-034  2.55931765E-031  8.77607877E-031
  3.801890E+03  1.06571506E-030  4.86465622E-034  2.40005333E-031  8.25223260E-031
  3.853300E+03  1.00128398E-030  4.55460773E-034  2.25047320E-031  7.75781197E-031
  3.905410E+03  9.40549669E-031  4.26421909E-034  2.11000372E-031  7.29122876E-031
  3.958220E+03  8.83314207E-031  3.99230237E-034  1.97811689E-031  6.85103288E-031
  4.011750E+03  8.29884033E-031  3.73763965E-034  1.85428597E-031  6.44081672E-031
  4.065990E+03  7.81176412E-031  3.49921959E-034  1.73805480E-031  6.07021010E-031
  4.120980E+03  7.35214702E-031  3.27589689E-034  1.62893321E-031  5.71993792E-031
  4.176700E+03  6.91863415E-031  3.06682365E-034  1.52652835E-031  5.38903897E-031
  4.233180E+03  6.50968753E-031  2.87102794E-034  1.43041727E-031  5.07639923E-031
  4.290420E+03  6.12400002E-031  2.68770502E-034  1.34023106E-031  4.78108125E-031
  4.348440E+03  5.76024774E-031  2.51602698E-034  1.25560437E-031  4.50212734E-031
  4.407240E+03  5.41725705E-031  2.35529726E-034  1.17621128E-031  4.23869047E-031
  4.466840E+03  5.09384677E-031  2.20478826E-034  1.10172846E-031  3.98991352E-031
  4.527240E+03  4.78896500E-031  2.06388085E-034  1.03186637E-031  3.75503474E-031
  4.588460E+03  4.50155481E-031  1.93194454E-034  9.66340014E-032  3.53328285E-031
  4.650500E+03  4.23067504E-031  1.80843184E-034  9.04891903E-032  3.32397471E-031
  4.713390E+03  3.97535297E-031  1.69277113E-034  8.47263801E-032  3.12639640E-031
  4.777130E+03  3.73475585E-031  1.58448546E-034  7.93230252E-032  2.93994112E-031
  4.841720E+03  3.50808120E-031  1.48312603E-034  7.42576277E-032  2.76402179E-031
  4.907200E+03  3.29449305E-031  1.38820832E-034  6.95084413E-032  2.59802042E-031
  4.973550E+03  3.09331925E-031  1.29936821E-034  6.50573338E-032  2.44144654E-031
  5.040810E+03  2.90794675E-031  1.21618119E-034  6.08850129E-032  2.29788044E-031
  5.108970E+03  2.73572730E-031  1.13831563E-034  5.69751932E-032  2.16483705E-031
  5.178060E+03  2.57333789E-031  1.06541417E-034  5.33111414E-032  2.03916106E-031
  5.248070E+03  2.42026330E-031  9.97181677E-035  4.98783780E-032  1.92048234E-031
  5.319040E+03  2.27594640E-031  9.33295215E-035  4.66619257E-032  1.80839384E-031
  5.390970E+03  2.13991509E-031  8.73491277E-035  4.36487465E-032  1.70255413E-031
  5.463870E+03  2.01170997E-031  8.17511678E-035  4.08263675E-032  1.60262879E-031
  5.537750E+03  1.89089758E-031  7.65113633E-035  3.81830222E-032  1.50830224E-031
  5.612630E+03  1.77705300E-031  7.16065350E-035  3.57074810E-032  1.41926212E-031
  5.688530E+03  1.66978119E-031  6.70149149E-035  3.33891980E-032  1.33521906E-031
  5.765450E+03  1.56872518E-031  6.27172987E-035  3.12186196E-032  1.25591181E-031
  5.843410E+03  1.47352891E-031  5.86946419E-035  2.91864196E-032  1.18107777E-031
  5.922430E+03  1.38385956E-031  5.49291165E-035  2.72839475E-032  1.11047079E-031
  6.002520E+03  1.29940698E-031  5.14044978E-035  2.55030951E-032  1.04386199E-031
  6.083680E+03  1.21988597E-031  4.81060631E-035  2.38364295E-032  9.81040617E-032
  6.165950E+03  1.14500239E-031  4.50183051E-035  2.22765362E-032  9.21786844E-032
  6.249330E+03  1.07569154E-031  4.21283807E-035  2.08168391E-032  8.67101862E-032
  6.333830E+03  1.01116833E-031  3.94237716E-035  1.94510921E-032  8.16263176E-032
  6.419480E+03  9.50371079E-032  3.68922037E-035  1.81732332E-032  7.68269826E-032
  6.506290E+03  8.93092322E-032  3.45227869E-035  1.69777958E-032  7.22969136E-032
  6.594270E+03  8.39135704E-032  3.23053201E-035  1.58595768E-032  6.80216883E-032
  6.683440E+03  7.88313311E-032  3.02299781E-035  1.48136963E-032  6.39874047E-032
  6.773820E+03  7.40444484E-032  2.82875893E-035  1.38355359E-032  6.01806248E-032
  6.865410E+03  6.95368200E-032  2.64699648E-035  1.29208635E-032  5.65894865E-032
  6.958250E+03  6.52919039E-032  2.47687011E-035  1.20655562E-032  5.32015789E-032
  7.052340E+03  6.13591672E-032  2.31766366E-035  1.12658929E-032  5.00700977E-032
  7.147710E+03  5.77052410E-032  2.16865876E-035  1.05182748E-032  4.71652795E-032
  7.244360E+03  5.42621936E-032  2.02922843E-035  9.81945568E-033  4.44224456E-032
  7.342320E+03  5.10178983E-032  1.89874054E-035  9.16625894E-033  4.18326520E-032
  7.441610E+03  4.79610867E-032  1.77662109E-035  8.55575458E-033  3.93875660E-032
  7.542230E+03  4.50814920E-032  1.66235480E-035  7.98527598E-033  3.70795925E-032
  7.644220E+03  4.23686533E-032  1.55541500E-035  7.45216445E-033  3.49009347E-032
  7.747590E+03  3.98133157E-032  1.45534090E-035  6.95405604E-033  3.28447062E-032
  7.852360E+03  3.74065139E-032  1.36169189E-035  6.48868771E-033  3.09042092E-032
  7.958540E+03  3.51399163E-032  1.27406258E-035  6.05397087E-033  2.90732048E-032
  8.066160E+03  3.30054485E-032  1.19206059E-035  5.64789653E-033  2.73456313E-032
  8.175230E+03  3.09956694E-032  1.11532997E-035  5.26863646E-033  2.57158796E-032
  8.285780E+03  2.91033784E-032  1.04352740E-035  4.91443002E-033  2.41785131E-032
  8.397820E+03  2.73219735E-032  9.76341638E-036  4.58366977E-033  2.27285403E-032
  8.511380E+03  2.56450488E-032  9.13471393E-036  4.27481734E-033  2.13610968E-032
  8.626470E+03  2.40667092E-032  8.54645943E-036  3.98645911E-033  2.00717037E-032
  8.743120E+03  2.25812406E-032  7.99600542E-036  3.71725172E-033  1.88559928E-032
  8.861350E+03  2.11833390E-032  7.48093953E-036  3.46594462E-033  1.77099134E-032
  8.981180E+03  1.98679794E-032  6.99899028E-036  3.23136977E-033  1.66296107E-032
  9.102630E+03  1.86588407E-032  6.54804863E-036  3.01243475E-033  1.56398579E-032
  9.225710E+03  1.75247421E-032  6.12615051E-036  2.80812808E-033  1.47104879E-032
  9.350470E+03  1.64569102E-032  5.73134620E-036  2.61745965E-033  1.38337192E-032
  9.476910E+03  1.54516734E-032  5.36196720E-036  2.43955775E-033  1.30067537E-032
  9.605060E+03  1.45054127E-032  5.01636047E-036  2.27357475E-033  1.22268216E-032
  9.734940E+03  1.36147745E-032  4.69300223E-036  2.11872600E-033  1.14913555E-032
  9.866580E+03  1.27765429E-032  4.39044907E-036  1.97427512E-033  1.07978774E-032
  1.000000E+04  1.19874816E-032  4.10737492E-036  1.83953571E-033  1.01438386E-032
