# DH21 PAH SED for Mathis ISRF, U = 1.585
# DL07 PAH cross sections, neutral + cation mixed by f_ion(a)
# columns: lambda[um]    lambda*I_lambda / N_H [erg s^-1 cm^-2 sr^-1 H^-1]
  9.120000E-02  0.00000000E+000
  9.226000E-02  0.00000000E+000
  9.332000E-02  0.00000000E+000
  9.441000E-02  0.00000000E+000
  9.550000E-02  0.00000000E+000
  9.661000E-02  0.00000000E+000
  9.772000E-02  0.00000000E+000
  9.886000E-02  0.00000000E+000
  1.000000E-01  0.00000000E+000
  1.012000E-01  0.00000000E+000
  1.023000E-01  0.00000000E+000
  1.035000E-01  0.00000000E+000
  1.047000E-01  0.00000000E+000
  1.059000E-01  0.00000000E+000
  1.072000E-01  0.00000000E+000
  1.084000E-01  0.00000000E+000
  1.097000E-01  0.00000000E+000
  1.109000E-01  0.00000000E+000
  1.122000E-01  0.00000000E+000
  1.135000E-01  0.00000000E+000
  1.148000E-01  0.00000000E+000
  1.161000E-01  0.00000000E+000
  1.175000E-01  0.00000000E+000
  1.189000E-01  0.00000000E+000
  1.202000E-01  0.00000000E+000
  1.216000E-01  0.00000000E+000
  1.230000E-01  0.00000000E+000
  1.244000E-01  0.00000000E+000
  1.259000E-01  0.00000000E+000
  1.274000E-01  0.00000000E+000
  1.288000E-01  0.00000000E+000
  1.303000E-01  0.00000000E+000
  1.318000E-01  0.00000000E+000
  1.333000E-01  0.00000000E+000
  1.349000E-01  0.00000000E+000
  1.365000E-01  0.00000000E+000
  1.380000E-01  0.00000000E+000
  1.396000E-01  0.00000000E+000
  1.412000E-01  0.00000000E+000
  1.429000E-01  0.00000000E+000
  1.445000E-01  0.00000000E+000
  1.462000E-01  0.00000000E+000
  1.479000E-01  0.00000000E+000
  1.496000E-01  0.00000000E+000
  1.514000E-01  0.00000000E+000
  1.531000E-01  0.00000000E+000
  1.549000E-01  0.00000000E+000
  1.567000E-01  0.00000000E+000
  1.585000E-01  0.00000000E+000
  1.603000E-01  0.00000000E+000
  1.622000E-01  0.00000000E+000
  1.641000E-01  0.00000000E+000
  1.660000E-01  0.00000000E+000
  1.679000E-01  0.00000000E+000
  1.698000E-01  0.00000000E+000
  1.718000E-01  0.00000000E+000
  1.738000E-01  0.00000000E+000
  1.758000E-01  0.00000000E+000
  1.778000E-01  0.00000000E+000
  1.799000E-01  0.00000000E+000
  1.820000E-01  0.00000000E+000
  1.841000E-01  0.00000000E+000
  1.862000E-01  0.00000000E+000
  1.884000E-01  0.00000000E+000
  1.905000E-01  0.00000000E+000
  1.928000E-01  0.00000000E+000
  1.950000E-01  0.00000000E+000
  1.972000E-01  0.00000000E+000
  1.995000E-01  0.00000000E+000
  2.018000E-01  0.00000000E+000
  2.042000E-01  0.00000000E+000
  2.065000E-01  0.00000000E+000
  2.089000E-01  0.00000000E+000
  2.113000E-01  0.00000000E+000
  2.138000E-01  0.00000000E+000
  2.163000E-01  0.00000000E+000
  2.188000E-01  0.00000000E+000
  2.213000E-01  0.00000000E+000
  2.239000E-01  0.00000000E+000
  2.265000E-01  0.00000000E+000
  2.291000E-01  0.00000000E+000
  2.317000E-01  0.00000000E+000
  2.344000E-01  0.00000000E+000
  2.371000E-01  0.00000000E+000
  2.399000E-01  0.00000000E+000
  2.427000E-01  0.00000000E+000
  2.455000E-01  0.00000000E+000
  2.483000E-01  0.00000000E+000
  2.512000E-01  0.00000000E+000
  2.541000E-01  0.00000000E+000
  2.570000E-01  0.00000000E+000
  2.600000E-01  0.00000000E+000
  2.630000E-01  0.00000000E+000
  2.661000E-01  0.00000000E+000
  2.691000E-01  0.00000000E+000
  2.723000E-01  0.00000000E+000
  2.754000E-01  0.00000000E+000
  2.786000E-01  0.00000000E+000
  2.818000E-01  0.00000000E+000
  2.851000E-01  0.00000000E+000
  2.884000E-01  0.00000000E+000
  2.917000E-01  0.00000000E+000
  2.951000E-01  0.00000000E+000
  2.985000E-01  0.00000000E+000
  3.020000E-01  0.00000000E+000
  3.055000E-01  0.00000000E+000
  3.090000E-01  0.00000000E+000
  3.126000E-01  0.00000000E+000
  3.162000E-01  0.00000000E+000
  3.199000E-01  0.00000000E+000
  3.236000E-01  0.00000000E+000
  3.273000E-01  0.00000000E+000
  3.311000E-01  0.00000000E+000
  3.350000E-01  0.00000000E+000
  3.388000E-01  0.00000000E+000
  3.428000E-01  0.00000000E+000
  3.467000E-01  0.00000000E+000
  3.507000E-01  0.00000000E+000
  3.548000E-01  0.00000000E+000
  3.589000E-01  0.00000000E+000
  3.631000E-01  0.00000000E+000
  3.673000E-01  0.00000000E+000
  3.715000E-01  0.00000000E+000
  3.758000E-01  0.00000000E+000
  3.802000E-01  0.00000000E+000
  3.846000E-01  0.00000000E+000
  3.891000E-01  0.00000000E+000
  3.936000E-01  0.00000000E+000
  3.981000E-01  0.00000000E+000
  4.027000E-01  0.00000000E+000
  4.074000E-01  0.00000000E+000
  4.121000E-01  0.00000000E+000
  4.169000E-01  0.00000000E+000
  4.217000E-01  0.00000000E+000
  4.266000E-01  0.00000000E+000
  4.315000E-01  0.00000000E+000
  4.365000E-01  4.11714132E-314
  4.416000E-01  1.26070707E-310
  4.467000E-01  3.01828853E-307
  4.519000E-01  7.01554245E-304
  4.571000E-01  1.36521345E-300
  4.624000E-01  2.57567480E-297
  4.677000E-01  4.09041819E-294
  4.732000E-01  7.19490544E-291
  4.786000E-01  9.33534424E-288
  4.842000E-01  1.33227975E-284
  4.898000E-01  1.60816211E-281
  4.954000E-01  1.65121063E-278
  5.012000E-01  1.84192898E-275
  5.070000E-01  1.74744978E-272
  5.129000E-01  1.58914562E-269
  5.188000E-01  1.23598290E-266
  5.248000E-01  9.21668048E-264
  5.309000E-01  6.57383946E-261
  5.370000E-01  4.03284905E-258
  5.433000E-01  2.62085490E-255
  5.495000E-01  1.32744900E-252
  5.559000E-01  7.09416491E-250
  5.623000E-01  3.28117176E-247
  5.688000E-01  1.44791491E-244
  5.754000E-01  6.08584502E-242
  5.821000E-01  2.43275008E-239
  5.888000E-01  8.47135732E-237
  5.957000E-01  3.05619020E-234
  6.026000E-01  9.61802328E-232
  6.095000E-01  2.65253510E-229
  6.166000E-01  7.53576061E-227
  6.237000E-01  1.87869922E-224
  6.310000E-01  4.79617725E-222
  6.383000E-01  1.07602206E-219
  6.457000E-01  2.28831413E-217
  6.531000E-01  4.29685579E-215
  6.607000E-01  8.19829443E-213
  6.683000E-01  1.38294060E-210
  6.761000E-01  2.35902370E-208
  6.839000E-01  3.56598868E-206
  6.918000E-01  5.10717391E-204
  6.998000E-01  6.93286646E-202
  7.079000E-01  8.92402094E-200
  7.161000E-01  1.08958195E-197
  7.244000E-01  1.26208759E-195
  7.328000E-01  1.38694125E-193
  7.413000E-01  1.44578444E-191
  7.499000E-01  1.42913101E-189
  7.586000E-01  1.33883205E-187
  7.674000E-01  1.18782637E-185
  7.763000E-01  9.97214675E-184
  7.852000E-01  7.54390300E-182
  7.943000E-01  5.66274009E-180
  8.035000E-01  4.01314727E-178
  8.128000E-01  2.68505604E-176
  8.222000E-01  1.69720141E-174
  8.318000E-01  1.05930095E-172
  8.414000E-01  6.00584592E-171
  8.511000E-01  3.24176129E-169
  8.610000E-01  1.73913539E-167
  8.710000E-01  8.91694833E-166
  8.810000E-01  4.21124640E-164
  8.913000E-01  2.05511103E-162
  9.016000E-01  9.24563569E-161
  9.120000E-01  3.98541010E-159
  9.226000E-01  1.70636552E-157
  9.333000E-01  7.00779517E-156
  9.441000E-01  2.76833562E-154
  9.550000E-01  1.05651186E-152
  9.661000E-01  4.05112005E-151
  9.772000E-01  1.47539481E-149
  9.886000E-01  5.69388050E-148
  1.000000E+00  2.14628276E-146
  1.012000E+00  9.68685497E-145
  1.023000E+00  3.14713126E-143
  1.035000E+00  1.32134991E-141
  1.047000E+00  4.53571616E-140
  1.059000E+00  1.10044674E-138
  1.071000E+00  2.01361115E-137
  1.084000E+00  4.13173495E-136
  1.097000E+00  8.21533862E-135
  1.109000E+00  1.28783219E-133
  1.122000E+00  2.51133771E-132
  1.135000E+00  4.80841429E-131
  1.148000E+00  8.98993949E-130
  1.161000E+00  1.63569444E-128
  1.175000E+00  3.60139829E-127
  1.189000E+00  7.65124058E-126
  1.202000E+00  1.26100476E-124
  1.216000E+00  2.46029196E-123
  1.230000E+00  4.50238061E-122
  1.245000E+00  9.21270271E-121
  1.259000E+00  1.37804678E-119
  1.273000E+00  1.83210422E-118
  1.288000E+00  2.59492692E-117
  1.303000E+00  3.31786590E-116
  1.318000E+00  3.92446632E-115
  1.334000E+00  5.12357888E-114
  1.349000E+00  5.41323383E-113
  1.365000E+00  6.37599853E-112
  1.380000E+00  6.16640885E-111
  1.396000E+00  6.63486624E-110
  1.413000E+00  7.87900935E-109
  1.429000E+00  7.72149878E-108
  1.445000E+00  7.23671018E-107
  1.462000E+00  7.43164271E-106
  1.479000E+00  7.26622241E-105
  1.496000E+00  6.76909614E-104
  1.514000E+00  6.82940149E-103
  1.531000E+00  5.77760341E-102
  1.549000E+00  5.27571765E-101
  1.567000E+00  4.58534759E-100
  1.585000E+00  3.79783301E-099
  1.603000E+00  3.00157711E-098
  1.622000E+00  2.53288573E-097
  1.641000E+00  2.03414056E-096
  1.660000E+00  1.55696799E-095
  1.679000E+00  1.13709088E-094
  1.698000E+00  7.93208372E-094
  1.718000E+00  5.83877883E-093
  1.738000E+00  4.09162154E-092
  1.758000E+00  2.73023341E-091
  1.778000E+00  1.73402767E-090
  1.799000E+00  1.14335939E-089
  1.820000E+00  7.10831104E-089
  1.841000E+00  4.15167886E-088
  1.862000E+00  2.28054532E-087
  1.884000E+00  1.29574879E-086
  1.906000E+00  7.34440247E-086
  1.928000E+00  4.30489894E-085
  1.950000E+00  2.55442870E-084
  1.972000E+00  1.47124364E-083
  1.995000E+00  8.69710849E-083
  2.018000E+00  4.85658907E-082
  2.042000E+00  2.76482242E-081
  2.065000E+00  1.39544428E-080
  2.089000E+00  7.22323373E-080
  2.114000E+00  3.82713460E-079
  2.138000E+00  1.82153638E-078
  2.163000E+00  8.89166255E-078
  2.188000E+00  4.17724447E-077
  2.213000E+00  1.89127552E-076
  2.239000E+00  8.76402399E-076
  2.265000E+00  3.91580311E-075
  2.291000E+00  1.68957713E-074
  2.317000E+00  7.04723232E-074
  2.344000E+00  3.00016337E-073
  2.371000E+00  1.23529267E-072
  2.399000E+00  5.17695767E-072
  2.427000E+00  2.09824384E-071
  2.455000E+00  8.23059599E-071
  2.483000E+00  3.12926122E-070
  2.512000E+00  1.20849696E-069
  2.541000E+00  4.52359986E-069
  2.570000E+00  1.64279910E-068
  2.600000E+00  6.04806220E-068
  2.630000E+00  2.16020625E-067
  2.661000E+00  7.81079307E-067
  2.691000E+00  2.63295861E-066
  2.723000E+00  9.34077927E-066
  2.754000E+00  3.09662749E-065
  2.786000E+00  1.03749236E-064
  2.818000E+00  3.38180374E-064
  2.851000E+00  1.11261739E-063
  2.884000E+00  3.56301272E-063
  2.917000E+00  1.11221644E-062
  2.951000E+00  3.50306349E-062
  2.985000E+00  1.07691714E-061
  3.020000E+00  3.34350042E-061
  3.055000E+00  1.01694168E-060
  3.090000E+00  3.04391708E-060
  3.126000E+00  9.32539803E-060
  3.162000E+00  2.88544195E-059
  3.199000E+00  9.74441310E-059
  3.236000E+00  3.97469463E-058
  3.273000E+00  2.89445338E-057
  3.311000E+00  1.60264519E-056
  3.350000E+00  1.11773403E-056
  3.388000E+00  1.70705488E-056
  3.428000E+00  3.64799475E-056
  3.467000E+00  8.42478889E-056
  3.507000E+00  2.04454496E-055
  3.548000E+00  5.08582393E-055
  3.589000E+00  1.25424314E-054
  3.631000E+00  3.11773115E-054
  3.673000E+00  7.62247075E-054
  3.715000E+00  1.83135862E-053
  3.758000E+00  4.41032577E-053
  3.802000E+00  1.06352615E-052
  3.846000E+00  2.51615125E-052
  3.891000E+00  5.95440074E-052
  3.935000E+00  1.35740226E-051
  3.981000E+00  3.15241228E-051
  4.027000E+00  7.18701957E-051
  4.074000E+00  1.63745912E-050
  4.121000E+00  3.66402444E-050
  4.169000E+00  8.19176325E-050
  4.217000E+00  1.79985404E-049
  4.266000E+00  3.95086796E-049
  4.315000E+00  8.52920271E-049
  4.365000E+00  1.83959617E-048
  4.416000E+00  3.96309053E-048
  4.467000E+00  8.40382277E-048
  4.519000E+00  1.78061335E-047
  4.571000E+00  3.71715389E-047
  4.624000E+00  7.75839980E-047
  4.677000E+00  1.59751527E-046
  4.732000E+00  3.33692033E-046
  4.786000E+00  6.79839956E-046
  4.842000E+00  1.40803192E-045
  4.898000E+00  2.89445226E-045
  4.955000E+00  6.00892461E-045
  5.012000E+00  1.25298087E-044
  5.070000E+00  2.69722854E-044
  5.129000E+00  6.16911515E-044
  5.188000E+00  1.53859490E-043
  5.248000E+00  3.96548619E-043
  5.309000E+00  7.20252951E-043
  5.370000E+00  1.06157809E-042
  5.432000E+00  1.78990276E-042
  5.495000E+00  3.47454922E-042
  5.559000E+00  7.62975210E-042
  5.623000E+00  1.87460055E-041
  5.688000E+00  4.49531130E-041
  5.754000E+00  7.40433270E-041
  5.821000E+00  1.11559790E-040
  5.888000E+00  1.99715787E-040
  5.957000E+00  4.26408363E-040
  6.026000E+00  1.04810442E-039
  6.095000E+00  3.01080486E-039
  6.166000E+00  9.97836463E-039
  6.237000E+00  2.14696876E-038
  6.310000E+00  2.12351519E-038
  6.383000E+00  2.08536758E-038
  6.457000E+00  2.59576927E-038
  6.531000E+00  3.90077320E-038
  6.607000E+00  6.55834950E-038
  6.683000E+00  1.10228227E-037
  6.761000E+00  1.76369877E-037
  6.839000E+00  2.72417192E-037
  6.918000E+00  4.32138698E-037
  6.998000E+00  7.20703746E-037
  7.080000E+00  1.26736790E-036
  7.161000E+00  2.27256197E-036
  7.244000E+00  4.20317141E-036
  7.328000E+00  7.95921326E-036
  7.413000E+00  1.56440724E-035
  7.499000E+00  3.20208438E-035
  7.586000E+00  6.09440209E-035
  7.674000E+00  9.27585240E-035
  7.762000E+00  1.33513363E-034
  7.852000E+00  1.91021973E-034
  7.943000E+00  2.31369581E-034
  8.035000E+00  2.50576810E-034
  8.128000E+00  2.77411836E-034
  8.222000E+00  3.34505322E-034
  8.318000E+00  4.42672987E-034
  8.414000E+00  6.31274985E-034
  8.511000E+00  1.01699590E-033
  8.610000E+00  1.60301953E-033
  8.710000E+00  1.79610369E-033
  8.811000E+00  1.75857959E-033
  8.913000E+00  1.83664594E-033
  9.016000E+00  2.06595959E-033
  9.120000E+00  2.44436373E-033
  9.226000E+00  2.99387208E-033
  9.333000E+00  3.74815735E-033
  9.441000E+00  4.76376569E-033
  9.550000E+00  6.12102401E-033
  9.660000E+00  7.92976908E-033
  9.772000E+00  1.03659905E-032
  9.885000E+00  1.36278969E-032
  1.000000E+01  1.80551485E-032
  1.012000E+01  2.42938201E-032
  1.023000E+01  3.20083327E-032
  1.035000E+01  4.35062210E-032
  1.047000E+01  5.97716339E-032
  1.059000E+01  8.38934845E-032
  1.072000E+01  1.24050750E-031
  1.084000E+01  1.82928160E-031
  1.097000E+01  3.11193139E-031
  1.109000E+01  6.19616026E-031
  1.122000E+01  1.95014618E-030
  1.135000E+01  1.99292886E-030
  1.148000E+01  1.69791345E-030
  1.161000E+01  1.55970720E-030
  1.175000E+01  1.85370823E-030
  1.189000E+01  2.62289943E-030
  1.202000E+01  3.46655752E-030
  1.216000E+01  4.08009675E-030
  1.230000E+01  5.08584434E-030
  1.244000E+01  7.41614781E-030
  1.259000E+01  1.14828366E-029
  1.273000E+01  1.34406489E-029
  1.288000E+01  1.22362060E-029
  1.303000E+01  1.24028182E-029
  1.318000E+01  1.42181518E-029
  1.334000E+01  1.84405240E-029
  1.349000E+01  2.33523124E-029
  1.365000E+01  2.57323473E-029
  1.380000E+01  2.77187270E-029
  1.396000E+01  3.21416898E-029
  1.412000E+01  4.04628537E-029
  1.429000E+01  4.75564091E-029
  1.445000E+01  5.23918634E-029
  1.462000E+01  6.09878023E-029
  1.479000E+01  7.23309715E-029
  1.496000E+01  8.62159057E-029
  1.514000E+01  1.03914115E-028
  1.531000E+01  1.23894016E-028
  1.549000E+01  1.49266505E-028
  1.567000E+01  1.80499724E-028
  1.585000E+01  2.21170079E-028
  1.603000E+01  2.68116984E-028
  1.622000E+01  3.43388005E-028
  1.641000E+01  5.40843484E-028
  1.660000E+01  5.66409017E-028
  1.679000E+01  6.50182005E-028
  1.698000E+01  7.85614750E-028
  1.718000E+01  9.07952027E-028
  1.738000E+01  1.05291712E-027
  1.758000E+01  1.03126648E-027
  1.778000E+01  1.11879938E-027
  1.799000E+01  1.20748795E-027
  1.820000E+01  1.29299982E-027
  1.841000E+01  1.42509771E-027
  1.862000E+01  1.58226949E-027
  1.884000E+01  1.76689504E-027
  1.906000E+01  1.96742058E-027
  1.927000E+01  2.17185534E-027
  1.950000E+01  2.41166214E-027
  1.972000E+01  2.65901838E-027
  1.995000E+01  2.93844930E-027
  2.018000E+01  3.24036738E-027
  2.042000E+01  3.58014755E-027
  2.065000E+01  3.92989871E-027
  2.089000E+01  4.32043498E-027
  2.114000E+01  4.75531606E-027
  2.138000E+01  5.20005578E-027
  2.163000E+01  5.69215272E-027
  2.188000E+01  6.21390861E-027
  2.213000E+01  6.76553951E-027
  2.239000E+01  7.37121365E-027
  2.265000E+01  8.00951522E-027
  2.291000E+01  8.68061833E-027
  2.317000E+01  9.38446471E-027
  2.344000E+01  1.01501384E-026
  2.371000E+01  1.09508073E-026
  2.399000E+01  1.18180051E-026
  2.427000E+01  1.27225444E-026
  2.455000E+01  1.36636179E-026
  2.483000E+01  1.46410994E-026
  2.512000E+01  1.56908788E-026
  2.541000E+01  1.67778113E-026
  2.570000E+01  1.79015051E-026
  2.600000E+01  1.91008768E-026
  2.630000E+01  2.03373531E-026
  2.661000E+01  2.16525802E-026
  2.692000E+01  2.30034578E-026
  2.723000E+01  2.43902560E-026
  2.754000E+01  2.58095823E-026
  2.786000E+01  2.73084534E-026
  2.818000E+01  2.88387971E-026
  2.851000E+01  3.04482797E-026
  2.884000E+01  3.20878957E-026
  2.917000E+01  3.37543012E-026
  2.951000E+01  3.54967521E-026
  2.985000E+01  3.72646532E-026
  3.020000E+01  3.91066144E-026
  3.055000E+01  4.09689541E-026
  3.090000E+01  4.28482157E-026
  3.126000E+01  4.47973787E-026
  3.162000E+01  4.67582375E-026
  3.199000E+01  4.87848398E-026
  3.236000E+01  5.08172924E-026
  3.273000E+01  5.28561715E-026
  3.311000E+01  5.49509522E-026
  3.350000E+01  5.70995862E-026
  3.388000E+01  5.91879816E-026
  3.428000E+01  6.13793761E-026
  3.467000E+01  6.35070285E-026
  3.508000E+01  6.57268616E-026
  3.548000E+01  6.78738032E-026
  3.589000E+01  7.00538830E-026
  3.631000E+01  7.22670222E-026
  3.673000E+01  7.44509541E-026
  3.715000E+01  7.66043999E-026
  3.758000E+01  7.87763844E-026
  3.802000E+01  8.09583701E-026
  3.846000E+01  8.31000519E-026
  3.890000E+01  8.52034704E-026
  3.935000E+01  8.73019628E-026
  3.981000E+01  8.94041741E-026
  4.027000E+01  9.14475052E-026
  4.074000E+01  9.34803361E-026
  4.121000E+01  9.54618265E-026
  4.169000E+01  9.74163437E-026
  4.217000E+01  9.93140061E-026
  4.266000E+01  1.01188222E-025
  4.315000E+01  1.02987705E-025
  4.365000E+01  1.04756054E-025
  4.416000E+01  1.06489419E-025
  4.467000E+01  1.08151262E-025
  4.519000E+01  1.09767029E-025
  4.571000E+01  1.11310894E-025
  4.624000E+01  1.12801336E-025
  4.677000E+01  1.14215978E-025
  4.731000E+01  1.15578470E-025
  4.786000E+01  1.16884691E-025
  4.842000E+01  1.18128156E-025
  4.898000E+01  1.19294846E-025
  4.954000E+01  1.20382952E-025
  5.012000E+01  1.21426749E-025
  5.070000E+01  1.22382940E-025
  5.129000E+01  1.23271277E-025
  5.188000E+01  1.24084746E-025
  5.248000E+01  1.24831964E-025
  5.309000E+01  1.25499330E-025
  5.370000E+01  1.26092091E-025
  5.433000E+01  1.26624953E-025
  5.495000E+01  1.27074551E-025
  5.559000E+01  1.27456153E-025
  5.623000E+01  1.27755380E-025
  5.688000E+01  1.28000863E-025
  5.754000E+01  1.28167188E-025
  5.821000E+01  1.28259923E-025
  5.888000E+01  1.28281711E-025
  5.957000E+01  1.28242479E-025
  6.026000E+01  1.28133514E-025
  6.095000E+01  1.27954950E-025
  6.166000E+01  1.27705413E-025
  6.237000E+01  1.27396915E-025
  6.310000E+01  1.27036072E-025
  6.383000E+01  1.26593984E-025
  6.457000E+01  1.26093549E-025
  6.531000E+01  1.25541949E-025
  6.607000E+01  1.24927344E-025
  6.683000E+01  1.24270213E-025
  6.761000E+01  1.23548308E-025
  6.839000E+01  1.22768992E-025
  6.918000E+01  1.21936499E-025
  6.998000E+01  1.21071515E-025
  7.079000E+01  1.20149859E-025
  7.161000E+01  1.19173545E-025
  7.244000E+01  1.18150786E-025
  7.328000E+01  1.17096380E-025
  7.413000E+01  1.15996134E-025
  7.499000E+01  1.14849573E-025
  7.586000E+01  1.13665140E-025
  7.674000E+01  1.12465360E-025
  7.762000E+01  1.11220852E-025
  7.852000E+01  1.09938674E-025
  7.943000E+01  1.08625931E-025
  8.035000E+01  1.07281027E-025
  8.128000E+01  1.05925111E-025
  8.222000E+01  1.04522138E-025
  8.318000E+01  1.03106674E-025
  8.414000E+01  1.01668189E-025
  8.511000E+01  1.00214128E-025
  8.610000E+01  9.87385464E-026
  8.710000E+01  9.72463066E-026
  8.811000E+01  9.57271689E-026
  8.912000E+01  9.42109491E-026
  9.016000E+01  9.26654848E-026
  9.120000E+01  9.11277248E-026
  9.226000E+01  8.95650977E-026
  9.332000E+01  8.80345977E-026
  9.441000E+01  8.64497120E-026
  9.550000E+01  8.48749922E-026
  9.661000E+01  8.32868874E-026
  9.772000E+01  8.17340504E-026
  9.886000E+01  8.01426939E-026
  1.000000E+02  7.85699073E-026
  1.012000E+02  7.69458591E-026
  1.023000E+02  7.54717687E-026
  1.035000E+02  7.38783399E-026
  1.047000E+02  7.23032494E-026
  1.059000E+02  7.07716589E-026
  1.072000E+02  6.91387074E-026
  1.084000E+02  6.76472449E-026
  1.097000E+02  6.60808040E-026
  1.109000E+02  6.46360228E-026
  1.122000E+02  6.31196234E-026
  1.135000E+02  6.16234248E-026
  1.148000E+02  6.01765514E-026
  1.161000E+02  5.87341662E-026
  1.175000E+02  5.72285856E-026
  1.188000E+02  5.58620934E-026
  1.202000E+02  5.44219883E-026
  1.216000E+02  5.30176967E-026
  1.230000E+02  5.16464249E-026
  1.244000E+02  5.03089115E-026
  1.259000E+02  4.89097169E-026
  1.273000E+02  4.76410935E-026
  1.288000E+02  4.63144031E-026
  1.303000E+02  4.50284256E-026
  1.318000E+02  4.37758473E-026
  1.334000E+02  4.24776327E-026
  1.349000E+02  4.12969688E-026
  1.365000E+02  4.00678602E-026
  1.380000E+02  3.89558254E-026
  1.396000E+02  3.78039624E-026
  1.412000E+02  3.66810448E-026
  1.429000E+02  3.55327694E-026
  1.445000E+02  3.44820756E-026
  1.462000E+02  3.34028988E-026
  1.479000E+02  3.23614123E-026
  1.496000E+02  3.13506621E-026
  1.514000E+02  3.03185576E-026
  1.531000E+02  2.93766296E-026
  1.549000E+02  2.84137330E-026
  1.567000E+02  2.74843743E-026
  1.585000E+02  2.65884555E-026
  1.603000E+02  2.57212896E-026
  1.622000E+02  2.48403934E-026
  1.641000E+02  2.39952068E-026
  1.660000E+02  2.31787822E-026
  1.679000E+02  2.23927326E-026
  1.698000E+02  2.16346522E-026
  1.718000E+02  2.08712704E-026
  1.738000E+02  2.01338050E-026
  1.758000E+02  1.94273173E-026
  1.778000E+02  1.87472257E-026
  1.799000E+02  1.80607007E-026
  1.820000E+02  1.74033032E-026
  1.841000E+02  1.67714682E-026
  1.862000E+02  1.61664279E-026
  1.884000E+02  1.55585211E-026
  1.906000E+02  1.49766464E-026
  1.928000E+02  1.44184425E-026
  1.950000E+02  1.38828157E-026
  1.972000E+02  1.33715869E-026
  1.995000E+02  1.28591506E-026
  2.018000E+02  1.23678885E-026
  2.042000E+02  1.18781541E-026
  2.065000E+02  1.14305463E-026
  2.089000E+02  1.09834019E-026
  2.114000E+02  1.05389462E-026
  2.138000E+02  1.01309962E-026
  2.163000E+02  9.72530006E-027
  2.188000E+02  9.33827382E-027
  2.213000E+02  8.96920545E-027
  2.239000E+02  8.60282754E-027
  2.265000E+02  8.25303543E-027
  2.291000E+02  7.91980770E-027
  2.317000E+02  7.60229099E-027
  2.344000E+02  7.28816192E-027
  2.371000E+02  6.98827561E-027
  2.399000E+02  6.69251849E-027
  2.427000E+02  6.41187601E-027
  2.455000E+02  6.14451306E-027
  2.483000E+02  5.88997953E-027
  2.512000E+02  5.63871053E-027
  2.541000E+02  5.39994409E-027
  2.570000E+02  5.17300257E-027
  2.600000E+02  4.95053659E-027
  2.630000E+02  4.73839046E-027
  2.661000E+02  4.53052134E-027
  2.691000E+02  4.33919179E-027
  2.723000E+02  4.14568531E-027
  2.754000E+02  3.96718014E-027
  2.786000E+02  3.79335451E-027
  2.818000E+02  3.62795074E-027
  2.851000E+02  3.46627433E-027
  2.884000E+02  3.31271664E-027
  2.917000E+02  3.16741746E-027
  2.951000E+02  3.02447064E-027
  2.985000E+02  2.89021727E-027
  3.020000E+02  2.75891921E-027
  3.055000E+02  2.63446701E-027
  3.090000E+02  2.51690507E-027
  3.126000E+02  2.40197326E-027
  3.162000E+02  2.29342615E-027
  3.199000E+02  2.18750501E-027
  3.236000E+02  2.08751093E-027
  3.273000E+02  1.99293346E-027
  3.311000E+02  1.90128318E-027
  3.350000E+02  1.81196684E-027
  3.388000E+02  1.72956495E-027
  3.428000E+02  1.64777043E-027
  3.467000E+02  1.57247003E-027
  3.508000E+02  1.49751675E-027
  3.548000E+02  1.42843828E-027
  3.589000E+02  1.36175785E-027
  3.631000E+02  1.29700638E-027
  3.673000E+02  1.23589497E-027
  3.715000E+02  1.17814012E-027
  3.758000E+02  1.12234963E-027
  3.802000E+02  1.06848346E-027
  3.846000E+02  1.01763243E-027
  3.890000E+02  9.69686242E-028
  3.935000E+02  9.23281229E-028
  3.981000E+02  8.78647554E-028
  4.027000E+02  8.36510383E-028
  4.074000E+02  7.95954875E-028
  4.121000E+02  7.57683705E-028
  4.169000E+02  7.20760620E-028
  4.217000E+02  6.86137271E-028
  4.266000E+02  6.52608601E-028
  4.315000E+02  6.21123351E-028
  4.365000E+02  5.90802470E-028
  4.416000E+02  5.61728423E-028
  4.467000E+02  5.34290083E-028
  4.519000E+02  5.07992259E-028
  4.571000E+02  4.83171690E-028
  4.624000E+02  4.59377026E-028
  4.677000E+02  4.36964908E-028
  4.731000E+02  4.15423231E-028
  4.786000E+02  3.94811028E-028
  4.842000E+02  3.75046644E-028
  4.898000E+02  3.56438349E-028
  4.955000E+02  3.38627208E-028
  5.012000E+02  3.21877327E-028
  5.070000E+02  3.05825959E-028
  5.129000E+02  2.90481536E-028
  5.188000E+02  2.76038180E-028
  5.248000E+02  2.62221722E-028
  5.309000E+02  2.49007273E-028
  5.370000E+02  2.36581701E-028
  5.432000E+02  2.24705648E-028
  5.495000E+02  2.13359378E-028
  5.559000E+02  2.02530273E-028
  5.623000E+02  1.92340433E-028
  5.688000E+02  1.82621469E-028
  5.754000E+02  1.73357553E-028
  5.821000E+02  1.64498078E-028
  5.888000E+02  1.56191034E-028
  5.957000E+02  1.48144597E-028
  6.026000E+02  1.40594945E-028
  6.095000E+02  1.33496884E-028
  6.166000E+02  1.26625640E-028
  6.237000E+02  1.20187937E-028
  6.310000E+02  1.13970260E-028
  6.383000E+02  1.08133773E-028
  6.457000E+02  1.02573296E-028
  6.531000E+02  9.73580472E-029
  6.607000E+02  9.23174236E-029
  6.683000E+02  8.75946722E-029
  6.761000E+02  8.30399019E-029
  6.839000E+02  7.87722646E-029
  6.918000E+02  7.47148955E-029
  6.998000E+02  7.08540580E-029
  7.080000E+02  6.71408233E-029
  7.161000E+02  6.37010508E-029
  7.244000E+02  6.03891061E-029
  7.328000E+02  5.72522249E-029
  7.413000E+02  5.42748544E-029
  7.499000E+02  5.14431327E-029
  7.586000E+02  4.87570659E-029
  7.674000E+02  4.62083809E-029
  7.762000E+02  4.38168286E-029
  7.852000E+02  4.15275946E-029
  7.943000E+02  3.93513284E-029
  8.035000E+02  3.72918145E-029
  8.128000E+02  3.53383523E-029
  8.222000E+02  3.34941296E-029
  8.318000E+02  3.17217271E-029
  8.414000E+02  3.00599576E-029
  8.511000E+02  2.84865354E-029
  8.610000E+02  2.69858361E-029
  8.710000E+02  2.55558765E-029
  8.810000E+02  2.42225396E-029
  8.912000E+02  2.29414525E-029
  9.016000E+02  2.17244748E-029
  9.120000E+02  2.05833301E-029
  9.226000E+02  1.94908155E-029
  9.333000E+02  1.84565657E-029
  9.441000E+02  1.74831170E-029
  9.550000E+02  1.65582176E-029
  9.660000E+02  1.56861687E-029
  9.772000E+02  1.48552116E-029
  9.885000E+02  1.40671195E-029
  1.000000E+03  1.33146036E-029
  1.012000E+03  1.25829491E-029
  1.023000E+03  1.19537461E-029
  1.035000E+03  1.13105979E-029
  1.047000E+03  1.07069381E-029
  1.059000E+03  1.01418820E-029
  1.072000E+03  9.57028101E-030
  1.084000E+03  9.07621103E-030
  1.096000E+03  8.61333445E-030
  1.109000E+03  8.14145234E-030
  1.122000E+03  7.70132161E-030
  1.135000E+03  7.28973374E-030
  1.148000E+03  6.90435093E-030
  1.161000E+03  6.54211908E-030
  1.175000E+03  6.17796676E-030
  1.188000E+03  5.86114350E-030
  1.202000E+03  5.54197966E-030
  1.216000E+03  5.24254103E-030
  1.230000E+03  4.96325671E-030
  1.244000E+03  4.70076757E-030
  1.259000E+03  4.43755418E-030
  1.274000E+03  4.19262941E-030
  1.288000E+03  3.97825398E-030
  1.303000E+03  3.76319089E-030
  1.318000E+03  3.56211143E-030
  1.334000E+03  3.36108287E-030
  1.349000E+03  3.18513819E-030
  1.365000E+03  3.00900288E-030
  1.380000E+03  2.85506873E-030
  1.396000E+03  2.70081075E-030
  1.412000E+03  2.55629907E-030
  1.429000E+03  2.41297962E-030
  1.445000E+03  2.28670938E-030
  1.462000E+03  2.16113483E-030
  1.479000E+03  2.04382724E-030
  1.496000E+03  1.93412199E-030
  1.514000E+03  1.82549688E-030
  1.531000E+03  1.72961411E-030
  1.549000E+03  1.63445708E-030
  1.567000E+03  1.54559695E-030
  1.585000E+03  1.46241619E-030
  1.603000E+03  1.38460616E-030
  1.622000E+03  1.30780658E-030
  1.641000E+03  1.23607281E-030
  1.660000E+03  1.16892583E-030
  1.679000E+03  1.10615094E-030
  1.698000E+03  1.04735540E-030
  1.718000E+03  9.89539183E-031
  1.738000E+03  9.35444663E-031
  1.758000E+03  8.84895917E-031
  1.778000E+03  8.37569301E-031
  1.799000E+03  7.91079688E-031
  1.820000E+03  7.47670282E-031
  1.841000E+03  7.07061925E-031
  1.862000E+03  6.69125176E-031
  1.884000E+03  6.31921652E-031
  1.906000E+03  5.97221897E-031
  1.928000E+03  5.64761536E-031
  1.950000E+03  5.34311756E-031
  1.972000E+03  5.05944369E-031
  1.995000E+03  4.78130329E-031
  2.018000E+03  4.52118032E-031
  2.042000E+03  4.26783877E-031
  2.065000E+03  4.04075904E-031
  2.089000E+03  3.81920579E-031
  2.114000E+03  3.60391354E-031
  2.138000E+03  3.41056305E-031
  2.163000E+03  3.22216824E-031
  2.188000E+03  3.04634913E-031
  2.213000E+03  2.88172271E-031
  2.239000E+03  2.72157554E-031
  2.265000E+03  2.57221841E-031
  2.291000E+03  2.43283902E-031
  2.317000E+03  2.30185904E-031
  2.344000E+03  2.17495217E-031
  2.371000E+03  2.05651694E-031
  2.399000E+03  1.94148170E-031
  2.427000E+03  1.83412248E-031
  2.455000E+03  1.73400058E-031
  2.483000E+03  1.64018984E-031
  2.512000E+03  1.54958327E-031
  2.541000E+03  1.46471044E-031
  2.570000E+03  1.38530344E-031
  2.600000E+03  1.30867480E-031
  2.630000E+03  1.23716062E-031
  2.661000E+03  1.16801983E-031
  2.692000E+03  1.10349267E-031
  2.723000E+03  1.04311094E-031
  2.754000E+03  9.86760070E-032
  2.786000E+03  9.32266402E-032
  2.818000E+03  8.81461513E-032
  2.851000E+03  8.32465390E-032
  2.884000E+03  7.86616300E-032
  2.917000E+03  7.43874322E-032
  2.951000E+03  7.02658686E-032
  2.985000E+03  6.64061170E-032
  3.020000E+03  6.27029963E-032
  3.055000E+03  5.92560903E-032
  3.090000E+03  5.60305651E-032
  3.126000E+03  5.29230926E-032
  3.162000E+03  5.00180242E-032
  3.199000E+03  4.72330029E-032
  3.236000E+03  4.46356548E-032
  3.273000E+03  4.22080404E-032
  3.311000E+03  3.98719724E-032
  3.350000E+03  3.76391614E-032
  3.388000E+03  3.55979506E-032
  3.428000E+03  3.36009523E-032
  3.467000E+03  3.17795454E-032
  3.508000E+03  2.99886467E-032
  3.548000E+03  2.83591563E-032
  3.589000E+03  2.67953677E-032
  3.631000E+03  2.53001919E-032
  3.673000E+03  2.39052729E-032
  3.715000E+03  2.26035428E-032
  3.758000E+03  2.13540766E-032
  3.802000E+03  2.01597942E-032
  3.846000E+03  1.90470573E-032
  3.890000E+03  1.80066662E-032
  3.936000E+03  1.69922426E-032
  3.981000E+03  1.60635961E-032
  4.027000E+03  1.51777724E-032
  4.074000E+03  1.43315110E-032
  4.121000E+03  1.35435092E-032
  4.169000E+03  1.27890562E-032
  4.217000E+03  1.20858538E-032
  4.266000E+03  1.14152459E-032
  4.315000E+03  1.07878203E-032
  4.365000E+03  1.01907320E-032
  4.416000E+03  9.62221487E-033
  4.467000E+03  9.09066509E-033
  4.519000E+03  8.58495845E-033
  4.571000E+03  8.11265399E-033
  4.624000E+03  7.66298516E-033
  4.677000E+03  7.24282357E-033
  4.732000E+03  6.83529347E-033
  4.786000E+03  6.46202559E-033
  4.842000E+03  6.10059111E-033
  4.898000E+03  5.76283999E-033
  4.954000E+03  5.44756812E-033
  5.012000E+03  5.14243753E-033
  5.070000E+03  4.85769771E-033
  5.129000E+03  4.58701963E-033
  5.188000E+03  4.33455249E-033
  5.248000E+03  4.09457935E-033
  5.309000E+03  3.86647931E-033
  5.370000E+03  3.65373475E-033
  5.432000E+03  3.45168953E-033
  5.495000E+03  3.26003534E-033
  5.559000E+03  3.07819036E-033
  5.623000E+03  2.90830992E-033
  5.688000E+03  2.74726522E-033
  5.754000E+03  2.59443262E-033
  5.821000E+03  2.44975619E-033
  5.888000E+03  2.31464558E-033
  5.957000E+03  2.18468003E-033
  6.026000E+03  2.06350644E-033
  6.095000E+03  1.95020115E-033
  6.166000E+03  1.84114178E-033
  6.237000E+03  1.73950458E-033
  6.310000E+03  1.64193125E-033
  6.383000E+03  1.55070734E-033
  6.456000E+03  1.46572025E-033
  6.531000E+03  1.38409897E-033
  6.607000E+03  1.30675786E-033
  6.683000E+03  1.23455463E-033
  6.761000E+03  1.16559467E-033
  6.839000E+03  1.10105979E-033
  6.918000E+03  1.03994784E-033
  6.998000E+03  9.82317799E-034
  7.080000E+03  9.27151219E-034
  7.161000E+03  8.76186696E-034
  7.244000E+03  8.27422334E-034
  7.328000E+03  7.81334170E-034
  7.413000E+03  7.37816702E-034
  7.499000E+03  6.96791644E-034
  7.586000E+03  6.57953740E-034
  7.674000E+03  6.21312710E-034
  7.762000E+03  5.87103895E-034
  7.852000E+03  5.54390974E-034
  7.943000E+03  5.23585197E-034
  8.035000E+03  4.94457985E-034
  8.128000E+03  4.66910492E-034
  8.222000E+03  4.40975518E-034
  8.318000E+03  4.16280868E-034
  8.414000E+03  3.93187114E-034
  8.511000E+03  3.71394855E-034
  8.610000E+03  3.50643789E-034
  8.710000E+03  3.31060200E-034
  8.810000E+03  3.12785483E-034
  8.912000E+03  2.95446895E-034
  9.016000E+03  2.78848849E-034
  9.120000E+03  2.63376043E-034
  9.226000E+03  2.48660746E-034
  9.332000E+03  2.34891640E-034
  9.441000E+03  2.21746876E-034
  9.550000E+03  2.09451182E-034
  9.660000E+03  1.97852687E-034
  9.772000E+03  1.86819718E-034
  9.886000E+03  1.76330130E-034
  1.000000E+04  1.66549727E-034
  1.012000E+04  1.60338106E-034
  1.023000E+04  1.54915552E-034
  1.035000E+04  1.49278324E-034
  1.047000E+04  1.43914229E-034
  1.059000E+04  1.38806789E-034
  1.072000E+04  1.33545647E-034
  1.084000E+04  1.28925047E-034
  1.096000E+04  1.24517336E-034
  1.109000E+04  1.19968407E-034
  1.122000E+04  1.15640572E-034
  1.135000E+04  1.11520456E-034
  1.148000E+04  1.07595648E-034
  1.161000E+04  1.03854622E-034
  1.175000E+04  1.00019083E-034
  1.188000E+04  9.66263761E-035
  1.202000E+04  9.31436894E-035
  1.216000E+04  8.98278815E-035
  1.230000E+04  8.66690022E-035
  1.244000E+04  8.36578091E-035
  1.259000E+04  8.05856669E-035
  1.274000E+04  7.76633950E-035
  1.288000E+04  7.50631263E-035
  1.303000E+04  7.24054018E-035
  1.318000E+04  6.98726922E-035
  1.334000E+04  6.73006973E-035
  1.349000E+04  6.50037460E-035
  1.365000E+04  6.26683190E-035
  1.380000E+04  6.05801524E-035
  1.396000E+04  5.84545436E-035
  1.412000E+04  5.64279552E-035
  1.429000E+04  5.43767935E-035
  1.445000E+04  5.25367627E-035
  1.462000E+04  5.06722054E-035
  1.479000E+04  4.88954504E-035
  1.496000E+04  4.72013591E-035
  1.514000E+04  4.54924089E-035
  1.531000E+04  4.39538215E-035
  1.549000E+04  4.23999079E-035
  1.567000E+04  4.09188465E-035
  1.585000E+04  3.95063938E-035
  1.603000E+04  3.81586011E-035
  1.622000E+04  3.68020192E-035
  1.641000E+04  3.55093612E-035
  1.660000E+04  3.42768865E-035
  1.679000E+04  3.31011151E-035
  1.698000E+04  3.19788069E-035
  1.718000E+04  3.08518714E-035
  1.738000E+04  2.97775521E-035
  1.758000E+04  2.87527992E-035
  1.778000E+04  2.77747732E-035
  1.799000E+04  2.67952435E-035
  1.820000E+04  2.58614642E-035
  1.841000E+04  2.49707830E-035
  1.862000E+04  2.41207312E-035
  1.884000E+04  2.32712737E-035
  1.906000E+04  2.24614210E-035
  1.928000E+04  2.16888820E-035
  1.950000E+04  2.09515235E-035
  1.972000E+04  2.02473575E-035
  1.995000E+04  1.95446627E-035
  2.018000E+04  1.88742460E-035
  2.042000E+04  1.82071065E-035
  2.065000E+04  1.75970647E-035
  2.089000E+04  1.69893239E-035
  2.114000E+04  1.63857699E-035
  2.138000E+04  1.58330602E-035
  2.163000E+04  1.52835360E-035
  2.188000E+04  1.47592414E-035
  2.213000E+04  1.42587403E-035
  2.239000E+04  1.37620209E-035
  2.265000E+04  1.32881855E-035
  2.291000E+04  1.28359272E-035
  2.317000E+04  1.24040278E-035
  2.344000E+04  1.19758481E-035
  2.371000E+04  1.15672123E-035
  2.399000E+04  1.11629032E-035
  2.427000E+04  1.07772751E-035
  2.455000E+04  1.04092584E-035
  2.483000E+04  1.00578563E-035
  2.512000E+04  9.71042836E-036
  2.541000E+04  9.37886318E-036
  2.570000E+04  9.06226337E-036
  2.600000E+04  8.74960426E-036
  2.630000E+04  8.45120101E-036
  2.661000E+04  8.15697263E-036
  2.692000E+04  7.87627888E-036
  2.723000E+04  7.60834854E-036
  2.754000E+04  7.35246270E-036
  2.786000E+04  7.10024527E-036
  2.818000E+04  6.85945922E-036
  2.851000E+04  6.62244261E-036
  2.884000E+04  6.39624460E-036
  2.917000E+04  6.18025363E-036
  2.951000E+04  5.96779079E-036
  2.985000E+04  5.76497577E-036
  3.020000E+04  5.56570126E-036
  3.055000E+04  5.37552400E-036
  3.090000E+04  5.19392977E-036
  3.126000E+04  5.01559655E-036
  3.162000E+04  4.84534968E-036
  3.199000E+04  4.67832289E-036
  3.236000E+04  4.51889897E-036
  3.273000E+04  4.36664947E-036
  3.311000E+04  4.21733337E-036
  3.350000E+04  4.07109483E-036
  3.388000E+04  3.93504845E-036
  3.428000E+04  3.79832211E-036
  3.467000E+04  3.67105482E-036
  3.508000E+04  3.54332702E-036
  3.548000E+04  3.42437030E-036
  3.589000E+04  3.30790991E-036
  3.631000E+04  3.19402843E-036
  3.673000E+04  3.08532212E-036
  3.715000E+04  2.98149993E-036
  3.758000E+04  2.87998223E-036
  3.802000E+04  2.78082484E-036
  3.846000E+04  2.68617335E-036
  3.890000E+04  2.59577438E-036
  3.936000E+04  2.50555679E-036
  3.981000E+04  2.42130583E-036
