# Zubko/ZDA BARE-GR-S model SED (this work), Mathis ISRF U =  1.00
# solver = heuristic
# columns: lambda[um]  lamI_total/NH  lamI_PAH/NH  lamI_GRA/NH  lamI_SIL/NH
#          [erg s^-1 cm^-2 sr^-1 H^-1]
  1.000000E-03  0.00000000E+000  0.00000000E+000  0.00000000E+000  0.00000000E+000
  1.013520E-03  0.00000000E+000  0.00000000E+000  0.00000000E+000  0.00000000E+000
  1.027230E-03  0.00000000E+000  0.00000000E+000  0.00000000E+000  0.00000000E+000
  1.041120E-03  0.00000000E+000  0.00000000E+000  0.00000000E+000  0.00000000E+000
  1.055200E-03  0.00000000E+000  0.00000000E+000  0.00000000E+000  0.00000000E+000
  1.069470E-03  0.00000000E+000  0.00000000E+000  0.00000000E+000  0.00000000E+000
  1.083930E-03  0.00000000E+000  0.00000000E+000  0.00000000E+000  0.00000000E+000
  1.098580E-03  0.00000000E+000  0.00000000E+000  0.00000000E+000  0.00000000E+000
  1.113440E-03  0.00000000E+000  0.00000000E+000  0.00000000E+000  0.00000000E+000
  1.128500E-03  0.00000000E+000  0.00000000E+000  0.00000000E+000  0.00000000E+000
  1.143760E-03  0.00000000E+000  0.00000000E+000  0.00000000E+000  0.00000000E+000
  1.159220E-03  0.00000000E+000  0.00000000E+000  0.00000000E+000  0.00000000E+000
  1.174900E-03  0.00000000E+000  0.00000000E+000  0.00000000E+000  0.00000000E+000
  1.190780E-03  0.00000000E+000  0.00000000E+000  0.00000000E+000  0.00000000E+000
  1.206890E-03  0.00000000E+000  0.00000000E+000  0.00000000E+000  0.00000000E+000
  1.223210E-03  0.00000000E+000  0.00000000E+000  0.00000000E+000  0.00000000E+000
  1.239750E-03  0.00000000E+000  0.00000000E+000  0.00000000E+000  0.00000000E+000
  1.256510E-03  0.00000000E+000  0.00000000E+000  0.00000000E+000  0.00000000E+000
  1.273500E-03  0.00000000E+000  0.00000000E+000  0.00000000E+000  0.00000000E+000
  1.290720E-03  0.00000000E+000  0.00000000E+000  0.00000000E+000  0.00000000E+000
  1.308180E-03  0.00000000E+000  0.00000000E+000  0.00000000E+000  0.00000000E+000
  1.325870E-03  0.00000000E+000  0.00000000E+000  0.00000000E+000  0.00000000E+000
  1.343800E-03  0.00000000E+000  0.00000000E+000  0.00000000E+000  0.00000000E+000
  1.361970E-03  0.00000000E+000  0.00000000E+000  0.00000000E+000  0.00000000E+000
  1.380380E-03  0.00000000E+000  0.00000000E+000  0.00000000E+000  0.00000000E+000
  1.399050E-03  0.00000000E+000  0.00000000E+000  0.00000000E+000  0.00000000E+000
  1.417970E-03  0.00000000E+000  0.00000000E+000  0.00000000E+000  0.00000000E+000
  1.437140E-03  0.00000000E+000  0.00000000E+000  0.00000000E+000  0.00000000E+000
  1.456580E-03  0.00000000E+000  0.00000000E+000  0.00000000E+000  0.00000000E+000
  1.476270E-03  0.00000000E+000  0.00000000E+000  0.00000000E+000  0.00000000E+000
  1.496240E-03  0.00000000E+000  0.00000000E+000  0.00000000E+000  0.00000000E+000
  1.516470E-03  0.00000000E+000  0.00000000E+000  0.00000000E+000  0.00000000E+000
  1.536970E-03  0.00000000E+000  0.00000000E+000  0.00000000E+000  0.00000000E+000
  1.557760E-03  0.00000000E+000  0.00000000E+000  0.00000000E+000  0.00000000E+000
  1.578820E-03  0.00000000E+000  0.00000000E+000  0.00000000E+000  0.00000000E+000
  1.600170E-03  0.00000000E+000  0.00000000E+000  0.00000000E+000  0.00000000E+000
  1.621810E-03  0.00000000E+000  0.00000000E+000  0.00000000E+000  0.00000000E+000
  1.643740E-03  0.00000000E+000  0.00000000E+000  0.00000000E+000  0.00000000E+000
  1.665970E-03  0.00000000E+000  0.00000000E+000  0.00000000E+000  0.00000000E+000
  1.688500E-03  0.00000000E+000  0.00000000E+000  0.00000000E+000  0.00000000E+000
  1.711330E-03  0.00000000E+000  0.00000000E+000  0.00000000E+000  0.00000000E+000
  1.734470E-03  0.00000000E+000  0.00000000E+000  0.00000000E+000  0.00000000E+000
  1.757920E-03  0.00000000E+000  0.00000000E+000  0.00000000E+000  0.00000000E+000
  1.781690E-03  0.00000000E+000  0.00000000E+000  0.00000000E+000  0.00000000E+000
  1.805790E-03  0.00000000E+000  0.00000000E+000  0.00000000E+000  0.00000000E+000
  1.830210E-03  0.00000000E+000  0.00000000E+000  0.00000000E+000  0.00000000E+000
  1.854950E-03  0.00000000E+000  0.00000000E+000  0.00000000E+000  0.00000000E+000
  1.880040E-03  0.00000000E+000  0.00000000E+000  0.00000000E+000  0.00000000E+000
  1.905460E-03  0.00000000E+000  0.00000000E+000  0.00000000E+000  0.00000000E+000
  1.931230E-03  0.00000000E+000  0.00000000E+000  0.00000000E+000  0.00000000E+000
  1.957340E-03  0.00000000E+000  0.00000000E+000  0.00000000E+000  0.00000000E+000
  1.983810E-03  0.00000000E+000  0.00000000E+000  0.00000000E+000  0.00000000E+000
  2.010640E-03  0.00000000E+000  0.00000000E+000  0.00000000E+000  0.00000000E+000
  2.037820E-03  0.00000000E+000  0.00000000E+000  0.00000000E+000  0.00000000E+000
  2.065380E-03  0.00000000E+000  0.00000000E+000  0.00000000E+000  0.00000000E+000
  2.093310E-03  0.00000000E+000  0.00000000E+000  0.00000000E+000  0.00000000E+000
  2.121620E-03  0.00000000E+000  0.00000000E+000  0.00000000E+000  0.00000000E+000
  2.150300E-03  0.00000000E+000  0.00000000E+000  0.00000000E+000  0.00000000E+000
  2.179380E-03  0.00000000E+000  0.00000000E+000  0.00000000E+000  0.00000000E+000
  2.208850E-03  0.00000000E+000  0.00000000E+000  0.00000000E+000  0.00000000E+000
  2.238720E-03  0.00000000E+000  0.00000000E+000  0.00000000E+000  0.00000000E+000
  2.268990E-03  0.00000000E+000  0.00000000E+000  0.00000000E+000  0.00000000E+000
  2.299680E-03  0.00000000E+000  0.00000000E+000  0.00000000E+000  0.00000000E+000
  2.330770E-03  0.00000000E+000  0.00000000E+000  0.00000000E+000  0.00000000E+000
  2.362290E-03  0.00000000E+000  0.00000000E+000  0.00000000E+000  0.00000000E+000
  2.394230E-03  0.00000000E+000  0.00000000E+000  0.00000000E+000  0.00000000E+000
  2.426610E-03  0.00000000E+000  0.00000000E+000  0.00000000E+000  0.00000000E+000
  2.459420E-03  0.00000000E+000  0.00000000E+000  0.00000000E+000  0.00000000E+000
  2.492680E-03  0.00000000E+000  0.00000000E+000  0.00000000E+000  0.00000000E+000
  2.526390E-03  0.00000000E+000  0.00000000E+000  0.00000000E+000  0.00000000E+000
  2.560550E-03  0.00000000E+000  0.00000000E+000  0.00000000E+000  0.00000000E+000
  2.595180E-03  0.00000000E+000  0.00000000E+000  0.00000000E+000  0.00000000E+000
  2.630270E-03  0.00000000E+000  0.00000000E+000  0.00000000E+000  0.00000000E+000
  2.665840E-03  0.00000000E+000  0.00000000E+000  0.00000000E+000  0.00000000E+000
  2.701880E-03  0.00000000E+000  0.00000000E+000  0.00000000E+000  0.00000000E+000
  2.738420E-03  0.00000000E+000  0.00000000E+000  0.00000000E+000  0.00000000E+000
  2.775450E-03  0.00000000E+000  0.00000000E+000  0.00000000E+000  0.00000000E+000
  2.812980E-03  0.00000000E+000  0.00000000E+000  0.00000000E+000  0.00000000E+000
  2.851020E-03  0.00000000E+000  0.00000000E+000  0.00000000E+000  0.00000000E+000
  2.889570E-03  0.00000000E+000  0.00000000E+000  0.00000000E+000  0.00000000E+000
  2.928640E-03  0.00000000E+000  0.00000000E+000  0.00000000E+000  0.00000000E+000
  2.968250E-03  0.00000000E+000  0.00000000E+000  0.00000000E+000  0.00000000E+000
  3.008380E-03  0.00000000E+000  0.00000000E+000  0.00000000E+000  0.00000000E+000
  3.049070E-03  0.00000000E+000  0.00000000E+000  0.00000000E+000  0.00000000E+000
  3.090300E-03  0.00000000E+000  0.00000000E+000  0.00000000E+000  0.00000000E+000
  3.132080E-03  0.00000000E+000  0.00000000E+000  0.00000000E+000  0.00000000E+000
  3.174440E-03  0.00000000E+000  0.00000000E+000  0.00000000E+000  0.00000000E+000
  3.217360E-03  0.00000000E+000  0.00000000E+000  0.00000000E+000  0.00000000E+000
  3.260870E-03  0.00000000E+000  0.00000000E+000  0.00000000E+000  0.00000000E+000
  3.304960E-03  0.00000000E+000  0.00000000E+000  0.00000000E+000  0.00000000E+000
  3.349650E-03  0.00000000E+000  0.00000000E+000  0.00000000E+000  0.00000000E+000
  3.394950E-03  0.00000000E+000  0.00000000E+000  0.00000000E+000  0.00000000E+000
  3.440860E-03  0.00000000E+000  0.00000000E+000  0.00000000E+000  0.00000000E+000
  3.487390E-03  0.00000000E+000  0.00000000E+000  0.00000000E+000  0.00000000E+000
  3.534540E-03  0.00000000E+000  0.00000000E+000  0.00000000E+000  0.00000000E+000
  3.582340E-03  0.00000000E+000  0.00000000E+000  0.00000000E+000  0.00000000E+000
  3.630780E-03  0.00000000E+000  0.00000000E+000  0.00000000E+000  0.00000000E+000
  3.679880E-03  0.00000000E+000  0.00000000E+000  0.00000000E+000  0.00000000E+000
  3.729640E-03  0.00000000E+000  0.00000000E+000  0.00000000E+000  0.00000000E+000
  3.780070E-03  0.00000000E+000  0.00000000E+000  0.00000000E+000  0.00000000E+000
  3.831190E-03  0.00000000E+000  0.00000000E+000  0.00000000E+000  0.00000000E+000
  3.882990E-03  0.00000000E+000  0.00000000E+000  0.00000000E+000  0.00000000E+000
  3.935500E-03  0.00000000E+000  0.00000000E+000  0.00000000E+000  0.00000000E+000
  3.988720E-03  0.00000000E+000  0.00000000E+000  0.00000000E+000  0.00000000E+000
  4.042660E-03  0.00000000E+000  0.00000000E+000  0.00000000E+000  0.00000000E+000
  4.097320E-03  0.00000000E+000  0.00000000E+000  0.00000000E+000  0.00000000E+000
  4.152730E-03  0.00000000E+000  0.00000000E+000  0.00000000E+000  0.00000000E+000
  4.208880E-03  0.00000000E+000  0.00000000E+000  0.00000000E+000  0.00000000E+000
  4.265800E-03  9.43665384E-322  6.71929278E-322  0.00000000E+000  2.71736105E-322
  4.323480E-03  1.05997486E-317  8.41926398E-318  1.26233773E-320  2.16786124E-318
  4.381940E-03  1.83394332E-314  3.13789731E-315  4.70450790E-318  1.51968314E-314
  4.441200E-03  1.10223141E-310  1.54880568E-311  2.32205500E-314  9.47118633E-311
  4.501250E-03  6.11202557E-307  8.61541757E-308  1.29167098E-310  5.24919214E-307
  4.562120E-03  3.02017892E-303  4.27543971E-304  6.40997530E-307  2.59199395E-303
  4.623810E-03  1.33167851E-299  1.89293923E-300  2.83799902E-303  1.14210079E-299
  4.686340E-03  5.25268867E-296  7.49490818E-297  1.12367802E-299  4.50207417E-296
  4.749710E-03  1.85094513E-292  2.65035771E-293  3.97356263E-296  1.58551201E-292
  4.813930E-03  5.85020909E-289  8.42087906E-290  1.26250469E-292  5.00685868E-289
  4.879030E-03  1.66202281E-285  2.40584326E-286  3.60697307E-289  1.42107778E-285
  4.945000E-03  4.23466922E-282  6.16188154E-283  9.23823306E-286  3.61755724E-282
  5.011870E-03  9.73251810E-279  1.42004761E-279  2.12901379E-282  8.31034148E-279
  5.079640E-03  2.01441749E-275  2.94498041E-276  4.41527725E-279  1.71947792E-275
  5.148330E-03  3.76139281E-272  5.50905255E-273  8.25947579E-276  3.20966161E-272
  5.217950E-03  6.36189733E-269  9.36811114E-270  1.40451895E-272  5.42368170E-269
  5.288510E-03  9.73720546E-266  1.44272594E-266  2.16301439E-269  8.29231651E-266
  5.360020E-03  1.34879508E-262  2.00992774E-263  3.01339466E-266  1.14750097E-262
  5.432500E-03  1.69715101E-259  2.53852185E-260  3.80589213E-263  1.44291823E-259
  5.505960E-03  1.94076475E-256  2.90977651E-257  4.36249761E-260  1.64935085E-256
  5.580420E-03  2.01856648E-253  3.03307623E-254  4.54735535E-257  1.71480412E-253
  5.655880E-03  1.91181940E-250  2.88283520E-251  4.32210570E-254  1.62310367E-250
  5.732360E-03  1.65492501E-247  2.51342194E-248  3.76826093E-251  1.40320599E-247
  5.809870E-03  1.30648749E-244  1.99744000E-245  2.99467233E-248  1.10644403E-244
  5.888440E-03  9.43131553E-242  1.45081863E-242  2.17514739E-245  7.97832175E-242
  5.968060E-03  6.23374649E-239  9.62453705E-240  1.44296372E-242  5.26984982E-239
  6.048760E-03  3.77570686E-236  5.84649389E-237  8.76538633E-240  3.19018093E-236
  6.130560E-03  2.09797176E-233  3.25745114E-234  4.88375052E-237  1.77173827E-233
  6.213460E-03  1.07005380E-230  1.66684124E-231  2.49902037E-234  9.03119778E-231
  6.297480E-03  5.02707312E-228  7.88045973E-229  1.18148200E-231  4.23784567E-228
  6.382640E-03  2.17352088E-225  3.42664953E-226  5.13742197E-229  1.83034218E-225
  6.468940E-03  8.65186247E-223  1.37060343E-223  2.05488424E-226  7.27920416E-223
  6.556420E-03  3.18107146E-220  5.06698736E-221  7.59670673E-224  2.67361306E-220
  6.645080E-03  1.08110144E-217  1.73378061E-218  2.59937940E-221  9.07463437E-218
  6.734930E-03  3.39675781E-215  5.47543211E-216  8.20906929E-219  2.84839369E-215
  6.826010E-03  9.89948560E-213  1.60020274E-213  2.39911200E-216  8.29688374E-213
  6.918310E-03  2.67291110E-210  4.33114985E-211  6.49349794E-214  2.23914677E-210
  7.011860E-03  6.72614112E-208  1.08907922E-208  1.63280737E-211  5.63542909E-208
  7.106680E-03  1.57074997E-205  2.54212640E-206  3.81129531E-209  1.31615620E-205
  7.202780E-03  3.37004311E-203  5.52046270E-204  8.27657992E-207  2.81716918E-203
  7.300180E-03  6.71027586E-201  1.11427617E-201  1.67058372E-204  5.59432910E-201
  7.398890E-03  1.25104530E-198  2.09941475E-199  3.14755703E-202  1.04078907E-198
  7.498940E-03  2.19827950E-196  3.68294672E-197  5.52167390E-200  1.82943267E-196
  7.600350E-03  3.59339784E-194  6.02243399E-195  9.02915925E-198  2.99025152E-194
  7.703120E-03  5.38308091E-192  9.18075092E-193  1.37642770E-195  4.46362939E-192
  7.807280E-03  7.64613550E-190  1.31129601E-190  1.96596536E-193  6.33287352E-190
  7.912860E-03  1.04889628E-187  1.75556105E-188  2.63203077E-191  8.73076972E-188
  8.019860E-03  1.26879681E-185  2.19712190E-186  3.29404151E-189  1.04875522E-185
  8.128310E-03  1.42227356E-183  2.57425421E-184  3.85945705E-187  1.16446220E-183
  8.238220E-03  1.54435967E-181  2.82518587E-182  4.23566543E-185  1.26141752E-181
  8.349620E-03  1.58122839E-179  2.92230371E-180  4.38126767E-183  1.28855989E-179
  8.462530E-03  1.52026824E-177  2.84121481E-178  4.25969288E-181  1.23572079E-177
  8.576960E-03  1.37346380E-175  2.59358458E-176  3.88843081E-179  1.11371650E-175
  8.692940E-03  1.16987518E-173  2.22577628E-174  3.33699201E-177  9.46963855E-174
  8.810490E-03  9.38042296E-172  1.79727574E-172  2.69456096E-175  7.58045266E-172
  8.929630E-03  7.09468286E-170  1.37236555E-170  2.05751351E-173  5.72025979E-170
  9.050380E-03  5.06253851E-168  9.89793330E-169  1.48394200E-171  4.07126123E-168
  9.172760E-03  3.40824111E-166  6.73040891E-167  1.00905141E-169  2.73419117E-166
  9.296800E-03  2.19109480E-164  4.31968969E-165  6.47625200E-168  1.75847820E-164
  9.422510E-03  1.33142059E-162  2.61803132E-163  3.92505071E-166  1.06922495E-162
  9.549930E-03  7.65842848E-161  1.50150643E-161  2.25111022E-164  6.15467094E-161
  9.679060E-03  4.22386030E-159  8.19634719E-160  1.22882178E-162  3.40299676E-159
  9.809950E-03  2.24592307E-157  4.23593572E-158  6.35062923E-161  1.82169443E-157
  9.942600E-03  1.12183897E-155  2.07282452E-156  3.10762498E-159  9.14245759E-156
  1.007700E-02  5.04757492E-154  9.60308582E-155  1.43971110E-157  4.08582663E-154
  1.021330E-02  2.15818298E-152  4.23020165E-153  6.34196540E-156  1.73452862E-152
  1.035140E-02  8.67178174E-151  1.76892976E-151  2.65198703E-154  6.90019999E-151
  1.049140E-02  3.39126250E-149  7.07908438E-150  1.06129380E-152  2.68229277E-149
  1.063330E-02  1.30925622E-147  2.69256313E-148  4.03665705E-151  1.03959624E-147
  1.077710E-02  4.89432301E-146  9.73502527E-147  1.45945300E-149  3.91936103E-146
  1.092280E-02  1.71466681E-144  3.34630275E-145  5.01666322E-148  1.37953487E-144
  1.107050E-02  5.33712799E-143  1.09633948E-143  1.64358065E-146  4.23914493E-143
  1.122020E-02  1.61465561E-141  3.42375041E-142  5.13267578E-145  1.27176730E-141
  1.137190E-02  4.83136284E-140  1.02485236E-140  1.53637868E-143  3.80497411E-140
  1.152570E-02  1.46360915E-138  2.93791840E-139  4.40424358E-142  1.16937689E-138
  1.168150E-02  4.68757679E-137  8.02608237E-138  1.20317610E-140  3.88376537E-137
  1.183950E-02  1.05592515E-135  2.09858196E-136  3.14589894E-139  8.45752363E-136
  1.199960E-02  2.05879606E-134  5.24131692E-135  7.85690859E-138  1.53387868E-134
  1.216190E-02  4.62252642E-133  1.25301242E-133  1.87827085E-136  3.36763572E-133
  1.232630E-02  1.03536693E-131  2.86211820E-132  4.29023423E-135  7.48726090E-132
  1.249300E-02  2.22602011E-130  6.29379048E-131  9.43398636E-134  1.59569766E-130
  1.266190E-02  4.64752563E-129  1.32842387E-129  1.99116842E-132  3.31711059E-129
  1.283320E-02  9.27403338E-128  2.69322833E-128  4.03674735E-131  6.57676831E-128
  1.300670E-02  1.77797940E-126  5.22700944E-127  7.83424889E-130  1.25449503E-126
  1.318260E-02  3.36907621E-125  9.77925542E-126  1.46566267E-128  2.38968500E-125
  1.336080E-02  5.88498030E-124  1.75649782E-124  2.63243926E-127  4.12585004E-124
  1.354150E-02  9.79761003E-123  3.03521609E-123  4.54863463E-126  6.75784531E-123
  1.372460E-02  1.60440433E-121  5.03829544E-122  7.55011923E-125  1.09981978E-121
  1.391020E-02  2.54703565E-120  8.07474779E-121  1.20997323E-123  1.73835089E-120
  1.409830E-02  3.89482789E-119  1.24657831E-119  1.86784436E-122  2.64638174E-119
  1.428890E-02  5.74284454E-118  1.85145928E-118  2.77400430E-121  3.88861125E-118
  1.448220E-02  8.17611208E-117  2.65311125E-117  3.97482100E-120  5.51902600E-117
  1.467800E-02  1.12076328E-115  3.66752584E-116  5.49416348E-119  7.53461280E-116
  1.487650E-02  1.48351559E-114  4.90469700E-115  7.34689347E-118  9.92311198E-115
  1.507760E-02  1.89509146E-113  6.31953275E-114  9.46534335E-117  1.26219165E-113
  1.528150E-02  2.34046809E-112  7.86551701E-113  1.17797188E-115  1.55273842E-112
  1.548820E-02  2.79380017E-111  9.45700129E-112  1.41616380E-114  1.84668388E-111
  1.569760E-02  3.22469553E-110  1.10297933E-110  1.65148912E-113  2.12006471E-110
  1.590990E-02  3.60110117E-109  1.24422247E-109  1.86273156E-112  2.35501596E-109
  1.612500E-02  3.88729553E-108  1.35577002E-108  2.02944589E-111  2.52949607E-108
  1.634310E-02  4.06487589E-107  1.43028403E-107  2.14066114E-110  2.63245120E-107
  1.656410E-02  4.12311127E-106  1.46066315E-106  2.18577058E-109  2.66026236E-106
  1.678800E-02  4.09024442E-105  1.44983723E-105  2.16918695E-108  2.63823800E-105
  1.701510E-02  3.88527510E-104  1.39584751E-104  2.08801135E-107  2.48733958E-104
  1.724510E-02  3.56312202E-103  1.29978122E-103  1.94390911E-106  2.26139689E-103
  1.747830E-02  3.19216732E-102  1.17413505E-102  1.75560883E-105  2.01627666E-102
  1.771470E-02  2.78256226E-101  1.02903553E-101  1.53828527E-104  1.75198845E-101
  1.795420E-02  2.31998792E-100  8.79549162E-101  1.31448579E-103  1.43912427E-100
  1.819700E-02  1.88906887E-099  7.29793378E-100  1.09037757E-102  1.15818512E-099
  1.844310E-02  1.51315732E-098  5.87872046E-099  8.78076893E-102  9.24407201E-099
  1.869250E-02  1.18112714E-097  4.59785217E-098  6.86544327E-101  7.20655382E-098
  1.894520E-02  8.97952882E-097  3.49196406E-097  5.21240117E-100  5.48235236E-097
  1.920140E-02  6.65508843E-096  2.58824085E-096  3.86204488E-099  4.06298553E-096
  1.946110E-02  4.79819322E-095  1.87182352E-095  2.79197598E-098  2.92357772E-095
  1.972420E-02  3.36566917E-094  1.31534179E-094  1.96114052E-097  2.04836624E-094
  1.999090E-02  2.26786861E-093  8.99527723E-094  1.34059162E-096  1.36700029E-093
  2.026130E-02  1.47077075E-092  5.99136736E-093  8.92498906E-096  8.70741515E-093
  2.053530E-02  9.33385556E-092  3.88424100E-092  5.78329301E-095  5.44383127E-092
  2.081290E-02  5.81724379E-091  2.45810815E-091  3.65800468E-094  3.35547764E-091
  2.109440E-02  3.56356074E-090  1.52063524E-090  2.26166732E-093  2.04066383E-090
  2.137960E-02  2.13194639E-089  9.16201781E-090  1.36188668E-092  1.21438272E-089
  2.166870E-02  1.24616407E-088  5.38978336E-089  8.00667742E-092  7.06385064E-089
  2.196170E-02  7.26251782E-088  3.09808178E-088  4.59927641E-091  4.15983676E-088
  2.225870E-02  4.24786525E-087  1.73959265E-087  2.58073575E-090  2.50569186E-087
  2.255970E-02  2.39700100E-086  9.54655001E-087  1.41522303E-089  1.44093078E-086
  2.286480E-02  1.25403838E-085  5.11510221E-086  7.57700564E-089  7.41770462E-086
  2.317390E-02  5.87834011E-085  2.67992321E-085  3.96654501E-088  3.19445035E-085
  2.348730E-02  2.83479856E-084  1.37354999E-084  2.03124426E-087  1.45921733E-084
  2.380490E-02  1.37792919E-083  6.89140432E-084  1.01820077E-086  6.87770562E-084
  2.412680E-02  6.65130990E-083  3.38385575E-083  4.99488081E-086  3.26245928E-083
  2.445310E-02  3.15715339E-082  1.62481309E-082  2.39597942E-085  1.52994431E-082
  2.478370E-02  1.47163851E-081  7.62632252E-082  1.12341307E-084  7.07882841E-082
  2.511890E-02  6.72005343E-081  3.51636495E-081  5.17416204E-084  3.19851432E-081
  2.545850E-02  3.00556554E-080  1.58577176E-080  2.33069412E-083  1.41746308E-080
  2.580280E-02  1.31852877E-079  7.00328596E-080  1.02806500E-082  6.17172104E-080
  2.615170E-02  5.68126693E-079  3.03854758E-079  4.45485833E-082  2.63826449E-079
  2.650530E-02  2.39794009E-078  1.29134412E-078  1.89074580E-081  1.10470523E-078
  2.686380E-02  9.91837960E-078  5.37869373E-078  7.86437784E-081  4.53182149E-078
  2.722700E-02  4.02016746E-077  2.19962572E-077  3.21148161E-080  1.81733026E-077
  2.759520E-02  1.59784537E-076  8.82644664E-077  1.28671714E-079  7.13913985E-077
  2.796830E-02  6.23427405E-076  3.47139838E-076  5.05257811E-079  2.75782309E-076
  2.834650E-02  2.39492485E-075  1.34162531E-075  1.94948973E-078  1.05135005E-075
  2.872980E-02  9.03790017E-075  5.09698942E-075  7.39355881E-078  3.93351718E-075
  2.911830E-02  3.34758864E-074  1.89993681E-074  2.75104081E-077  1.44490079E-074
  2.951210E-02  1.21744898E-073  6.95162795E-074  1.00468395E-076  5.21281504E-074
  2.991120E-02  4.35740605E-073  2.50511323E-073  3.61344598E-076  1.84867937E-073
  3.031560E-02  1.53136966E-072  8.86141954E-073  1.27559898E-075  6.43952105E-073
  3.072560E-02  5.28943885E-072  3.07982633E-072  4.42402610E-075  2.20518849E-072
  3.114110E-02  1.79629856E-071  1.05241863E-071  1.50842557E-074  7.42371503E-072
  3.156220E-02  6.00278254E-071  3.53958650E-071  5.06167262E-074  2.45813436E-071
  3.198900E-02  1.97278563E-070  1.17066612E-070  1.67009785E-073  8.00449411E-071
  3.242150E-02  6.37676455E-070  3.80791537E-070  5.41905836E-073  2.56343012E-070
  3.285990E-02  2.02892025E-069  1.21911876E-069  1.73049042E-072  8.08070999E-070
  3.330430E-02  6.35562323E-069  3.84228086E-069  5.43947221E-072  2.50790290E-069
  3.375460E-02  1.95475531E-068  1.18714847E-068  1.67600134E-071  7.65930838E-069
  3.421110E-02  5.90983858E-068  3.60113580E-068  5.06951009E-071  2.30363327E-068
  3.467370E-02  1.71033233E-067  1.02658138E-067  1.44089354E-070  6.82310056E-068
  3.514260E-02  4.74026334E-067  2.74528910E-067  3.84142170E-070  1.99113282E-067
  3.561780E-02  1.32314801E-066  7.49715901E-067  1.04572727E-069  5.72386378E-067
  3.609940E-02  3.76184092E-066  2.13760251E-066  2.97178686E-069  1.62126663E-066
  3.658760E-02  1.05494427E-065  6.01393965E-066  8.33236678E-069  4.52717066E-066
  3.708230E-02  2.92164702E-065  1.67311452E-065  2.30994966E-068  1.24622254E-065
  3.758370E-02  7.97769155E-065  4.58887604E-065  6.31245099E-068  3.38250305E-065
  3.809200E-02  2.15061509E-064  1.24331870E-064  1.70386294E-067  9.05592518E-065
  3.860710E-02  5.71717416E-064  3.32151249E-064  4.53412519E-067  2.39112755E-064
  3.912910E-02  1.50436137E-063  8.79787211E-064  1.19614616E-066  6.23378016E-064
  3.965820E-02  3.91019202E-063  2.30283184E-063  3.11788179E-066  1.60424230E-063
  4.019450E-02  1.00327577E-062  5.95004437E-063  8.02137509E-066  4.07469196E-063
  4.073800E-02  2.54178991E-062  1.51825701E-062  2.03771947E-065  1.02149518E-062
  4.128890E-02  6.35660102E-062  3.82308270E-062  5.10764510E-065  2.52841067E-062
  4.184720E-02  1.58076724E-061  9.53853283E-062  1.26833162E-064  6.25645625E-062
  4.241310E-02  3.88207826E-061  2.34922061E-061  3.10852001E-064  1.52974912E-061
  4.298660E-02  9.47077255E-061  5.77595021E-061  7.60440343E-064  3.68721794E-061
  4.356790E-02  2.30146816E-060  1.42368635E-060  1.86465782E-063  8.75917154E-061
  4.415700E-02  5.51788873E-060  3.45802483E-060  4.50491010E-063  2.05535899E-060
  4.475420E-02  1.30086297E-059  8.24318866E-060  1.06795801E-062  4.75476143E-060
  4.535930E-02  3.02498800E-059  1.93630591E-059  2.49437213E-062  1.08618772E-059
  4.597270E-02  6.95543243E-059  4.49687225E-059  5.75905159E-062  2.45280113E-059
  4.659440E-02  1.59309224E-058  1.04526905E-058  1.33059454E-061  5.46492593E-059
  4.722440E-02  3.60480080E-058  2.39764086E-058  3.03321266E-061  1.20412673E-058
  4.786300E-02  8.06057278E-058  5.42998193E-058  6.82560897E-061  2.62376523E-058
  4.851020E-02  1.78085765E-057  1.21429967E-057  1.51641657E-060  5.65041566E-058
  4.916620E-02  3.89205594E-057  2.68402009E-057  3.32933253E-060  1.20470651E-057
  4.983100E-02  8.42433111E-057  5.87430112E-057  7.23676461E-060  2.54279322E-057
  5.050490E-02  1.80842872E-056  1.27527396E-056  1.56013137E-059  5.31594633E-057
  5.118780E-02  3.84390300E-056  2.73871424E-056  3.32700913E-059  1.10186175E-056
  5.188000E-02  8.09979737E-056  5.82540003E-056  7.02758885E-059  2.26736975E-056
  5.258150E-02  1.69387623E-055  1.22859628E-055  1.47217538E-058  4.63807773E-056
  5.329260E-02  3.51465391E-055  2.56746434E-055  3.05727960E-058  9.44132290E-056
  5.401320E-02  7.24232128E-055  5.31832057E-055  6.29906507E-058  1.91770164E-055
  5.474360E-02  1.48589072E-054  1.09301157E-054  1.28961387E-057  3.91589544E-055
  5.548390E-02  3.03462773E-054  2.23085342E-054  2.62849172E-057  8.01145818E-055
  5.623410E-02  6.17897739E-054  4.52635461E-054  5.34604549E-057  1.64727674E-054
  5.699460E-02  1.25546838E-053  9.08538380E-054  1.08173768E-056  3.45848258E-054
  5.776530E-02  2.55586234E-053  1.81755243E-053  2.19905426E-056  7.36110853E-054
  5.854640E-02  5.52112535E-053  3.92760690E-053  4.51956800E-056  1.58899889E-053
  5.933810E-02  1.18754374E-052  8.37090252E-053  9.44519086E-056  3.49508971E-053
  6.014050E-02  2.56312790E-052  1.77641849E-052  2.01679403E-055  7.84692618E-053
  6.095370E-02  5.56302001E-052  3.77161061E-052  4.41444948E-055  1.78699494E-052
  6.177790E-02  1.21761664E-051  8.04780453E-052  9.92451364E-055  4.11843732E-052
  6.261330E-02  2.68900559E-051  1.73253308E-051  2.31123273E-054  9.54161277E-052
  6.346000E-02  5.99747079E-051  3.77316745E-051  5.52027392E-054  2.21878306E-051
  6.431810E-02  1.35040849E-050  8.32370847E-051  1.34091617E-053  5.16696727E-051
  6.518790E-02  3.06473064E-050  1.85992160E-050  3.29397526E-053  1.20151506E-050
  6.606930E-02  6.97067797E-050  4.20202092E-050  8.28063924E-053  2.76037641E-050
  6.696280E-02  1.58642251E-049  9.54480214E-050  2.08139107E-052  6.29860901E-050
  6.786830E-02  3.62326774E-049  2.19232089E-049  5.20073085E-052  1.42574611E-049
  6.878600E-02  8.26766179E-049  5.05692399E-049  1.28780460E-051  3.19785976E-049
  6.971610E-02  1.86912119E-048  1.16248443E-048  3.08421475E-051  7.03552547E-049
  7.065890E-02  4.17919016E-048  2.64175537E-048  7.25357125E-051  1.53018123E-048
  7.161430E-02  9.19688424E-048  5.88867265E-048  1.67728792E-050  3.29143871E-048
  7.258270E-02  1.98478927E-047  1.28081671E-047  3.81255959E-050  7.00160000E-048
  7.356420E-02  4.18265284E-047  2.71243916E-047  8.44613815E-050  1.46176755E-047
  7.455900E-02  8.62469504E-047  5.60050275E-047  1.83402761E-049  3.00585201E-047
  7.556720E-02  1.74684445E-046  1.13161474E-046  3.92372542E-049  6.11305987E-047
  7.658910E-02  3.48632352E-046  2.24830483E-046  8.27349745E-049  1.22974519E-046
  7.762470E-02  6.86918290E-046  4.41076119E-046  1.71550010E-048  2.44126671E-046
  7.867440E-02  1.33309608E-045  8.57407419E-046  3.45721347E-048  4.72231450E-046
  7.973820E-02  2.56606293E-045  1.65488849E-045  6.89857626E-048  9.04275867E-046
  8.081650E-02  4.90405210E-045  3.17584711E-045  1.36370198E-047  1.71456797E-045
  8.190930E-02  9.30820164E-045  6.06258228E-045  2.67101208E-047  3.21890923E-045
  8.301690E-02  1.76005100E-044  1.15144080E-044  5.21645847E-047  6.03393743E-045
  8.413950E-02  3.32548893E-044  2.17549985E-044  1.02363699E-046  1.13975271E-044
  8.527730E-02  6.24099323E-044  4.08795834E-044  1.99415585E-046  2.13309333E-044
  8.643040E-02  1.16313872E-043  7.63714345E-044  3.85623009E-046  3.95568148E-044
  8.759920E-02  2.15265979E-043  1.41824627E-043  7.40234693E-046  7.27011176E-044
  8.878370E-02  3.95833335E-043  2.61700440E-043  1.40814875E-045  1.32724746E-043
  8.998430E-02  7.24801001E-043  4.79768227E-043  2.63436574E-045  2.42398408E-043
  9.120110E-02  1.31656302E-042  8.73622829E-043  4.86426068E-045  4.38075932E-043
  9.243430E-02  2.35500055E-042  1.57983362E-042  8.78191469E-045  7.66385021E-043
  9.368430E-02  4.17986663E-042  2.83713313E-042  1.56374876E-044  1.32709601E-042
  9.495110E-02  7.35892425E-042  5.05876031E-042  2.73670335E-044  2.27279691E-042
  9.623510E-02  1.28577583E-041  8.95599362E-042  4.63275344E-044  3.85543717E-042
  9.753640E-02  2.23006314E-041  1.57415095E-041  7.68135158E-044  6.48230838E-042
  9.885530E-02  3.83953544E-041  2.74693351E-041  1.26302444E-043  1.07997168E-041
  1.001920E-01  6.42469819E-041  4.62075459E-041  2.06379435E-043  1.78330566E-041
  1.015470E-01  1.08119111E-040  7.86932254E-041  3.39126749E-043  2.90867588E-041
  1.029200E-01  1.80242486E-040  1.32794347E-040  5.46644715E-043  4.69014945E-041
  1.043120E-01  2.97495880E-040  2.22143600E-040  8.54408469E-043  7.44978716E-041
  1.057220E-01  4.87751918E-040  3.68273051E-040  1.30975380E-042  1.18169113E-040
  1.071520E-01  7.94771250E-040  6.05520425E-040  1.98239807E-042  1.87268427E-040
  1.086010E-01  1.28548456E-039  9.87156304E-040  2.97506986E-042  2.95353183E-040
  1.100690E-01  2.06361610E-039  1.59579674E-039  4.39531142E-042  4.63424050E-040
  1.115580E-01  3.28946029E-039  2.55987943E-039  6.64743701E-042  7.22933431E-040
  1.130660E-01  5.20506086E-039  4.07259125E-039  1.05302190E-041  1.12193940E-039
  1.145950E-01  8.17491097E-039  6.43045785E-039  1.61703534E-041  1.72828277E-039
  1.161450E-01  1.27529750E-038  1.00778791E-038  2.51783376E-041  2.64991756E-039
  1.177150E-01  1.97463175E-038  1.56738385E-038  3.87309167E-041  4.03374809E-039
  1.193070E-01  3.03767143E-038  2.42079356E-038  5.94794095E-041  6.10929923E-039
  1.209210E-01  4.64155924E-038  3.71334774E-038  9.01225466E-041  9.19199250E-039
  1.225560E-01  7.04450420E-038  5.65646851E-038  1.36666417E-040  1.37436905E-038
  1.242130E-01  1.06228036E-037  8.56020888E-038  2.06670758E-040  2.04192767E-038
  1.258930E-01  1.59223353E-037  1.28754428E-037  3.12084635E-040  3.01568411E-038
  1.275950E-01  2.37197223E-037  1.92467995E-037  4.70928129E-040  4.42582998E-038
  1.293200E-01  3.51316463E-037  2.86067758E-037  7.16058868E-040  6.45326459E-038
  1.310690E-01  5.36138326E-037  4.41543215E-037  1.08794358E-039  9.35071672E-038
  1.328410E-01  7.91726335E-037  6.55421730E-037  1.65986184E-039  1.34644743E-037
  1.346380E-01  1.16473323E-036  9.69615204E-037  2.54068345E-039  1.92577340E-037
  1.364580E-01  1.70655481E-036  1.42917126E-036  3.88051977E-039  2.73503023E-037
  1.383040E-01  2.49210695E-036  2.10048743E-036  5.94054808E-039  3.85678973E-037
  1.401740E-01  3.62588608E-036  3.07739001E-036  9.06737668E-039  5.39428692E-037
  1.420690E-01  5.25529646E-036  4.49598643E-036  1.38467275E-038  7.45463307E-037
  1.439900E-01  7.58304176E-036  6.55223043E-036  2.11881189E-038  1.00962321E-036
  1.459370E-01  1.08968942E-035  9.52640134E-036  3.25247835E-038  1.33796808E-036
  1.479110E-01  1.56202779E-035  1.38220876E-035  5.02393190E-038  1.74795091E-036
  1.499110E-01  2.23519041E-035  2.00120357E-035  7.74804375E-038  2.26238796E-036
  1.519380E-01  3.19379100E-035  2.89206429E-035  1.19389722E-037  2.89787738E-036
  1.539930E-01  4.55648312E-035  4.17294294E-035  1.82735125E-037  3.65266673E-036
  1.560750E-01  6.49849412E-035  6.01117105E-035  2.78860342E-037  4.59437037E-036
  1.581860E-01  9.26765498E-035  8.64865458E-035  4.24134427E-037  5.76586963E-036
  1.603250E-01  1.32047751E-034  1.24273277E-034  6.41724162E-037  7.13274993E-036
  1.624930E-01  1.88267951E-034  1.78386483E-034  9.73825268E-037  8.90764292E-036
  1.646900E-01  2.68211819E-034  2.55826904E-034  1.46677150E-036  1.09181434E-035
  1.669170E-01  3.82317771E-034  3.66649046E-034  2.21284831E-036  1.34558768E-035
  1.691740E-01  5.44993070E-034  5.25207173E-034  3.32486363E-036  1.64610335E-035
  1.714620E-01  7.77140166E-034  7.51840729E-034  5.00283600E-036  2.02966011E-035
  1.737800E-01  1.10742822E-033  1.07487218E-033  7.50949476E-036  2.50465405E-035
  1.761300E-01  1.57734695E-033  1.53571095E-033  1.11995447E-035  3.04364553E-035
  1.785120E-01  2.24646332E-033  2.19353803E-033  1.66064177E-035  3.63188779E-035
  1.809260E-01  3.20148925E-033  3.13347970E-033  2.46375716E-035  4.33719797E-035
  1.833720E-01  4.56797965E-033  4.47838333E-033  3.67039066E-035  5.28924103E-035
  1.858520E-01  6.52562296E-033  6.40754762E-033  5.44396747E-035  6.36356604E-035
  1.883650E-01  9.33446932E-033  9.17867730E-033  8.04380856E-035  7.53539320E-035
  1.909120E-01  1.33743640E-032  1.31667981E-032  1.18494363E-034  8.90715411E-035
  1.934940E-01  1.91939598E-032  1.89133929E-032  1.73647001E-034  1.06919858E-034
  1.961100E-01  2.75646567E-032  2.71853656E-032  2.52619972E-034  1.26671119E-034
  1.987620E-01  3.95783760E-032  3.90660403E-032  3.64497633E-034  1.47838107E-034
  2.014500E-01  5.67119509E-032  5.60197894E-032  5.17770657E-034  1.74390801E-034
  2.041740E-01  8.08659781E-032  7.99363530E-032  7.21273489E-034  2.08351616E-034
  2.069350E-01  1.14323926E-031  1.13090393E-031  9.87211189E-034  2.46321122E-034
  2.097330E-01  1.59515982E-031  1.57903606E-031  1.32459517E-033  2.87781159E-034
  2.125690E-01  2.18620039E-031  2.16550194E-031  1.72660878E-033  3.43236608E-034
  2.154430E-01  2.93006733E-031  2.90410634E-031  2.18471798E-033  4.11380923E-034
  2.183570E-01  3.82993871E-031  3.79824780E-031  2.67437843E-033  4.94713143E-034
  2.213090E-01  4.87866139E-031  4.84101581E-031  3.16496550E-033  5.99592498E-034
  2.243020E-01  6.06965810E-031  6.02545963E-031  3.68596284E-033  7.33884113E-034
  2.273350E-01  7.40276188E-031  7.35101499E-031  4.27155014E-033  9.03138727E-034
  2.304090E-01  8.89312650E-031  8.83266757E-031  4.93152637E-033  1.11436667E-033
  2.335250E-01  1.05730824E-030  1.05028190E-030  5.64949838E-033  1.37684826E-033
  2.366830E-01  1.24912687E-030  1.24100047E-030  6.42306923E-033  1.70333288E-033
  2.398830E-01  1.47119617E-030  1.46177162E-030  7.32043762E-033  2.10410892E-033
  2.431270E-01  1.73151149E-030  1.72049617E-030  8.41211377E-033  2.60320960E-033
  2.464150E-01  2.03933651E-030  2.02642479E-030  9.70010227E-033  3.21162369E-033
  2.497470E-01  2.40559011E-030  2.39042573E-030  1.12137790E-032  3.95060725E-033
  2.531240E-01  2.84329016E-030  2.82538959E-030  1.30905776E-032  4.81000138E-033
  2.565470E-01  3.36764899E-030  3.34653471E-030  1.52782158E-032  5.83606317E-033
  2.600160E-01  3.99666460E-030  3.97169363E-030  1.79139438E-032  7.05701943E-033
  2.635320E-01  4.75165509E-030  4.72210342E-030  2.10468274E-032  8.50483952E-033
  2.670960E-01  5.65785650E-030  5.62301248E-030  2.46219300E-032  1.02220936E-032
  2.707070E-01  6.74453247E-030  6.70358922E-030  2.86907136E-032  1.22525292E-032
  2.743680E-01  8.04766691E-030  7.99964436E-030  3.33757250E-032  1.46468192E-032
  2.780780E-01  9.60874274E-030  9.55203837E-030  3.92593811E-032  1.74449921E-032
  2.818380E-01  1.14762929E-029  1.14096623E-029  4.59062575E-032  2.07243485E-032
  2.856490E-01  1.37080863E-029  1.36300607E-029  5.34682393E-032  2.45573266E-032
  2.895120E-01  1.63723833E-029  1.62808350E-029  6.25266781E-032  2.90216186E-032
  2.934270E-01  1.95477409E-029  1.94405879E-029  7.29464295E-032  3.42065646E-032
  2.973950E-01  2.33270787E-029  2.32018516E-029  8.50166977E-032  4.02104385E-032
  3.014160E-01  2.78172379E-029  2.76713878E-029  9.86957381E-032  4.71544125E-032
  3.054920E-01  3.18924363E-029  3.17231334E-029  1.14133079E-031  5.51698437E-032
  3.096230E-01  3.73924895E-029  3.71966200E-029  1.31470503E-031  6.43990016E-032
  3.138100E-01  4.37145292E-029  4.34875242E-029  1.52067767E-031  7.49372280E-032
  3.180530E-01  5.09540025E-029  5.06915767E-029  1.75429793E-031  8.69959828E-032
  3.223540E-01  5.92167420E-029  5.89142475E-029  2.01719849E-031  1.00774645E-031
  3.267130E-01  6.86095009E-029  6.82616710E-029  2.31349152E-031  1.16480824E-031
  3.311310E-01  7.92453841E-029  7.88447880E-029  2.66262539E-031  1.34333510E-031
  3.356090E-01  9.12307125E-029  9.07705080E-029  3.05606712E-031  1.54597759E-031
  3.401470E-01  1.04664322E-028  1.04136976E-028  3.49798997E-031  1.77547352E-031
  3.447470E-01  1.19629528E-028  1.19026369E-028  3.99683036E-031  2.03475172E-031
  3.494080E-01  1.36165538E-028  1.35475082E-028  4.57852748E-031  2.32603148E-031
  3.541330E-01  1.54253585E-028  1.53464936E-028  5.23265936E-031  2.65383111E-031
  3.589220E-01  1.73753890E-028  1.72855069E-028  5.96629188E-031  3.02191361E-031
  3.637750E-01  1.94332815E-028  1.93310691E-028  6.78686815E-031  3.43437303E-031
  3.686950E-01  2.15369130E-028  2.14209107E-028  7.70490317E-031  3.89532547E-031
  3.736800E-01  2.35786387E-028  2.34472589E-028  8.72847988E-031  4.40950227E-031
  3.787330E-01  2.54100719E-028  2.52615752E-028  9.86719643E-031  4.98247312E-031
  3.838550E-01  2.68916905E-028  2.67241840E-028  1.11314616E-030  5.61918054E-031
  3.890450E-01  2.80337596E-028  2.78451916E-028  1.25318486E-030  6.32495389E-031
  3.943060E-01  2.90998989E-028  2.88880252E-028  1.40803586E-030  7.10701019E-031
  3.996380E-01  3.04516162E-028  3.02140083E-028  1.57888619E-030  7.97193631E-031
  4.050420E-01  3.22996054E-028  3.20338393E-028  1.76538919E-030  8.92272146E-031
  4.105190E-01  3.46473668E-028  3.43506711E-028  1.96997465E-030  9.96982375E-031
  4.160700E-01  3.73672563E-028  3.70366379E-028  2.19404993E-030  1.11213436E-030
  4.216970E-01  4.03057434E-028  3.99379795E-028  2.43905354E-030  1.23858575E-030
  4.273990E-01  4.33656168E-028  4.29572706E-028  2.70629396E-030  1.37716742E-030
  4.331780E-01  4.64659487E-028  4.60133370E-028  2.99729419E-030  1.52882291E-030
  4.390360E-01  4.93932733E-028  4.88920489E-028  3.31761679E-030  1.69462692E-030
  4.449730E-01  5.17327667E-028  5.11780381E-028  3.67234476E-030  1.87494098E-030
  4.509900E-01  5.29470798E-028  5.23340587E-028  4.05904722E-030  2.07116379E-030
  4.570880E-01  5.26178768E-028  5.19415732E-028  4.47855027E-030  2.28448590E-030
  4.632690E-01  5.08229963E-028  5.00780986E-028  4.93288842E-030  2.51608806E-030
  4.695340E-01  4.82431277E-028  4.74240079E-028  5.42404114E-030  2.76715717E-030
  4.758830E-01  4.56353345E-028  4.47360566E-028  5.95388442E-030  3.03889472E-030
  4.823180E-01  4.32640597E-028  4.22783455E-028  6.52453284E-030  3.33260951E-030
  4.888400E-01  4.08950205E-028  3.98147661E-028  7.15308863E-030  3.64945472E-030
  4.954500E-01  3.81196115E-028  3.69353545E-028  7.85189697E-030  3.99067327E-030
  5.021500E-01  3.47410888E-028  3.34446842E-028  8.60611418E-030  4.35793199E-030
  5.089400E-01  3.10130925E-028  2.95959656E-028  9.41867120E-030  4.75259803E-030
  5.158220E-01  2.74318892E-028  2.58849785E-028  1.02929113E-029  5.17619637E-030
  5.227970E-01  2.43274378E-028  2.26412143E-028  1.12320099E-029  5.63022524E-030
  5.298670E-01  2.17395303E-028  1.99039568E-028  1.22394237E-029  6.11631131E-030
  5.370320E-01  1.95534345E-028  1.75580189E-028  1.33182120E-029  6.63594367E-030
  5.442940E-01  1.76542072E-028  1.54879499E-028  1.44718349E-029  7.19073848E-030
  5.516540E-01  1.60041812E-028  1.36545702E-028  1.57141094E-029  7.78200068E-030
  5.591140E-01  1.46156136E-028  1.20663786E-028  1.70821407E-029  8.41021006E-030
  5.666740E-01  1.34810195E-028  1.07186215E-028  1.85458313E-029  9.07814793E-030
  5.743370E-01  1.25674177E-028  9.57763062E-029  2.01101875E-029  9.78768308E-030
  5.821030E-01  1.18331558E-028  8.60114138E-029  2.17798766E-029  1.05402678E-029
  5.899750E-01  1.12457108E-028  7.75591472E-029  2.35601139E-029  1.13378465E-029
  5.979530E-01  1.07858511E-028  7.02210721E-029  2.54555902E-029  1.21818485E-029
  6.060380E-01  1.04397375E-028  6.38523801E-029  2.74710736E-029  1.30739213E-029
  6.142330E-01  1.01936608E-028  5.83084359E-029  2.96122104E-029  1.40159617E-029
  6.225390E-01  1.00344950E-028  5.34513877E-029  3.18840495E-029  1.50095123E-029
  6.309570E-01  9.95109950E-029  4.91634323E-029  3.42914468E-029  1.60561159E-029
  6.394890E-01  9.93483078E-029  4.53510325E-029  3.68397299E-029  1.71575454E-029
  6.481370E-01  9.97891430E-029  4.19393479E-029  3.95343365E-029  1.83154586E-029
  6.569010E-01  1.00781774E-028  3.88680481E-029  4.23826458E-029  1.95310797E-029
  6.657840E-01  1.02330051E-028  3.60864558E-029  4.54367827E-029  2.08068124E-029
  6.747870E-01  1.04358693E-028  3.35537989E-029  4.86613694E-029  2.21435251E-029
  6.839120E-01  1.06842230E-028  3.12367226E-029  5.20628547E-029  2.35426523E-029
  6.931600E-01  1.09760719E-028  2.91080671E-029  5.56470084E-029  2.50056434E-029
  7.025330E-01  1.13103965E-028  2.71451497E-029  5.94248750E-029  2.65339401E-029
  7.120330E-01  1.16872778E-028  2.53290804E-029  6.34144378E-029  2.81292597E-029
  7.216610E-01  1.21045564E-028  2.36441313E-029  6.76091447E-029  2.97922885E-029
  7.314200E-01  1.25617260E-028  2.20769110E-029  7.20159269E-029  3.15244217E-029
  7.413100E-01  1.30583661E-028  2.06164565E-029  7.66409241E-029  3.33262807E-029
  7.513350E-01  1.35943305E-028  1.92529238E-029  8.14910798E-029  3.51993010E-029
  7.614940E-01  1.41693671E-028  1.79785077E-029  8.65712296E-029  3.71439336E-029
  7.717920E-01  1.47837499E-028  1.67858004E-029  9.18900443E-029  3.91616547E-029
  7.822280E-01  1.54372568E-028  1.56691238E-029  9.74509851E-029  4.12524591E-029
  7.928060E-01  1.61302393E-028  1.46228809E-029  1.03261988E-028  4.34175240E-029
  8.035260E-01  1.68642293E-028  1.36427090E-029  1.09346182E-028  4.56534015E-029
  8.143920E-01  1.76417116E-028  1.27243532E-029  1.15735351E-028  4.79574121E-029
  8.254040E-01  1.84600374E-028  1.18643593E-029  1.22400833E-028  5.03351820E-029
  8.365660E-01  1.93197900E-028  1.10594145E-029  1.29350986E-028  5.27874998E-029
  8.478780E-01  2.02210332E-028  1.03067740E-029  1.36589776E-028  5.53137825E-029
  8.593430E-01  2.11643094E-028  9.60382312E-030  1.44124801E-028  5.79144700E-029
  8.709640E-01  2.21499973E-028  8.94815180E-030  1.51962563E-028  6.05892589E-029
  8.827410E-01  2.31781688E-028  8.33777195E-030  1.60106708E-028  6.33372081E-029
  8.946780E-01  2.42493753E-028  7.77063971E-030  1.68564254E-028  6.61588587E-029
  9.067760E-01  2.53684922E-028  7.24498658E-030  1.77392744E-028  6.90471913E-029
  9.190380E-01  2.65356281E-028  6.75919590E-030  1.86594298E-028  7.20027880E-029
  9.314650E-01  2.77477878E-028  6.31169980E-030  1.96138408E-028  7.50277704E-029
  9.440610E-01  2.90056058E-028  5.90109110E-030  2.06032232E-028  7.81227353E-029
  9.568270E-01  3.03091928E-028  5.52604274E-030  2.16280742E-028  8.12851439E-029
  9.697650E-01  3.16586240E-028  5.18534684E-030  2.26886739E-028  8.45141545E-029
  9.828790E-01  3.30546029E-028  4.87775680E-030  2.37859830E-028  8.78084427E-029
  9.961700E-01  3.44968609E-028  4.60229139E-030  2.49199382E-028  9.11669364E-029
  1.009640E+00  3.60021238E-028  4.35790062E-030  2.61070122E-028  9.45932154E-029
  1.023290E+00  3.75622864E-028  4.14368357E-030  2.73397185E-028  9.80819948E-029
  1.037130E+00  3.91729674E-028  3.95866921E-030  2.86138484E-028  1.01632521E-028
  1.051150E+00  4.08324426E-028  3.80221434E-030  2.99284599E-028  1.05237612E-028
  1.065370E+00  4.25436277E-028  3.67340447E-030  3.12861431E-028  1.08901442E-028
  1.079780E+00  4.43045763E-028  3.57171797E-030  3.26856302E-028  1.12617743E-028
  1.094380E+00  4.61147939E-028  3.49655904E-030  3.41268465E-028  1.16382914E-028
  1.109170E+00  4.79740081E-028  3.44738631E-030  3.56098761E-028  1.20193933E-028
  1.124170E+00  4.98851810E-028  3.42369793E-030  3.71373831E-028  1.24054281E-028
  1.139380E+00  5.18986885E-028  3.42516609E-030  3.87609166E-028  1.27952552E-028
  1.154780E+00  5.39773238E-028  3.45146130E-030  4.04438077E-028  1.31883700E-028
  1.170400E+00  5.61146659E-028  3.50240324E-030  4.21788955E-028  1.35855300E-028
  1.186220E+00  5.83063988E-028  3.57776381E-030  4.39628887E-028  1.39857337E-028
  1.202260E+00  6.05561153E-028  3.67755225E-030  4.57990532E-028  1.43893070E-028
  1.218520E+00  6.28633027E-028  3.80178492E-030  4.76873068E-028  1.47958174E-028
  1.235000E+00  6.52271896E-028  3.95054856E-030  4.96273605E-028  1.52047743E-028
  1.251700E+00  6.76595630E-028  4.12399491E-030  5.16213376E-028  1.56258259E-028
  1.268630E+00  7.01735208E-028  4.32248480E-030  5.36903381E-028  1.60509342E-028
  1.285780E+00  7.27448821E-028  4.54621167E-030  5.58122090E-028  1.64780519E-028
  1.303170E+00  7.53773654E-028  4.79586381E-030  5.79903385E-028  1.69074406E-028
  1.320790E+00  7.80845866E-028  5.07181658E-030  6.02374588E-028  1.73399461E-028
  1.338650E+00  8.08549552E-028  5.37482761E-030  6.25433092E-028  1.77741633E-028
  1.356750E+00  8.36856525E-028  5.70558820E-030  6.49056489E-028  1.82094447E-028
  1.375100E+00  8.65780511E-028  6.06511079E-030  6.73258125E-028  1.86457274E-028
  1.393690E+00  8.95555630E-028  6.45408340E-030  6.98286539E-028  1.90815007E-028
  1.412540E+00  9.26019735E-028  6.87392720E-030  7.23969488E-028  1.95176320E-028
  1.431640E+00  9.57096448E-028  7.32557061E-030  7.50237398E-028  1.99533480E-028
  1.451000E+00  9.88799552E-028  7.81046421E-030  7.77103590E-028  2.03885498E-028
  1.470620E+00  1.02159287E-027  8.32995541E-030  8.05037740E-028  2.08225173E-028
  1.490500E+00  1.05534329E-027  8.88551061E-030  8.33908514E-028  2.12549267E-028
  1.510660E+00  1.08979983E-027  9.47931867E-030  8.63459148E-028  2.16861367E-028
  1.531090E+00  1.12492123E-027  1.01128300E-029  8.93655670E-028  2.21152726E-028
  1.551790E+00  1.16074894E-027  1.07879366E-029  9.24545036E-028  2.25415971E-028
  1.572780E+00  1.19779445E-027  1.15073294E-029  9.56665662E-028  2.29621454E-028
  1.594040E+00  1.23550591E-027  1.22725266E-029  9.89441712E-028  2.33791675E-028
  1.615600E+00  1.27395314E-027  1.30869853E-029  1.02293424E-027  2.37931923E-028
  1.637440E+00  1.31306452E-027  1.39525458E-029  1.05708054E-027  2.42031437E-028
  1.659590E+00  1.35291904E-027  1.48731552E-029  1.09193773E-027  2.46108159E-028
  1.682030E+00  1.39344767E-027  1.58510375E-029  1.12744006E-027  2.50156575E-028
  1.704770E+00  1.43465269E-027  1.68898178E-029  1.16360387E-027  2.54158996E-028
  1.727830E+00  1.47657557E-027  1.79939556E-029  1.20046447E-027  2.58117140E-028
  1.751190E+00  1.51913846E-027  1.91662951E-029  1.23795097E-027  2.62021195E-028
  1.774870E+00  1.56250922E-027  2.04119462E-029  1.27619943E-027  2.65897841E-028
  1.798870E+00  1.60727666E-027  2.17354308E-029  1.31568329E-027  2.69857938E-028
  1.823200E+00  1.65277216E-027  2.31421768E-029  1.35586308E-027  2.73766901E-028
  1.847850E+00  1.69894238E-027  2.46369700E-029  1.39668731E-027  2.77618099E-028
  1.872840E+00  1.74583315E-027  2.62268151E-029  1.43819284E-027  2.81413488E-028
  1.898160E+00  1.79338798E-027  2.79175184E-029  1.48032363E-027  2.85146829E-028
  1.923830E+00  1.84238150E-027  2.97174520E-029  1.52382608E-027  2.88837973E-028
  1.949840E+00  1.89250450E-027  3.16337054E-029  1.56839686E-027  2.92473931E-028
  1.976210E+00  1.94339873E-027  3.36764339E-029  1.61367618E-027  2.96046111E-028
  2.002930E+00  1.99500889E-027  3.58544462E-029  1.65960585E-027  2.99548595E-028
  2.030020E+00  2.04737960E-027  3.81801641E-029  1.70621611E-027  3.02983327E-028
  2.057470E+00  2.10045854E-027  4.06647526E-029  1.75344888E-027  3.06344907E-028
  2.085290E+00  2.15463723E-027  4.33225859E-029  1.80168972E-027  3.09624929E-028
  2.113490E+00  2.20975666E-027  4.61701799E-029  1.85075954E-027  3.12826946E-028
  2.142070E+00  2.26564719E-027  4.92248273E-029  1.90039774E-027  3.16024624E-028
  2.171030E+00  2.32227723E-027  5.25065759E-029  1.95059486E-027  3.19175788E-028
  2.200390E+00  2.37969860E-027  5.60407733E-029  2.00140676E-027  3.22251060E-028
  2.230150E+00  2.43824426E-027  5.98541609E-029  2.05319022E-027  3.25199874E-028
  2.260300E+00  2.49774856E-027  6.39766095E-029  2.10570378E-027  3.28068177E-028
  2.290870E+00  2.55899037E-027  6.84481023E-029  2.15967244E-027  3.30869828E-028
  2.321850E+00  2.62110541E-027  7.33109237E-029  2.21420601E-027  3.33588474E-028
  2.353240E+00  2.68409779E-027  7.86156629E-029  2.26926015E-027  3.36221984E-028
  2.385060E+00  2.74805642E-027  8.44276912E-029  2.32485606E-027  3.38772672E-028
  2.417320E+00  2.81304296E-027  9.08231203E-029  2.38097950E-027  3.41240340E-028
  2.450000E+00  2.88055918E-027  9.78895439E-029  2.43902562E-027  3.43644019E-028
  2.483130E+00  2.94966881E-027  1.05745066E-028  2.49794614E-027  3.45977601E-028
  2.516710E+00  3.01956346E-027  1.14530690E-028  2.55674391E-027  3.48288864E-028
  2.550740E+00  3.09090560E-027  1.24423616E-028  2.61596704E-027  3.50514947E-028
  2.585230E+00  3.16389763E-027  1.35652669E-028  2.67558818E-027  3.52656780E-028
  2.620190E+00  3.23881620E-027  1.48515518E-028  2.73558616E-027  3.54714523E-028
  2.655620E+00  3.31599079E-027  1.63398634E-028  2.79590486E-027  3.56687293E-028
  2.691530E+00  3.39591863E-027  1.80824160E-028  2.85651899E-027  3.58575476E-028
  2.727930E+00  3.47928425E-027  2.01504119E-028  2.91740023E-027  3.60379900E-028
  2.764820E+00  3.56736326E-027  2.26423945E-028  2.97881673E-027  3.62122583E-028
  2.802210E+00  3.66225171E-027  2.56997621E-028  3.04140764E-027  3.63846450E-028
  2.840100E+00  3.76496152E-027  2.95288526E-028  3.10418511E-027  3.65487884E-028
  2.878500E+00  3.87861102E-027  3.44435832E-028  3.16712716E-027  3.67048027E-028
  2.917430E+00  4.00815584E-027  4.09401131E-028  3.23022618E-027  3.68528530E-028
  2.956880E+00  4.16160762E-027  4.98303035E-028  3.29337601E-027  3.69928572E-028
  2.996860E+00  4.35312982E-027  6.25331353E-028  3.35654924E-027  3.71249233E-028
  3.037390E+00  4.60930944E-027  8.17078680E-028  3.41973830E-027  3.72492458E-028
  3.078460E+00  4.98429005E-027  1.12779744E-027  3.48283533E-027  3.73657272E-028
  3.120090E+00  5.60541819E-027  1.68334103E-027  3.54711334E-027  3.74963825E-028
  3.162280E+00  6.81951441E-027  2.83047230E-027  3.61261811E-027  3.76424001E-028
  3.205040E+00  9.88257586E-027  5.82675579E-027  3.67800615E-027  3.77813919E-028
  3.248380E+00  2.22302704E-026  1.81079014E-026  3.74323396E-027  3.79135050E-028
  3.292300E+00  1.29153714E-025  1.24965379E-025  3.80819570E-027  3.80139650E-028
  3.336820E+00  3.73703929E-026  3.31165327E-026  3.87290582E-027  3.80954452E-028
  3.381950E+00  1.28316337E-026  8.51261575E-027  3.93731649E-027  3.81701488E-028
  3.427680E+00  8.22256438E-027  3.83823370E-027  4.00213088E-027  3.82199795E-028
  3.474030E+00  6.69199483E-027  2.24232443E-027  4.06717481E-027  3.82495591E-028
  3.521010E+00  6.03488258E-027  1.52035509E-027  4.13180138E-027  3.82726109E-028
  3.568620E+00  5.71608152E-027  1.13726329E-027  4.19592523E-027  3.82892997E-028
  3.616870E+00  5.55516130E-027  9.12672534E-028  4.25949129E-027  3.82997477E-028
  3.665780E+00  5.47878087E-027  7.72216115E-028  4.32355654E-027  3.83008216E-028
  3.715350E+00  5.45240611E-027  6.80794352E-028  4.38870559E-027  3.82906169E-028
  3.765590E+00  5.45604515E-027  6.20053278E-028  4.45324325E-027  3.82748624E-028
  3.816510E+00  5.47930337E-027  5.79669211E-028  4.51709710E-027  3.82537063E-028
  3.868120E+00  5.51597670E-027  5.53490065E-028  4.58021274E-027  3.82273895E-028
  3.920430E+00  5.56398991E-027  5.37683430E-028  4.64434450E-027  3.81961982E-028
  3.973440E+00  5.61926015E-027  5.29779871E-028  4.70787743E-027  3.81602845E-028
  4.027170E+00  5.67989032E-027  5.28148879E-028  4.77054225E-027  3.81199192E-028
  4.081630E+00  5.74472933E-027  5.31704916E-028  4.83227085E-027  3.80753562E-028
  4.136820E+00  5.81298126E-027  5.39727583E-028  4.89301530E-027  3.80238374E-028
  4.192760E+00  5.88425302E-027  5.51755990E-028  4.95318353E-027  3.79313493E-028
  4.249460E+00  5.95813126E-027  5.67523377E-028  5.01225485E-027  3.78353024E-028
  4.306920E+00  6.03443107E-027  5.86912679E-028  5.07015967E-027  3.77358724E-028
  4.365160E+00  6.11311904E-027  6.09950100E-028  5.12683508E-027  3.76333858E-028
  4.424190E+00  6.19431444E-027  6.36790569E-028  5.18224313E-027  3.75280737E-028
  4.484010E+00  6.28088763E-027  6.67725859E-028  5.23860178E-027  3.74559993E-028
  4.544650E+00  6.37088824E-027  7.03238329E-028  5.29380789E-027  3.73842019E-028
  4.606100E+00  6.46473398E-027  7.44021133E-028  5.34760894E-027  3.73103906E-028
  4.668390E+00  6.56345801E-027  7.91132051E-028  5.39997682E-027  3.72349143E-028
  4.731510E+00  6.66853276E-027  8.46139384E-028  5.45081433E-027  3.71579040E-028
  4.795490E+00  6.78464654E-027  9.11564819E-028  5.50203077E-027  3.71050954E-028
  4.860340E+00  6.91692825E-027  9.91645158E-028  5.55441541E-027  3.70867678E-028
  4.926060E+00  7.06999602E-027  1.09415623E-027  5.60516122E-027  3.70678575E-028
  4.992680E+00  7.25994590E-027  1.23517219E-027  5.65428719E-027  3.70486525E-028
  5.060190E+00  7.52240921E-027  1.45254116E-027  5.69916098E-027  3.70707073E-028
  5.128610E+00  7.96293280E-027  1.85003876E-027  5.74191813E-027  3.70975917E-028
  5.197970E+00  8.85821585E-027  2.70373281E-027  5.78279145E-027  3.71691600E-028
  5.268250E+00  9.96671315E-027  3.77213106E-027  5.82164561E-027  3.72936481E-028
  5.339490E+00  9.39015218E-027  3.15736112E-027  5.85859516E-027  3.74195889E-028
  5.411700E+00  8.95976957E-027  2.69072591E-027  5.89357133E-027  3.75472335E-028
  5.484870E+00  9.14762974E-027  2.84437340E-027  5.92648835E-027  3.76767995E-028
  5.559040E+00  9.91630824E-027  3.57870814E-027  5.95893204E-027  3.78668059E-028
  5.634210E+00  1.16927810E-026  5.32172840E-027  5.99014830E-027  3.80904270E-028
  5.710400E+00  1.33617110E-026  6.95742741E-027  6.02030750E-027  3.83976115E-028
  5.787620E+00  1.22923181E-026  5.85681792E-027  6.04839492E-027  3.87105297E-028
  5.865880E+00  1.20725672E-026  5.60792056E-027  6.07436700E-027  3.90279611E-028
  5.945200E+00  1.33383217E-026  6.84394791E-027  6.10050086E-027  3.93872962E-028
  6.025600E+00  1.68134897E-026  1.02889469E-026  6.12667352E-027  3.97869308E-028
  6.107080E+00  2.61331288E-026  1.95805493E-026  6.15065045E-027  4.01928986E-028
  6.189660E+00  4.76563873E-026  4.10778931E-026  6.17243767E-027  4.06056525E-028
  6.273360E+00  4.24229525E-026  3.58308605E-026  6.18257818E-027  4.09513837E-028
  6.358190E+00  2.49319455E-026  1.83296541E-026  6.18934004E-027  4.12951348E-028
  6.444170E+00  1.90789222E-026  1.24520425E-026  6.21134953E-027  4.15530187E-028
  6.531310E+00  1.78781293E-026  1.12291605E-026  6.23082211E-027  4.18146718E-028
  6.619620E+00  1.84079264E-026  1.17434087E-026  6.24427045E-027  4.20247328E-028
  6.709140E+00  1.89180527E-026  1.22401703E-026  6.25547994E-027  4.22402484E-028
  6.799860E+00  1.86471383E-026  1.19587332E-026  6.26410128E-027  4.24303779E-028
  6.891810E+00  1.84455298E-026  1.17487553E-026  6.27048405E-027  4.26290452E-028
  6.985000E+00  1.90332010E-026  1.23255044E-026  6.27722850E-027  4.30468031E-028
  7.079460E+00  2.05703731E-026  1.38525890E-026  6.28246102E-027  4.35323122E-028
  7.175190E+00  2.31302590E-026  1.63943319E-026  6.28593903E-027  4.49988060E-028
  7.272210E+00  2.69118488E-026  2.01589818E-026  6.28726631E-027  4.65600705E-028
  7.370550E+00  3.26753882E-026  2.58804080E-026  6.28884370E-027  5.06136569E-028
  7.470220E+00  4.23025970E-026  3.54589542E-026  6.28893338E-027  5.54709422E-028
  7.571230E+00  5.47061450E-026  4.77707186E-026  6.28879541E-027  6.46630950E-028
  7.673620E+00  5.67540479E-026  4.96911088E-026  6.28803601E-027  7.74903016E-028
  7.777380E+00  5.54701796E-026  4.82486778E-026  6.28522817E-027  9.36273586E-028
  7.882550E+00  5.22322357E-026  4.47704242E-026  6.28052284E-027  1.18128869E-027
  7.989140E+00  4.16271634E-026  3.39180481E-026  6.27369710E-027  1.43541825E-027
  8.097170E+00  3.30788933E-026  2.50144654E-026  6.26286144E-027  1.80156644E-027
  8.206660E+00  2.92107074E-026  2.07713296E-026  6.24985210E-027  2.18952570E-027
  8.317640E+00  2.85263078E-026  1.97149667E-026  6.23538506E-027  2.57595610E-027
  8.430110E+00  2.99593896E-026  2.08080070E-026  6.21996153E-027  2.93142110E-027
  8.544110E+00  3.49452776E-026  2.54797980E-026  6.20306803E-027  3.26241166E-027
  8.659640E+00  3.49053855E-026  2.51031237E-026  6.18517162E-027  3.61709015E-027
  8.776740E+00  2.74356572E-026  1.72280324E-026  6.16695003E-027  4.04067474E-027
  8.895420E+00  2.31535160E-026  1.24602210E-026  6.14774515E-027  4.54554994E-027
  9.015710E+00  2.14253510E-026  1.01921362E-026  6.12829634E-027  5.10491841E-027
  9.137630E+00  2.08153505E-026  9.04894838E-027  6.10871375E-027  5.65768840E-027
  9.261190E+00  2.06613434E-026  8.45330906E-027  6.08902546E-027  6.11900893E-027
  9.386420E+00  2.06455211E-026  8.16586932E-027  6.07042361E-027  6.40922818E-027
  9.513350E+00  2.06302640E-026  8.07862027E-027  6.05052113E-027  6.50112264E-027
  9.641990E+00  2.06220700E-026  8.14044804E-027  6.03108454E-027  6.45053738E-027
  9.772370E+00  2.06598028E-026  8.32918444E-027  6.01230204E-027  6.31831637E-027
  9.904520E+00  2.08135544E-026  8.64117805E-027  5.99414494E-027  6.17823140E-027
  1.003850E+01  2.11187445E-026  9.08922713E-027  5.97627652E-027  6.05324081E-027
  1.017420E+01  2.16061925E-026  9.70600326E-027  5.95920880E-027  5.94098046E-027
  1.031180E+01  2.23022927E-026  1.05603041E-026  5.94186928E-027  5.80011926E-027
  1.045120E+01  2.32834829E-026  1.17971839E-026  5.92462952E-027  5.56166948E-027
  1.059250E+01  2.49832559E-026  1.38058841E-026  5.90802507E-027  5.26934671E-027
  1.073580E+01  2.77095495E-026  1.68441182E-026  5.89262268E-027  4.97280862E-027
  1.088090E+01  3.27043114E-026  2.21158265E-026  5.87883574E-027  4.70964913E-027
  1.102810E+01  4.61599022E-026  3.57982923E-026  5.86871469E-027  4.49289524E-027
  1.117720E+01  1.04346996E-025  9.42010032E-026  5.86871007E-027  4.27728274E-027
  1.132840E+01  1.16846708E-025  1.06885370E-025  5.88805114E-027  4.07328681E-027
  1.148150E+01  7.53097672E-026  6.48887675E-026  6.53506464E-027  3.88593506E-027
  1.163680E+01  5.35932947E-026  4.40968226E-026  5.77535006E-027  3.72112206E-027
  1.179420E+01  5.28424889E-026  4.35334899E-026  5.76404144E-027  3.54495749E-027
  1.195360E+01  5.99241379E-026  5.07978957E-026  5.76232228E-027  3.36391998E-027
  1.211530E+01  5.80146190E-026  4.90681630E-026  5.76095868E-027  3.18549729E-027
  1.227910E+01  5.55110879E-026  4.67189031E-026  5.76233917E-027  3.02984566E-027
  1.244510E+01  6.54150365E-026  5.67640911E-026  5.76130714E-027  2.88963833E-027
  1.261340E+01  8.03315346E-026  7.18289485E-026  5.75604967E-027  2.74653640E-027
  1.278400E+01  6.68278264E-026  5.84660470E-026  5.75328947E-027  2.60848994E-027
  1.295690E+01  4.94536467E-026  4.12242000E-026  5.75197571E-027  2.47747101E-027
  1.313210E+01  4.30132095E-026  3.48917203E-026  5.75226063E-027  2.36922856E-027
  1.330970E+01  4.35859490E-026  3.55617509E-026  5.75660242E-027  2.26759573E-027
  1.348960E+01  4.57098086E-026  3.77778420E-026  5.76362584E-027  2.16834076E-027
  1.367200E+01  4.07153736E-026  3.28468984E-026  5.77401805E-027  2.09445715E-027
  1.385690E+01  3.66156730E-026  2.87833481E-026  5.78832896E-027  2.04399597E-027
  1.404430E+01  3.64910420E-026  2.86548935E-026  5.80760507E-027  2.02854343E-027
  1.423420E+01  3.76183531E-026  2.97213284E-026  5.83094804E-027  2.06607664E-027
  1.442670E+01  3.44145648E-026  2.64322058E-026  5.85685847E-027  2.12550051E-027
  1.462180E+01  3.34586030E-026  2.53346421E-026  5.88921264E-027  2.23474826E-027
  1.481950E+01  3.34715525E-026  2.51922556E-026  5.92538951E-027  2.35390742E-027
  1.501990E+01  3.38630289E-026  2.54069902E-026  5.96869991E-027  2.48733884E-027
  1.522300E+01  3.44806626E-026  2.58260731E-026  6.01998962E-027  2.63459985E-027
  1.542880E+01  3.53056871E-026  2.64344865E-026  6.07584415E-027  2.79535647E-027
  1.563750E+01  3.64546370E-026  2.73454283E-026  6.13944657E-027  2.96976219E-027
  1.584890E+01  3.83667972E-026  2.90031546E-026  6.20823085E-027  3.15541175E-027
  1.606320E+01  4.02951446E-026  3.06556754E-026  6.28617864E-027  3.35329053E-027
  1.628050E+01  4.59189512E-026  3.59889267E-026  6.36888644E-027  3.56113816E-027
  1.650060E+01  5.77171230E-026  4.74788020E-026  6.46244826E-027  3.77587265E-027
  1.672370E+01  5.14738676E-026  4.09154980E-026  6.56080852E-027  3.99756101E-027
  1.694990E+01  5.44842469E-026  4.36022443E-026  6.67177910E-027  4.21022349E-027
  1.717910E+01  5.51301922E-026  4.39165998E-026  6.78816480E-027  4.42542757E-027
  1.741140E+01  5.48062072E-026  4.32550852E-026  6.92067172E-027  4.63045031E-027
  1.764680E+01  4.80747600E-026  3.61809504E-026  7.06033339E-027  4.83347619E-027
  1.788550E+01  4.70319271E-026  3.48081559E-026  7.21833858E-027  5.00543260E-027
  1.812730E+01  4.38435772E-026  3.12928659E-026  7.38698661E-027  5.16372468E-027
  1.837240E+01  4.26868044E-026  2.98222117E-026  7.56979055E-027  5.29480217E-027
  1.862090E+01  4.21685473E-026  2.90009632E-026  7.76515658E-027  5.40242752E-027
  1.887270E+01  4.18600712E-026  2.84014772E-026  7.97413479E-027  5.48445917E-027
  1.912790E+01  4.15839420E-026  2.78563339E-026  8.20379074E-027  5.52381739E-027
  1.938650E+01  4.13195848E-026  2.73205742E-026  8.44205760E-027  5.55695302E-027
  1.964870E+01  4.10575018E-026  2.68118129E-026  8.70745141E-027  5.53823748E-027
  1.991440E+01  4.08456417E-026  2.63457334E-026  8.98190262E-027  5.51800565E-027
  2.018370E+01  4.06791082E-026  2.59205566E-026  9.27874532E-027  5.47980625E-027
  2.045660E+01  4.05786483E-026  2.55274556E-026  9.60078543E-027  5.45040727E-027
  2.073320E+01  4.05430556E-026  2.51573226E-026  9.94760451E-027  5.43812853E-027
  2.101360E+01  4.05456542E-026  2.48032389E-026  1.03193062E-026  5.42310915E-027
  2.129770E+01  4.05883754E-026  2.44605950E-026  1.07241888E-026  5.40359151E-027
  2.158570E+01  4.06811894E-026  2.41259501E-026  1.11591110E-026  5.39612830E-027
  2.187760E+01  4.08153414E-026  2.37972744E-026  1.16251076E-026  5.39295941E-027
  2.217350E+01  4.09832794E-026  2.34731723E-026  1.21233730E-026  5.38673409E-027
  2.247330E+01  4.11735424E-026  2.31529307E-026  1.26611495E-026  5.35946216E-027
  2.277720E+01  4.14186690E-026  2.28358641E-026  1.32378569E-026  5.34494792E-027
  2.308520E+01  4.17159542E-026  2.25217529E-026  1.38520667E-026  5.34213452E-027
  2.339740E+01  4.20662820E-026  2.22103142E-026  1.45049809E-026  5.35098700E-027
  2.371370E+01  4.24591412E-026  2.19016579E-026  1.52091132E-026  5.34837005E-027
  2.403440E+01  4.29011441E-026  2.15954589E-026  1.59540037E-026  5.35168151E-027
  2.435940E+01  4.33923900E-026  2.12919017E-026  1.67408426E-026  5.35964561E-027
  2.468880E+01  4.39423791E-026  2.09909260E-026  1.75801594E-026  5.37129373E-027
  2.502270E+01  4.45214690E-026  2.06925259E-026  1.84550688E-026  5.37387423E-027
  2.536100E+01  4.51829509E-026  2.03968219E-026  1.94043378E-026  5.38179124E-027
  2.570400E+01  4.58787984E-026  2.01036246E-026  2.03853082E-026  5.38986565E-027
  2.605150E+01  4.66108023E-026  1.98131535E-026  2.13996963E-026  5.39795259E-027
  2.640380E+01  4.73809216E-026  1.95251987E-026  2.24495785E-026  5.40614444E-027
  2.676090E+01  4.81910616E-026  1.92397874E-026  2.35368843E-026  5.41438996E-027
  2.712270E+01  4.90431669E-026  1.89570278E-026  2.46635442E-026  5.42259486E-027
  2.748950E+01  4.99391379E-026  1.86767042E-026  2.58315803E-026  5.43085335E-027
  2.786120E+01  5.08038170E-026  1.83988908E-026  2.69575530E-026  5.44737322E-027
  2.823800E+01  5.16729607E-026  1.81234600E-026  2.80838111E-026  5.46568972E-027
  2.861980E+01  5.25569526E-026  1.78504706E-026  2.92224459E-026  5.48403611E-027
  2.900680E+01  5.34521280E-026  1.75797818E-026  3.03698907E-026  5.50245556E-027
  2.939910E+01  5.43538507E-026  1.73113304E-026  3.15215605E-026  5.52095985E-027
  2.979660E+01  5.52562638E-026  1.70451753E-026  3.26716281E-026  5.53946048E-027
  3.019950E+01  5.60008676E-026  1.67811718E-026  3.36572536E-026  5.56244225E-027
  3.060790E+01  5.65573692E-026  1.65192552E-026  3.44481321E-026  5.58998190E-027
  3.102180E+01  5.70650995E-026  1.62594322E-026  3.51881146E-026  5.61755268E-027
  3.144130E+01  5.75169650E-026  1.60016118E-026  3.58701972E-026  5.64515605E-027
  3.186640E+01  5.79061479E-026  1.57458072E-026  3.64875767E-026  5.67276400E-027
  3.229730E+01  5.82265695E-026  1.54919155E-026  3.70342271E-026  5.70042684E-027
  3.273410E+01  5.84728390E-026  1.52398606E-026  3.75048191E-026  5.72815925E-027
  3.317670E+01  5.86403574E-026  1.49897444E-026  3.78947155E-026  5.75589750E-027
  3.362530E+01  5.86562904E-026  1.47414303E-026  3.81260694E-026  5.78879056E-027
  3.408000E+01  5.84047344E-026  1.44949105E-026  3.80730795E-026  5.83674434E-027
  3.454090E+01  5.81009405E-026  1.42501150E-026  3.79655517E-026  5.88527382E-027
  3.500800E+01  5.77509386E-026  1.40071007E-026  3.78094454E-026  5.93439241E-027
  3.548130E+01  5.73616890E-026  1.37658940E-026  3.76116917E-026  5.98410326E-027
  3.596110E+01  5.69413840E-026  1.35263485E-026  3.73804802E-026  6.03455527E-027
  3.644740E+01  5.64983779E-026  1.32885273E-026  3.71240720E-026  6.08577856E-027
  3.694030E+01  5.60415377E-026  1.30524110E-026  3.68512638E-026  6.13786291E-027
  3.743980E+01  5.55797215E-026  1.28180340E-026  3.65708405E-026  6.19084696E-027
  3.794610E+01  5.50922826E-026  1.25853617E-026  3.62615542E-026  6.24536678E-027
  3.845920E+01  5.46283606E-026  1.23544302E-026  3.59727187E-026  6.30121170E-027
  3.897920E+01  5.42089141E-026  1.21252596E-026  3.57252820E-026  6.35837241E-027
  3.950630E+01  5.38407921E-026  1.18978076E-026  3.55259433E-026  6.41704124E-027
  4.004050E+01  5.35299016E-026  1.16721408E-026  3.53804099E-026  6.47735094E-027
  4.058200E+01  5.32821498E-026  1.14482159E-026  3.52943868E-026  6.53954709E-027
  4.113080E+01  5.31023527E-026  1.12261242E-026  3.52724247E-026  6.60380384E-027
  4.168690E+01  5.30281607E-026  1.10059117E-026  3.53486177E-026  6.67363125E-027
  4.225060E+01  5.30573948E-026  1.07875129E-026  3.55219796E-026  6.74790237E-027
  4.282200E+01  5.31765936E-026  1.05709991E-026  3.57805254E-026  6.82506913E-027
  4.340100E+01  5.33877159E-026  1.03564374E-026  3.61259061E-026  6.90537241E-027
  4.398790E+01  5.36938273E-026  1.01437957E-026  3.65607846E-026  6.98924699E-027
  4.458270E+01  5.40964993E-026  9.93314917E-027  3.70863253E-026  7.07702484E-027
  4.518560E+01  5.46139906E-026  9.72449831E-027  3.77186043E-026  7.17088803E-027
  4.579660E+01  5.53171966E-026  9.51793484E-027  3.85208928E-026  7.27836899E-027
  4.641590E+01  5.61288329E-026  9.31342353E-027  3.94239176E-026  7.39149176E-027
  4.704350E+01  5.70492379E-026  9.11104234E-027  4.04274467E-026  7.51074890E-027
  4.767970E+01  5.80798825E-026  8.91079336E-027  4.15322812E-026  7.63680795E-027
  4.832440E+01  5.92198159E-026  8.71276741E-027  4.27368771E-026  7.77017140E-027
  4.897790E+01  6.04697401E-026  8.51693923E-027  4.40412157E-026  7.91158521E-027
  4.964020E+01  6.18283139E-026  8.32337068E-027  4.54432813E-026  8.06166191E-027
  5.031140E+01  6.33409320E-026  8.13212401E-027  4.69826933E-026  8.22611461E-027
  5.099180E+01  6.50174967E-026  7.94315102E-027  4.86675534E-026  8.40679223E-027
  5.168130E+01  6.68065516E-026  7.75657172E-027  5.04509006E-026  8.59907927E-027
  5.238010E+01  6.87633463E-026  7.57239325E-027  5.23808928E-026  8.81006023E-027
  5.308840E+01  7.08312735E-026  7.39060698E-027  5.44060640E-026  9.03460251E-027
  5.380630E+01  7.30073102E-026  7.21127410E-027  5.65224676E-026  9.27356848E-027
  5.453390E+01  7.53503954E-026  7.03441907E-027  5.87822784E-026  9.53369793E-027
  5.527130E+01  7.78084726E-026  6.86007177E-027  6.11370444E-026  9.81135640E-027
  5.601870E+01  8.03680657E-026  6.68824984E-027  6.35732226E-026  1.01065933E-026
  5.677620E+01  8.30735757E-026  6.51897887E-027  6.61282331E-026  1.04263637E-026
  5.754400E+01  8.59154550E-026  6.35225957E-027  6.87920863E-026  1.07711091E-026
  5.832210E+01  8.88479350E-026  6.18814786E-027  7.15229329E-026  1.11368542E-026
  5.911080E+01  9.18748811E-026  6.02662565E-027  7.43224108E-026  1.15258446E-026
  5.991010E+01  9.50754814E-026  5.86775316E-027  7.72564779E-026  1.19512503E-026
  6.072020E+01  9.83534938E-026  5.71151646E-027  8.02406297E-026  1.24013477E-026
  6.154130E+01  1.01701412E-025  5.55792004E-027  8.32666504E-026  1.28768416E-026
  6.237350E+01  1.05150403E-025  5.40698417E-027  8.63604546E-026  1.33829645E-026
  6.321690E+01  1.08702945E-025  5.25873087E-027  8.95224537E-026  1.39217604E-026
  6.407180E+01  1.12343840E-025  5.11313686E-027  9.27344969E-026  1.44962059E-026
  6.493820E+01  1.16055672E-025  4.97022998E-027  9.59799517E-026  1.51054898E-026
  6.581630E+01  1.19846737E-025  4.83000135E-027  9.92666692E-026  1.57500669E-026
  6.670630E+01  1.23690164E-025  4.69245699E-027  1.02569415E-025  1.64282926E-026
  6.760830E+01  1.27594332E-025  4.55759569E-027  1.05893187E-025  1.71435486E-026
  6.852250E+01  1.31530064E-025  4.42541005E-027  1.09211343E-025  1.78933102E-026
  6.944910E+01  1.35512314E-025  4.29588752E-027  1.12529415E-025  1.86870119E-026
  7.038820E+01  1.39522870E-025  4.16903238E-027  1.15836744E-025  1.95170944E-026
  7.134000E+01  1.43565548E-025  4.04483000E-027  1.19134734E-025  2.03859838E-026
  7.230470E+01  1.47617468E-025  3.92326806E-027  1.22395232E-025  2.12989686E-026
  7.328250E+01  1.51660846E-025  3.80432710E-027  1.25608286E-025  2.22482328E-026
  7.427340E+01  1.55711675E-025  3.68801766E-027  1.28785991E-025  2.32376668E-026
  7.527780E+01  1.59714140E-025  3.57429517E-027  1.31881303E-025  2.42585421E-026
  7.629570E+01  1.63732710E-025  3.46315967E-027  1.34946778E-025  2.53227722E-026
  7.732740E+01  1.67667901E-025  3.35458211E-027  1.37899860E-025  2.64134587E-026
  7.837300E+01  1.71608791E-025  3.24854922E-027  1.40805933E-025  2.75543085E-026
  7.943280E+01  1.75465478E-025  3.14502837E-027  1.43596410E-025  2.87240404E-026
  8.050690E+01  1.79267836E-025  3.04400321E-027  1.46296952E-025  2.99268804E-026
  8.159560E+01  1.83014810E-025  2.94543944E-027  1.48906619E-025  3.11627521E-026
  8.269900E+01  1.86632761E-025  2.84931932E-027  1.51366946E-025  3.24164962E-026
  8.381720E+01  1.90248820E-025  2.75562478E-027  1.53774249E-025  3.37189466E-026
  8.495060E+01  1.93715405E-025  2.66430742E-027  1.56017492E-025  3.50336057E-026
  8.609940E+01  1.97106645E-025  2.57534143E-027  1.58157057E-025  3.63742461E-026
  8.726360E+01  2.00412500E-025  2.48870969E-027  1.60186191E-025  3.77375995E-026
  8.844370E+01  2.03544513E-025  2.40435937E-027  1.62037267E-025  3.91028874E-026
  8.963960E+01  2.06645293E-025  2.32228096E-027  1.63811801E-025  4.05112107E-026
  9.085180E+01  2.09576596E-025  2.24242034E-027  1.65413359E-025  4.19208165E-026
  9.208030E+01  2.12342312E-025  2.16475985E-027  1.66848545E-025  4.33290072E-026
  9.332540E+01  2.15036570E-025  2.08925727E-027  1.68188693E-025  4.47586196E-026
  9.458740E+01  2.17524013E-025  2.01587423E-027  1.69336399E-025  4.61717395E-026
  9.586650E+01  2.19871279E-025  1.94457439E-027  1.70339010E-025  4.75876950E-026
  9.716280E+01  2.22120795E-025  1.87533147E-027  1.71225714E-025  4.90197491E-026
  9.847670E+01  2.24148554E-025  1.80809962E-027  1.71917134E-025  5.04233210E-026
  9.980830E+01  2.25946735E-025  1.74284476E-027  1.72412006E-025  5.17918839E-026
  1.011580E+02  2.27719008E-025  1.67952619E-027  1.72859260E-025  5.31802218E-026
  1.025260E+02  2.29295743E-025  1.61810582E-027  1.73141472E-025  5.45361651E-026
  1.039120E+02  2.30809715E-025  1.55856968E-027  1.73364850E-025  5.58862952E-026
  1.053170E+02  2.32341007E-025  1.50084717E-027  1.73593042E-025  5.72471175E-026
  1.067420E+02  2.33666338E-025  1.44487274E-027  1.73662766E-025  5.85586991E-026
  1.081850E+02  2.34772384E-025  1.39069535E-027  1.73571195E-025  5.98104933E-026
  1.096480E+02  2.35668269E-025  1.33820953E-027  1.73329911E-025  6.10001477E-026
  1.111310E+02  2.36352888E-025  1.28738956E-027  1.72944196E-025  6.21213029E-026
  1.126330E+02  2.36821701E-025  1.23823866E-027  1.72417519E-025  6.31659434E-026
  1.141560E+02  2.37580154E-025  1.19066001E-027  1.72139194E-025  6.42502999E-026
  1.157000E+02  2.38192568E-025  1.14462780E-027  1.71782501E-025  6.52654390E-026
  1.172650E+02  2.38636912E-025  1.10011372E-027  1.71337205E-025  6.61995928E-026
  1.188500E+02  2.39077357E-025  1.05711482E-027  1.70923031E-025  6.70972104E-026
  1.204570E+02  2.39542746E-025  1.01554713E-027  1.70561976E-025  6.79652231E-026
  1.220860E+02  2.39865870E-025  9.75381331E-028  1.70144786E-025  6.87457028E-026
  1.237370E+02  2.40051826E-025  9.36590255E-028  1.69681076E-025  6.94341595E-026
  1.254100E+02  2.40349587E-025  8.99143553E-028  1.69309782E-025  7.01406608E-026
  1.271060E+02  2.40502687E-025  8.62990092E-028  1.68863813E-025  7.07758832E-026
  1.288250E+02  2.40450479E-025  8.28102755E-028  1.68305345E-025  7.13170312E-026
  1.305670E+02  2.40176471E-025  7.94451297E-028  1.67621305E-025  7.17607143E-026
  1.323330E+02  2.39663852E-025  7.61989919E-028  1.66796258E-025  7.21056049E-026
  1.341220E+02  2.38887872E-025  7.30708333E-028  1.65809323E-025  7.23478404E-026
  1.359360E+02  2.37595498E-025  7.00542537E-028  1.64298391E-025  7.25965637E-026
  1.377740E+02  2.35693829E-025  6.71482715E-028  1.62172580E-025  7.28497667E-026
  1.396370E+02  2.33377416E-025  6.43486796E-028  1.59727366E-025  7.30065638E-026
  1.415250E+02  2.30652916E-025  6.16527470E-028  1.56970846E-025  7.30655429E-026
  1.434390E+02  2.27535856E-025  5.90563780E-028  1.53918509E-025  7.30267832E-026
  1.453780E+02  2.24043927E-025  5.65584261E-028  1.50589675E-025  7.28886679E-026
  1.473440E+02  2.20205236E-025  5.41536599E-028  1.47010816E-025  7.26528837E-026
  1.493370E+02  2.16049138E-025  5.18396948E-028  1.43211323E-025  7.23194182E-026
  1.513560E+02  2.11697310E-025  4.96152549E-028  1.39130899E-025  7.20702591E-026
  1.534030E+02  2.07264536E-025  4.74755843E-028  1.34969168E-025  7.18206119E-026
  1.554770E+02  2.02750308E-025  4.54194754E-028  1.30813105E-025  7.14830091E-026
  1.575800E+02  1.98172992E-025  4.34426546E-028  1.26678801E-025  7.10597651E-026
  1.597100E+02  1.93545485E-025  4.15445372E-028  1.22579410E-025  7.05506291E-026
  1.618700E+02  1.88883029E-025  3.97203289E-028  1.18526906E-025  6.99589197E-026
  1.640590E+02  1.84195954E-025  3.79687424E-028  1.14530741E-025  6.92855261E-026
  1.662770E+02  1.79494172E-025  3.62875437E-028  1.10598889E-025  6.85324077E-026
  1.685260E+02  1.74787664E-025  3.46732205E-028  1.06738208E-025  6.77027237E-026
  1.708050E+02  1.70083176E-025  3.31244053E-028  1.02953764E-025  6.67981676E-026
  1.731140E+02  1.65387620E-025  3.16390738E-028  9.92497440E-026  6.58214850E-026
  1.754550E+02  1.60816796E-025  3.02139550E-028  9.56859552E-026  6.48287012E-026
  1.778280E+02  1.56704674E-025  2.88472735E-028  9.24281362E-026  6.39880652E-026
  1.802330E+02  1.52599535E-025  2.75371666E-028  8.92369775E-026  6.30871855E-026
  1.826700E+02  1.48504875E-025  2.62818049E-028  8.61133376E-026  6.21287192E-026
  1.851400E+02  1.44424291E-025  2.50788846E-028  8.30579091E-026  6.11155934E-026
  1.876430E+02  1.40361395E-025  2.39266841E-028  8.00714598E-026  6.00506683E-026
  1.901810E+02  1.36319896E-025  2.28226577E-028  7.71543359E-026  5.89373331E-026
  1.927530E+02  1.32302941E-025  2.17656818E-028  7.43070343E-026  5.77782501E-026
  1.953590E+02  1.28314104E-025  2.07541029E-028  7.15299831E-026  5.65765804E-026
  1.980010E+02  1.24356812E-025  1.97856453E-028  6.88231864E-026  5.53357694E-026
  2.006780E+02  1.20525164E-025  1.88592058E-028  6.62299302E-026  5.41066420E-026
  2.033920E+02  1.16994315E-025  1.79726261E-028  6.38262564E-026  5.29883319E-026
  2.061420E+02  1.13487421E-025  1.71248915E-028  6.14767724E-026  5.18393997E-026
  2.089300E+02  1.10008110E-025  1.63140029E-028  5.91821690E-026  5.06628005E-026
  2.117550E+02  1.06560027E-025  1.55389544E-028  5.69433733E-026  4.94612637E-026
  2.146180E+02  1.03146414E-025  1.47981857E-028  5.47607485E-026  4.82376837E-026
  2.175200E+02  9.97703582E-026  1.40902197E-028  5.26345854E-026  4.69948707E-026
  2.204620E+02  9.64348163E-026  1.34136314E-028  5.05651029E-026  4.57355770E-026
  2.234430E+02  9.31428235E-026  1.27675131E-028  4.85526336E-026  4.44625148E-026
  2.264640E+02  8.99548091E-026  1.21505073E-028  4.65970827E-026  4.32362213E-026
  2.295270E+02  8.68769813E-026  1.15611653E-028  4.46981304E-026  4.20632392E-026
  2.326310E+02  8.38479881E-026  1.09986315E-028  4.28557352E-026  4.08822666E-026
  2.357760E+02  8.08698629E-026  1.04619001E-028  4.10697046E-026  3.96955393E-026
  2.389640E+02  7.79440758E-026  9.94964033E-029  3.93393217E-026  3.85052577E-026
  2.421960E+02  7.50738279E-026  9.46078858E-029  3.76640270E-026  3.73151930E-026
  2.454710E+02  7.22603147E-026  8.99459732E-029  3.60434153E-026  3.61269535E-026
  2.487900E+02  6.94996593E-026  8.55003121E-029  3.44768402E-026  3.49373187E-026
  2.521540E+02  6.68034128E-026  8.12612877E-029  3.30077603E-026  3.37143912E-026
  2.555640E+02  6.41730765E-026  7.72196151E-029  3.16110461E-026  3.24848108E-026
  2.590200E+02  6.15975051E-026  7.33675242E-029  3.02593625E-026  3.12647751E-026
  2.625230E+02  5.91233169E-026  6.96964468E-029  2.89521468E-026  3.01014736E-026
  2.660730E+02  5.67215690E-026  6.61991957E-029  2.76888954E-026  2.89664744E-026
  2.696700E+02  5.43757183E-026  6.28686671E-029  2.64690990E-026  2.78437506E-026
  2.733170E+02  5.20859443E-026  5.96954604E-029  2.52917430E-026  2.67345059E-026
  2.770130E+02  4.99081901E-026  5.66741308E-029  2.41562920E-026  2.56952240E-026
  2.807590E+02  4.78300268E-026  5.37976393E-029  2.30619605E-026  2.47142687E-026
  2.845550E+02  4.58061523E-026  5.10600151E-029  2.20079764E-026  2.37471159E-026
  2.884030E+02  4.38364612E-026  4.84541079E-029  2.09933687E-026  2.27946384E-026
  2.923030E+02  4.19210509E-026  4.59744932E-029  2.00173274E-026  2.18577489E-026
  2.962560E+02  4.00598314E-026  4.36152879E-029  1.90789187E-026  2.09372974E-026
  3.002620E+02  3.82623687E-026  4.13714729E-029  1.81792044E-026  2.00417928E-026
  3.043220E+02  3.66461891E-026  3.92376036E-029  1.73397761E-026  1.92671754E-026
  3.084370E+02  3.50765776E-026  3.72084792E-029  1.65325281E-026  1.85068410E-026
  3.126080E+02  3.35531708E-026  3.52791428E-029  1.57566247E-026  1.77612669E-026
  3.168350E+02  3.20757735E-026  3.34454219E-029  1.50113620E-026  1.70309661E-026
  3.211200E+02  3.06438070E-026  3.17022755E-029  1.42958099E-026  1.63162948E-026
  3.254620E+02  2.92570241E-026  3.00462208E-029  1.36093113E-026  1.56176665E-026
  3.298630E+02  2.79147884E-026  2.84727316E-029  1.29509548E-026  1.49353609E-026
  3.343230E+02  2.66165843E-026  2.69781834E-029  1.23199575E-026  1.42696487E-026
  3.388440E+02  2.53616858E-026  2.55584707E-029  1.17154437E-026  1.36206836E-026
  3.434260E+02  2.41494939E-026  2.42103084E-029  1.11366254E-026  1.29886582E-026
  3.480700E+02  2.29793158E-026  2.29302337E-029  1.05826904E-026  1.23736952E-026
  3.527770E+02  2.19151854E-026  2.17149821E-029  1.00528152E-026  1.18406552E-026
  3.575470E+02  2.09097880E-026  2.05616584E-029  9.55459022E-027  1.13346361E-026
  3.623820E+02  1.99431746E-026  1.94669753E-029  9.08147246E-027  1.08422352E-026
  3.672820E+02  1.90107888E-026  1.84283342E-029  8.62887281E-027  1.03634877E-026
  3.722490E+02  1.81118813E-026  1.74427799E-029  8.19606976E-027  9.89836878E-027
  3.772830E+02  1.72457871E-026  1.65078914E-029  7.78241292E-027  9.44686633E-027
  3.823840E+02  1.64118469E-026  1.56213819E-029  7.38727477E-027  9.00895079E-027
  3.875550E+02  1.56091707E-026  1.47805125E-029  7.00991863E-027  8.58447155E-027
  3.927960E+02  1.48370717E-026  1.39832003E-029  6.64973213E-027  8.17335632E-027
  3.981070E+02  1.40948532E-026  1.32274388E-029  6.30611002E-027  7.77551578E-027
  4.034910E+02  1.34164288E-026  1.25108724E-029  5.97837668E-027  7.42554124E-027
  4.089470E+02  1.27684135E-026  1.18318439E-029  5.66597237E-027  7.09060933E-027
  4.144770E+02  1.21473540E-026  1.11883267E-029  5.36973024E-027  6.76643541E-027
  4.200810E+02  1.15559793E-026  1.05786640E-029  5.09248595E-027  6.45291466E-027
  4.257620E+02  1.09879350E-026  1.00009586E-029  4.82809731E-027  6.14983677E-027
  4.315190E+02  1.04426678E-026  9.45380973E-030  4.57611096E-027  5.85710303E-027
  4.373540E+02  9.91947040E-027  8.93557200E-030  4.33602578E-027  5.57450905E-027
  4.432680E+02  9.41769884E-027  8.44479321E-030  4.10736107E-027  5.30189298E-027
  4.492620E+02  8.93905109E-027  7.98008554E-030  3.88965985E-027  5.04141115E-027
  4.553370E+02  8.49799195E-027  7.54012464E-030  3.68247569E-027  4.80797614E-027
  4.614950E+02  8.07525356E-027  7.12359419E-030  3.48535637E-027  4.58277359E-027
  4.677350E+02  7.67032641E-027  6.72942090E-030  3.29791620E-027  4.36568078E-027
  4.740600E+02  7.28256075E-027  6.35634882E-030  3.11971212E-027  4.15649228E-027
  4.804700E+02  6.91141825E-027  6.00335449E-030  2.95036716E-027  3.95504774E-027
  4.869680E+02  6.55628248E-027  5.66931097E-030  2.78947064E-027  3.76114253E-027
  4.935520E+02  6.21668626E-027  5.35337352E-030  2.63669156E-027  3.57464133E-027
  5.002260E+02  5.89267842E-027  5.05449426E-030  2.49182729E-027  3.39579664E-027
  5.069910E+02  5.59716297E-027  4.77177213E-030  2.35827783E-027  3.23411337E-027
  5.138460E+02  5.31445926E-027  4.50447623E-030  2.23133891E-027  3.07861587E-027
  5.207950E+02  5.04406177E-027  4.25167534E-030  2.11069602E-027  2.92911408E-027
  5.278370E+02  4.78557375E-027  4.01270454E-030  1.99609310E-027  2.78546794E-027
  5.349750E+02  4.53853346E-027  3.78676276E-030  1.88724599E-027  2.64750071E-027
  5.422090E+02  4.30254643E-027  3.57321430E-030  1.78391012E-027  2.51506310E-027
  5.495410E+02  4.07843302E-027  3.37137947E-030  1.68583004E-027  2.38923161E-027
  5.569720E+02  3.86949488E-027  3.18064495E-030  1.59276755E-027  2.27354669E-027
  5.645040E+02  3.66998814E-027  3.00040782E-030  1.50448919E-027  2.16249855E-027
  5.721370E+02  3.47957468E-027  2.83013657E-030  1.42078341E-027  2.05596113E-027
  5.798740E+02  3.29787557E-027  2.66926572E-030  1.34142428E-027  1.95378203E-027
  5.877150E+02  3.12456873E-027  2.51731946E-030  1.26621648E-027  1.85583493E-027
  5.956620E+02  2.95931548E-027  2.37380616E-030  1.19496031E-027  1.76198136E-027
  6.037170E+02  2.80369626E-027  2.23826488E-030  1.12746318E-027  1.67399481E-027
  6.118810E+02  2.65617061E-027  2.11027324E-030  1.06354733E-027  1.59051300E-027
  6.201550E+02  2.51562782E-027  1.98943278E-030  1.00304212E-027  1.51059626E-027
  6.285410E+02  2.38293172E-027  1.87534485E-030  9.45776152E-028  1.43528023E-027
  6.370400E+02  2.25653499E-027  1.76765194E-030  8.91594205E-028  1.36317314E-027
  6.456540E+02  2.13712502E-027  1.66599937E-030  8.40341202E-028  1.29511782E-027
  6.543850E+02  2.02351119E-027  1.57005237E-030  7.91870713E-028  1.23007042E-027
  6.632340E+02  1.91582126E-027  1.47950919E-030  7.46044691E-028  1.16829706E-027
  6.722020E+02  1.81360496E-027  1.39407558E-030  7.02731055E-028  1.10947983E-027
  6.812920E+02  1.71663397E-027  1.31346135E-030  6.61799010E-028  1.05352150E-027
  6.905050E+02  1.62485754E-027  1.23740719E-030  6.23128267E-028  1.00049187E-027
  6.998420E+02  1.53756335E-027  1.16566626E-030  5.86605346E-028  9.49792337E-028
  7.093060E+02  1.45668814E-027  1.09799213E-030  5.53264478E-028  9.02325668E-028
  7.188970E+02  1.37975603E-027  1.03417053E-030  5.21747937E-028  8.56973927E-028
  7.286180E+02  1.30653627E-027  9.73980450E-031  4.91932011E-028  8.13630279E-028
  7.384710E+02  1.23686577E-027  9.17219110E-031  4.63731291E-028  7.72217263E-028
  7.484570E+02  1.17059355E-027  8.63700218E-031  4.37065527E-028  7.32664323E-028
  7.585780E+02  1.10822095E-027  8.13242045E-031  4.11856300E-028  6.95551409E-028
  7.688350E+02  1.04902615E-027  7.65677688E-031  3.88030910E-028  6.60229564E-028
  7.792320E+02  9.92736784E-028  7.20835805E-031  3.65515053E-028  6.26500896E-028
  7.897690E+02  9.39231572E-028  6.78571980E-031  3.44244761E-028  5.94308239E-028
  8.004480E+02  8.88563926E-028  6.38741022E-031  3.24154195E-028  5.63770991E-028
  8.112720E+02  8.40842915E-028  6.01202353E-031  3.05181304E-028  5.35060409E-028
  8.222430E+02  7.95496234E-028  5.65826934E-031  2.87267657E-028  5.07662749E-028
  8.333610E+02  7.52419693E-028  5.32499074E-031  2.70359608E-028  4.81527586E-028
  8.446300E+02  7.11504757E-028  5.01097285E-031  2.54402339E-028  4.56601320E-028
  8.560520E+02  6.72650863E-028  4.71512493E-031  2.39345233E-028  4.32834117E-028
  8.676280E+02  6.35765121E-028  4.43644900E-031  2.25141339E-028  4.10180138E-028
  8.793600E+02  6.00755651E-028  4.17396549E-031  2.11745191E-028  3.88593063E-028
  8.912510E+02  5.67532509E-028  3.92674149E-031  1.99112747E-028  3.68027088E-028
  9.033030E+02  5.36151785E-028  3.69390723E-031  1.87202836E-028  3.48579558E-028
  9.155180E+02  5.06704531E-028  3.47464691E-031  1.75976588E-028  3.30380479E-028
  9.278980E+02  4.78767469E-028  3.26818867E-031  1.65396649E-028  3.13044001E-028
  9.404450E+02  4.52269690E-028  3.07379890E-031  1.55428154E-028  2.96534156E-028
  9.531620E+02  4.27140729E-028  2.89078579E-031  1.46037004E-028  2.80814646E-028
  9.660510E+02  4.03314911E-028  2.71849240E-031  1.37191581E-028  2.65851481E-028
  9.791140E+02  3.80729814E-028  2.55630825E-031  1.28862019E-028  2.51612164E-028
  9.923540E+02  3.59324533E-028  2.40364400E-031  1.21019281E-028  2.38064888E-028
  1.005770E+03  3.39313872E-028  2.25998812E-031  1.13716663E-028  2.25371211E-028
  1.019370E+03  3.20673043E-028  2.12476490E-031  1.06933258E-028  2.13527309E-028
  1.033160E+03  3.02989320E-028  1.99745358E-031  1.00537569E-028  2.02252006E-028
  1.047130E+03  2.86225703E-028  1.87771154E-031  9.45116012E-029  1.91526331E-028
  1.061290E+03  2.70331895E-028  1.76503460E-031  8.88331778E-029  1.81322214E-028
  1.075640E+03  2.55267419E-028  1.65902988E-031  8.34837927E-029  1.71617724E-028
  1.090180E+03  2.40992836E-028  1.55932747E-031  7.84456513E-029  1.62391252E-028
  1.104930E+03  2.27459954E-028  1.46544933E-031  7.36983102E-029  1.53615099E-028
  1.119870E+03  2.14644418E-028  1.37719809E-031  6.92297770E-029  1.45276921E-028
  1.135010E+03  2.02506671E-028  1.29419863E-031  6.50229971E-029  1.37354255E-028
  1.150360E+03  1.91009843E-028  1.21610626E-031  6.10623349E-029  1.29825898E-028
  1.165910E+03  1.80127331E-028  1.14269685E-031  5.73357151E-029  1.22677347E-028
  1.181680E+03  1.69821724E-028  1.07361841E-031  5.38277292E-029  1.15886633E-028
  1.197660E+03  1.60068846E-028  1.00867304E-031  5.05275855E-029  1.09440393E-028
  1.213850E+03  1.50982128E-028  9.47627148E-032  4.74485441E-029  1.03438821E-028
  1.230270E+03  1.42402448E-028  8.90190221E-032  4.45542341E-029  9.77591947E-029
  1.246900E+03  1.34357093E-028  8.36228235E-032  4.18437022E-029  9.24297675E-029
  1.263770E+03  1.26830370E-028  7.85452472E-032  3.93066875E-029  8.74451369E-029
  1.280860E+03  1.19704786E-028  7.37742510E-032  3.69191005E-029  8.27119117E-029
  1.298180E+03  1.12958108E-028  6.92898188E-032  3.46719252E-029  7.82168929E-029
  1.315730E+03  1.06571955E-028  6.50755664E-032  3.25574212E-029  7.39494577E-029
  1.333520E+03  1.00526585E-028  6.11139746E-032  3.05675897E-029  6.98978818E-029
  1.351550E+03  9.48053344E-029  5.73908107E-032  2.86956117E-029  6.60523319E-029
  1.369830E+03  8.93906056E-029  5.38906360E-032  2.69343595E-029  6.24023555E-029
  1.388350E+03  8.42690544E-029  5.06026438E-032  2.52782564E-029  5.89401953E-029
  1.407130E+03  7.94228842E-029  4.75114591E-032  2.37204257E-029  5.56549470E-029
  1.426150E+03  7.48415829E-029  4.46090164E-032  2.22563132E-029  5.25406607E-029
  1.445440E+03  7.05076730E-029  4.18801107E-032  2.08793673E-029  4.95864256E-029
  1.464990E+03  6.64102733E-029  3.93164475E-032  1.95851382E-029  4.67858186E-029
  1.484800E+03  6.25375572E-029  3.69084581E-032  1.83689278E-029  4.41317209E-029
  1.504870E+03  5.89154556E-029  3.46472109E-032  1.72322053E-029  4.16486031E-029
  1.525220E+03  5.56001658E-029  3.25221605E-032  1.61805360E-029  3.93871076E-029
  1.545850E+03  5.24622876E-029  3.05255754E-032  1.51910113E-029  3.72407507E-029
  1.566750E+03  4.94940099E-029  2.86511157E-032  1.42604600E-029  3.52048988E-029
  1.587940E+03  4.66851228E-029  2.68899494E-032  1.33850772E-029  3.32731557E-029
  1.609410E+03  4.40285632E-029  2.52363894E-032  1.25620249E-029  3.14413019E-029
  1.631170E+03  4.15159149E-029  2.36835142E-032  1.17881318E-029  2.97040996E-029
  1.653230E+03  3.91393835E-029  2.22248850E-032  1.10604657E-029  2.80566930E-029
  1.675590E+03  3.68921344E-029  2.08550726E-032  1.03764262E-029  2.64948531E-029
  1.698240E+03  3.47682604E-029  1.95695567E-032  9.73371215E-030  2.50149787E-029
  1.721210E+03  3.27598596E-029  1.83618278E-032  9.12949971E-030  2.36119981E-029
  1.744480E+03  3.08621342E-029  1.72283974E-032  8.56191447E-030  2.22829913E-029
  1.768070E+03  2.90685224E-029  1.61640553E-032  8.02859030E-030  2.10237680E-029
  1.791980E+03  2.73737455E-029  1.51647930E-032  7.52758263E-030  1.98309980E-029
  1.816210E+03  2.57727502E-029  1.42268787E-032  7.05704648E-030  1.87014769E-029
  1.840770E+03  2.42603704E-029  1.33463436E-032  6.61511713E-030  1.76319069E-029
  1.865660E+03  2.28320764E-029  1.25198935E-032  6.20016180E-030  1.66193947E-029
  1.890890E+03  2.14831909E-029  1.17440601E-032  5.81052923E-030  1.56609176E-029
  1.916460E+03  2.02096617E-029  1.10159095E-032  5.44476235E-030  1.47538835E-029
  1.942380E+03  1.90073005E-029  1.03324142E-032  5.10140253E-030  1.38955656E-029
  1.968640E+03  1.78726885E-029  9.69120542E-033  4.77922116E-030  1.30837761E-029
  1.995260E+03  1.68017894E-029  9.08933966E-033  4.47684646E-030  1.23158536E-029
  2.022240E+03  1.58448234E-029  8.52453871E-033  4.21329733E-030  1.16230016E-029
  2.049590E+03  1.49507634E-029  7.99444677E-033  3.96901893E-030  1.09737500E-029
  2.077300E+03  1.41050099E-029  7.49721718E-033  3.73860631E-030  1.03589063E-029
  2.105390E+03  1.33047780E-029  7.03057730E-033  3.52122050E-030  9.77652687E-030
  2.133860E+03  1.25478116E-029  6.59274955E-033  3.31616886E-030  9.22505003E-030
  2.162720E+03  1.18317934E-029  6.18189795E-033  3.12274937E-030  8.70286215E-030
  2.191960E+03  1.11548135E-029  5.79658600E-033  2.94037719E-030  8.20863968E-030
  2.221600E+03  1.05146203E-029  5.43504850E-033  2.76838024E-030  7.74080505E-030
  2.251650E+03  9.90924640E-030  5.09578628E-033  2.60617297E-030  7.29797765E-030
  2.282090E+03  9.33717711E-030  4.77770983E-033  2.45329175E-030  6.87910765E-030
  2.312950E+03  8.79636839E-030  4.47925810E-033  2.30913849E-030  6.48275065E-030
  2.344230E+03  8.28525108E-030  4.19929243E-033  2.17324091E-030  6.10781088E-030
  2.375930E+03  7.80231718E-030  3.93671922E-033  2.04515916E-030  5.75322130E-030
  2.408060E+03  7.34603306E-030  3.69043692E-033  1.92444042E-030  5.41790220E-030
  2.440620E+03  6.91504197E-030  3.45948434E-033  1.81068486E-030  5.10089762E-030
  2.473620E+03  6.50796049E-030  3.24288437E-033  1.70349327E-030  4.80122434E-030
  2.507070E+03  6.13338881E-030  3.03972968E-033  1.60248927E-030  4.52785981E-030
  2.540970E+03  5.78151997E-030  2.84922844E-033  1.50733331E-030  4.27133743E-030
  2.575330E+03  5.44894598E-030  2.67057709E-033  1.41769017E-030  4.02858523E-030
  2.610160E+03  5.13462752E-030  2.50302559E-033  1.33324313E-030  3.79888137E-030
  2.645450E+03  4.83768806E-030  2.34596683E-033  1.25372187E-030  3.58162023E-030
  2.681230E+03  4.55708092E-030  2.19864671E-033  1.17881431E-030  3.37606796E-030
  2.717480E+03  4.29206302E-030  2.06056921E-033  1.10829131E-030  3.18171114E-030
  2.754230E+03  4.04169793E-030  1.93107549E-033  1.04187626E-030  2.99789059E-030
  2.791470E+03  3.80527307E-030  1.80969011E-033  9.79354322E-031  2.82410906E-030
  2.829220E+03  3.58199339E-030  1.69586726E-033  9.20490047E-031  2.65980747E-030
  2.867480E+03  3.37117843E-030  1.58916243E-033  8.65080643E-031  2.50450863E-030
  2.906250E+03  3.17217849E-030  1.48914787E-033  8.12932625E-031  2.35775672E-030
  2.945550E+03  2.98431823E-030  1.39537903E-033  7.63850646E-031  2.21907221E-030
  2.985380E+03  2.80701869E-030  1.30748096E-033  7.17663711E-031  2.08804750E-030
  3.025750E+03  2.64361256E-030  1.22508523E-033  6.74202549E-031  1.96818493E-030
  3.066670E+03  2.49140089E-030  1.14784405E-033  6.33309150E-031  1.85694390E-030
  3.108140E+03  2.34762308E-030  1.07545175E-033  5.94839838E-031  1.75170779E-030
  3.150170E+03  2.21182221E-030  1.00760065E-033  5.58654016E-031  1.65216060E-030
  3.192760E+03  2.08358145E-030  9.44018135E-034  5.24622056E-031  1.55801538E-030
  3.235940E+03  1.96245290E-030  8.84407573E-034  4.92608534E-031  1.46895996E-030
  3.279690E+03  1.84810329E-030  8.28557495E-034  4.62509092E-031  1.38476564E-030
  3.324040E+03  1.74012988E-030  7.76205874E-034  4.34203314E-031  1.30515036E-030
  3.368990E+03  1.63819947E-030  7.27145015E-034  4.07589776E-031  1.22988255E-030
  3.414550E+03  1.54198474E-030  6.81166207E-034  3.82569490E-031  1.15873408E-030
  3.460720E+03  1.45118439E-030  6.38084960E-034  3.59051480E-031  1.09149482E-030
  3.507520E+03  1.36549053E-030  5.97710931E-034  3.36944782E-031  1.02794803E-030
  3.554950E+03  1.28463337E-030  5.59879935E-034  3.16168489E-031  9.67905005E-031
  3.603020E+03  1.20834977E-030  5.24432629E-034  2.96644907E-031  9.11180430E-031
  3.651740E+03  1.13638792E-030  4.91219049E-034  2.78299566E-031  8.57597136E-031
  3.701120E+03  1.06850947E-030  4.60097863E-034  2.61062750E-031  8.06986618E-031
  3.751170E+03  1.00449037E-030  4.30937584E-034  2.44869136E-031  7.59190294E-031
  3.801890E+03  9.44125571E-031  4.03620365E-034  2.29658696E-031  7.14063255E-031
  3.853300E+03  8.87206040E-031  3.78024943E-034  2.15371154E-031  6.71456861E-031
  3.905410E+03  8.33542097E-031  3.54042715E-034  2.01951997E-031  6.31236058E-031
  3.958220E+03  7.82960107E-031  3.31577022E-034  1.89351021E-031  5.93277509E-031
  4.011750E+03  7.35723261E-031  3.10528487E-034  1.77518141E-031  5.57894592E-031
  4.065990E+03  6.92624656E-031  2.90814760E-034  1.66409976E-031  5.25923865E-031
  4.120980E+03  6.51950134E-031  2.72342194E-034  1.55979891E-031  4.95697901E-031
  4.176700E+03  6.13580448E-031  2.55041695E-034  1.46190506E-031  4.67134900E-031
  4.233180E+03  5.77380214E-031  2.38833800E-034  1.37001576E-031  4.40139804E-031
  4.290420E+03  5.43234351E-031  2.23652758E-034  1.28377992E-031  4.14632706E-031
  4.348440E+03  5.11026259E-031  2.09430764E-034  1.20284969E-031  3.90531859E-031
  4.407240E+03  4.80652551E-031  1.96110951E-034  1.12691478E-031  3.67764962E-031
  4.466840E+03  4.52009155E-031  1.83633641E-034  1.05566728E-031  3.46258794E-031
  4.527240E+03  4.25003383E-031  1.71948178E-034  9.88831456E-032  3.25948289E-031
  4.588460E+03  3.99542057E-031  1.61002871E-034  9.26135774E-032  3.06767477E-031
  4.650500E+03  3.75542215E-031  1.50752839E-034  8.67334973E-032  2.88657965E-031
  4.713390E+03  3.52918057E-031  1.41151147E-034  8.12182873E-032  2.71558619E-031
  4.777130E+03  3.31596158E-031  1.32158674E-034  7.60464672E-032  2.55417532E-031
  4.841720E+03  3.11505715E-031  1.23738595E-034  7.11975467E-032  2.40184430E-031
  4.907200E+03  2.92572968E-031  1.15851048E-034  6.66507841E-032  2.25806332E-031
  4.973550E+03  2.74738596E-031  1.08466155E-034  6.23888948E-032  2.12241235E-031
  5.040810E+03  2.58296109E-031  1.01548964E-034  5.83934824E-032  1.99801077E-031
  5.108970E+03  2.43014600E-031  9.50722185E-035  5.46490056E-032  1.88270522E-031
  5.178060E+03  2.28604263E-031  8.90064942E-035  5.11395061E-032  1.77375751E-031
  5.248070E+03  2.15019525E-031  8.33274957E-035  4.78511687E-032  1.67085029E-031
  5.319040E+03  2.02211077E-031  7.80086033E-035  4.47696984E-032  1.57363370E-031
  5.390970E+03  1.90137148E-031  7.30281078E-035  4.18826516E-032  1.48181468E-031
  5.463870E+03  1.78757077E-031  6.83647265E-035  3.91781222E-032  1.39510590E-031
  5.537750E+03  1.68032496E-031  6.39984277E-035  3.66448772E-032  1.31323620E-031
  5.612630E+03  1.57925780E-031  5.99100844E-035  3.42721910E-032  1.23593679E-031
  5.688530E+03  1.48401958E-031  5.60817200E-035  3.20499940E-032  1.16295882E-031
  5.765450E+03  1.39429411E-031  5.24974782E-035  2.99691592E-032  1.09407755E-031
  5.843410E+03  1.30976615E-031  4.91416238E-035  2.80207819E-032  1.02906691E-031
  5.922430E+03  1.23014080E-031  4.59994162E-035  2.61965909E-032  9.67714901E-032
  6.002520E+03  1.15514339E-031  4.30574424E-035  2.44888432E-032  9.09824387E-032
  6.083680E+03  1.08452116E-031  4.03035261E-035  2.28904311E-032  8.55213815E-032
  6.165950E+03  1.01801357E-031  3.77248277E-035  2.13942703E-032  8.03693619E-032
  6.249330E+03  9.56432563E-032  3.53107188E-035  1.99940734E-032  7.56138722E-032
  6.333830E+03  8.99090494E-032  3.30508308E-035  1.86838686E-032  7.11921299E-032
  6.419480E+03  8.45058083E-032  3.09349975E-035  1.74578589E-032  6.70170144E-032
  6.506290E+03  7.94151173E-032  2.89541892E-035  1.63108156E-032  6.30753476E-032
  6.594270E+03  7.46195493E-032  2.70999520E-035  1.52377635E-032  5.93546858E-032
  6.683440E+03  7.01024247E-032  2.53641348E-035  1.42340340E-032  5.58430266E-032
  6.773820E+03  6.58477011E-032  2.37391291E-035  1.32952072E-032  5.25287548E-032
  6.865410E+03  6.18410813E-032  2.22181385E-035  1.24172346E-032  4.94016285E-032
  6.958250E+03  5.80678820E-032  2.07941874E-035  1.15961704E-032  4.64509174E-032
  7.052340E+03  5.45710838E-032  1.94613248E-035  1.08284529E-032  4.37231696E-032
  7.147710E+03  5.13213586E-032  1.82135851E-035  1.01106378E-032  4.11925071E-032
  7.244360E+03  4.82591918E-032  1.70457559E-035  9.43961660E-033  3.88025295E-032
  7.342320E+03  4.53738039E-032  1.59525837E-035  8.81234827E-033  3.65455030E-032
  7.441610E+03  4.26551718E-032  1.49292933E-035  8.22602678E-033  3.44142157E-032
  7.542230E+03  4.00941645E-032  1.39716010E-035  7.67809864E-033  3.24020943E-032
  7.644220E+03  3.76814768E-032  1.30751210E-035  7.16601714E-033  3.05023846E-032
  7.747590E+03  3.54088800E-032  1.22360190E-035  6.68751762E-033  2.87091263E-032
  7.852360E+03  3.32683984E-032  1.14506268E-035  6.24043219E-033  2.70165156E-032
  7.958540E+03  3.12526219E-032  1.07155678E-035  5.82275964E-033  2.54191467E-032
  8.066160E+03  2.93543674E-032  1.00275719E-035  5.43257501E-033  2.39117648E-032
  8.175230E+03  2.75670167E-032  9.38367500E-036  5.06812582E-033  2.24895072E-032
  8.285780E+03  2.58841659E-032  8.78101190E-036  4.72772488E-033  2.11476600E-032
  8.397820E+03  2.42999408E-032  8.21698979E-036  4.40983105E-033  1.98818927E-032
  8.511380E+03  2.28086451E-032  7.68909400E-036  4.11296980E-033  1.86879862E-032
  8.626470E+03  2.14050326E-032  7.19506725E-036  3.83578551E-033  1.75620520E-032
  8.743120E+03  2.00840219E-032  6.73269910E-036  3.57699011E-033  1.65002991E-032
  8.861350E+03  1.88408952E-032  6.29997582E-036  3.33538447E-033  1.54992107E-032
  8.981180E+03  1.76711812E-032  5.89500072E-036  3.10984816E-033  1.45554381E-032
  9.102630E+03  1.65955410E-032  5.51601272E-036  2.89933350E-033  1.36906915E-032
  9.225710E+03  1.55866241E-032  5.16137081E-036  2.70286999E-033  1.28785928E-032
  9.350470E+03  1.46366870E-032  4.82944515E-036  2.51950791E-033  1.21123496E-032
  9.476910E+03  1.37424605E-032  4.51884134E-036  2.34841084E-033  1.13895309E-032
  9.605060E+03  1.29007222E-032  4.22817766E-036  2.18876539E-033  1.07077286E-032
  9.734940E+03  1.21084850E-032  3.95617951E-036  2.03981847E-033  1.00647104E-032
  9.866580E+03  1.13628859E-032  3.70163954E-036  1.90086345E-033  9.45832084E-033
  1.000000E+04  1.06610466E-032  3.46344781E-036  1.77124147E-033  8.88634173E-033
