# Zubko/ZDA BARE-GR-S model SED (this work), Mathis ISRF U =  0.32
# solver = draine
# columns: lambda[um]  lamI_total/NH  lamI_PAH/NH  lamI_GRA/NH  lamI_SIL/NH
#          [erg s^-1 cm^-2 sr^-1 H^-1]
  8.998430E-02  2.13313847E-043  1.28048236E-043  6.11891227E-046  8.46537200E-044
  9.120110E-02  3.92162896E-043  2.36726177E-043  1.14533084E-045  1.54291387E-043
  9.243430E-02  7.08797098E-043  4.34516846E-043  2.09573742E-045  2.72184515E-043
  9.368430E-02  1.27085672E-042  7.91857028E-043  3.78153589E-045  4.75218154E-043
  9.495110E-02  2.25966829E-042  1.43246735E-042  6.70506673E-045  8.20495872E-043
  9.623510E-02  3.98690167E-042  2.57237413E-042  1.14977092E-044  1.40302983E-042
  9.753640E-02  6.98215085E-042  4.58516266E-042  1.93076684E-044  2.37768052E-042
  9.885530E-02  1.21369430E-041  8.11251718E-042  3.21476131E-044  3.99227820E-042
  1.001920E-01  2.05298386E-041  1.38335115E-041  5.31831238E-044  6.64314405E-042
  1.015470E-01  3.48836339E-041  2.38772766E-041  8.84642150E-044  1.09178931E-041
  1.029200E-01  5.87104900E-041  4.08291182E-041  1.44322974E-043  1.77370488E-041
  1.043120E-01  9.78075076E-041  6.91969320E-041  2.28271115E-043  2.83823044E-041
  1.057220E-01  1.61902304E-040  1.16198749E-040  3.54043765E-043  4.53495115E-041
  1.071520E-01  2.66420537E-040  1.93491833E-040  5.42093180E-043  7.23866104E-041
  1.086010E-01  4.35207096E-040  3.19405297E-040  8.22860691E-043  1.14978938E-040
  1.100690E-01  7.05633448E-040  5.22728625E-040  1.22940580E-042  1.81675417E-040
  1.115580E-01  1.13602303E-039  8.48765991E-040  1.88006652E-042  2.85376972E-040
  1.130660E-01  1.81548626E-039  1.36656146E-039  3.01092673E-042  4.45913870E-040
  1.145950E-01  2.87953509E-039  2.18331833E-039  4.67372106E-042  6.91543045E-040
  1.161450E-01  4.53642743E-039  3.46168669E-039  7.35508025E-042  1.06738565E-039
  1.177150E-01  7.09268944E-039  5.44578762E-039  1.14332253E-041  1.63546859E-039
  1.193070E-01  1.10170710E-038  8.50627056E-039  1.77405739E-041  2.49305984E-039
  1.209210E-01  1.69960710E-038  1.31938707E-038  2.71558615E-041  3.77504441E-039
  1.225560E-01  2.60406284E-038  2.03190319E-038  4.15965631E-041  5.67999993E-039
  1.242130E-01  3.96378660E-038  3.10829024E-038  6.35300515E-041  8.49143359E-039
  1.258930E-01  5.99656670E-038  4.72508982E-038  9.68765485E-041  1.26178922E-038
  1.275950E-01  9.01526950E-038  7.13748351E-038  1.47599855E-040  1.86302601E-038
  1.293200E-01  1.34736244E-037  1.07182712E-037  2.26572100E-040  2.73269604E-038
  1.310690E-01  2.07298437E-037  1.67120966E-037  3.47483415E-040  3.98299881E-038
  1.328410E-01  3.08780485E-037  2.50559160E-037  5.35070265E-040  5.76862552E-038
  1.346380E-01  4.58136571E-037  3.74330208E-037  8.26506340E-040  8.29798571E-038
  1.364580E-01  6.76892461E-037  5.57102381E-037  1.27374742E-039  1.18516333E-037
  1.383040E-01  9.96637271E-037  8.26612239E-037  1.96727514E-039  1.68057757E-037
  1.401740E-01  1.46181104E-036  1.22243594E-036  3.02906382E-039  2.36346038E-037
  1.420690E-01  2.13550391E-036  1.80244932E-036  4.66559556E-039  3.28388996E-037
  1.439900E-01  3.10500652E-036  2.65067306E-036  7.19999769E-039  4.47133461E-037
  1.459370E-01  4.49510585E-036  3.88828993E-036  1.11450245E-038  5.95670892E-037
  1.479110E-01  6.49076805E-036  5.69116912E-036  1.73574235E-038  7.82241505E-037
  1.499110E-01  9.35557283E-036  8.31093992E-036  2.69870107E-038  1.01764590E-036
  1.519380E-01  1.34644454E-035  1.21124546E-035  4.19178222E-038  1.31007298E-036
  1.539930E-01  1.93466784E-035  1.76225018E-035  6.46654370E-038  1.65951119E-036
  1.560750E-01  2.77898654E-035  2.55928369E-035  9.94495586E-038  2.09757899E-036
  1.581860E-01  3.99150131E-035  3.71174551E-035  1.52417905E-037  2.64514015E-036
  1.603250E-01  5.72742122E-035  5.37540971E-035  2.32351700E-037  3.28776338E-036
  1.624930E-01  8.22364769E-035  7.77561562E-035  3.55216761E-037  4.12510393E-036
  1.646900E-01  1.17973399E-034  1.12354993E-034  5.38938804E-037  5.07946735E-036
  1.669170E-01  1.69327706E-034  1.62220269E-034  8.18924749E-037  6.28851255E-036
  1.691740E-01  2.43026939E-034  2.34060450E-034  1.23917326E-036  7.72731604E-036
  1.714620E-01  3.48890852E-034  3.37443561E-034  1.87755121E-036  9.56973990E-036
  1.737800E-01  5.00481883E-034  4.85783896E-034  2.83761448E-036  1.18603726E-035
  1.761300E-01  7.17516573E-034  6.98782068E-034  4.26051610E-036  1.44739893E-035
  1.785120E-01  1.02845190E-033  1.00474899E-033  6.35928987E-036  1.73436187E-035
  1.809260E-01  1.47491054E-033  1.44461737E-033  9.49625894E-036  2.07969102E-035
  1.833720E-01  2.11745297E-033  2.07775084E-033  1.42376968E-035  2.54644355E-035
  1.858520E-01  3.04320141E-033  2.99119265E-033  2.12504630E-035  3.07582977E-035
  1.883650E-01  4.37883210E-033  4.31067476E-033  3.15930183E-035  3.65643258E-035
  1.909120E-01  6.31020924E-033  6.22000067E-033  4.68225697E-035  4.33859999E-035
  1.934940E-01  9.10711508E-033  8.98581486E-033  6.90248041E-035  5.22754127E-035
  1.961100E-01  1.31508521E-032  1.29876882E-032  1.01003537E-034  6.21603532E-035
  1.987620E-01  1.89838657E-032  1.87644856E-032  1.46570567E-034  7.28095225E-035
  2.014500E-01  2.73445142E-032  2.70489489E-032  2.09374653E-034  8.61906175E-035
  2.041740E-01  3.91897727E-032  3.87931673E-032  2.93273116E-034  1.03332309E-034
  2.069350E-01  5.56791212E-032  5.51529730E-032  4.03570331E-034  1.22577884E-034
  2.097330E-01  7.80624043E-032  7.73743671E-032  5.44352119E-034  1.43685145E-034
  2.125690E-01  1.07484622E-031  1.06599464E-031  7.13229303E-034  1.71929364E-034
  2.154430E-01  1.44705377E-031  1.43591636E-031  9.07025223E-034  2.06716403E-034
  2.183570E-01  1.89968538E-031  1.88603377E-031  1.11580119E-033  2.49359759E-034
  2.213090E-01  2.42997963E-031  2.41367976E-031  1.32685040E-033  3.03136066E-034
  2.243020E-01  3.03529920E-031  3.01605256E-031  1.55254257E-033  3.72121335E-034
  2.273350E-01  3.71608980E-031  3.69342273E-031  1.80745245E-033  4.59254518E-034
  2.304090E-01  4.48047641E-031  4.45383351E-031  2.09604599E-033  5.68244179E-034
  2.335250E-01  5.34532964E-031  5.31417311E-031  2.41166255E-033  7.03990437E-034
  2.366830E-01  6.33591633E-031  6.29964922E-031  2.75349972E-033  8.73211253E-034
  2.398830E-01  7.48561811E-031  7.44329290E-031  3.15110700E-033  1.08141379E-033
  2.431270E-01  8.83609502E-031  8.78632784E-031  3.63549271E-033  1.34122487E-033
  2.464150E-01  1.04358407E-030  1.03771706E-030  4.20837245E-033  1.65863250E-033
  2.497470E-01  1.23421227E-030  1.22728397E-030  4.88333584E-033  2.04496632E-033
  2.531240E-01  1.46232295E-030  1.45410629E-030  5.72133212E-033  2.49532870E-033
  2.565470E-01  1.73592305E-030  1.72618810E-030  6.70087411E-033  3.03407278E-033
  2.600160E-01  2.06447266E-030  2.05291288E-030  7.88345879E-033  3.67632034E-033
  2.635320E-01  2.45918565E-030  2.44545410E-030  9.29233732E-033  4.43921861E-033
  2.670960E-01  2.93334242E-030  2.91709206E-030  1.09048330E-032  5.34552754E-033
  2.707070E-01  3.50232315E-030  3.48315937E-030  1.27450604E-032  6.41871459E-033
  2.743680E-01  4.18501621E-030  4.16246128E-030  1.48689548E-032  7.68596740E-033
  2.780780E-01  5.00314116E-030  4.97643393E-030  1.75382831E-032  9.16894881E-033
  2.818380E-01  5.98216038E-030  5.95068994E-030  2.05614697E-032  1.09089639E-032
  2.856490E-01  7.15228727E-030  7.11533411E-030  2.40082920E-032  1.29448660E-032
  2.895120E-01  8.54912589E-030  8.50566534E-030  2.81422195E-032  1.53183379E-032
  2.934270E-01  1.02136396E-029  1.01626569E-029  3.29055204E-032  1.80772449E-032
  2.973950E-01  1.21941488E-029  1.21344433E-029  3.84312740E-032  2.12742033E-032
  3.014160E-01  1.45461101E-029  1.44764330E-029  4.47032028E-032  2.49739432E-032
  3.054920E-01  1.66764828E-029  1.65954450E-029  5.17911569E-032  2.92465865E-032
  3.096230E-01  1.95520888E-029  1.94581595E-029  5.97613277E-032  3.41679779E-032
  3.138100E-01  2.28537588E-029  2.27447356E-029  6.92342536E-032  3.97889324E-032
  3.180530E-01  2.66296458E-029  2.65034364E-029  7.99877041E-032  4.62216987E-032
  3.223540E-01  3.09327392E-029  3.07870695E-029  9.20977433E-032  5.35719483E-032
  3.267130E-01  3.58158153E-029  3.56481128E-029  1.05753131E-031  6.19494207E-032
  3.311310E-01  4.13340090E-029  4.11406952E-029  1.21844280E-031  7.14695196E-032
  3.356090E-01  4.75379399E-029  4.73156860E-029  1.39982209E-031  8.22716500E-032
  3.401470E-01  5.44728661E-029  5.42180094E-029  1.60357330E-031  9.44993013E-032
  3.447470E-01  6.21737677E-029  6.18821077E-029  1.83354735E-031  1.08305358E-031
  3.494080E-01  7.06498190E-029  7.03158527E-029  2.10162238E-031  1.23804065E-031
  3.541330E-01  7.98757492E-029  7.94942198E-029  2.40298275E-031  1.41231050E-031
  3.589220E-01  8.97567730E-029  8.93219113E-029  2.74081350E-031  1.60780405E-031
  3.637750E-01  1.00087034E-028  9.95925266E-029  3.11845283E-031  1.82662597E-031
  3.686950E-01  1.10495117E-028  1.09933967E-028  3.54062954E-031  2.07087469E-031
  3.736800E-01  1.20351514E-028  1.19716125E-028  4.01092912E-031  2.34295860E-031
  3.787330E-01  1.28792850E-028  1.28074918E-028  4.53360267E-031  2.64570961E-031
  3.838550E-01  1.35010814E-028  1.34201330E-028  5.11324260E-031  2.98160205E-031
  3.890450E-01  1.39066606E-028  1.38155829E-028  5.75447734E-031  3.35329156E-031
  3.943060E-01  1.42500599E-028  1.41477904E-028  6.46255061E-031  3.76440151E-031
  3.996380E-01  1.47471748E-028  1.46325669E-028  7.24259966E-031  4.21818932E-031
  4.050420E-01  1.55353369E-028  1.54072503E-028  8.09268850E-031  4.71597334E-031
  4.105190E-01  1.66415702E-028  1.64987048E-028  9.02355393E-031  5.26298570E-031
  4.160700E-01  1.80205274E-028  1.78614838E-028  1.00411955E-030  5.86316376E-031
  4.216970E-01  1.95946632E-028  1.94179399E-028  1.11516885E-030  6.52064483E-031
  4.273990E-01  2.12767209E-028  2.10807226E-028  1.23604519E-030  7.23937897E-031
  4.331780E-01  2.29567163E-028  2.27397397E-028  1.36738171E-030  8.02384205E-031
  4.390360E-01  2.44578042E-028  2.42178482E-028  1.51164493E-030  8.87915009E-031
  4.449730E-01  2.55161588E-028  2.52509862E-028  1.67106630E-030  9.80659950E-031
  4.509900E-01  2.58194742E-028  2.55269008E-028  1.84444613E-030  1.08128803E-030
  4.570880E-01  2.51374046E-028  2.48151634E-028  2.03206173E-030  1.19035010E-030
  4.632690E-01  2.35380039E-028  2.31836922E-028  2.23473470E-030  1.30838278E-030
  4.695340E-01  2.14557050E-028  2.10667881E-028  2.45325039E-030  1.43591827E-030
  4.758830E-01  1.93936296E-028  1.89674470E-028  2.68833778E-030  1.57348875E-030
  4.823180E-01  1.75953669E-028  1.71291174E-028  2.94082462E-030  1.72167067E-030
  4.888400E-01  1.60337592E-028  1.55238368E-028  3.21827182E-030  1.88095195E-030
  4.954500E-01  1.45675810E-028  1.40097906E-028  3.52604623E-030  2.05185792E-030
  5.021500E-01  1.30972599E-028  1.24880209E-028  3.85727204E-030  2.23511790E-030
  5.089400E-01  1.16520026E-028  1.09875641E-028  4.21308290E-030  2.43130228E-030
  5.158220E-01  1.03370434E-028  9.61346073E-029  4.59478042E-030  2.64104594E-030
  5.227970E-01  9.22006225E-029  8.43320960E-029  5.00356875E-030  2.86495773E-030
  5.298670E-01  8.29457616E-029  7.44012772E-029  5.44077788E-030  3.10370654E-030
  5.370320E-01  7.51599759E-029  6.58945698E-029  5.90753338E-030  3.35787268E-030
  5.442940E-01  6.84401367E-029  5.84069150E-029  6.40513100E-030  3.62809073E-030
  5.516540E-01  6.26411938E-029  5.17869331E-029  6.93943117E-030  3.91482947E-030
  5.591140E-01  5.77839602E-029  4.60393478E-029  7.52648762E-030  4.21812479E-030
  5.666740E-01  5.38269681E-029  4.11351214E-029  8.15267911E-030  4.53916757E-030
  5.743370E-01  5.06588133E-029  3.69602587E-029  8.81988178E-030  4.87867291E-030
  5.821030E-01  4.81421238E-029  3.33751745E-029  9.52982554E-030  5.23712370E-030
  5.899750E-01  4.61643736E-029  3.02646872E-029  1.02844377E-029  5.61524864E-030
  5.979530E-01  4.46517610E-029  2.75528246E-029  1.10854296E-029  6.01350679E-030
  6.060380E-01  4.35490950E-029  2.51821561E-029  1.19344910E-029  6.43244792E-030
  6.142330E-01  4.28059896E-029  2.30995476E-029  1.28337107E-029  6.87273130E-030
  6.225390E-01  4.23772281E-029  2.12575190E-029  1.37848719E-029  7.33483726E-030
  6.309570E-01  4.22253554E-029  1.96164420E-029  1.47896867E-029  7.81922670E-030
  6.394890E-01  4.23214361E-029  1.81449382E-029  1.58500258E-029  8.32647214E-030
  6.481370E-01  4.26427020E-029  1.68178348E-029  1.69678032E-029  8.85706401E-030
  6.569010E-01  4.31717949E-029  1.56147492E-029  1.81457533E-029  9.41129240E-030
  6.657840E-01  4.39140049E-029  1.45183370E-029  1.94056800E-029  9.98998791E-030
  6.747870E-01  4.48397116E-029  1.35145651E-029  2.07318938E-029  1.05932528E-029
  6.839120E-01  4.59398454E-029  1.25917687E-029  2.21266620E-029  1.12214147E-029
  6.931600E-01  4.72071687E-029  1.17404022E-029  2.35919096E-029  1.18748569E-029
  7.025330E-01  4.86381655E-029  1.09524408E-029  2.51318229E-029  1.25539017E-029
  7.120330E-01  5.02335664E-029  1.02211470E-029  2.67533970E-029  1.32590224E-029
  7.216610E-01  5.19843624E-029  9.54084255E-030  2.84533238E-029  1.39901961E-029
  7.314200E-01  5.38883021E-029  8.90669889E-030  3.02339004E-029  1.47477029E-029
  7.413100E-01  5.59433992E-029  8.31471091E-030  3.20971730E-029  1.55315153E-029
  7.513350E-01  5.81485851E-029  7.76125706E-030  3.40454087E-029  1.63419193E-029
  7.614940E-01  6.05022673E-029  7.24344598E-030  3.60800145E-029  1.71788068E-029
  7.717920E-01  6.30049546E-029  6.75849367E-030  3.82040242E-029  1.80424366E-029
  7.822280E-01  6.56549706E-029  6.30426483E-030  4.04181696E-029  1.89325362E-029
  7.928060E-01  6.84530056E-029  5.87863266E-030  4.27251216E-029  1.98492513E-029
  8.035260E-01  7.14043808E-029  5.47992045E-030  4.51338107E-029  2.07906496E-029
  8.143920E-01  7.45182454E-029  5.10648177E-030  4.76565218E-029  2.17552418E-029
  8.254040E-01  7.77828782E-029  4.75696579E-030  5.02806664E-029  2.27452459E-029
  8.365660E-01  8.11998070E-029  4.43006572E-030  5.30090636E-029  2.37606777E-029
  8.478780E-01  8.47680832E-029  4.12468728E-030  5.58423992E-029  2.48009967E-029
  8.593430E-01  8.84890761E-029  3.83978219E-030  5.87832303E-029  2.58660636E-029
  8.709640E-01  9.23630781E-029  3.57436904E-030  6.18332624E-029  2.69554467E-029
  8.827410E-01  9.63893318E-029  3.32763357E-030  6.49932978E-029  2.80684005E-029
  8.946780E-01  1.00569002E-028  3.09873690E-030  6.82653039E-029  2.92049610E-029
  9.067760E-01  1.04920451E-028  2.88693407E-030  7.16718176E-029  3.03616989E-029
  9.190380E-01  1.09442852E-028  2.69155145E-030  7.52126181E-029  3.15386830E-029
  9.314650E-01  1.14122899E-028  2.51192341E-030  7.88743944E-029  3.27365816E-029
  9.440610E-01  1.18962360E-028  2.34745081E-030  8.26594589E-029  3.39554504E-029
  9.568270E-01  1.23960078E-028  2.19756259E-030  8.65685354E-029  3.51939803E-029
  9.697650E-01  1.29115202E-028  2.06173532E-030  9.06019068E-029  3.64515602E-029
  9.828790E-01  1.34429561E-028  1.93943458E-030  9.47627158E-029  3.77274107E-029
  9.961700E-01  1.39900837E-028  1.83022095E-030  9.90496016E-029  3.90210145E-029
  1.009640E+00  1.45594148E-028  1.73363874E-030  1.03526890E-028  4.03336191E-029
  1.023290E+00  1.51475787E-028  1.64928567E-030  1.08163588E-028  4.16629137E-029
  1.037130E+00  1.57526992E-028  1.57673450E-030  1.12941969E-028  4.30082884E-029
  1.051150E+00  1.63739810E-028  1.51568731E-030  1.17857238E-028  4.43668852E-029
  1.065370E+00  1.70124148E-028  1.46574232E-030  1.22918461E-028  4.57399447E-029
  1.079780E+00  1.76671399E-028  1.42664996E-030  1.28119749E-028  4.71250008E-029
  1.094380E+00  1.83378509E-028  1.39813382E-030  1.33459776E-028  4.85205994E-029
  1.109170E+00  1.90243077E-028  1.37993994E-030  1.38937790E-028  4.99253475E-029
  1.124170E+00  1.97275217E-028  1.37183157E-030  1.44562879E-028  5.13405072E-029
  1.139380E+00  2.04669374E-028  1.37363953E-030  1.50534261E-028  5.27614734E-029
  1.154780E+00  2.12279209E-028  1.38519370E-030  1.56707691E-028  5.41863238E-029
  1.170400E+00  2.20077936E-028  1.40638623E-030  1.63053582E-028  5.56179684E-029
  1.186220E+00  2.28047948E-028  1.43708551E-030  1.69558327E-028  5.70525351E-029
  1.202260E+00  2.36201630E-028  1.47725717E-030  1.76233062E-028  5.84913115E-029
  1.218520E+00  2.44535685E-028  1.52686882E-030  1.83076231E-028  5.99325851E-029
  1.235000E+00  2.53046045E-028  1.58591203E-030  1.90085554E-028  6.13745790E-029
  1.251700E+00  2.61778504E-028  1.65440669E-030  1.97268002E-028  6.28560949E-029
  1.268630E+00  2.70779828E-028  1.73245216E-030  2.04702705E-028  6.43446706E-029
  1.285780E+00  2.79956147E-028  1.82008207E-030  2.12303812E-028  6.58322523E-029
  1.303170E+00  2.89320018E-028  1.91751795E-030  2.20082671E-028  6.73198288E-029
  1.320790E+00  2.98922424E-028  2.02486350E-030  2.28086513E-028  6.88110475E-029
  1.338650E+00  3.08717670E-028  2.14236585E-030  2.36274952E-028  7.03003523E-029
  1.356750E+00  3.18693851E-028  2.27024453E-030  2.44638244E-028  7.17853627E-029
  1.375100E+00  3.28854839E-028  2.40884109E-030  2.53180090E-028  7.32659072E-029
  1.393690E+00  3.39287854E-028  2.55837085E-030  2.61993008E-028  7.47364758E-029
  1.412540E+00  3.49929792E-028  2.71932613E-030  2.71010087E-028  7.62003796E-029
  1.431640E+00  3.60751540E-028  2.89200977E-030  2.80204528E-028  7.76550021E-029
  1.451000E+00  3.71756956E-028  3.07692000E-030  2.89579915E-028  7.91001201E-029
  1.470620E+00  3.83117670E-028  3.27451157E-030  2.99309945E-028  8.05332139E-029
  1.490500E+00  3.94782280E-028  3.48528472E-030  3.09343731E-028  8.19532643E-029
  1.510660E+00  4.06655460E-028  3.71000757E-030  3.19583717E-028  8.33617359E-029
  1.531090E+00  4.18721530E-028  3.94916271E-030  3.30016683E-028  8.47556843E-029
  1.551790E+00  4.30994882E-028  4.20339939E-030  3.40658883E-028  8.61326004E-029
  1.572780E+00  4.43661547E-028  4.47366396E-030  3.51706649E-028  8.74812339E-029
  1.594040E+00  4.56518252E-028  4.76045117E-030  3.62946979E-028  8.88108221E-029
  1.615600E+00  4.69588625E-028  5.06498619E-030  3.74400330E-028  9.01233083E-029
  1.637440E+00  4.82846771E-028  5.38787926E-030  3.86043674E-028  9.14152172E-029
  1.659590E+00  4.96319660E-028  5.73052389E-030  3.97895892E-028  9.26932442E-029
  1.682030E+00  5.09982464E-028  6.09366497E-030  4.09932912E-028  9.39558876E-029
  1.704770E+00  5.23834942E-028  6.47856519E-030  4.22159720E-028  9.51966573E-029
  1.727830E+00  5.37890598E-028  6.88679002E-030  4.34587505E-028  9.64163026E-029
  1.751190E+00  5.52122062E-028  7.31929497E-030  4.47191024E-028  9.76117430E-029
  1.774870E+00  5.66588713E-028  7.77787706E-030  4.60017846E-028  9.87929893E-029
  1.798870E+00  5.81502927E-028  8.26410125E-030  4.73237434E-028  1.00001392E-028
  1.823200E+00  5.96621136E-028  8.77986085E-030  4.86654215E-028  1.01187060E-028
  1.847850E+00  6.11924289E-028  9.32680875E-030  5.00249550E-028  1.02347930E-028
  1.872840E+00  6.27427907E-028  9.90740365E-030  5.14035601E-028  1.03484902E-028
  1.898160E+00  6.43111886E-028  1.05236545E-029  5.27992168E-028  1.04596063E-028
  1.923830E+00  6.59251243E-028  1.11785044E-029  5.42383927E-028  1.05688811E-028
  1.949840E+00  6.75735045E-028  1.18744151E-029  5.57101832E-028  1.06758798E-028
  1.976210E+00  6.92434511E-028  1.26149596E-029  5.72016569E-028  1.07802982E-028
  2.002930E+00  7.09330429E-028  1.34032149E-029  5.87107562E-028  1.08819652E-028
  2.030020E+00  7.26437693E-028  1.42435512E-029  6.02384575E-028  1.09809567E-028
  2.057470E+00  7.43738667E-028  1.51398825E-029  6.17827545E-028  1.10771239E-028
  2.085290E+00  7.61370810E-028  1.60972810E-029  6.33571698E-028  1.11701831E-028
  2.113490E+00  7.79277251E-028  1.71215598E-029  6.49552809E-028  1.12602882E-028
  2.142070E+00  7.97399549E-028  1.82188300E-029  6.65679595E-028  1.13501124E-028
  2.171030E+00  8.15726736E-028  1.93961576E-029  6.81949011E-028  1.14381567E-028
  2.200390E+00  8.34276451E-028  2.06625472E-029  6.98380117E-028  1.15233786E-028
  2.230150E+00  8.53164482E-028  2.20274644E-029  7.15097024E-028  1.16039994E-028
  2.260300E+00  8.72334704E-028  2.35014914E-029  7.32016173E-028  1.16817040E-028
  2.290870E+00  8.92056480E-028  2.50988258E-029  7.49387776E-028  1.17569878E-028
  2.321850E+00  9.12030463E-028  2.68345298E-029  7.66902913E-028  1.18293020E-028
  2.353240E+00  9.32259021E-028  2.87265740E-029  7.84546490E-028  1.18985957E-028
  2.385060E+00  9.52773794E-028  3.07982188E-029  8.02325891E-028  1.19649684E-028
  2.417320E+00  9.73596592E-028  3.30766270E-029  8.20235720E-028  1.20284245E-028
  2.450000E+00  9.95247691E-028  3.55930318E-029  8.38757907E-028  1.20896753E-028
  2.483130E+00  1.01740375E-027  3.83895371E-029  8.57529185E-028  1.21485025E-028
  2.516710E+00  1.03979031E-027  4.15165015E-029  8.76207770E-028  1.22066042E-028
  2.550740E+00  1.06263826E-027  4.50372122E-029  8.94983124E-028  1.22617929E-028
  2.585230E+00  1.08602102E-027  4.90333411E-029  9.13846569E-028  1.23141114E-028
  2.620190E+00  1.11003801E-027  5.36112446E-029  9.32790917E-028  1.23635846E-028
  2.655620E+00  1.13480982E-027  5.89089588E-029  9.51798817E-028  1.24102046E-028
  2.691530E+00  1.16051443E-027  6.51130129E-029  9.70861485E-028  1.24539935E-028
  2.727930E+00  1.18739848E-027  7.24777135E-029  9.89970786E-028  1.24949982E-028
  2.764820E+00  1.21591290E-027  8.13549773E-029  1.00921796E-027  1.25339964E-028
  2.802210E+00  1.24679450E-027  9.22496401E-029  1.02882004E-027  1.25724813E-028
  2.840100E+00  1.28042385E-027  1.05898206E-028  1.04844299E-027  1.26082659E-028
  2.878500E+00  1.31791528E-027  1.23420838E-028  1.06808042E-027  1.26414021E-028
  2.917430E+00  1.36103667E-027  1.46587260E-028  1.08772992E-027  1.26719486E-028
  2.956880E+00  1.41264892E-027  1.78292249E-028  1.10735767E-027  1.26999002E-028
  2.996860E+00  1.47780227E-027  2.23593127E-028  1.12695610E-027  1.27253043E-028
  3.037390E+00  1.56596835E-027  2.91963568E-028  1.14652246E-027  1.27482319E-028
  3.078460E+00  1.69643154E-027  4.02721905E-028  1.16602293E-027  1.27686703E-028
  3.120090E+00  1.91448722E-027  6.00661612E-028  1.18588431E-027  1.27941293E-028
  3.162280E+00  2.34351139E-027  1.00914065E-027  1.20612073E-027  1.28250011E-028
  3.205040E+00  3.43011312E-027  2.07529216E-027  1.22628461E-027  1.28536346E-028
  3.248380E+00  7.81650753E-027  6.44134402E-027  1.24636258E-027  1.28800927E-028
  3.292300E+00  4.57789939E-026  4.43837132E-026  1.26632089E-027  1.28959817E-028
  3.336820E+00  1.31547748E-026  1.17395534E-026  1.28616512E-027  1.29056312E-028
  3.381950E+00  4.44578435E-027  3.01077132E-027  1.30588110E-027  1.29131927E-028
  3.427680E+00  2.80874051E-027  1.35391087E-027  1.32570400E-027  1.29125645E-028
  3.474030E+00  2.26321838E-027  7.88589468E-028  1.34557560E-027  1.29053315E-028
  3.521010E+00  2.02717274E-027  5.32927447E-028  1.36528391E-027  1.28961385E-028
  3.568620E+00  1.91090481E-027  3.97252686E-028  1.38480160E-027  1.28850527E-028
  3.616870E+00  1.85048826E-027  3.17654615E-028  1.40411252E-027  1.28721124E-028
  3.665780E+00  1.81992330E-027  2.67794558E-028  1.42356606E-027  1.28562679E-028
  3.715350E+00  1.80696973E-027  2.35246088E-028  1.44335474E-027  1.28368903E-028
  3.765590E+00  1.80459369E-027  2.13513184E-028  1.46292147E-027  1.28159036E-028
  3.816510E+00  1.80912006E-027  1.98942510E-028  1.48224396E-027  1.27933589E-028
  3.868120E+00  1.81835681E-027  1.89356994E-028  1.50130640E-027  1.27693411E-028
  3.920430E+00  1.83152322E-027  1.83399804E-028  1.52068402E-027  1.27439394E-028
  3.973440E+00  1.84721828E-027  1.80196009E-028  1.53985014E-027  1.27172128E-028
  4.027170E+00  1.86477570E-027  1.79166642E-028  1.55871661E-027  1.26892441E-028
  4.081630E+00  1.88378947E-027  1.79925047E-028  1.57726323E-027  1.26601193E-028
  4.136820E+00  1.90397821E-027  1.82212977E-028  1.59547601E-027  1.26289223E-028
  4.192760E+00  1.92519640E-027  1.85863095E-028  1.61348964E-027  1.25843668E-028
  4.249460E+00  1.94730027E-027  1.90775772E-028  1.63113561E-027  1.25388887E-028
  4.306920E+00  1.97022307E-027  1.96903324E-028  1.64839423E-027  1.24925511E-028
  4.365160E+00  1.99394707E-027  2.04246887E-028  1.66524568E-027  1.24454497E-028
  4.424190E+00  2.01850650E-027  2.12851285E-028  1.68167863E-027  1.23976594E-028
  4.484010E+00  2.04483386E-027  2.22807304E-028  1.69841572E-027  1.23610838E-028
  4.544650E+00  2.07229156E-027  2.34268793E-028  1.71477468E-027  1.23248088E-028
  4.606100E+00  2.10101501E-027  2.47459330E-028  1.73067490E-027  1.22880780E-028
  4.668390E+00  2.13134158E-027  2.62722335E-028  1.74610924E-027  1.22510010E-028
  4.731510E+00  2.16375329E-027  2.80568836E-028  1.76104827E-027  1.22136186E-028
  4.795490E+00  2.19977601E-027  3.01822515E-028  1.77610976E-027  1.21843735E-028
  4.860340E+00  2.24108348E-027  3.27869262E-028  1.79154810E-027  1.21666114E-028
  4.926060E+00  2.28920224E-027  3.61255263E-028  1.80645893E-027  1.21488045E-028
  4.992680E+00  2.34940601E-027  4.07246338E-028  1.82084929E-027  1.21310384E-028
  5.060190E+00  2.43338710E-027  4.78243890E-028  1.83387416E-027  1.21269049E-028
  5.128610E+00  2.57571318E-027  6.08244546E-028  1.84622407E-027  1.21244565E-028
  5.197970E+00  2.86695679E-027  8.87615280E-028  1.85797457E-027  1.21366946E-028
  5.268250E+00  3.22750686E-027  1.23675902E-027  1.86908515E-027  1.21662690E-028
  5.339490E+00  3.03580120E-027  1.03424480E-027  1.87959293E-027  1.21963463E-028
  5.411700E+00  2.89235522E-027  8.80606880E-028  1.88947827E-027  1.22270067E-028
  5.484870E+00  2.95121949E-027  9.29921222E-028  1.89871507E-027  1.22583192E-028
  5.559040E+00  3.19955978E-027  1.16865435E-027  1.90781245E-027  1.23092988E-028
  5.634210E+00  3.77603269E-027  1.73579156E-027  1.91652933E-027  1.23711803E-028
  5.710400E+00  4.31643108E-027  2.26690837E-027  1.92492130E-027  1.24601409E-028
  5.787620E+00  3.96483293E-027  1.90665912E-027  1.93266505E-027  1.25508756E-028
  5.865880E+00  3.89018477E-027  1.82400731E-027  1.93974765E-027  1.26429807E-028
  5.945200E+00  4.29823420E-027  2.22385111E-027  1.94689754E-027  1.27485550E-028
  6.025600E+00  5.42260869E-027  3.33986320E-027  1.95407505E-027  1.28670445E-028
  6.107080E+00  8.44006914E-027  6.34962643E-027  1.96056830E-027  1.29874406E-028
  6.189660E+00  1.54058803E-026  1.33084012E-026  1.96638025E-027  1.31098837E-028
  6.273360E+00  1.36995052E-026  1.15988985E-026  1.96850113E-027  1.32105583E-028
  6.358190E+00  8.03190171E-027  5.92922859E-027  1.96956829E-027  1.33104838E-028
  6.444170E+00  6.13446004E-027  4.02512665E-027  1.97550694E-027  1.33826445E-028
  6.531310E+00  5.74236662E-027  3.62715078E-027  1.98065631E-027  1.34559534E-028
  6.619620E+00  5.90938812E-027  3.79035221E-027  1.98390984E-027  1.35126065E-028
  6.709140E+00  6.06992090E-027  3.94773933E-027  1.98647184E-027  1.35709732E-028
  6.799860E+00  5.97870313E-027  3.85425871E-027  1.98823293E-027  1.36211493E-028
  6.891810E+00  5.91004565E-027  3.78400037E-027  1.98930492E-027  1.36740356E-028
  6.985000E+00  6.09550740E-027  3.96702278E-027  1.99051347E-027  1.37971148E-028
  7.079460E+00  6.58608380E-027  4.45540223E-027  1.99126404E-027  1.39417530E-028
  7.175190E+00  7.40468698E-027  5.26920480E-027  1.99148068E-027  1.44001490E-028
  7.272210E+00  8.61460432E-027  6.47468434E-027  1.99103801E-027  1.48881966E-028
  7.370550E+00  1.04590241E-026  8.30660794E-027  1.99069721E-027  1.61718921E-028
  7.470220E+00  1.35402485E-026  1.13732377E-026  1.98990788E-027  1.77102863E-028
  7.571230E+00  1.75076483E-026  1.53122857E-026  1.98906902E-027  2.06293658E-028
  7.673620E+00  1.81541168E-026  1.59190314E-026  1.98805596E-027  2.47029352E-028
  7.777380E+00  1.77339376E-026  1.54492711E-026  1.98641780E-027  2.98248674E-028
  7.882550E+00  1.66898108E-026  1.43295899E-026  1.98420258E-027  3.76018379E-028
  7.989140E+00  1.32925961E-026  1.08546809E-026  1.98134061E-027  4.56574569E-028
  8.097170E+00  1.05582179E-026  8.00836173E-027  1.97723554E-027  5.72620587E-028
  8.206660E+00  9.32480110E-027  6.65690300E-027  1.97246807E-027  6.95430037E-028
  8.317640E+00  9.11198916E-027  6.32714130E-027  1.96726447E-027  8.17583389E-028
  8.430110E+00  9.57818215E-027  6.68665009E-027  1.96178283E-027  9.29749225E-028
  8.544110E+00  1.11887486E-026  8.19887824E-027  1.95586130E-027  1.03400902E-027
  8.659640E+00  1.11708914E-026  8.07560697E-027  1.94964706E-027  1.14563738E-027
  8.776740E+00  8.75300190E-027  5.53071332E-027  1.94335374E-027  1.27893484E-027
  8.895420E+00  7.36568348E-027  3.99112968E-027  1.93677369E-027  1.43778011E-027
  9.015710E+00  6.80275768E-027  3.25896077E-027  1.93013953E-027  1.61365738E-027
  9.137630E+00  6.60047794E-027  2.88975019E-027  1.92348568E-027  1.78724207E-027
  9.261190E+00  6.54557090E-027  2.69699142E-027  1.91682080E-027  1.93175868E-027
  9.386420E+00  6.53606021E-027  2.60340212E-027  1.91051957E-027  2.02213852E-027
  9.513350E+00  6.52784707E-027  2.57411488E-027  1.90383031E-027  2.04990188E-027
  9.641990E+00  6.52269338E-027  2.59262210E-027  1.89730848E-027  2.03276279E-027
  9.772370E+00  6.53272084E-027  2.65174442E-027  1.89101305E-027  1.98996337E-027
  9.904520E+00  6.57995916E-027  2.75025649E-027  1.88493434E-027  1.94476834E-027
  1.003850E+01  6.67557593E-027  2.89220626E-027  1.87896594E-027  1.90440374E-027
  1.017420E+01  6.82938669E-027  3.08799951E-027  1.87326865E-027  1.86811854E-027
  1.031180E+01  7.04999940E-027  3.35958025E-027  1.86750439E-027  1.82291476E-027
  1.045120E+01  7.36216989E-027  3.75324627E-027  1.86179006E-027  1.74713356E-027
  1.059250E+01  7.90411553E-027  4.39328022E-027  1.85629337E-027  1.65454194E-027
  1.073580E+01  8.77358281E-027  5.36164787E-027  1.85119171E-027  1.56074323E-027
  1.088090E+01  1.03665612E-026  7.04241685E-027  1.84661462E-027  1.47752975E-027
  1.102810E+01  1.46588081E-026  1.14066351E-026  1.84320529E-027  1.40896779E-027
  1.117720E+01  3.32200023E-026  3.00361657E-026  1.84298892E-027  1.34084763E-027
  1.132840E+01  3.71906545E-026  3.40653457E-026  1.84886190E-027  1.27644693E-027
  1.148150E+01  2.39296814E-026  2.06605285E-026  2.05181940E-027  1.21733351E-027
  1.163680E+01  1.70038742E-026  1.40254076E-026  1.81312258E-027  1.16534404E-027
  1.179420E+01  1.67579181E-026  1.38386416E-026  1.80941800E-027  1.10985851E-027
  1.195360E+01  1.90052079E-026  1.61435660E-026  1.80873754E-027  1.05290440E-027
  1.211530E+01  1.83900930E-026  1.55850895E-026  1.80818193E-027  9.96821551E-028
  1.227910E+01  1.75866876E-026  1.48302750E-026  1.80850055E-027  9.47912053E-028
  1.244510E+01  2.07274013E-026  1.80154509E-026  1.80807457E-027  9.03875840E-028
  1.261340E+01  2.54576087E-026  2.27923022E-026  1.80633489E-027  8.58971616E-028
  1.278400E+01  2.11595124E-026  1.85384389E-026  1.80539088E-027  8.15682549E-028
  1.295690E+01  1.56370804E-026  1.30575464E-026  1.80491255E-027  7.74621434E-028
  1.313210E+01  1.35881635E-026  1.10425082E-026  1.80494719E-027  7.40708075E-028
  1.330970E+01  1.37648798E-026  1.12497302E-026  1.80626574E-027  7.08883873E-028
  1.348960E+01  1.44330457E-026  1.19467861E-026  1.80843640E-027  6.77823231E-028
  1.367200E+01  1.28453266E-026  1.03789411E-026  1.81167435E-027  6.54711136E-028
  1.385690E+01  1.15418113E-026  9.08672351E-027  1.81615180E-027  6.38936018E-028
  1.404430E+01  1.14957379E-026  9.03942282E-027  1.82219682E-027  6.34118275E-028
  1.423420E+01  1.18459486E-026  9.37054346E-027  1.82952727E-027  6.45877893E-028
  1.442670E+01  1.08325802E-026  8.33041172E-027  1.83767261E-027  6.64495861E-028
  1.462180E+01  1.05279986E-026  7.98144190E-027  1.84784873E-027  6.98707946E-028
  1.481950E+01  1.05288930E-026  7.93362039E-027  1.85923319E-027  7.36039414E-028
  1.501990E+01  1.06490887E-026  7.99836735E-027  1.87286466E-027  7.77856646E-028
  1.522300E+01  1.08404951E-026  8.12746172E-027  1.88900854E-027  8.24024836E-028
  1.542880E+01  1.10971246E-026  8.31608808E-027  1.90659337E-027  8.74443141E-028
  1.563750E+01  1.14555440E-026  8.59976204E-027  1.92661812E-027  9.29163816E-028
  1.584890E+01  1.20537446E-026  9.11802893E-027  1.94827739E-027  9.87438245E-028
  1.606320E+01  1.26567594E-026  9.63435923E-027  1.97282092E-027  1.04957927E-027
  1.628050E+01  1.44203937E-026  1.13066433E-026  1.99886685E-027  1.11488358E-027
  1.650060E+01  1.81220627E-026  1.49113447E-026  2.02832790E-027  1.18239011E-027
  1.672370E+01  1.61575379E-026  1.28461110E-026  2.05930369E-027  1.25212326E-027
  1.694990E+01  1.70985933E-026  1.36852668E-026  2.09424631E-027  1.31908021E-027
  1.717910E+01  1.72973539E-026  1.37795712E-026  2.13089763E-027  1.38688507E-027
  1.741140E+01  1.71919124E-026  1.35677425E-026  2.17261861E-027  1.45155136E-027
  1.764680E+01  1.50775862E-026  1.13453474E-026  2.21659492E-027  1.51564383E-027
  1.788550E+01  1.47478615E-026  1.09114782E-026  2.26633965E-027  1.57004366E-027
  1.812730E+01  1.37461600E-026  9.80652149E-027  2.31943545E-027  1.62020306E-027
  1.837240E+01  1.33816330E-026  9.34278198E-027  2.37698573E-027  1.66186529E-027
  1.862090E+01  1.32174205E-026  9.08272659E-027  2.43849071E-027  1.69620323E-027
  1.887270E+01  1.31191052E-026  8.89228913E-027  2.50427998E-027  1.72253606E-027
  1.912790E+01  1.30310710E-026  8.71900900E-027  2.57657306E-027  1.73548897E-027
  1.938650E+01  1.29468901E-026  8.54880680E-027  2.65158024E-027  1.74650310E-027
  1.964870E+01  1.28635388E-026  8.38719122E-027  2.73511755E-027  1.74122998E-027
  1.991440E+01  1.27960544E-026  8.23906353E-027  2.82150915E-027  1.73548174E-027
  2.018370E+01  1.27428816E-026  8.10385769E-027  2.91494324E-027  1.72408064E-027
  2.045660E+01  1.27105525E-026  7.97880729E-027  3.01630125E-027  1.71544395E-027
  2.073320E+01  1.26987048E-026  7.86106059E-027  3.12545127E-027  1.71219296E-027
  2.101360E+01  1.26989544E-026  7.74845254E-027  3.24242515E-027  1.70807674E-027
  2.129770E+01  1.27119106E-026  7.63954281E-027  3.36982897E-027  1.70253886E-027
  2.158570E+01  1.27407238E-026  7.53325555E-027  3.50667420E-027  1.70079407E-027
  2.187760E+01  1.27826396E-026  7.42895785E-027  3.65328366E-027  1.70039810E-027
  2.217350E+01  1.28352755E-026  7.32621380E-027  3.81002911E-027  1.69903258E-027
  2.247330E+01  1.28950035E-026  7.22480270E-027  3.97918237E-027  1.69101843E-027
  2.277720E+01  1.29720827E-026  7.12451028E-027  4.16055528E-027  1.68701715E-027
  2.308520E+01  1.30656575E-026  7.02526823E-027  4.35369152E-027  1.68669779E-027
  2.339740E+01  1.31759998E-026  6.92698930E-027  4.55895912E-027  1.69005139E-027
  2.371370E+01  1.32997563E-026  6.82970754E-027  4.78027845E-027  1.68977028E-027
  2.403440E+01  1.34390160E-026  6.73332128E-027  5.01434672E-027  1.69134802E-027
  2.435940E+01  1.35937865E-026  6.63788786E-027  5.26151767E-027  1.69438093E-027
  2.468880E+01  1.37670256E-026  6.54338768E-027  5.52507581E-027  1.69856213E-027
  2.502270E+01  1.39493583E-026  6.44981829E-027  5.79968288E-027  1.69985713E-027
  2.536100E+01  1.41575175E-026  6.35721635E-027  6.09748268E-027  1.70281850E-027
  2.570400E+01  1.43763485E-026  6.26552150E-027  6.40502038E-027  1.70580659E-027
  2.605150E+01  1.46063502E-026  6.17480090E-027  6.72277653E-027  1.70877280E-027
  2.640380E+01  1.48480619E-026  6.08498729E-027  7.05133048E-027  1.71174409E-027
  2.676090E+01  1.51019875E-026  5.99608758E-027  7.39119848E-027  1.71470143E-027
  2.712270E+01  1.53686226E-026  5.90813340E-027  7.74287727E-027  1.71761191E-027
  2.748950E+01  1.56484233E-026  5.82105575E-027  8.10686513E-027  1.72050237E-027
  2.786120E+01  1.59176660E-026  5.73487513E-027  8.45682083E-027  1.72597003E-027
  2.823800E+01  1.61873711E-026  5.64954937E-027  8.80585799E-027  1.73196371E-027
  2.861980E+01  1.64605652E-026  5.56509426E-027  9.15755138E-027  1.73791960E-027
  2.900680E+01  1.67358271E-026  5.48146322E-027  9.51051692E-027  1.74384699E-027
  2.939910E+01  1.70113834E-026  5.39863376E-027  9.86300472E-027  1.74974489E-027
  2.979660E+01  1.72850292E-026  5.31662085E-027  1.02128283E-026  1.75558007E-027
  3.019950E+01  1.75068557E-026  5.23537646E-027  1.05087110E-026  1.76276818E-027
  3.060790E+01  1.76671120E-026  5.15487721E-027  1.07409076E-026  1.77132719E-027
  3.102180E+01  1.78088814E-026  5.07512169E-027  1.09539444E-026  1.77981530E-027
  3.144130E+01  1.79294506E-026  4.99607799E-027  1.11451472E-026  1.78822540E-027
  3.186640E+01  1.80261612E-026  4.91774627E-027  1.13118747E-026  1.79654023E-027
  3.229730E+01  1.80965457E-026  4.84009114E-027  1.14516882E-026  1.80476644E-027
  3.273410E+01  1.81383334E-026  4.76308500E-027  1.15623501E-026  1.81289832E-027
  3.317670E+01  1.81495106E-026  4.68675518E-027  1.16418506E-026  1.82090481E-027
  3.362530E+01  1.81072244E-026  4.61105542E-027  1.16657676E-026  1.83040145E-027
  3.408000E+01  1.79760138E-026  4.53597928E-027  1.15955324E-026  1.84450214E-027
  3.454090E+01  1.78213771E-026  4.46150064E-027  1.15012692E-026  1.85860730E-027
  3.500800E+01  1.76446949E-026  4.38763283E-027  1.13843595E-026  1.87270254E-027
  3.548130E+01  1.74476686E-026  4.31437948E-027  1.12465209E-026  1.88676815E-027
  3.596110E+01  1.72323542E-026  4.24169125E-027  1.10898359E-026  1.90082701E-027
  3.644740E+01  1.70009499E-026  4.16958319E-027  1.09165039E-026  1.91486282E-027
  3.694030E+01  1.67558400E-026  4.09804497E-027  1.07289200E-026  1.92887501E-027
  3.743980E+01  1.64994815E-026  4.02708223E-027  1.05295551E-026  1.94284411E-027
  3.794610E+01  1.62259620E-026  3.95668030E-027  1.03123482E-026  1.95693356E-027
  3.845920E+01  1.59495003E-026  3.88684570E-027  1.00916166E-026  1.97103801E-027
  3.897920E+01  1.56759432E-026  3.81758023E-027  9.87325181E-027  1.98511111E-027
  3.950630E+01  1.54070732E-026  3.74886667E-027  9.65904242E-027  1.99916411E-027
  4.004050E+01  1.51445088E-026  3.68072102E-027  9.45060129E-027  2.01318651E-027
  4.058200E+01  1.48898381E-026  3.61312575E-027  9.24951639E-027  2.02719598E-027
  4.113080E+01  1.46444660E-026  3.54610475E-027  9.05717696E-027  2.04118431E-027
  4.168690E+01  1.44182780E-026  3.47966758E-027  8.88244456E-027  2.05616582E-027
  4.225060E+01  1.42103255E-026  3.41379032E-027  8.72482757E-027  2.07170765E-027
  4.282200E+01  1.40171319E-026  3.34849136E-027  8.58139258E-027  2.08724799E-027
  4.340100E+01  1.38394227E-026  3.28378653E-027  8.45286068E-027  2.10277546E-027
  4.398790E+01  1.36781017E-026  3.21966263E-027  8.34011436E-027  2.11832474E-027
  4.458270E+01  1.35338873E-026  3.15613889E-027  8.24385105E-027  2.13389734E-027
  4.518560E+01  1.34112757E-026  3.09321196E-027  8.16802425E-027  2.15003949E-027
  4.579660E+01  1.33262018E-026  3.03090659E-027  8.12641870E-027  2.16887648E-027
  4.641590E+01  1.32611226E-026  2.96920832E-027  8.10403976E-027  2.18787451E-027
  4.704350E+01  1.32166817E-026  2.90813751E-027  8.10149232E-027  2.20705189E-027
  4.767970E+01  1.31937395E-026  2.84769264E-027  8.11958222E-027  2.22646464E-027
  4.832440E+01  1.31928703E-026  2.78789774E-027  8.15884703E-027  2.24612553E-027
  4.897790E+01  1.32149199E-026  2.72874273E-027  8.22007463E-027  2.26610257E-027
  4.964020E+01  1.32605016E-026  2.67024343E-027  8.30382704E-027  2.28643110E-027
  5.031140E+01  1.33394016E-026  2.61241673E-027  8.41841234E-027  2.30857256E-027
  5.099180E+01  1.34539860E-026  2.55524521E-027  8.56589455E-027  2.33284628E-027
  5.168130E+01  1.35951520E-026  2.49876345E-027  8.73859388E-027  2.35779471E-027
  5.238010E+01  1.37742643E-026  2.44297158E-027  8.94610456E-027  2.38518820E-027
  5.308840E+01  1.39816316E-026  2.38786482E-027  9.18032002E-027  2.41344678E-027
  5.380630E+01  1.42179222E-026  2.33346035E-027  9.44179828E-027  2.44266361E-027
  5.453390E+01  1.44949172E-026  2.27976392E-027  9.74068827E-027  2.47446500E-027
  5.527130E+01  1.48044155E-026  2.22678302E-027  1.00698891E-026  2.50774333E-027
  5.601870E+01  1.51453241E-026  2.17452197E-027  1.04284069E-026  2.54239525E-027
  5.677620E+01  1.55269264E-026  2.12298720E-027  1.08238797E-026  2.58005944E-027
  5.754400E+01  1.59487820E-026  2.07217774E-027  1.12559048E-026  2.62069947E-027
  5.832210E+01  1.64041072E-026  2.02210995E-027  1.17187356E-026  2.66326165E-027
  5.911080E+01  1.68949482E-026  1.97277745E-027  1.22139327E-026  2.70823796E-027
  5.991010E+01  1.74367432E-026  1.92419843E-027  1.27538867E-026  2.75865806E-027
  6.072020E+01  1.80137381E-026  1.87636780E-027  1.33256477E-026  2.81172262E-027
  6.154130E+01  1.86259168E-026  1.82928663E-027  1.39289994E-026  2.86763075E-027
  6.237350E+01  1.92801042E-026  1.78296094E-027  1.45695350E-026  2.92760831E-027
  6.321690E+01  1.99780532E-026  1.73739753E-027  1.52484966E-026  2.99215906E-027
  6.407180E+01  2.07183985E-026  1.69258924E-027  1.59638295E-026  3.06197973E-027
  6.493820E+01  2.14991389E-026  1.64854468E-027  1.67135909E-026  3.13700336E-027
  6.581630E+01  2.23228447E-026  1.60526141E-027  1.75001162E-026  3.21746716E-027
  6.670630E+01  2.31857083E-026  1.56274197E-027  1.83197465E-026  3.30321980E-027
  6.760830E+01  2.40902440E-026  1.52098637E-027  1.91740818E-026  3.39517577E-027
  6.852250E+01  2.50319537E-026  1.47999299E-027  2.00588732E-026  3.49308752E-027
  6.944910E+01  2.60144782E-026  1.43975869E-027  2.09756402E-026  3.59907924E-027
  7.038820E+01  2.70349953E-026  1.40028563E-027  2.19227260E-026  3.71198360E-027
  7.134000E+01  2.80949385E-026  1.36157040E-027  2.29007509E-026  3.83261720E-027
  7.230470E+01  2.91904389E-026  1.32361023E-027  2.39044875E-026  3.96234119E-027
  7.328250E+01  3.03183655E-026  1.28640009E-027  2.49318767E-026  4.10008868E-027
  7.427340E+01  3.14821067E-026  1.24994485E-027  2.59851369E-026  4.24702496E-027
  7.527780E+01  3.26707260E-026  1.21423173E-027  2.70544861E-026  4.40200815E-027
  7.629570E+01  3.38972449E-026  1.17926228E-027  2.81502875E-026  4.56769503E-027
  7.732740E+01  3.51413121E-026  1.14502895E-027  2.92547561E-026  4.74152701E-027
  7.837300E+01  3.64209736E-026  1.11152920E-027  3.03811573E-026  4.92828706E-027
  7.943280E+01  3.77172599E-026  1.07875457E-027  3.15138305E-026  5.12467478E-027
  8.050690E+01  3.90359913E-026  1.04670161E-027  3.26572993E-026  5.33199038E-027
  8.159560E+01  4.03765372E-026  1.01536138E-027  3.38104074E-026  5.55076834E-027
  8.269900E+01  4.17219911E-026  9.84730200E-028  3.49584072E-026  5.77885367E-027
  8.381720E+01  4.30992874E-026  9.54804403E-028  3.61221944E-026  6.02228854E-027
  8.495060E+01  4.44751977E-026  9.25570618E-028  3.72745174E-026  6.27510965E-027
  8.609940E+01  4.58653549E-026  8.97022805E-028  3.84280280E-026  6.54030408E-027
  8.726360E+01  4.72665027E-026  8.69157615E-028  3.95795350E-026  6.81781006E-027
  8.844370E+01  4.86570171E-026  8.41960411E-028  4.07106820E-026  7.10437478E-027
  8.963960E+01  5.00679825E-026  8.15430494E-028  4.18446182E-026  7.40793378E-027
  9.085180E+01  5.14664486E-026  7.89552649E-028  4.29555163E-026  7.72137965E-027
  9.208030E+01  5.28515316E-026  7.64323733E-028  4.40426080E-026  8.04459995E-027
  9.332540E+01  5.42447058E-026  7.39732428E-028  4.51227430E-026  8.38223036E-027
  9.458740E+01  5.56112587E-026  7.15768754E-028  4.61679246E-026  8.72756535E-027
  9.586650E+01  5.69654991E-026  6.92423392E-028  4.71885489E-026  9.08452685E-027
  9.716280E+01  5.83162825E-026  6.69690334E-028  4.81906169E-026  9.45597531E-027
  9.847670E+01  5.96308123E-026  6.47557173E-028  4.91496372E-026  9.83361792E-027
  9.980830E+01  6.09045218E-026  6.26015218E-028  5.00622804E-026  1.02162262E-026
  1.011580E+02  6.21896268E-026  6.05053768E-028  5.09698288E-026  1.06147442E-026
  1.025260E+02  6.34396326E-026  5.84662830E-028  5.18359839E-026  1.10189859E-026
  1.039120E+02  6.46892325E-026  5.64840483E-028  5.26901040E-026  1.14342880E-026
  1.053170E+02  6.59609576E-026  5.45565924E-028  5.35511110E-026  1.18642807E-026
  1.067420E+02  6.71917204E-026  5.26819932E-028  5.43681835E-026  1.22967169E-026
  1.081850E+02  6.83741468E-026  5.08621559E-028  5.51366838E-026  1.27288414E-026
  1.096480E+02  6.95097075E-026  4.90938168E-028  5.58588217E-026  1.31599476E-026
  1.111310E+02  7.05957173E-026  4.73763776E-028  5.65337880E-026  1.35881655E-026
  1.126330E+02  7.16279029E-026  4.57102217E-028  5.71597971E-026  1.40110036E-026
  1.141560E+02  7.27608899E-026  4.40923359E-028  5.78658000E-026  1.44541665E-026
  1.157000E+02  7.38624981E-026  4.25221059E-028  5.85440924E-026  1.48931846E-026
  1.172650E+02  7.49242865E-026  4.09988303E-028  5.91896475E-026  1.53246507E-026
  1.188500E+02  7.59953090E-026  3.95226819E-028  5.98420584E-026  1.57580238E-026
  1.204570E+02  7.70859060E-026  3.80910476E-028  6.05101798E-026  1.61948158E-026
  1.220860E+02  7.81430129E-026  3.67031717E-028  6.11553222E-026  1.66206590E-026
  1.237370E+02  7.91668529E-026  3.53583774E-028  6.17798115E-026  1.70334576E-026
  1.254100E+02  8.02333072E-026  3.40558710E-028  6.24332212E-026  1.74595273E-026
  1.271060E+02  8.12596078E-026  3.27941323E-028  6.30551125E-026  1.78765540E-026
  1.288250E+02  8.22234297E-026  3.15724663E-028  6.36299107E-026  1.82777944E-026
  1.305670E+02  8.31157678E-026  3.03900627E-028  6.41506722E-026  1.86611950E-026
  1.323330E+02  8.39275394E-026  2.92455616E-028  6.46097716E-026  1.90253122E-026
  1.341220E+02  8.46453359E-026  2.81388487E-028  6.49962787E-026  1.93676687E-026
  1.359360E+02  8.51518246E-026  2.70678938E-028  6.51642886E-026  1.97168571E-026
  1.377740E+02  8.54017871E-026  2.60325919E-028  6.50693865E-026  2.00720747E-026
  1.396370E+02  8.54791567E-026  2.50316771E-028  6.48236787E-026  2.04051612E-026
  1.415250E+02  8.53808614E-026  2.40644037E-028  6.44258280E-026  2.07143893E-026
  1.434390E+02  8.51080052E-026  2.31295299E-028  6.38781391E-026  2.09985708E-026
  1.453780E+02  8.46620976E-026  2.22268662E-028  6.31841318E-026  2.12556972E-026
  1.473440E+02  8.40504929E-026  2.13547430E-028  6.23517907E-026  2.14851548E-026
  1.493370E+02  8.32808329E-026  2.05125003E-028  6.13901767E-026  2.16855312E-026
  1.513560E+02  8.23768709E-026  1.96998958E-028  6.02692939E-026  2.19105780E-026
  1.534030E+02  8.13980349E-026  1.89153938E-028  5.90735698E-026  2.21353112E-026
  1.554770E+02  8.03539105E-026  1.81587550E-028  5.78402730E-026  2.23320499E-026
  1.575800E+02  7.92520420E-026  1.74286071E-028  5.65772443E-026  2.25005115E-026
  1.597100E+02  7.80964900E-026  1.67249271E-028  5.52901995E-026  2.26390412E-026
  1.618700E+02  7.68942069E-026  1.60461254E-028  5.39858985E-026  2.27478472E-026
  1.640590E+02  7.56488465E-026  1.53919117E-028  5.26691045E-026  2.28258229E-026
  1.662770E+02  7.43643515E-026  1.47616318E-028  5.13443567E-026  2.28723784E-026
  1.685260E+02  7.30454176E-026  1.41541469E-028  5.00162495E-026  2.28876267E-026
  1.708050E+02  7.16945254E-026  1.35691105E-028  4.86880037E-026  2.28708306E-026
  1.731140E+02  7.03145853E-026  1.30059296E-028  4.73627335E-026  2.28217925E-026
  1.754550E+02  6.89547148E-026  1.24635256E-028  4.60707695E-026  2.27593101E-026
  1.778280E+02  6.77566489E-026  1.19413846E-028  4.48944368E-026  2.27427982E-026
  1.802330E+02  6.65326961E-026  1.14389484E-028  4.37206404E-026  2.26976662E-026
  1.826700E+02  6.52842674E-026  1.09556679E-028  4.25507692E-026  2.26239415E-026
  1.851400E+02  6.40131674E-026  1.04908015E-028  4.13863439E-026  2.25219156E-026
  1.876430E+02  6.27209913E-026  1.00438279E-028  4.02287549E-026  2.23917981E-026
  1.901810E+02  6.14098515E-026  9.61389594E-029  3.90794452E-026  2.22342674E-026
  1.927530E+02  6.00810165E-026  9.20070549E-029  3.79395435E-026  2.20494660E-026
  1.953590E+02  5.87362605E-026  8.80373604E-029  3.68103149E-026  2.18379081E-026
  1.980010E+02  5.73776937E-026  8.42222415E-029  3.56930097E-026  2.16004617E-026
  2.006780E+02  5.60482032E-026  8.05585718E-029  3.46111617E-026  2.13564830E-026
  2.033920E+02  5.48293607E-026  7.70389780E-029  3.36065471E-026  2.11457746E-026
  2.061420E+02  5.35958481E-026  7.36606201E-029  3.26096335E-026  2.09125541E-026
  2.089300E+02  5.23499076E-026  7.04166091E-029  3.16217781E-026  2.06577129E-026
  2.117550E+02  5.10933711E-026  6.73040038E-029  3.06441966E-026  2.03818705E-026
  2.146180E+02  4.98282254E-026  6.43175695E-029  2.96779817E-026  2.00859260E-026
  2.175200E+02  4.85564298E-026  6.14523719E-029  2.87241778E-026  1.97707996E-026
  2.204620E+02  4.72799137E-026  5.87035766E-029  2.77837733E-026  1.94374369E-026
  2.234430E+02  4.60004452E-026  5.60684547E-029  2.68576916E-026  1.90866852E-026
  2.264640E+02  4.47449461E-026  5.35423609E-029  2.59467476E-026  1.87446561E-026
  2.295270E+02  4.35176962E-026  5.11202400E-029  2.50516635E-026  1.84149125E-026
  2.326310E+02  4.22928958E-026  4.87993920E-029  2.41731404E-026  1.80709561E-026
  2.357760E+02  4.10721031E-026  4.65764943E-029  2.33118457E-026  1.77136810E-026
  2.389640E+02  3.98567865E-026  4.44468038E-029  2.24682288E-026  1.73441109E-026
  2.421960E+02  3.86491236E-026  4.24066468E-029  2.16427513E-026  1.69639657E-026
  2.454710E+02  3.74502663E-026  4.04536140E-029  2.08358670E-026  1.65739457E-026
  2.487900E+02  3.62591908E-026  3.85840655E-029  2.00479586E-026  1.61726482E-026
  2.521540E+02  3.50872203E-026  3.67946211E-029  1.93051980E-026  1.57452277E-026
  2.555640E+02  3.39329263E-026  3.50819973E-029  1.85939530E-026  1.53038913E-026
  2.590200E+02  3.27886347E-026  3.34435119E-029  1.78989009E-026  1.48562903E-026
  2.625230E+02  3.16774186E-026  3.18761066E-029  1.72203108E-026  1.44252317E-026
  2.660730E+02  3.05865320E-026  3.03772798E-029  1.65584466E-026  1.39977080E-026
  2.696700E+02  2.95087958E-026  2.89445282E-029  1.59135513E-026  1.35663000E-026
  2.733170E+02  2.84450825E-026  2.75743290E-029  1.52856203E-026  1.31318879E-026
  2.770130E+02  2.74237053E-026  2.62648213E-029  1.46748216E-026  1.27226189E-026
  2.807590E+02  2.64398065E-026  2.50134349E-029  1.40812010E-026  1.23335921E-026
  2.845550E+02  2.54717432E-026  2.38180278E-029  1.35047742E-026  1.19431510E-026
  2.884030E+02  2.45201294E-026  2.26759131E-029  1.29454535E-026  1.15520000E-026
  2.923030E+02  2.35856047E-026  2.15851281E-029  1.24031912E-026  1.11608284E-026
  2.962560E+02  2.26687373E-026  2.05434869E-029  1.18778642E-026  1.07703296E-026
  3.002620E+02  2.17752707E-026  1.95491547E-029  1.13705633E-026  1.03851582E-026
  3.043220E+02  2.09696592E-026  1.86000843E-029  1.08953112E-026  1.00557479E-026
  3.084370E+02  2.01801486E-026  1.76943109E-029  1.04349661E-026  9.72748813E-027
  3.126080E+02  1.94070504E-026  1.68299541E-029  9.98936256E-027  9.40085793E-027
  3.168350E+02  1.86507443E-026  1.60054631E-029  9.55839332E-027  9.07634550E-027
  3.211200E+02  1.79114204E-026  1.52188738E-029  9.14181092E-027  8.75439063E-027
  3.254620E+02  1.71893914E-026  1.44689057E-029  8.73949786E-027  8.43542462E-027
  3.298630E+02  1.64847922E-026  1.37537825E-029  8.35118652E-027  8.11985193E-027
  3.343230E+02  1.57977810E-026  1.30721213E-029  7.97666061E-027  7.80804827E-027
  3.388440E+02  1.51284129E-026  1.24223033E-029  7.61564237E-027  7.50034824E-027
  3.434260E+02  1.44767705E-026  1.18030586E-029  7.26788162E-027  7.19708584E-027
  3.480700E+02  1.38428863E-026  1.12130289E-029  6.93310625E-027  6.89856705E-027
  3.527770E+02  1.32630812E-026  1.06509230E-029  6.61102256E-027  6.64140769E-027
  3.575470E+02  1.27124997E-026  1.01156096E-029  6.30687864E-027  6.39550542E-027
  3.623820E+02  1.21798155E-026  9.60575793E-030  6.01662603E-027  6.15358369E-027
  3.672820E+02  1.16623985E-026  9.12034626E-030  5.73743809E-027  5.91584002E-027
  3.722490E+02  1.11601400E-026  8.65817063E-030  5.46903167E-027  5.68245020E-027
  3.772830E+02  1.06729501E-026  8.21826189E-030  5.21115150E-027  5.45358038E-027
  3.823840E+02  1.02007339E-026  7.79970709E-030  4.96354898E-027  5.22938520E-027
  3.875550E+02  9.74326651E-027  7.40136577E-030  4.72590197E-027  5.00996317E-027
  3.927960E+02  9.30040970E-027  7.02239403E-030  4.49795122E-027  4.79543609E-027
  3.981070E+02  8.87200991E-027  6.66197642E-030  4.27943411E-027  4.58591383E-027
  4.034910E+02  8.47843471E-027  6.31912008E-030  4.07003980E-027  4.40207578E-027
  4.089470E+02  8.10033736E-027  5.99315622E-030  3.86951570E-027  4.22482850E-027
  4.144770E+02  7.73602945E-027  5.68322867E-030  3.67856516E-027  4.05178106E-027
  4.200810E+02  7.38765363E-027  5.38865107E-030  3.49926889E-027  3.88299609E-027
  4.257620E+02  7.05112519E-027  5.10861261E-030  3.32753697E-027  3.71847962E-027
  4.315190E+02  6.72628612E-027  4.84253415E-030  3.16315621E-027  3.55828737E-027
  4.373540E+02  6.41288627E-027  4.58971087E-030  3.00587956E-027  3.40241700E-027
  4.432680E+02  6.11070050E-027  4.34952340E-030  2.85546640E-027  3.25088458E-027
  4.492620E+02  5.82093715E-027  4.12137830E-030  2.71168587E-027  3.10512990E-027
  4.553370E+02  5.55272020E-027  3.90470545E-030  2.57430920E-027  2.97450629E-027
  4.614950E+02  5.29436938E-027  3.69893275E-030  2.44309935E-027  2.84757110E-027
  4.677350E+02  5.04569397E-027  3.50360270E-030  2.31785721E-027  2.72433315E-027
  4.740600E+02  4.80641551E-027  3.31816066E-030  2.19834251E-027  2.60475484E-027
  4.804700E+02  4.57631345E-027  3.14216315E-030  2.08435444E-027  2.48881686E-027
  4.869680E+02  4.35511427E-027  2.97510910E-030  1.97566535E-027  2.37647381E-027
  4.935520E+02  4.14262636E-027  2.81663308E-030  1.87209693E-027  2.26771280E-027
  5.002260E+02  3.93900263E-027  2.66626559E-030  1.77356239E-027  2.16277398E-027
  5.069910E+02  3.75287682E-027  2.52360289E-030  1.68254385E-027  2.06780937E-027
  5.138460E+02  3.57404405E-027  2.38832700E-030  1.59574000E-027  1.97591572E-027
  5.207950E+02  3.40226493E-027  2.26001095E-030  1.51297061E-027  1.88703430E-027
  5.278370E+02  3.23736024E-027  2.13836196E-030  1.43409140E-027  1.80113047E-027
  5.349750E+02  3.07910694E-027  2.02301235E-030  1.35893703E-027  1.71814690E-027
  5.422090E+02  2.92731918E-027  1.91367674E-030  1.28736667E-027  1.63803884E-027
  5.495410E+02  2.78260149E-027  1.81004374E-030  1.21922992E-027  1.56156152E-027
  5.569720E+02  2.64719207E-027  1.71183270E-030  1.15438604E-027  1.49109419E-027
  5.645040E+02  2.51740579E-027  1.61876605E-030  1.09269577E-027  1.42309126E-027
  5.721370E+02  2.39307375E-027  1.53059960E-030  1.03403305E-027  1.35751010E-027
  5.798740E+02  2.27399753E-027  1.44706995E-030  9.78259951E-028  1.29429051E-027
  5.877150E+02  2.16001190E-027  1.36795681E-030  9.25258352E-028  1.23338559E-027
  5.956620E+02  2.05093825E-027  1.29303013E-030  8.74905609E-028  1.17473962E-027
  6.037170E+02  1.94787782E-027  1.22207343E-030  8.27082363E-028  1.11957338E-027
  6.118810E+02  1.84985073E-027  1.15488859E-030  7.81678389E-028  1.06701745E-027
  6.201550E+02  1.75615315E-027  1.09128797E-030  7.38587225E-028  1.01647463E-027
  6.285410E+02  1.66740443E-027  1.03108168E-030  6.97700463E-028  9.68672881E-028
  6.370400E+02  1.58259859E-027  9.74100451E-031  6.58920255E-028  9.22704235E-028
  6.456540E+02  1.50223409E-027  9.20174363E-031  6.22147628E-028  8.79166292E-028
  6.543850E+02  1.42553604E-027  8.69142673E-031  5.87288801E-028  8.37378094E-028
  6.632340E+02  1.35261980E-027  8.20861083E-031  5.54254963E-028  7.97543980E-028
  6.722020E+02  1.28320592E-027  7.75187287E-031  5.22960647E-028  7.59470080E-028
  6.812920E+02  1.21716409E-027  7.31980486E-031  4.93320638E-028  7.23111475E-028
  6.905050E+02  1.15448387E-027  6.91114885E-031  4.65256283E-028  6.88536472E-028
  6.998420E+02  1.09469791E-027  6.52470286E-031  4.38693232E-028  6.55352209E-028
  7.093060E+02  1.03923291E-027  6.15925630E-031  4.14416878E-028  6.24200105E-028
  7.188970E+02  9.86327719E-028  5.81376303E-031  3.91420876E-028  5.94325467E-028
  7.286180E+02  9.35838135E-028  5.48712969E-031  3.69620514E-028  5.65668908E-028
  7.384710E+02  8.87667097E-028  5.17835301E-031  3.48959066E-028  5.38190197E-028
  7.484570E+02  8.41724671E-028  4.88651176E-031  3.29383037E-028  5.11852982E-028
  7.585780E+02  7.98376646E-028  4.61070065E-031  3.10839848E-028  4.87075728E-028
  7.688350E+02  7.57133420E-028  4.35008800E-031  2.93280665E-028  4.63417746E-028
  7.792320E+02  7.17816886E-028  4.10381158E-031  2.76655104E-028  4.40751401E-028
  7.897690E+02  6.80353389E-028  3.87114895E-031  2.60919948E-028  4.19046326E-028
  8.004480E+02  6.44791952E-028  3.65136802E-031  2.46030265E-028  3.98396550E-028
  8.112720E+02  6.11221372E-028  3.44375639E-031  2.31943610E-028  3.78933386E-028
  8.222430E+02  5.79247305E-028  3.24765918E-031  2.18619871E-028  3.60302668E-028
  8.333610E+02  5.48804738E-028  3.06249075E-031  2.06022197E-028  3.42476291E-028
  8.446300E+02  5.19825037E-028  2.88762823E-031  1.94112620E-028  3.25423654E-028
  8.560520E+02  4.92244449E-028  2.72251291E-031  1.82856003E-028  3.09116194E-028
  8.676280E+02  4.66004083E-028  2.56663424E-031  1.72219721E-028  2.93527699E-028
  8.793600E+02  4.41045235E-028  2.41948732E-031  1.62172033E-028  2.78631253E-028
  8.912510E+02  4.17310044E-028  2.28058933E-031  1.52682061E-028  2.64399924E-028
  9.033030E+02  3.94845171E-028  2.14948983E-031  1.43720864E-028  2.50909359E-028
  9.155180E+02  3.73722811E-028  2.02576527E-031  1.35261062E-028  2.38259172E-028
  9.278980E+02  3.53643923E-028  1.90901311E-031  1.27276230E-028  2.26176791E-028
  9.404450E+02  3.34562258E-028  1.79885065E-031  1.19741662E-028  2.14640710E-028
  9.531620E+02  3.16431496E-028  1.69491450E-031  1.12633090E-028  2.03628915E-028
  9.660510E+02  2.99208380E-028  1.59685976E-031  1.05927971E-028  1.93120724E-028
  9.791140E+02  2.82851668E-028  1.50436465E-031  9.96049589E-029  1.83096273E-028
  9.923540E+02  2.67320914E-028  1.41711737E-031  9.36432132E-029  1.73535989E-028
  1.005770E+03  2.52780138E-028  1.33484852E-031  8.80855360E-029  1.64561117E-028
  1.019370E+03  2.39215930E-028  1.25724981E-031  8.29173493E-029  1.56172856E-028
  1.033160E+03  2.26325508E-028  1.18404236E-031  7.80380731E-029  1.48169030E-028
  1.047130E+03  2.14084466E-028  1.11504773E-031  7.34348061E-029  1.40538155E-028
  1.061290E+03  2.02458702E-028  1.04999332E-031  6.90914360E-029  1.33262267E-028
  1.075640E+03  1.91420966E-028  9.88668784E-032  6.49945475E-029  1.26327552E-028
  1.090180E+03  1.80944571E-028  9.30875709E-032  6.11312017E-029  1.19720281E-028
  1.104930E+03  1.70996347E-028  8.76351400E-032  5.74863949E-029  1.13422317E-028
  1.119870E+03  1.61560198E-028  8.24994794E-032  5.40514845E-029  1.07426214E-028
  1.135010E+03  1.52608892E-028  7.76600446E-032  5.08139302E-029  1.01717301E-028
  1.150360E+03  1.44116997E-028  7.30979342E-032  4.77622293E-029  9.62816697E-029
  1.165910E+03  1.36066412E-028  6.88011693E-032  4.48875420E-029  9.11100684E-029
  1.181680E+03  1.28431054E-028  6.47502042E-032  4.21784518E-029  8.61878519E-029
  1.197660E+03  1.21194360E-028  6.09344073E-032  3.96270234E-029  8.15064025E-029
  1.213850E+03  1.14443325E-028  5.73409833E-032  3.72441955E-029  7.71417888E-029
  1.230270E+03  1.08060025E-028  5.39536876E-032  3.50019602E-029  7.30041108E-029
  1.246900E+03  1.02066321E-028  5.07654278E-032  3.28999776E-029  6.91155778E-029
  1.263770E+03  9.64519887E-029  4.77599048E-032  3.09306608E-029  6.54735679E-029
  1.280860E+03  9.11295097E-029  4.49306932E-032  2.90754071E-029  6.20091719E-029
  1.298180E+03  8.60831943E-029  4.22665880E-032  2.73274775E-029  5.87134503E-029
  1.315730E+03  8.13001235E-029  3.97584814E-032  2.56810894E-029  5.55792756E-029
  1.333520E+03  7.67663126E-029  3.73965303E-032  2.41302413E-029  5.25986748E-029
  1.351550E+03  7.24699860E-029  3.51727933E-032  2.26698267E-029  4.97649865E-029
  1.369830E+03  6.83986252E-029  3.30785557E-032  2.12944776E-029  4.70710691E-029
  1.388350E+03  6.45428196E-029  3.11078273E-032  2.00000149E-029  4.45116968E-029
  1.407130E+03  6.08897940E-029  2.92518419E-032  1.87812359E-029  4.20793062E-029
  1.426150E+03  5.74321561E-029  2.75061746E-032  1.76347243E-029  3.97699257E-029
  1.445440E+03  5.41572778E-029  2.58620691E-032  1.65555015E-029  3.75759143E-029
  1.464990E+03  5.10574077E-029  2.43148955E-032  1.55402086E-029  3.54928843E-029
  1.484800E+03  4.81240567E-029  2.28592188E-032  1.45852831E-029  3.35159144E-029
  1.504870E+03  4.53776066E-029  2.14899630E-032  1.36920493E-029  3.16640673E-029
  1.525220E+03  4.28617201E-029  2.02010407E-032  1.28650991E-029  2.99764199E-029
  1.545850E+03  4.04778019E-029  1.89880397E-032  1.20863594E-029  2.83724545E-029
  1.566750E+03  3.82202396E-029  1.78473736E-032  1.13534237E-029  2.68489686E-029
  1.587940E+03  3.60815823E-029  1.67739086E-032  1.06633779E-029  2.54014305E-029
  1.609410E+03  3.40567317E-029  1.57644073E-032  1.00140609E-029  2.40269064E-029
  1.631170E+03  3.21395439E-029  1.48148602E-032  9.40304149E-030  2.27216876E-029
  1.653230E+03  3.03243279E-029  1.39215278E-032  8.82807292E-030  2.14823335E-029
  1.675590E+03  2.86060929E-029  1.30812704E-032  8.28716025E-030  2.03058514E-029
  1.698240E+03  2.69805371E-029  1.22914913E-032  7.77853956E-030  1.91897060E-029
  1.721210E+03  2.54418283E-029  1.15483545E-032  7.30003125E-030  1.81302486E-029
  1.744480E+03  2.39864738E-029  1.08498626E-032  6.85019871E-030  1.71254252E-029
  1.768070E+03  2.26096260E-029  1.01929502E-032  6.42721272E-030  1.61722203E-029
  1.791980E+03  2.13073992E-029  9.57527234E-033  6.02957338E-030  1.52682506E-029
  1.816210E+03  2.00760656E-029  8.99464817E-033  5.65585495E-030  1.44112160E-029
  1.840770E+03  1.89118004E-029  8.44873514E-033  5.30461359E-030  1.35987381E-029
  1.865660E+03  1.78112525E-029  7.93559957E-033  4.97458527E-030  1.28287317E-029
  1.890890E+03  1.67709472E-029  7.45318823E-033  4.66448809E-030  1.20990059E-029
  1.916460E+03  1.57878770E-029  6.99977061E-033  4.37319093E-030  1.14076862E-029
  1.942380E+03  1.48589223E-029  6.57354922E-033  4.09955978E-030  1.07527889E-029
  1.968640E+03  1.39815433E-029  6.17312849E-033  3.84264003E-030  1.01327301E-029
  1.995260E+03  1.31527193E-029  5.79674661E-033  3.60136132E-030  9.54556124E-030
  2.022240E+03  1.24120901E-029  5.44304994E-033  3.39106163E-030  9.01558538E-030
  2.049590E+03  1.17196854E-029  5.11062941E-033  3.19604532E-030  8.51852941E-030
  2.077300E+03  1.10641258E-029  4.79838909E-033  3.01198408E-030  8.04734336E-030
  2.105390E+03  1.04433244E-029  4.50495934E-033  2.83822290E-030  7.60059653E-030
  2.133860E+03  9.85559500E-030  4.22927631E-033  2.67422169E-030  7.17714403E-030
  2.162720E+03  9.29919942E-030  3.97023332E-033  2.51943192E-030  6.77579727E-030
  2.191960E+03  8.77270938E-030  3.72697211E-033  2.37339724E-030  6.39558517E-030
  2.221600E+03  8.27442827E-030  3.49842149E-033  2.23559088E-030  6.03533896E-030
  2.251650E+03  7.80287452E-030  3.28367404E-033  2.10555412E-030  5.69403673E-030
  2.282090E+03  7.35691355E-030  3.08207790E-033  1.98292462E-030  5.37090686E-030
  2.312950E+03  6.93499647E-030  2.89267902E-033  1.86723188E-030  5.06487191E-030
  2.344230E+03  6.53593970E-030  2.71478739E-033  1.75810525E-030  4.77511966E-030
  2.375930E+03  6.15860356E-030  2.54773859E-033  1.65519926E-030  4.50085657E-030
  2.408060E+03  5.80182548E-030  2.39086022E-033  1.55815736E-030  4.24127725E-030
  2.440620E+03  5.46457764E-030  2.24356657E-033  1.46666492E-030  3.99566915E-030
  2.473620E+03  5.14580874E-030  2.10525892E-033  1.38040720E-030  3.76329629E-030
  2.507070E+03  4.85229472E-030  1.97538091E-033  1.29908719E-030  3.55123215E-030
  2.540970E+03  4.57638194E-030  1.85344752E-033  1.22243699E-030  3.35209150E-030
  2.575330E+03  4.31542227E-030  1.73896434E-033  1.15019162E-030  3.16349170E-030
  2.610160E+03  4.06862244E-030  1.63146906E-033  1.08210060E-030  2.98489038E-030
  2.645450E+03  3.83531467E-030  1.53058933E-033  1.01795031E-030  2.81583378E-030
  2.681230E+03  3.61469624E-030  1.43585681E-033  9.57493214E-031  2.65576717E-030
  2.717480E+03  3.40620036E-030  1.34696737E-033  9.00548040E-031  2.50430535E-030
  2.754230E+03  3.20910772E-030  1.26351069E-033  8.46895107E-031  2.36094911E-030
  2.791470E+03  3.02287285E-030  1.18519314E-033  7.96364104E-031  2.22532356E-030
  2.829220E+03  2.84688439E-030  1.11167456E-033  7.48767847E-031  2.09700487E-030
  2.867480E+03  2.68061951E-030  1.04267889E-033  7.03945203E-031  1.97563163E-030
  2.906250E+03  2.52357862E-030  9.77939842E-034  6.61742320E-031  1.86085836E-030
  2.945550E+03  2.37524091E-030  9.17179239E-034  6.22003568E-031  1.75232016E-030
  2.985380E+03  2.23516036E-030  8.60163139E-034  5.84592830E-031  1.64970737E-030
  3.025750E+03  2.10598198E-030  8.06660676E-034  5.49375129E-031  1.55580019E-030
  3.066670E+03  1.98558594E-030  7.56453766E-034  5.16224404E-031  1.46860509E-030
  3.108140E+03  1.87179902E-030  7.09350856E-034  4.85026024E-031  1.38606365E-030
  3.150170E+03  1.76426748E-030  6.65158358E-034  4.55667714E-031  1.30793460E-030
  3.192760E+03  1.66266849E-030  6.23704962E-034  4.28045862E-031  1.23399893E-030
  3.235940E+03  1.56665416E-030  5.84802921E-034  4.02052082E-031  1.16401727E-030
  3.279690E+03  1.47596650E-030  5.48319585E-034  3.77602999E-031  1.09781518E-030
  3.324040E+03  1.39029219E-030  5.14088718E-034  3.54602096E-031  1.03517601E-030
  3.368990E+03  1.30937229E-030  4.81979067E-034  3.32968119E-031  9.75922194E-031
  3.414550E+03  1.23295218E-030  4.51858310E-034  3.12621754E-031  9.19878572E-031
  3.460720E+03  1.16079732E-030  4.23609525E-034  2.93490008E-031  8.66883698E-031
  3.507520E+03  1.09266758E-030  3.97111563E-034  2.75499854E-031  8.16770617E-031
  3.554950E+03  1.02835265E-030  3.72260084E-034  2.58586346E-031  7.69394043E-031
  3.603020E+03  9.67647143E-031  3.48953571E-034  2.42687049E-031  7.24611141E-031
  3.651740E+03  9.10354351E-031  3.27096335E-034  2.27742087E-031  6.82285167E-031
  3.701120E+03  8.56287901E-031  3.06598089E-034  2.13695376E-031  6.42285926E-031
  3.751170E+03  8.05272530E-031  2.87374760E-034  2.00494349E-031  6.04490807E-031
  3.801890E+03  7.57147800E-031  2.69350970E-034  1.88090673E-031  5.68787775E-031
  3.853300E+03  7.11749825E-031  2.52448928E-034  1.76435767E-031  5.35061610E-031
  3.905410E+03  6.68929935E-031  2.36598880E-034  1.65485696E-031  5.03207640E-031
  3.958220E+03  6.28551937E-031  2.21738842E-034  1.55199980E-031  4.73130219E-031
  4.011750E+03  5.90828008E-031  2.07804791E-034  1.45538190E-031  4.45082014E-031
  4.065990E+03  5.56393468E-031  1.94743817E-034  1.36465320E-031  4.19733404E-031
  4.120980E+03  5.23882900E-031  1.82495373E-034  1.27943684E-031  3.95756721E-031
  4.176700E+03  4.93202596E-031  1.71015022E-034  1.19943096E-031  3.73088485E-031
  4.233180E+03  4.64245862E-031  1.60251313E-034  1.12431006E-031  3.51654605E-031
  4.290420E+03  4.36922070E-031  1.50161769E-034  1.05379019E-031  3.31392889E-031
  4.348440E+03  4.11139272E-031  1.40702403E-034  9.87589826E-032  3.12239587E-031
  4.407240E+03  3.86815937E-031  1.31836439E-034  9.25457823E-032  2.94138318E-031
  4.466840E+03  3.63869893E-031  1.23525080E-034  8.67144753E-032  2.77031893E-031
  4.527240E+03  3.42227959E-031  1.15735460E-034  8.12427204E-032  2.60869504E-031
  4.588460E+03  3.21816496E-031  1.08433940E-034  7.61085066E-032  2.45599555E-031
  4.650500E+03  3.02569914E-031  1.01591323E-034  7.12919396E-032  2.31176383E-031
  4.713390E+03  2.84420308E-031  9.51769712E-035  6.67730492E-032  2.17552082E-031
  4.777130E+03  2.67309573E-031  8.91653933E-035  6.25343967E-032  2.04686011E-031
  4.841720E+03  2.51181648E-031  8.35325798E-035  5.85593471E-032  1.92538768E-031
  4.907200E+03  2.35978051E-031  7.82524078E-035  5.48310483E-032  1.81068750E-031
  4.973550E+03  2.21651788E-031  7.33053907E-035  5.13354593E-032  1.70243023E-031
  5.040810E+03  2.08438921E-031  6.86685878E-035  4.80576140E-032  1.60312638E-031
  5.108970E+03  1.96154905E-031  6.43241667E-035  4.49848852E-032  1.51105696E-031
  5.178060E+03  1.84567674E-031  6.02528036E-035  4.21042793E-032  1.42403142E-031
  5.248070E+03  1.73641036E-031  5.64385592E-035  3.94045584E-032  1.34180039E-031
  5.319040E+03  1.63335761E-031  5.28639110E-035  3.68740779E-032  1.26408819E-031
  5.390970E+03  1.53618636E-031  4.95145879E-035  3.45027045E-032  1.19066417E-031
  5.463870E+03  1.44457304E-031  4.63765802E-035  3.22807381E-032  1.12130189E-031
  5.537750E+03  1.35821219E-031  4.34366817E-035  3.01990226E-032  1.05578760E-031
  5.612630E+03  1.27680407E-031  4.06822719E-035  2.82488132E-032  9.93909112E-032
  5.688530E+03  1.20006998E-031  3.81014771E-035  2.64218946E-032  9.35470018E-032
  5.765450E+03  1.12775791E-031  3.56838267E-035  2.47108222E-032  8.80292846E-032
  5.843410E+03  1.05961634E-031  3.34189125E-035  2.31083241E-032  8.28198913E-032
  5.922430E+03  9.95410049E-032  3.12969738E-035  2.16076523E-032  7.79020556E-032
  6.002520E+03  9.34919697E-032  2.93091247E-035  2.02024774E-032  7.32601832E-032
  6.083680E+03  8.77943539E-032  2.74473006E-035  1.88869980E-032  6.88799085E-032
  6.165950E+03  8.24273323E-032  2.57029699E-035  1.76554203E-032  6.47462090E-032
  6.249330E+03  7.74564839E-032  2.40690840E-035  1.65026055E-032  6.09298093E-032
  6.333830E+03  7.28265880E-032  2.25387485E-035  1.54236707E-032  5.73803785E-032
  6.419480E+03  6.84628882E-032  2.11051994E-035  1.44138726E-032  5.40279104E-032
  6.506290E+03  6.43506497E-032  1.97624292E-035  1.34689342E-032  5.08619530E-032
  6.594270E+03  6.04759185E-032  1.85048073E-035  1.25847822E-032  4.78726315E-032
  6.683440E+03  5.68253375E-032  1.73268984E-035  1.17575948E-032  4.50504158E-032
  6.773820E+03  5.33860502E-032  1.62236281E-035  1.09837529E-032  4.23860737E-032
  6.865410E+03  5.01465994E-032  1.51904594E-035  1.02599392E-032  3.98714697E-032
  6.958250E+03  4.70952116E-032  1.42227301E-035  9.58292062E-033  3.74980683E-032
  7.052340E+03  4.42666596E-032  1.33164635E-035  8.94977783E-033  3.53035654E-032
  7.147710E+03  4.16373534E-032  1.24676676E-035  8.35768681E-033  3.32671989E-032
  7.244360E+03  3.91592995E-032  1.16728541E-035  7.80409889E-033  3.13435278E-032
  7.342320E+03  3.68238396E-032  1.09285031E-035  7.28651904E-033  2.95263920E-032
  7.441610E+03  3.46229224E-032  1.02314124E-035  6.80264504E-033  2.78100460E-032
  7.542230E+03  3.25492131E-032  9.57871039E-036  6.35038140E-033  2.61892529E-032
  7.644220E+03  3.05952291E-032  8.96745117E-036  5.92763714E-033  2.46586246E-032
  7.747590E+03  2.87543557E-032  8.39505974E-036  5.53255287E-033  2.32134078E-032
  7.852360E+03  2.70201782E-032  7.85907079E-036  5.16334807E-033  2.18489710E-032
  7.958540E+03  2.53867350E-032  7.35721393E-036  4.81837876E-033  2.05609990E-032
  8.066160E+03  2.38482451E-032  6.88728740E-036  4.49606296E-033  1.93452949E-032
  8.175230E+03  2.23993824E-032  6.44729633E-036  4.19496065E-033  1.81979744E-032
  8.285780E+03  2.10349892E-032  6.03530901E-036  3.91368449E-033  1.71152694E-032
  8.397820E+03  1.97503347E-032  5.64957838E-036  3.65096756E-033  1.60937176E-032
  8.511380E+03  1.85408298E-032  5.28840731E-036  3.40559677E-033  1.51299447E-032
  8.626470E+03  1.74022474E-032  4.95027246E-036  3.17645714E-033  1.42208400E-032
  8.743120E+03  1.63304906E-032  4.63368093E-036  2.96248885E-033  1.33633681E-032
  8.861350E+03  1.53217559E-032  4.33727163E-036  2.76270486E-033  1.25547137E-032
  8.981180E+03  1.43724373E-032  4.05976222E-036  2.57618302E-033  1.17921945E-032
  9.102630E+03  1.34992915E-032  3.79996141E-036  2.40206062E-033  1.10934309E-032
  9.225710E+03  1.26801769E-032  3.55675858E-036  2.23953863E-033  1.04370816E-032
  9.350470E+03  1.19088304E-032  3.32904940E-036  2.08783459E-033  9.81766679E-033
  9.476910E+03  1.11826131E-032  3.11588927E-036  1.94625956E-033  9.23323763E-033
  9.605060E+03  1.04989216E-032  2.91634136E-036  1.81414328E-033  8.68186194E-033
  9.734940E+03  9.85534365E-033  2.72954107E-036  1.69086509E-033  8.16174902E-033
  9.866580E+03  9.24956582E-033  2.55466884E-036  1.57584249E-033  7.67116867E-033
  1.000000E+04  8.67926115E-033  2.39097115E-036  1.46853226E-033  7.20833793E-033
