# DH21 astrodust SED for Mathis ISRF, U = 1.585
# Enthalpy stage: S2
# columns: lambda[um]    lambda*I_lambda / N_H [erg s^-1 cm^-2 sr^-1 H^-1]
  9.120000E-02  6.75288160E-054
  9.226000E-02  1.10159842E-053
  9.332000E-02  1.77894765E-053
  9.441000E-02  2.88605287E-053
  9.550000E-02  4.64467670E-053
  9.661000E-02  7.48326764E-053
  9.772000E-02  1.19931973E-052
  9.886000E-02  1.93960815E-052
  1.000000E-01  3.12994586E-052
  1.012000E-01  5.17898396E-052
  1.023000E-01  8.23094232E-052
  1.035000E-01  1.37007792E-051
  1.047000E-01  2.29298773E-051
  1.059000E-01  3.86254551E-051
  1.072000E-01  6.84578874E-051
  1.084000E-01  1.16837743E-050
  1.097000E-01  2.09537174E-050
  1.109000E-01  3.60375308E-050
  1.122000E-01  6.49213364E-050
  1.135000E-01  1.16898852E-049
  1.148000E-01  2.09937395E-049
  1.161000E-01  3.74506969E-049
  1.175000E-01  6.91767448E-049
  1.189000E-01  1.26479931E-048
  1.202000E-01  2.19339541E-048
  1.216000E-01  3.92271661E-048
  1.230000E-01  6.93196448E-048
  1.244000E-01  1.21087664E-047
  1.259000E-01  2.17321543E-047
  1.274000E-01  3.84463465E-047
  1.288000E-01  6.46408211E-047
  1.303000E-01  1.11287943E-046
  1.318000E-01  1.89243592E-046
  1.333000E-01  3.17399317E-046
  1.349000E-01  5.42407432E-046
  1.365000E-01  9.12753986E-046
  1.380000E-01  1.46445953E-045
  1.396000E-01  2.37490142E-045
  1.412000E-01  3.79571102E-045
  1.429000E-01  6.14853344E-045
  1.445000E-01  9.53426293E-045
  1.462000E-01  1.49477637E-044
  1.479000E-01  2.30711531E-044
  1.496000E-01  3.51460540E-044
  1.514000E-01  5.40765548E-044
  1.531000E-01  8.00568852E-044
  1.549000E-01  1.19377076E-043
  1.567000E-01  1.76422202E-043
  1.585000E-01  2.57849810E-043
  1.603000E-01  3.72580700E-043
  1.622000E-01  5.43188682E-043
  1.641000E-01  7.82240470E-043
  1.660000E-01  1.12226970E-042
  1.679000E-01  1.61496953E-042
  1.698000E-01  2.30770298E-042
  1.718000E-01  3.33731738E-042
  1.738000E-01  4.79925606E-042
  1.758000E-01  6.87373788E-042
  1.778000E-01  9.72962941E-042
  1.799000E-01  1.37052036E-041
  1.820000E-01  1.91507311E-041
  1.841000E-01  2.65754363E-041
  1.862000E-01  3.66548736E-041
  1.884000E-01  5.10867404E-041
  1.905000E-01  6.98768229E-041
  1.928000E-01  1.00792320E-040
  1.950000E-01  1.43067084E-040
  1.972000E-01  2.02547424E-040
  1.995000E-01  2.90639602E-040
  2.018000E-01  4.16114033E-040
  2.042000E-01  6.03625454E-040
  2.065000E-01  8.60158840E-040
  2.089000E-01  1.21490288E-039
  2.113000E-01  1.70090717E-039
  2.138000E-01  2.39596827E-039
  2.163000E-01  3.34867441E-039
  2.188000E-01  4.64502510E-039
  2.213000E-01  6.39637991E-039
  2.239000E-01  8.85615837E-039
  2.265000E-01  1.21718795E-038
  2.291000E-01  1.66144346E-038
  2.317000E-01  2.25269606E-038
  2.344000E-01  3.06801719E-038
  2.371000E-01  4.14901331E-038
  2.399000E-01  5.62964427E-038
  2.427000E-01  7.58273579E-038
  2.455000E-01  1.01448847E-037
  2.483000E-01  1.34814874E-037
  2.512000E-01  1.79842833E-037
  2.541000E-01  2.38268191E-037
  2.570000E-01  3.13565150E-037
  2.600000E-01  4.13783103E-037
  2.630000E-01  5.42351651E-037
  2.661000E-01  7.12513754E-037
  2.691000E-01  9.21851951E-037
  2.723000E-01  1.20553592E-036
  2.754000E-01  1.55340238E-036
  2.786000E-01  2.00530533E-036
  2.818000E-01  2.57315177E-036
  2.851000E-01  3.30620406E-036
  2.884000E-01  4.22255022E-036
  2.917000E-01  5.36163177E-036
  2.951000E-01  6.81561017E-036
  2.985000E-01  8.61575768E-036
  3.020000E-01  1.09006175E-035
  3.055000E-01  1.37134166E-035
  3.090000E-01  1.71566062E-035
  3.126000E-01  2.14797793E-035
  3.162000E-01  2.67458002E-035
  3.199000E-01  3.33307339E-035
  3.236000E-01  4.13101894E-035
  3.273000E-01  5.09263481E-035
  3.311000E-01  6.28241292E-035
  3.350000E-01  7.75185249E-035
  3.388000E-01  9.46606211E-035
  3.428000E-01  1.16228587E-034
  3.467000E-01  1.41283672E-034
  3.507000E-01  1.71781134E-034
  3.548000E-01  2.08855335E-034
  3.589000E-01  2.52714868E-034
  3.631000E-01  3.05782262E-034
  3.673000E-01  3.68200817E-034
  3.715000E-01  4.41462341E-034
  3.758000E-01  5.29137468E-034
  3.802000E-01  6.34149073E-034
  3.846000E-01  7.56483278E-034
  3.891000E-01  9.02150675E-034
  3.936000E-01  1.07135866E-033
  3.981000E-01  1.26676952E-033
  4.027000E-01  1.49733200E-033
  4.074000E-01  1.76881251E-033
  4.121000E-01  2.08086612E-033
  4.169000E-01  2.44681428E-033
  4.217000E-01  2.86579746E-033
  4.266000E-01  3.35445653E-033
  4.315000E-01  3.91149061E-033
  4.365000E-01  4.55686626E-033
  4.416000E-01  5.30601628E-033
  4.467000E-01  6.15498935E-033
  4.519000E-01  7.13346484E-033
  4.571000E-01  8.23866632E-033
  4.624000E-01  9.50580487E-033
  4.677000E-01  1.09316132E-032
  4.732000E-01  1.25907721E-032
  4.786000E-01  1.44155163E-032
  4.842000E-01  1.65325569E-032
  4.898000E-01  1.88947758E-032
  4.954000E-01  2.15244780E-032
  5.012000E-01  2.45514675E-032
  5.070000E-01  2.79181541E-032
  5.129000E-01  3.17115909E-032
  5.188000E-01  3.59053358E-032
  5.248000E-01  4.06104441E-032
  5.309000E-01  4.58880017E-032
  5.370000E-01  5.16920520E-032
  5.433000E-01  5.82847504E-032
  5.495000E-01  6.54023389E-032
  5.559000E-01  7.34417529E-032
  5.623000E-01  8.22392122E-032
  5.688000E-01  9.19923985E-032
  5.754000E-01  1.02789609E-031
  5.821000E-01  1.14725205E-031
  5.888000E-01  1.27698112E-031
  5.957000E-01  1.42201705E-031
  6.026000E-01  1.57915230E-031
  6.095000E-01  1.74923084E-031
  6.166000E-01  1.93815854E-031
  6.237000E-01  2.14163075E-031
  6.310000E-01  2.36758644E-031
  6.383000E-01  2.61020167E-031
  6.457000E-01  2.87437693E-031
  6.531000E-01  3.15765334E-031
  6.607000E-01  3.46987800E-031
  6.683000E-01  3.80423225E-031
  6.761000E-01  4.17067771E-031
  6.839000E-01  4.56214502E-031
  6.918000E-01  4.98432606E-031
  6.998000E-01  5.43976801E-031
  7.079000E-01  5.92959599E-031
  7.161000E-01  6.45611622E-031
  7.244000E-01  7.02304697E-031
  7.328000E-01  7.62909372E-031
  7.413000E-01  8.27791175E-031
  7.499000E-01  8.97159188E-031
  7.586000E-01  9.71297208E-031
  7.674000E-01  1.05028146E-030
  7.763000E-01  1.13448274E-030
  7.852000E-01  1.22313327E-030
  7.943000E-01  1.31822146E-030
  8.035000E-01  1.41924338E-030
  8.128000E-01  1.52614509E-030
  8.222000E-01  1.63915172E-030
  8.318000E-01  1.75986646E-030
  8.414000E-01  1.88612121E-030
  8.511000E-01  2.01908315E-030
  8.610000E-01  2.16069904E-030
  8.710000E-01  2.30953913E-030
  8.810000E-01  2.46492331E-030
  8.913000E-01  2.63085644E-030
  9.016000E-01  2.80360797E-030
  9.120000E-01  2.98503734E-030
  9.226000E-01  3.17616480E-030
  9.333000E-01  3.37674981E-030
  9.441000E-01  3.58534812E-030
  9.550000E-01  3.80375695E-030
  9.661000E-01  4.03273032E-030
  9.772000E-01  4.26740089E-030
  9.886000E-01  4.50882468E-030
  1.000000E+00  4.76298289E-030
  1.012000E+00  5.06554204E-030
  1.023000E+00  5.35328196E-030
  1.035000E+00  5.67777753E-030
  1.047000E+00  6.01506481E-030
  1.059000E+00  6.36392012E-030
  1.071000E+00  6.72395501E-030
  1.084000E+00  7.12928941E-030
  1.097000E+00  7.54770384E-030
  1.109000E+00  7.94647798E-030
  1.122000E+00  8.39268213E-030
  1.135000E+00  8.85402292E-030
  1.148000E+00  9.32842665E-030
  1.161000E+00  9.81801299E-030
  1.175000E+00  1.03602836E-029
  1.189000E+00  1.09192761E-029
  1.202000E+00  1.14496350E-029
  1.216000E+00  1.20362717E-029
  1.230000E+00  1.26353446E-029
  1.245000E+00  1.32915108E-029
  1.259000E+00  1.39144818E-029
  1.273000E+00  1.45464235E-029
  1.288000E+00  1.52367189E-029
  1.303000E+00  1.59352358E-029
  1.318000E+00  1.66454577E-029
  1.334000E+00  1.74161506E-029
  1.349000E+00  1.81439157E-029
  1.365000E+00  1.89328613E-029
  1.380000E+00  1.96791921E-029
  1.396000E+00  2.04856628E-029
  1.413000E+00  2.13530129E-029
  1.429000E+00  2.21769685E-029
  1.445000E+00  2.30062184E-029
  1.462000E+00  2.38954560E-029
  1.479000E+00  2.47926556E-029
  1.496000E+00  2.56988292E-029
  1.514000E+00  2.66655774E-029
  1.531000E+00  2.75904283E-029
  1.549000E+00  2.85735782E-029
  1.567000E+00  2.95606540E-029
  1.585000E+00  3.05580948E-029
  1.603000E+00  3.15682089E-029
  1.622000E+00  3.26387011E-029
  1.641000E+00  3.37178965E-029
  1.660000E+00  3.48091768E-029
  1.679000E+00  3.59097551E-029
  1.698000E+00  3.70198231E-029
  1.718000E+00  3.82000814E-029
  1.738000E+00  3.93947759E-029
  1.758000E+00  4.05985420E-029
  1.778000E+00  4.18212495E-029
  1.799000E+00  4.31167911E-029
  1.820000E+00  4.44292327E-029
  1.841000E+00  4.57586693E-029
  1.862000E+00  4.71042084E-029
  1.884000E+00  4.85345882E-029
  1.906000E+00  4.99796595E-029
  1.928000E+00  5.14503821E-029
  1.950000E+00  5.29399568E-029
  1.972000E+00  5.44460846E-029
  1.995000E+00  5.60412365E-029
  2.018000E+00  5.76554898E-029
  2.042000E+00  5.93636857E-029
  2.065000E+00  6.10166146E-029
  2.089000E+00  6.27551757E-029
  2.114000E+00  6.45808840E-029
  2.138000E+00  6.63381675E-029
  2.163000E+00  6.81835311E-029
  2.188000E+00  7.00169407E-029
  2.213000E+00  7.18681614E-029
  2.239000E+00  7.37780217E-029
  2.265000E+00  7.56932087E-029
  2.291000E+00  7.76101324E-029
  2.317000E+00  7.95229430E-029
  2.344000E+00  8.14940940E-029
  2.371000E+00  8.35340692E-029
  2.399000E+00  8.56305151E-029
  2.427000E+00  8.77146776E-029
  2.455000E+00  8.97774182E-029
  2.483000E+00  9.18245046E-029
  2.512000E+00  9.40127656E-029
  2.541000E+00  9.61732351E-029
  2.570000E+00  9.83112525E-029
  2.600000E+00  1.00596130E-028
  2.630000E+00  1.02850106E-028
  2.661000E+00  1.05249974E-028
  2.691000E+00  1.07454200E-028
  2.723000E+00  1.09965958E-028
  2.754000E+00  1.12280448E-028
  2.786000E+00  1.14729764E-028
  2.818000E+00  1.17243657E-028
  2.851000E+00  1.19790515E-028
  2.884000E+00  1.22408844E-028
  2.917000E+00  1.24983259E-028
  2.951000E+00  1.27687107E-028
  2.985000E+00  1.30353588E-028
  3.020000E+00  1.33135884E-028
  3.055000E+00  1.35780737E-028
  3.090000E+00  1.38276632E-028
  3.126000E+00  1.40801292E-028
  3.162000E+00  1.43087100E-028
  3.199000E+00  1.45398906E-028
  3.236000E+00  1.47590513E-028
  3.273000E+00  1.49682258E-028
  3.311000E+00  1.52116937E-028
  3.350000E+00  1.57998960E-028
  3.388000E+00  1.68085895E-028
  3.428000E+00  1.69811408E-028
  3.467000E+00  1.71126905E-028
  3.507000E+00  1.68738783E-028
  3.548000E+00  1.67532851E-028
  3.589000E+00  1.64717740E-028
  3.631000E+00  1.64365195E-028
  3.673000E+00  1.65607427E-028
  3.715000E+00  1.66943751E-028
  3.758000E+00  1.68230416E-028
  3.802000E+00  1.69605359E-028
  3.846000E+00  1.71020551E-028
  3.891000E+00  1.72340568E-028
  3.935000E+00  1.73676636E-028
  3.981000E+00  1.75131606E-028
  4.027000E+00  1.76542797E-028
  4.074000E+00  1.77952200E-028
  4.121000E+00  1.79414637E-028
  4.169000E+00  1.80861558E-028
  4.217000E+00  1.82362385E-028
  4.266000E+00  1.83947691E-028
  4.315000E+00  1.85485177E-028
  4.365000E+00  1.87119802E-028
  4.416000E+00  1.88724940E-028
  4.467000E+00  1.90391706E-028
  4.519000E+00  1.92127692E-028
  4.571000E+00  1.93825277E-028
  4.624000E+00  1.95603928E-028
  4.677000E+00  1.97315353E-028
  4.732000E+00  1.99138006E-028
  4.786000E+00  2.00875240E-028
  4.842000E+00  2.02623791E-028
  4.898000E+00  2.04410314E-028
  4.955000E+00  2.06160752E-028
  5.012000E+00  2.07857838E-028
  5.070000E+00  2.09527971E-028
  5.129000E+00  2.11186022E-028
  5.188000E+00  2.12778272E-028
  5.248000E+00  2.14341383E-028
  5.309000E+00  2.15892484E-028
  5.370000E+00  2.17374056E-028
  5.432000E+00  2.18845133E-028
  5.495000E+00  2.20383674E-028
  5.559000E+00  2.21813487E-028
  5.623000E+00  2.23175587E-028
  5.688000E+00  2.24541957E-028
  5.754000E+00  2.25864816E-028
  5.821000E+00  2.27080503E-028
  5.888000E+00  2.28359442E-028
  5.957000E+00  2.29626206E-028
  6.026000E+00  2.30864945E-028
  6.095000E+00  2.31967284E-028
  6.166000E+00  2.33183647E-028
  6.237000E+00  2.34265408E-028
  6.310000E+00  2.35350547E-028
  6.383000E+00  2.36430665E-028
  6.457000E+00  2.37501689E-028
  6.531000E+00  2.38460132E-028
  6.607000E+00  2.39460602E-028
  6.683000E+00  2.40387198E-028
  6.761000E+00  2.41622901E-028
  6.839000E+00  2.47496520E-028
  6.918000E+00  2.44130124E-028
  6.998000E+00  2.44005538E-028
  7.080000E+00  2.44781654E-028
  7.161000E+00  2.45621198E-028
  7.244000E+00  2.46420528E-028
  7.328000E+00  2.47099042E-028
  7.413000E+00  2.47853023E-028
  7.499000E+00  2.48612951E-028
  7.586000E+00  2.49221763E-028
  7.674000E+00  2.49912996E-028
  7.762000E+00  2.49828073E-028
  7.852000E+00  2.50836155E-028
  7.943000E+00  2.54169649E-028
  8.035000E+00  2.60243524E-028
  8.128000E+00  2.69021755E-028
  8.222000E+00  2.81215640E-028
  8.318000E+00  3.00506468E-028
  8.414000E+00  3.18446029E-028
  8.511000E+00  3.35436538E-028
  8.610000E+00  3.45453617E-028
  8.710000E+00  3.63741659E-028
  8.811000E+00  3.99119203E-028
  8.913000E+00  4.35221216E-028
  9.016000E+00  4.68750823E-028
  9.120000E+00  5.05049465E-028
  9.226000E+00  5.43083609E-028
  9.333000E+00  5.77966111E-028
  9.441000E+00  6.05919704E-028
  9.550000E+00  6.26310528E-028
  9.660000E+00  6.39235150E-028
  9.772000E+00  6.45023920E-028
  9.885000E+00  6.43565754E-028
  1.000000E+01  6.35159454E-028
  1.012000E+01  6.19898332E-028
  1.023000E+01  6.02519265E-028
  1.035000E+01  5.82878911E-028
  1.047000E+01  5.64197725E-028
  1.059000E+01  5.46409244E-028
  1.072000E+01  5.27953142E-028
  1.084000E+01  5.11342537E-028
  1.097000E+01  4.93147908E-028
  1.109000E+01  4.75763072E-028
  1.122000E+01  4.55564330E-028
  1.135000E+01  4.33843934E-028
  1.148000E+01  4.14841378E-028
  1.161000E+01  3.98162125E-028
  1.175000E+01  3.81673314E-028
  1.189000E+01  3.65485609E-028
  1.202000E+01  3.50111551E-028
  1.216000E+01  3.34004011E-028
  1.230000E+01  3.19707360E-028
  1.244000E+01  3.08519191E-028
  1.259000E+01  3.01425523E-028
  1.273000E+01  2.99220885E-028
  1.288000E+01  2.99398078E-028
  1.303000E+01  2.98771587E-028
  1.318000E+01  2.98843882E-028
  1.334000E+01  2.99043625E-028
  1.349000E+01  2.99220762E-028
  1.365000E+01  2.99796062E-028
  1.380000E+01  3.00762483E-028
  1.396000E+01  3.02399848E-028
  1.412000E+01  3.04729120E-028
  1.429000E+01  3.08001517E-028
  1.445000E+01  3.11978248E-028
  1.462000E+01  3.17260132E-028
  1.479000E+01  3.23778980E-028
  1.496000E+01  3.31558506E-028
  1.514000E+01  3.40974753E-028
  1.531000E+01  3.50890419E-028
  1.549000E+01  3.62345429E-028
  1.567000E+01  3.74527148E-028
  1.585000E+01  3.87218153E-028
  1.603000E+01  4.00334656E-028
  1.622000E+01  4.14307172E-028
  1.641000E+01  4.28222267E-028
  1.660000E+01  4.41772918E-028
  1.679000E+01  4.54746109E-028
  1.698000E+01  4.66832105E-028
  1.718000E+01  4.78482568E-028
  1.738000E+01  4.89017562E-028
  1.758000E+01  4.98488494E-028
  1.778000E+01  5.06825944E-028
  1.799000E+01  5.14449060E-028
  1.820000E+01  5.20926305E-028
  1.841000E+01  5.26157734E-028
  1.862000E+01  5.30265653E-028
  1.884000E+01  5.33290399E-028
  1.906000E+01  5.35071695E-028
  1.927000E+01  5.36185722E-028
  1.950000E+01  5.36485046E-028
  1.972000E+01  5.36502709E-028
  1.995000E+01  5.36433459E-028
  2.018000E+01  5.38292432E-028
  2.042000E+01  5.41107787E-028
  2.065000E+01  5.44868445E-028
  2.089000E+01  5.49941730E-028
  2.114000E+01  5.56241358E-028
  2.138000E+01  5.62733117E-028
  2.163000E+01  5.70117066E-028
  2.188000E+01  5.77906321E-028
  2.213000E+01  5.85622702E-028
  2.239000E+01  5.93403366E-028
  2.265000E+01  6.01655188E-028
  2.291000E+01  6.09932917E-028
  2.317000E+01  6.18263382E-028
  2.344000E+01  6.28528333E-028
  2.371000E+01  6.39443191E-028
  2.399000E+01  6.52270354E-028
  2.427000E+01  6.66396631E-028
  2.455000E+01  6.82129871E-028
  2.483000E+01  6.98939325E-028
  2.512000E+01  7.17819804E-028
  2.541000E+01  7.38778151E-028
  2.570000E+01  7.61307155E-028
  2.600000E+01  7.85960958E-028
  2.630000E+01  8.12347435E-028
  2.661000E+01  8.41503367E-028
  2.692000E+01  8.73184378E-028
  2.723000E+01  9.05888276E-028
  2.754000E+01  9.41207396E-028
  2.786000E+01  9.79447188E-028
  2.818000E+01  1.01990704E-027
  2.851000E+01  1.06399508E-027
  2.884000E+01  1.11055020E-027
  2.917000E+01  1.15994066E-027
  2.951000E+01  1.21264655E-027
  2.985000E+01  1.26898026E-027
  3.020000E+01  1.32991609E-027
  3.055000E+01  1.39329885E-027
  3.090000E+01  1.45976877E-027
  3.126000E+01  1.53137102E-027
  3.162000E+01  1.60674572E-027
  3.199000E+01  1.68780116E-027
  3.236000E+01  1.77126657E-027
  3.273000E+01  1.85969975E-027
  3.311000E+01  1.95586071E-027
  3.350000E+01  2.05646544E-027
  3.388000E+01  2.15854183E-027
  3.428000E+01  2.27206601E-027
  3.467000E+01  2.38734799E-027
  3.508000E+01  2.51225922E-027
  3.548000E+01  2.64023373E-027
  3.589000E+01  2.77713380E-027
  3.631000E+01  2.92292493E-027
  3.673000E+01  3.07212788E-027
  3.715000E+01  3.22987116E-027
  3.758000E+01  3.39679553E-027
  3.802000E+01  3.57212720E-027
  3.846000E+01  3.75650616E-027
  3.890000E+01  3.94770402E-027
  3.935000E+01  4.15032118E-027
  3.981000E+01  4.36493962E-027
  4.027000E+01  4.59062368E-027
  4.074000E+01  4.82347765E-027
  4.121000E+01  5.07089008E-027
  4.169000E+01  5.33310123E-027
  4.217000E+01  5.60107940E-027
  4.266000E+01  5.88443238E-027
  4.315000E+01  6.18162331E-027
  4.365000E+01  6.49581123E-027
  4.416000E+01  6.82779389E-027
  4.467000E+01  7.17667573E-027
  4.519000E+01  7.53509674E-027
  4.571000E+01  7.91626956E-027
  4.624000E+01  8.31916823E-027
  4.677000E+01  8.73642221E-027
  4.731000E+01  9.17680023E-027
  4.786000E+01  9.64146831E-027
  4.842000E+01  1.01245568E-026
  4.898000E+01  1.06469160E-026
  4.954000E+01  1.11728363E-026
  5.012000E+01  1.17393893E-026
  5.070000E+01  1.23348106E-026
  5.129000E+01  1.29613294E-026
  5.188000E+01  1.36114402E-026
  5.248000E+01  1.42947224E-026
  5.309000E+01  1.50154284E-026
  5.370000E+01  1.57702759E-026
  5.433000E+01  1.65786319E-026
  5.495000E+01  1.74007816E-026
  5.559000E+01  1.82799121E-026
  5.623000E+01  1.91888127E-026
  5.688000E+01  2.01540048E-026
  5.754000E+01  2.11564346E-026
  5.821000E+01  2.22195477E-026
  5.888000E+01  2.33188227E-026
  5.957000E+01  2.44862682E-026
  6.026000E+01  2.57062524E-026
  6.095000E+01  2.69482374E-026
  6.166000E+01  2.82815845E-026
  6.237000E+01  2.96329108E-026
  6.310000E+01  3.10839104E-026
  6.383000E+01  3.25731473E-026
  6.457000E+01  3.41480459E-026
  6.531000E+01  3.57377649E-026
  6.607000E+01  3.74373350E-026
  6.683000E+01  3.91498506E-026
  6.761000E+01  4.09758783E-026
  6.839000E+01  4.28395205E-026
  6.918000E+01  4.47674337E-026
  6.998000E+01  4.67540680E-026
  7.079000E+01  4.88040612E-026
  7.161000E+01  5.09512982E-026
  7.244000E+01  5.31200924E-026
  7.328000E+01  5.53859616E-026
  7.413000E+01  5.77056923E-026
  7.499000E+01  6.00434595E-026
  7.586000E+01  6.24769703E-026
  7.674000E+01  6.49645762E-026
  7.762000E+01  6.75099995E-026
  7.852000E+01  7.00803231E-026
  7.943000E+01  7.27047164E-026
  8.035000E+01  7.54110027E-026
  8.128000E+01  7.80950138E-026
  8.222000E+01  8.08773568E-026
  8.318000E+01  8.36553188E-026
  8.414000E+01  8.64849965E-026
  8.511000E+01  8.93258456E-026
  8.610000E+01  9.22140029E-026
  8.710000E+01  9.51188986E-026
  8.811000E+01  9.80153909E-026
  8.912000E+01  1.00900920E-025
  9.016000E+01  1.03897491E-025
  9.120000E+01  1.06774245E-025
  9.226000E+01  1.09666637E-025
  9.332000E+01  1.12586055E-025
  9.441000E+01  1.15464567E-025
  9.550000E+01  1.18346115E-025
  9.661000E+01  1.21219782E-025
  9.772000E+01  1.23952819E-025
  9.886000E+01  1.26752047E-025
  1.000000E+02  1.29477666E-025
  1.012000E+02  1.32252704E-025
  1.023000E+02  1.34717230E-025
  1.035000E+02  1.37317214E-025
  1.047000E+02  1.39798629E-025
  1.059000E+02  1.42209329E-025
  1.072000E+02  1.44679900E-025
  1.084000E+02  1.46858329E-025
  1.097000E+02  1.49186012E-025
  1.109000E+02  1.51159049E-025
  1.122000E+02  1.53152655E-025
  1.135000E+02  1.55031261E-025
  1.148000E+02  1.56901514E-025
  1.161000E+02  1.58538681E-025
  1.175000E+02  1.60262962E-025
  1.188000E+02  1.61681259E-025
  1.202000E+02  1.63130409E-025
  1.216000E+02  1.64342009E-025
  1.230000E+02  1.65564250E-025
  1.244000E+02  1.66610638E-025
  1.259000E+02  1.67531256E-025
  1.273000E+02  1.68341530E-025
  1.288000E+02  1.69063392E-025
  1.303000E+02  1.69666713E-025
  1.318000E+02  1.70050035E-025
  1.334000E+02  1.70408108E-025
  1.349000E+02  1.70640824E-025
  1.365000E+02  1.70747032E-025
  1.380000E+02  1.70734557E-025
  1.396000E+02  1.70593481E-025
  1.412000E+02  1.70356108E-025
  1.429000E+02  1.69968150E-025
  1.445000E+02  1.69507126E-025
  1.462000E+02  1.68892967E-025
  1.479000E+02  1.68194718E-025
  1.496000E+02  1.67375310E-025
  1.514000E+02  1.66432446E-025
  1.531000E+02  1.65430130E-025
  1.549000E+02  1.64309500E-025
  1.567000E+02  1.63081386E-025
  1.585000E+02  1.61796736E-025
  1.603000E+02  1.60531319E-025
  1.622000E+02  1.58992729E-025
  1.641000E+02  1.57411263E-025
  1.660000E+02  1.55794503E-025
  1.679000E+02  1.54059936E-025
  1.698000E+02  1.52444917E-025
  1.718000E+02  1.50532466E-025
  1.738000E+02  1.48602301E-025
  1.758000E+02  1.46659152E-025
  1.778000E+02  1.44765938E-025
  1.799000E+02  1.42633253E-025
  1.820000E+02  1.40502854E-025
  1.841000E+02  1.38422069E-025
  1.862000E+02  1.36227695E-025
  1.884000E+02  1.33945287E-025
  1.906000E+02  1.31716034E-025
  1.928000E+02  1.29446918E-025
  1.950000E+02  1.27151842E-025
  1.972000E+02  1.24932345E-025
  1.995000E+02  1.22562050E-025
  2.018000E+02  1.20192703E-025
  2.042000E+02  1.17800722E-025
  2.065000E+02  1.15473165E-025
  2.089000E+02  1.13135736E-025
  2.114000E+02  1.10638205E-025
  2.138000E+02  1.08361404E-025
  2.163000E+02  1.05938076E-025
  2.188000E+02  1.03534576E-025
  2.213000E+02  1.01262558E-025
  2.239000E+02  9.88567391E-026
  2.265000E+02  9.65461046E-026
  2.291000E+02  9.42382977E-026
  2.317000E+02  9.20255922E-026
  2.344000E+02  8.96991420E-026
  2.371000E+02  8.74707240E-026
  2.399000E+02  8.51767412E-026
  2.427000E+02  8.29815477E-026
  2.455000E+02  8.08026149E-026
  2.483000E+02  7.86898278E-026
  2.512000E+02  7.65265322E-026
  2.541000E+02  7.44596710E-026
  2.570000E+02  7.24191376E-026
  2.600000E+02  7.03753176E-026
  2.630000E+02  6.83628217E-026
  2.661000E+02  6.63816987E-026
  2.691000E+02  6.44989579E-026
  2.723000E+02  6.25524969E-026
  2.754000E+02  6.07463143E-026
  2.786000E+02  5.88910064E-026
  2.818000E+02  5.71531590E-026
  2.851000E+02  5.53725597E-026
  2.884000E+02  5.36547439E-026
  2.917000E+02  5.19766171E-026
  2.951000E+02  5.03595118E-026
  2.985000E+02  4.87354947E-026
  3.020000E+02  4.71705673E-026
  3.055000E+02  4.56552051E-026
  3.090000E+02  4.41594148E-026
  3.126000E+02  4.27222597E-026
  3.162000E+02  4.12832580E-026
  3.199000E+02  3.99034656E-026
  3.236000E+02  3.85442742E-026
  3.273000E+02  3.72576840E-026
  3.311000E+02  3.60005357E-026
  3.350000E+02  3.47321668E-026
  3.388000E+02  3.35467625E-026
  3.428000E+02  3.23391217E-026
  3.467000E+02  3.12434393E-026
  3.508000E+02  3.01167034E-026
  3.548000E+02  2.90549709E-026
  3.589000E+02  2.80111446E-026
  3.631000E+02  2.69806124E-026
  3.673000E+02  2.60080087E-026
  3.715000E+02  2.50876666E-026
  3.758000E+02  2.41509609E-026
  3.802000E+02  2.32613177E-026
  3.846000E+02  2.23789817E-026
  3.890000E+02  2.15597375E-026
  3.935000E+02  2.07558057E-026
  3.981000E+02  1.99665347E-026
  4.027000E+02  1.92113519E-026
  4.074000E+02  1.84710833E-026
  4.121000E+02  1.77744020E-026
  4.169000E+02  1.70821661E-026
  4.217000E+02  1.64184303E-026
  4.266000E+02  1.57912956E-026
  4.315000E+02  1.51813827E-026
  4.365000E+02  1.45759643E-026
  4.416000E+02  1.40052183E-026
  4.467000E+02  1.34499012E-026
  4.519000E+02  1.29180778E-026
  4.571000E+02  1.24100515E-026
  4.624000E+02  1.19074167E-026
  4.677000E+02  1.14350258E-026
  4.731000E+02  1.09829196E-026
  4.786000E+02  1.05289420E-026
  4.842000E+02  1.01023761E-026
  4.898000E+02  9.68885772E-027
  4.955000E+02  9.29401299E-027
  5.012000E+02  8.91733420E-027
  5.070000E+02  8.54612391E-027
  5.129000E+02  8.19208677E-027
  5.188000E+02  7.86056436E-027
  5.248000E+02  7.52836442E-027
  5.309000E+02  7.21742304E-027
  5.370000E+02  6.92116869E-027
  5.432000E+02  6.62987211E-027
  5.495000E+02  6.35254235E-027
  5.559000E+02  6.08034478E-027
  5.623000E+02  5.82538598E-027
  5.688000E+02  5.58345207E-027
  5.754000E+02  5.34175047E-027
  5.821000E+02  5.11625170E-027
  5.888000E+02  4.89780129E-027
  5.957000E+02  4.68471938E-027
  6.026000E+02  4.48538056E-027
  6.095000E+02  4.29588123E-027
  6.166000E+02  4.10773784E-027
  6.237000E+02  3.93175346E-027
  6.310000E+02  3.76001210E-027
  6.383000E+02  3.59737466E-027
  6.457000E+02  3.44046644E-027
  6.531000E+02  3.29410790E-027
  6.607000E+02  3.14657715E-027
  6.683000E+02  3.01127050E-027
  6.761000E+02  2.87748517E-027
  6.839000E+02  2.75252131E-027
  6.918000E+02  2.63238603E-027
  6.998000E+02  2.51525590E-027
  7.080000E+02  2.40318704E-027
  7.161000E+02  2.29809552E-027
  7.244000E+02  2.19657001E-027
  7.328000E+02  2.09863690E-027
  7.413000E+02  2.00660349E-027
  7.499000E+02  1.91522028E-027
  7.586000E+02  1.83063146E-027
  7.674000E+02  1.74956053E-027
  7.762000E+02  1.67161328E-027
  7.852000E+02  1.59560871E-027
  7.943000E+02  1.52435094E-027
  8.035000E+02  1.45512375E-027
  8.128000E+02  1.39066211E-027
  8.222000E+02  1.32825734E-027
  8.318000E+02  1.26732582E-027
  8.414000E+02  1.21059957E-027
  8.511000E+02  1.15632409E-027
  8.610000E+02  1.10313530E-027
  8.710000E+02  1.05325769E-027
  8.810000E+02  1.00603464E-027
  8.912000E+02  9.59893176E-028
  9.016000E+02  9.16036601E-028
  9.120000E+02  8.74717339E-028
  9.226000E+02  8.34229620E-028
  9.333000E+02  7.96297914E-028
  9.441000E+02  7.60062368E-028
  9.550000E+02  7.25089010E-028
  9.660000E+02  6.92169252E-028
  9.772000E+02  6.60541573E-028
  9.885000E+02  6.30007043E-028
  1.000000E+03  6.01052716E-028
  1.012000E+03  5.72496902E-028
  1.023000E+03  5.47520356E-028
  1.035000E+03  5.22098036E-028
  1.047000E+03  4.98073900E-028
  1.059000E+03  4.75145248E-028
  1.072000E+03  4.52000866E-028
  1.084000E+03  4.31843215E-028
  1.096000E+03  4.12558235E-028
  1.109000E+03  3.93076580E-028
  1.122000E+03  3.74733163E-028
  1.135000E+03  3.57214253E-028
  1.148000E+03  3.40890885E-028
  1.161000E+03  3.25454669E-028
  1.175000E+03  3.09589010E-028
  1.188000E+03  2.95865180E-028
  1.202000E+03  2.81926086E-028
  1.216000E+03  2.68621633E-028
  1.230000E+03  2.56234499E-028
  1.244000E+03  2.44526421E-028
  1.259000E+03  2.32565162E-028
  1.274000E+03  2.21446054E-028
  1.288000E+03  2.11665374E-028
  1.303000E+03  2.01621597E-028
  1.318000E+03  1.92297327E-028
  1.334000E+03  1.82940355E-028
  1.349000E+03  1.74526055E-028
  1.365000E+03  1.66198354E-028
  1.380000E+03  1.58838912E-028
  1.396000E+03  1.51317991E-028
  1.412000E+03  1.44319714E-028
  1.429000E+03  1.37321729E-028
  1.445000E+03  1.31021563E-028
  1.462000E+03  1.24806705E-028
  1.479000E+03  1.18946086E-028
  1.496000E+03  1.13354143E-028
  1.514000E+03  1.07850025E-028
  1.531000E+03  1.02946410E-028
  1.549000E+03  9.79922619E-029
  1.567000E+03  9.33850550E-029
  1.585000E+03  8.90501550E-029
  1.603000E+03  8.48875513E-029
  1.622000E+03  8.08244062E-029
  1.641000E+03  7.69850449E-029
  1.660000E+03  7.33246376E-029
  1.679000E+03  6.99288010E-029
  1.698000E+03  6.67216583E-029
  1.718000E+03  6.34935311E-029
  1.738000E+03  6.04923780E-029
  1.758000E+03  5.76699092E-029
  1.778000E+03  5.49687018E-029
  1.799000E+03  5.23393365E-029
  1.820000E+03  4.98611430E-029
  1.841000E+03  4.74926949E-029
  1.862000E+03  4.52951432E-029
  1.884000E+03  4.31237161E-029
  1.906000E+03  4.10508750E-029
  1.928000E+03  3.91287680E-029
  1.950000E+03  3.73148200E-029
  1.972000E+03  3.55780928E-029
  1.995000E+03  3.38950080E-029
  2.018000E+03  3.22608110E-029
  2.042000E+03  3.06718783E-029
  2.065000E+03  2.92367568E-029
  2.089000E+03  2.78107504E-029
  2.114000E+03  2.64274503E-029
  2.138000E+03  2.51807624E-029
  2.163000E+03  2.39408106E-029
  2.188000E+03  2.27887804E-029
  2.213000E+03  2.17030329E-029
  2.239000E+03  2.06255519E-029
  2.265000E+03  1.96281226E-029
  2.291000E+03  1.86879109E-029
  2.317000E+03  1.77906319E-029
  2.344000E+03  1.69242852E-029
  2.371000E+03  1.61084076E-029
  2.399000E+03  1.53042403E-029
  2.427000E+03  1.45576647E-029
  2.455000E+03  1.38547040E-029
  2.483000E+03  1.31835261E-029
  2.512000E+03  1.25377720E-029
  2.541000E+03  1.19298873E-029
  2.570000E+03  1.13515126E-029
  2.600000E+03  1.07958750E-029
  2.630000E+03  1.02727086E-029
  2.661000E+03  9.75747538E-030
  2.692000E+03  9.27915816E-030
  2.723000E+03  8.83045390E-030
  2.754000E+03  8.40218858E-030
  2.786000E+03  7.99134670E-030
  2.818000E+03  7.60462270E-030
  2.851000E+03  7.22919964E-030
  2.884000E+03  6.87143229E-030
  2.917000E+03  6.54028272E-030
  2.951000E+03  6.21905885E-030
  2.985000E+03  5.91274726E-030
  3.020000E+03  5.62004617E-030
  3.055000E+03  5.34466345E-030
  3.090000E+03  5.08541536E-030
  3.126000E+03  4.83215537E-030
  3.162000E+03  4.59697900E-030
  3.199000E+03  4.36955431E-030
  3.236000E+03  4.15279443E-030
  3.273000E+03  3.95148994E-030
  3.311000E+03  3.75687054E-030
  3.350000E+03  3.56960877E-030
  3.388000E+03  3.39591574E-030
  3.428000E+03  3.22544918E-030
  3.467000E+03  3.06965946E-030
  3.508000E+03  2.91422019E-030
  3.548000E+03  2.77290222E-030
  3.589000E+03  2.63708835E-030
  3.631000E+03  2.50569063E-030
  3.673000E+03  2.38101689E-030
  3.715000E+03  2.26523244E-030
  3.758000E+03  2.15367619E-030
  3.802000E+03  2.04633428E-030
  3.846000E+03  1.94449246E-030
  3.890000E+03  1.84954649E-030
  3.936000E+03  1.75658174E-030
  3.981000E+03  1.67104889E-030
  4.027000E+03  1.58770576E-030
  4.074000E+03  1.50869249E-030
  4.121000E+03  1.43437748E-030
  4.169000E+03  1.36330984E-030
  4.217000E+03  1.29558367E-030
  4.266000E+03  1.23114726E-030
  4.315000E+03  1.17080226E-030
  4.365000E+03  1.11287144E-030
  4.416000E+03  1.05660530E-030
  4.467000E+03  1.00463420E-030
  4.519000E+03  9.54566180E-031
  4.571000E+03  9.07694660E-031
  4.624000E+03  8.61978588E-031
  4.677000E+03  8.19734226E-031
  4.732000E+03  7.78524168E-031
  4.786000E+03  7.40459395E-031
  4.842000E+03  7.03042861E-031
  4.898000E+03  6.68164177E-031
  4.954000E+03  6.35510149E-031
  5.012000E+03  6.03555155E-031
  5.070000E+03  5.73649325E-031
  5.129000E+03  5.44701446E-031
  5.188000E+03  5.17827135E-031
  5.248000E+03  4.92123666E-031
  5.309000E+03  4.67675290E-031
  5.370000E+03  4.44273030E-031
  5.432000E+03  4.22307998E-031
  5.495000E+03  4.01320909E-031
  5.559000E+03  3.81178812E-031
  5.623000E+03  3.62338252E-031
  5.688000E+03  3.44113519E-031
  5.754000E+03  3.27031785E-031
  5.821000E+03  3.10647539E-031
  5.888000E+03  2.95243949E-031
  5.957000E+03  2.80223953E-031
  6.026000E+03  2.66292703E-031
  6.095000E+03  2.53189028E-031
  6.166000E+03  2.40510770E-031
  6.237000E+03  2.28592702E-031
  6.310000E+03  2.16930630E-031
  6.383000E+03  2.06113081E-031
  6.456000E+03  1.95995931E-031
  6.531000E+03  1.86166814E-031
  6.607000E+03  1.76858397E-031
  6.683000E+03  1.67994810E-031
  6.761000E+03  1.59556918E-031
  6.839000E+03  1.51626491E-031
  6.918000E+03  1.44074390E-031
  6.998000E+03  1.36884790E-031
  7.080000E+03  1.29873844E-031
  7.161000E+03  1.23486530E-031
  7.244000E+03  1.17295500E-031
  7.328000E+03  1.11441095E-031
  7.413000E+03  1.05872960E-031
  7.499000E+03  1.00510684E-031
  7.586000E+03  9.54797525E-032
  7.674000E+03  9.06971609E-032
  7.762000E+03  8.62011405E-032
  7.852000E+03  8.18781458E-032
  7.943000E+03  7.77954071E-032
  8.035000E+03  7.38424639E-032
  8.128000E+03  7.01593131E-032
  8.222000E+03  6.66598318E-032
  8.318000E+03  6.33009733E-032
  8.414000E+03  6.01449417E-032
  8.511000E+03  5.71092985E-032
  8.610000E+03  5.42357165E-032
  8.710000E+03  5.15087580E-032
  8.810000E+03  4.89613162E-032
  8.912000E+03  4.65031421E-032
  9.016000E+03  4.41631710E-032
  9.120000E+03  4.19365271E-032
  9.226000E+03  3.98181695E-032
  9.332000E+03  3.78400989E-032
  9.441000E+03  3.59288224E-032
  9.550000E+03  3.41327526E-032
  9.660000E+03  3.24403534E-032
  9.772000E+03  3.07892476E-032
  9.886000E+03  2.92311374E-032
  1.000000E+04  2.77767052E-032
  1.012000E+04  2.63306325E-032
  1.023000E+04  2.50913369E-032
  1.035000E+04  2.38195805E-032
  1.047000E+04  2.26097658E-032
  1.059000E+04  2.14801470E-032
  1.072000E+04  2.03454455E-032
  1.084000E+04  1.93577390E-032
  1.096000E+04  1.84266011E-032
  1.109000E+04  1.74782680E-032
  1.122000E+04  1.65834071E-032
  1.135000E+04  1.57477393E-032
  1.148000E+04  1.49679555E-032
  1.161000E+04  1.42289445E-032
  1.175000E+04  1.34872924E-032
  1.188000E+04  1.28400940E-032
  1.202000E+04  1.21764758E-032
  1.216000E+04  1.15614440E-032
  1.230000E+04  1.09835285E-032
  1.244000E+04  1.04401340E-032
  1.259000E+04  9.89751801E-033
  1.274000E+04  9.38493432E-033
  1.288000E+04  8.92962976E-033
  1.303000E+04  8.47963793E-033
  1.318000E+04  8.05718887E-033
  1.334000E+04  7.63152527E-033
  1.349000E+04  7.25889848E-033
  1.365000E+04  6.88575074E-033
  1.380000E+04  6.55699328E-033
  1.396000E+04  6.22270224E-033
  1.412000E+04  5.91267031E-033
  1.429000E+04  5.60346016E-033
  1.445000E+04  5.33209034E-033
  1.462000E+04  5.05921283E-033
  1.479000E+04  4.80280204E-033
  1.496000E+04  4.56105732E-033
  1.514000E+04  4.32344669E-033
  1.531000E+04  4.11120820E-033
  1.549000E+04  3.90168569E-033
  1.567000E+04  3.70497514E-033
  1.585000E+04  3.52016855E-033
  1.603000E+04  3.34634481E-033
  1.622000E+04  3.17190319E-033
  1.641000E+04  3.01025129E-033
  1.660000E+04  2.85863962E-033
  1.679000E+04  2.71713628E-033
  1.698000E+04  2.58295263E-033
  1.718000E+04  2.45031026E-033
  1.738000E+04  2.32669277E-033
  1.758000E+04  2.20933846E-033
  1.778000E+04  2.09937843E-033
  1.799000E+04  1.99183036E-033
  1.820000E+04  1.89090678E-033
  1.841000E+04  1.79613051E-033
  1.862000E+04  1.70706288E-033
  1.884000E+04  1.61826112E-033
  1.906000E+04  1.53600228E-033
  1.928000E+04  1.45885639E-033
  1.950000E+04  1.38623309E-033
  1.972000E+04  1.31796694E-033
  1.995000E+04  1.25146683E-033
  2.018000E+04  1.18766847E-033
  2.042000E+04  1.12653680E-033
  2.065000E+04  1.07097795E-033
  2.089000E+04  1.01698180E-033
  2.114000E+04  9.64245622E-034
  2.138000E+04  9.16665140E-034
  2.163000E+04  8.69511218E-034
  2.188000E+04  8.25404712E-034
  2.213000E+04  7.84348378E-034
  2.239000E+04  7.44619865E-034
  2.265000E+04  7.06976184E-034
  2.291000E+04  6.71132758E-034
  2.317000E+04  6.37872200E-034
  2.344000E+04  6.05758725E-034
  2.371000E+04  5.75264359E-034
  2.399000E+04  5.45583412E-034
  2.427000E+04  5.17673568E-034
  2.455000E+04  4.91794279E-034
  2.483000E+04  4.67199395E-034
  2.512000E+04  4.43531956E-034
  2.541000E+04  4.21294187E-034
  2.570000E+04  4.00135796E-034
  2.600000E+04  3.79835913E-034
  2.630000E+04  3.60768087E-034
  2.661000E+04  3.42039652E-034
  2.692000E+04  3.24684782E-034
  2.723000E+04  3.08382987E-034
  2.754000E+04  2.93043919E-034
  2.786000E+04  2.78178691E-034
  2.818000E+04  2.64371011E-034
  2.851000E+04  2.50683353E-034
  2.884000E+04  2.38136220E-034
  2.917000E+04  2.26193380E-034
  2.951000E+04  2.14640105E-034
  2.985000E+04  2.04045446E-034
  3.020000E+04  1.91703053E-034
  3.055000E+04  1.70905950E-034
  3.090000E+04  1.43058342E-034
  3.126000E+04  1.15337364E-034
  3.162000E+04  9.24403792E-035
  3.199000E+04  7.45508554E-035
  3.236000E+04  6.11995835E-035
  3.273000E+04  5.11276491E-035
  3.311000E+04  4.32738231E-035
  3.350000E+04  3.70491785E-035
  3.388000E+04  3.22363071E-035
  3.428000E+04  2.81843889E-035
  3.467000E+04  2.49457965E-035
  3.508000E+04  2.21523988E-035
  3.548000E+04  1.98561318E-035
  3.589000E+04  1.78791054E-035
  3.631000E+04  1.61346894E-035
  3.673000E+04  1.46356284E-035
  3.715000E+04  1.33452554E-035
  3.758000E+04  1.21783366E-035
  3.802000E+04  1.11315710E-035
  3.846000E+04  1.02184217E-035
  3.890000E+04  9.40228087E-036
  3.936000E+04  8.64393896E-036
  3.981000E+04  7.97816649E-036
