# THEMIS (Jones et al. 2013 / Koehler et al. 2014) model SED (this work), Mathis ISRF U =  1.00
# solver = heuristic
# columns: lambda[um]  lamI_total/NH  lamI_CM20_plaw-ed/NH  lamI_CM20_logn/NH  lamI_aPyM5/NH  lamI_aOlM5/NH
#          [erg s^-1 cm^-2 sr^-1 H^-1]
  9.033300E-02  6.49828198E-044  6.49828198E-044  2.71649581E-062  8.33065290E-177  1.05588344E-176
  9.181700E-02  1.50758620E-043  1.50758620E-043  6.55326850E-062  1.54915799E-174  1.95804903E-174
  9.332500E-02  3.44076396E-043  3.44076396E-043  1.55438940E-061  2.63359763E-172  3.31986295E-172
  9.485800E-02  7.73281539E-043  7.73281539E-043  3.62955982E-061  4.11036792E-170  5.16750107E-170
  9.641600E-02  1.71069753E-042  1.71069753E-042  8.34158140E-061  5.88708329E-168  7.38216937E-168
  9.799900E-02  3.72778762E-042  3.72778762E-042  1.88843909E-060  7.74649177E-166  9.68934183E-166
  9.960900E-02  8.00778459E-042  8.00778459E-042  4.21512298E-060  9.42013408E-164  1.17525513E-163
  1.012500E-01  1.69919765E-041  1.69919765E-041  9.29732263E-060  1.07084139E-161  1.33270747E-161
  1.029100E-01  3.54357927E-041  3.54357927E-041  2.01576189E-059  1.10018151E-159  1.36589057E-159
  1.046000E-01  7.29774932E-041  7.29774932E-041  4.31837067E-059  1.05405947E-157  1.30552725E-157
  1.063200E-01  1.48479042E-040  1.48479042E-040  9.14653061E-059  9.41616762E-156  1.16351579E-155
  1.080600E-01  2.97208998E-040  2.97208998E-040  1.90737983E-058  7.64577933E-154  9.42608680E-154
  1.098400E-01  5.90088019E-040  5.90088019E-040  3.95183239E-058  5.93497241E-152  7.30031759E-152
  1.116400E-01  1.15358275E-039  1.15358275E-039  8.07505398E-058  4.19434602E-150  5.14783215E-150
  1.134800E-01  2.23574633E-039  2.23574633E-039  1.64067635E-057  2.82790539E-148  3.46297499E-148
  1.153400E-01  4.27108366E-039  4.27108366E-039  3.29767881E-057  1.73996859E-146  2.12597297E-146
  1.172300E-01  8.05736197E-039  8.05736197E-039  6.58089844E-057  9.98205936E-145  1.21699629E-144
  1.191600E-01  1.51037324E-038  1.51037324E-038  1.31518701E-056  5.46631068E-143  6.64996084E-143
  1.211200E-01  2.79451159E-038  2.79451159E-038  2.62135347E-056  2.78764120E-141  3.38406777E-141
  1.231100E-01  5.12496288E-038  5.12496288E-038  5.25051625E-056  1.32984134E-139  1.61096594E-139
  1.251300E-01  9.28223124E-038  9.28223124E-038  1.05727312E-055  5.91749825E-138  7.15414660E-138
  1.271800E-01  1.66616806E-037  1.66616806E-037  2.15642605E-055  2.46401043E-136  2.97337700E-136
  1.292700E-01  2.96548301E-037  2.96548301E-037  4.47749776E-055  9.75516088E-135  1.17512793E-134
  1.314000E-01  5.24245506E-037  5.24245506E-037  9.50731151E-055  3.67357009E-133  4.41953403E-133
  1.335600E-01  9.17527977E-037  9.17527977E-037  2.05783628E-054  1.29494422E-131  1.55420043E-131
  1.357500E-01  1.58992269E-036  1.58992269E-036  4.53462956E-054  4.26795586E-130  5.11466560E-130
  1.379800E-01  2.73843985E-036  2.73843985E-036  1.01928335E-053  1.33956281E-128  1.60267239E-128
  1.402500E-01  4.67791817E-036  4.67791817E-036  2.32225079E-053  3.99286947E-127  4.76932529E-127
  1.425500E-01  7.93390602E-036  7.93390602E-036  5.33569828E-053  1.11741490E-125  1.33262531E-125
  1.448900E-01  1.33354823E-035  1.33354823E-035  1.22990382E-052  2.96830153E-124  3.53440004E-124
  1.472700E-01  2.23315251E-035  2.23315251E-035  2.84749309E-052  7.52011317E-123  8.93937239E-123
  1.496900E-01  3.70683432E-035  3.70683432E-035  6.56570951E-052  1.80803884E-121  2.14581198E-121
  1.521500E-01  6.12571576E-035  6.12571576E-035  1.51000560E-051  4.14154697E-120  4.90669623E-120
  1.546500E-01  1.00475661E-034  1.00475661E-034  3.44618907E-051  9.01207743E-119  1.06593949E-118
  1.571900E-01  1.64010826E-034  1.64010826E-034  7.81326830E-051  1.86742490E-117  2.20509273E-117
  1.597700E-01  2.66330844E-034  2.66330844E-034  1.75674985E-050  3.68310217E-116  4.34178374E-116
  1.623900E-01  4.30559637E-034  4.30559637E-034  3.91660156E-050  6.91871214E-115  8.14254139E-115
  1.650600E-01  6.96703565E-034  6.96703565E-034  8.70593940E-050  1.25435972E-113  1.47366085E-113
  1.677700E-01  1.12277102E-033  1.12277102E-033  1.91738553E-049  2.16534755E-112  2.54071282E-112
  1.705300E-01  1.82493940E-033  1.82493940E-033  4.23440723E-049  3.62313421E-111  4.24425965E-111
  1.733300E-01  2.95201946E-033  2.95201946E-033  9.25510767E-049  5.77381673E-110  6.75422663E-110
  1.761800E-01  4.86021316E-033  4.86021316E-033  2.04452486E-048  8.97170889E-109  1.04795783E-108
  1.790700E-01  7.95957075E-033  7.95957075E-033  4.46796091E-048  1.32864006E-107  1.54964106E-107
  1.820100E-01  1.32526857E-032  1.32526857E-032  9.86437924E-048  1.92006717E-106  2.23588858E-106
  1.850000E-01  2.19823419E-032  2.19823419E-032  2.16080527E-047  2.67156644E-105  3.10695959E-105
  1.880400E-01  3.66557988E-032  3.66557988E-032  4.73786792E-047  3.60603429E-104  4.18739350E-104
  1.911300E-01  6.06573635E-032  6.06573635E-032  1.02776977E-046  4.67978093E-103  5.42690311E-103
  1.942700E-01  9.95992237E-032  9.95992237E-032  2.20670218E-046  5.84418251E-102  6.76897020E-102
  1.974600E-01  1.60804797E-031  1.60804797E-031  4.65357974E-046  6.98616751E-101  8.08200290E-101
  2.007000E-01  2.55171962E-031  2.55171962E-031  9.63211803E-046  7.98760666E-100  9.22948416E-100
  2.040000E-01  3.93898670E-031  3.93898670E-031  1.94294737E-045  8.75003543E-099  1.00981411E-098
  2.073500E-01  5.95585650E-031  5.95585650E-031  3.83308587E-045  9.14315395E-098  1.05397081E-097
  2.107600E-01  8.68066225E-031  8.68066225E-031  7.30470213E-045  9.09342424E-097  1.04699267E-096
  2.142200E-01  1.24228595E-030  1.24228595E-030  1.36246453E-044  8.62830261E-096  9.92421664E-096
  2.177400E-01  1.71830866E-030  1.71830866E-030  2.45398748E-044  7.77731903E-095  8.93573000E-095
  2.213100E-01  2.34174072E-030  2.34174072E-030  4.33309610E-044  6.69109536E-094  7.68031548E-094
  2.249500E-01  3.12347483E-030  3.12347483E-030  7.46291043E-044  5.52309597E-093  6.33354485E-093
  2.286400E-01  4.11587483E-030  4.11587483E-030  1.26230030E-043  4.35236845E-092  4.98627228E-092
  2.324000E-01  5.35592990E-030  5.35592990E-030  2.09894168E-043  3.30491868E-091  3.78274773E-091
  2.362200E-01  6.90785254E-030  6.90785254E-030  3.44035657E-043  2.41157952E-090  2.75770418E-090
  2.401000E-01  8.83404951E-030  8.83404951E-030  5.56390424E-043  1.69274877E-089  1.93401194E-089
  2.440400E-01  1.12207744E-029  1.12207744E-029  8.88897474E-043  1.14366820E-088  1.30554075E-088
  2.480500E-01  1.41628262E-029  1.41628262E-029  1.40635381E-042  7.48801353E-088  8.53987808E-088
  2.521200E-01  1.77825702E-029  1.77825702E-029  2.20158096E-042  4.72556804E-087  5.38459774E-087
  2.562700E-01  2.21936977E-029  2.21936977E-029  3.41853684E-042  2.90553045E-086  3.30802753E-086
  2.604700E-01  2.75768702E-029  2.75768702E-029  5.25322959E-042  1.71644084E-085  1.95267653E-085
  2.647500E-01  3.40498627E-029  3.40498627E-029  8.00741623E-042  9.88221350E-085  1.12337200E-084
  2.691000E-01  4.18847461E-029  4.18847461E-029  1.21090671E-041  5.51850985E-084  6.26841303E-084
  2.735200E-01  5.11872683E-029  5.11872683E-029  1.81468429E-041  2.99095167E-083  3.39475374E-083
  2.780200E-01  6.22903573E-029  6.22903573E-029  2.69952352E-041  1.57895909E-082  1.79077588E-082
  2.825800E-01  7.53281199E-029  7.53281199E-029  3.97754751E-041  8.06244104E-082  9.13760609E-082
  2.872200E-01  9.05862772E-029  9.05862772E-029  5.81431876E-041  4.01139837E-081  4.54308595E-081
  2.919400E-01  1.08451209E-028  1.08451209E-028  8.43694456E-041  1.94478246E-080  2.20109644E-080
  2.967400E-01  1.28891959E-028  1.28891959E-028  1.21345714E-040  9.18778537E-080  1.03916151E-079
  3.016100E-01  1.52657663E-028  1.52657663E-028  1.73240145E-040  4.21785870E-079  4.76733424E-079
  3.065700E-01  1.79174409E-028  1.79174409E-028  2.45058084E-040  1.89329683E-078  2.13863566E-078
  3.116000E-01  2.09967951E-028  2.09967951E-028  3.44438208E-040  8.26558191E-078  9.33067775E-078
  3.167200E-01  2.43573919E-028  2.43573919E-028  4.79408277E-040  3.52976830E-077  3.98207540E-077
  3.219200E-01  2.82055188E-028  2.82055188E-028  6.63277764E-040  1.47159248E-076  1.65919118E-076
  3.272100E-01  3.23573085E-028  3.23573085E-028  9.09095350E-040  6.00573309E-076  6.76702900E-076
  3.325800E-01  3.69896669E-028  3.69896669E-028  1.23743151E-039  2.39519833E-075  2.69707160E-075
  3.380500E-01  4.19745079E-028  4.19745079E-028  1.67107706E-039  9.38593208E-075  1.05624343E-074
  3.436000E-01  4.73590265E-028  4.73590265E-028  2.23849089E-039  3.59823563E-074  4.04672075E-074
  3.492400E-01  5.31540154E-028  5.31540154E-028  2.97704699E-039  1.35442585E-073  1.52213989E-073
  3.549800E-01  5.91792407E-028  5.91792407E-028  3.92557834E-039  5.01803347E-073  5.63545073E-073
  3.608100E-01  6.57343925E-028  6.57343925E-028  5.14738562E-039  1.82891643E-072  2.05225757E-072
  3.667400E-01  7.21885883E-028  7.21885883E-028  6.67980548E-039  6.56631874E-072  7.36165341E-072
  3.727600E-01  7.93932377E-028  7.93932377E-028  8.63737060E-039  2.33017555E-071  2.61012786E-071
  3.788800E-01  8.61108554E-028  8.61108554E-028  1.10383905E-038  8.16206771E-071  9.13406409E-071
  3.851100E-01  9.36934661E-028  9.36934661E-028  1.40788727E-038  2.86207462E-070  3.19966535E-070
  3.914300E-01  1.00605424E-027  1.00605424E-027  1.77487130E-038  9.89131268E-070  1.10451218E-069
  3.978600E-01  1.08077143E-027  1.08077143E-027  2.22967608E-038  3.38346776E-069  3.77387123E-069
  4.044000E-01  1.14988822E-027  1.14988822E-027  2.77568335E-038  1.14629255E-068  1.27706986E-068
  4.110400E-01  1.21974131E-027  1.21974131E-027  3.43560631E-038  3.84074683E-068  4.27369290E-068
  4.177900E-01  1.28657556E-027  1.28657556E-027  4.22367979E-038  1.27387213E-067  1.41571621E-067
  4.246600E-01  1.34783926E-027  1.34783926E-027  5.15431718E-038  4.18625962E-067  4.64663446E-067
  4.316300E-01  1.41061190E-027  1.41061190E-027  6.26388978E-038  1.35818835E-066  1.50571500E-066
  4.387200E-01  1.45952721E-027  1.45952721E-027  7.53742176E-038  4.35760135E-066  4.82516527E-066
  4.459300E-01  1.51701786E-027  1.51701786E-027  9.09898317E-038  1.38301625E-065  1.52964244E-065
  4.532500E-01  1.55146884E-027  1.55146884E-027  1.08614292E-037  4.32459379E-065  4.77784487E-065
  4.607000E-01  1.60182445E-027  1.60182445E-027  1.30011307E-037  1.33778568E-064  1.47642919E-064
  4.682600E-01  1.62734820E-027  1.62734820E-027  1.54740106E-037  4.07115630E-064  4.48862360E-064
  4.759600E-01  1.66260382E-027  1.66260382E-027  1.90167506E-037  1.22502754E-063  1.34937629E-063
  4.837700E-01  1.67925898E-027  1.67925898E-027  2.32060556E-037  3.62296700E-063  3.98719499E-063
  4.917200E-01  1.69823634E-027  1.69823634E-027  2.81850135E-037  1.05769919E-062  1.16306202E-062
  4.998000E-01  1.70684483E-027  1.70684483E-027  3.40615254E-037  3.04108109E-062  3.34139593E-062
  5.080100E-01  1.70893071E-027  1.70893071E-027  4.09691408E-037  8.60832107E-062  9.45126870E-062
  5.163500E-01  1.71074296E-027  1.71074296E-027  4.90755666E-037  2.39877692E-061  2.63184236E-061
  5.248300E-01  1.69684423E-027  1.69684423E-027  5.84698371E-037  6.58279442E-061  7.21765764E-061
  5.334500E-01  1.76731714E-027  1.76731714E-027  6.94658319E-037  1.77997020E-060  1.95043212E-060
  5.422200E-01  1.85318185E-027  1.85318185E-027  8.20346907E-037  4.74125850E-060  5.19229490E-060
  5.511200E-01  1.94962651E-027  1.94962651E-027  9.66801875E-037  1.24285696E-059  1.36037354E-059
  5.601800E-01  2.03752427E-027  2.03752426E-027  1.13260168E-036  3.21153644E-059  3.51338091E-059
  5.693800E-01  2.13444257E-027  2.13444257E-027  1.32378954E-036  8.17227915E-059  8.93600666E-059
  5.787300E-01  2.22601249E-027  2.22601248E-027  1.53888326E-036  2.04772406E-058  2.23805684E-058
  5.882400E-01  2.32642208E-027  2.32642208E-027  1.78394802E-036  5.06068995E-058  5.52879752E-058
  5.979000E-01  2.42354529E-027  2.42354529E-027  2.05868585E-036  1.23170507E-057  1.34508213E-057
  6.077200E-01  2.52063302E-027  2.52063302E-027  2.36717713E-036  2.95551102E-057  3.22630589E-057
  6.177000E-01  2.61759041E-027  2.61759041E-027  2.71261151E-036  6.99211774E-057  7.62994998E-057
  6.278500E-01  2.70967542E-027  2.70967541E-027  3.09502843E-036  1.63165324E-056  1.77987690E-056
  6.381600E-01  2.80508455E-027  2.80508455E-027  3.52243745E-036  3.75478333E-056  4.09466002E-056
  6.486400E-01  2.89022678E-027  2.89022677E-027  3.98829201E-036  8.52043587E-056  9.28912801E-056
  6.593000E-01  2.98275377E-027  2.98275377E-027  4.50979116E-036  1.91026952E-055  2.08200869E-055
  6.701300E-01  3.06149213E-027  3.06149213E-027  5.07099604E-036  4.22254338E-055  4.60107533E-055
  6.811300E-01  3.14756491E-027  3.14756490E-027  5.69424248E-036  9.21517633E-055  1.00387379E-054
  6.923200E-01  3.22088572E-027  3.22088572E-027  6.36328519E-036  1.98606919E-054  2.16313328E-054
  7.036900E-01  3.29692600E-027  3.29692599E-027  7.09588810E-036  4.22829133E-054  4.60442561E-054
  7.152500E-01  3.36379297E-027  3.36379296E-027  7.88125862E-036  8.89315439E-054  9.68267532E-054
  7.270000E-01  3.42840061E-027  3.42840060E-027  8.72993545E-036  1.84873224E-053  2.01239679E-053
  7.389400E-01  3.48811383E-027  3.48811382E-027  9.63994288E-036  3.79829040E-053  4.13398582E-053
  7.510800E-01  3.54031877E-027  3.54031876E-027  1.06080169E-035  7.71746456E-053  8.39850916E-053
  7.634200E-01  3.59257754E-027  3.59257753E-027  1.16489786E-035  1.55168424E-052  1.68834818E-052
  7.759600E-01  3.63196518E-027  3.63196517E-027  1.27379186E-035  3.08549278E-052  3.35705154E-052
  7.887000E-01  3.67636097E-027  3.67636096E-027  1.39118436E-035  6.07613819E-052  6.60989633E-052
  8.016600E-01  3.70374049E-027  3.70374047E-027  1.51222133E-035  1.18512547E-051  1.28916072E-051
  8.148300E-01  3.73974938E-027  3.73974936E-027  1.64311012E-035  2.29240046E-051  2.49321079E-051
  8.282100E-01  3.75912179E-027  3.75912177E-027  1.77703947E-035  4.39340147E-051  4.77759559E-051
  8.418100E-01  3.78298475E-027  3.78298473E-027  1.91981879E-035  8.36055269E-051  9.08961033E-051
  8.556400E-01  3.79563704E-027  3.79563702E-027  2.06662665E-035  1.58008999E-050  1.71751402E-050
  8.697000E-01  3.80798807E-027  3.80798805E-027  2.22072368E-035  2.96927937E-050  3.22666032E-050
  8.839800E-01  3.81470003E-027  3.81470001E-027  2.37983355E-035  5.54879657E-050  6.02774428E-050
  8.985000E-01  3.81667652E-027  3.81667649E-027  2.54409509E-035  1.03275386E-049  1.12142441E-049
  9.132600E-01  3.81870924E-027  3.81870921E-027  2.71535932E-035  1.91639234E-049  2.07985131E-049
  9.282600E-01  3.81159546E-027  3.81159543E-027  2.88884342E-035  3.54661301E-049  3.84642308E-049
  9.435100E-01  3.81044309E-027  3.81044306E-027  3.07174383E-035  6.55701753E-049  7.10655395E-049
  9.590100E-01  3.79578753E-027  3.79578750E-027  3.25360258E-035  1.21061480E-048  1.31094405E-048
  9.747600E-01  3.79311710E-027  3.79311707E-027  3.44790271E-035  2.23568467E-048  2.41841164E-048
  9.907700E-01  3.77699563E-027  3.77699560E-027  3.64000511E-035  4.12609077E-048  4.45852344E-048
  1.007000E+00  3.77014359E-027  3.77014355E-027  3.84284305E-035  7.60747702E-048  8.21087572E-048
  1.023600E+00  3.75493344E-027  3.75493340E-027  4.04676570E-035  1.40733762E-047  1.51709344E-047
  1.040400E+00  3.74492573E-027  3.74492569E-027  4.25876672E-035  2.59607717E-047  2.79500323E-047
  1.057500E+00  3.73234000E-027  3.73233995E-027  4.47433047E-035  4.78752519E-047  5.14756009E-047
  1.074900E+00  3.72110495E-027  3.72110491E-027  4.69646073E-035  8.81988965E-047  9.47094213E-047
  1.092500E+00  3.71272675E-027  3.71272671E-027  4.92552351E-035  1.61628087E-046  1.73341100E-046
  1.110500E+00  3.70187206E-027  3.70187201E-027  5.15954435E-035  2.96267239E-046  3.17348540E-046
  1.128700E+00  3.69923788E-027  3.69923782E-027  5.40629303E-035  5.39352333E-046  5.77065477E-046
  1.147200E+00  3.69033619E-027  3.69033614E-027  5.65366136E-035  9.76795554E-046  1.04394412E-045
  1.166100E+00  3.69458087E-027  3.69458081E-027  5.92383001E-035  1.76573769E-045  1.88515382E-045
  1.185200E+00  3.69113199E-027  3.69113193E-027  6.19257628E-035  3.15984689E-045  3.37027259E-045
  1.204700E+00  3.70111452E-027  3.70111445E-027  6.48818508E-035  5.63510876E-045  6.00498421E-045
  1.224500E+00  3.70613819E-027  3.70613812E-027  6.78865303E-035  9.96762142E-045  1.06129040E-044
  1.244600E+00  3.72059029E-027  3.72059022E-027  7.11360646E-035  1.74936436E-044  1.86115596E-044
  1.265100E+00  3.73483087E-027  3.73483079E-027  7.45451304E-035  3.05151490E-044  3.24419951E-044
  1.285800E+00  3.75433315E-027  3.75433307E-027  7.81704243E-035  5.26199976E-044  5.59058681E-044
  1.307000E+00  3.77792053E-027  3.77792045E-027  8.20755370E-035  9.03707349E-044  9.59550723E-044
  1.328400E+00  3.80291778E-027  3.80291769E-027  8.61912900E-035  1.53327662E-043  1.62707602E-043
  1.350200E+00  3.83579917E-027  3.83579908E-027  9.06941270E-035  2.58360247E-043  2.74016490E-043
  1.372400E+00  3.86618717E-027  3.86618708E-027  9.54334525E-035  4.31920105E-043  4.57869055E-043
  1.395000E+00  3.90838556E-027  3.90838546E-027  1.00699119E-034  7.16897859E-043  7.59634217E-043
  1.417900E+00  3.94471406E-027  3.94471395E-027  1.06178699E-034  1.17732848E-042  1.24695769E-042
  1.441200E+00  3.99453987E-027  3.99453976E-027  1.12310019E-034  1.91946337E-042  2.03217401E-042
  1.464800E+00  4.03899030E-027  4.03899018E-027  1.18729045E-034  3.09636019E-042  3.27696114E-042
  1.488900E+00  4.09301272E-027  4.09301259E-027  1.25832504E-034  4.96665969E-042  5.25451210E-042
  1.513400E+00  4.14511789E-027  4.14511776E-027  1.33394032E-034  7.89894517E-042  8.35399956E-042
  1.538200E+00  4.20211116E-027  4.20211102E-027  1.41584100E-034  1.24388345E-041  1.31513922E-041
  1.563500E+00  4.26062546E-027  4.26062531E-027  1.50413175E-034  1.94617651E-041  2.05701433E-041
  1.589200E+00  4.31997204E-027  4.31997188E-027  1.59890589E-034  3.01957473E-041  3.19067088E-041
  1.615300E+00  4.38374826E-027  4.38374809E-027  1.70143561E-034  4.64719374E-041  4.90938042E-041
  1.641800E+00  4.44402969E-027  4.44402951E-027  1.80999541E-034  7.09110049E-041  7.48914959E-041
  1.668800E+00  4.51211246E-027  4.51211227E-027  1.92865877E-034  1.07527100E-040  1.13540244E-040
  1.696200E+00  4.57230179E-027  4.57230158E-027  2.05271492E-034  1.61616431E-040  1.70612406E-040
  1.724000E+00  4.64332093E-027  4.64332071E-027  2.18848014E-034  2.41094177E-040  2.54470271E-040
  1.752400E+00  4.70586606E-027  4.70586583E-027  2.33094479E-034  3.57513668E-040  3.77276435E-040
  1.781100E+00  4.77543127E-027  4.77543102E-027  2.48443222E-034  5.25376313E-040  5.54318338E-040
  1.810400E+00  4.83938926E-027  4.83938899E-027  2.64623160E-034  7.67541575E-040  8.09686764E-040
  1.840100E+00  4.90666868E-027  4.90666840E-027  2.81904739E-034  1.11259225E-039  1.17349614E-039
  1.870400E+00  4.97123440E-027  4.97123410E-027  3.00212526E-034  1.60349491E-039  1.69101744E-039
  1.901100E+00  5.03496037E-027  5.03496005E-027  3.19540812E-034  2.29255515E-039  2.41734730E-039
  1.932300E+00  5.09955788E-027  5.09955754E-027  3.40057840E-034  3.25580979E-039  3.43272475E-039
  1.964100E+00  5.15941226E-027  5.15941190E-027  3.61611297E-034  4.59668105E-039  4.84565795E-039
  1.996300E+00  5.22337415E-027  5.22337376E-027  3.84560939E-034  6.44116927E-039  6.78957688E-039
  2.029100E+00  5.27883250E-027  5.27883209E-027  4.08412402E-034  8.97025922E-039  9.45447309E-039
  2.062400E+00  5.34238740E-027  5.34238696E-027  4.34046284E-034  1.24164288E-038  1.30854074E-038
  2.096300E+00  5.39546793E-027  5.39546747E-027  4.60565885E-034  1.70777892E-038  1.79963060E-038
  2.130700E+00  5.45637162E-027  5.45637113E-027  4.88988889E-034  2.33463062E-038  2.46012399E-038
  2.165700E+00  5.50950587E-027  5.50950535E-027  5.18525508E-034  3.17204267E-038  3.34212472E-038
  2.201300E+00  5.56670905E-027  5.56670850E-027  5.50003208E-034  4.28630168E-038  4.51608214E-038
  2.237500E+00  5.61991028E-027  5.61990970E-027  5.82983393E-034  5.75805081E-038  6.06637690E-038
  2.274200E+00  5.67406004E-027  5.67405942E-027  6.17775561E-034  7.68528676E-038  8.09639899E-038
  2.311600E+00  5.72909924E-027  5.72909858E-027  6.54625119E-034  1.02078486E-037  1.07534341E-037
  2.349600E+00  5.78152522E-027  5.78152452E-027  6.93346313E-034  1.34786955E-037  1.41994959E-037
  2.388100E+00  5.84000646E-027  5.84000572E-027  7.34545043E-034  1.76910030E-037  1.86352740E-037
  2.427400E+00  5.89258257E-027  5.89258179E-027  7.77781065E-034  2.31106809E-037  2.43453520E-037
  2.467200E+00  5.95773238E-027  5.95773155E-027  8.24232493E-034  3.00185317E-037  3.16240812E-037
  2.507800E+00  6.01473462E-027  6.01473374E-027  8.72836538E-034  3.88020061E-037  4.08770891E-037
  2.549000E+00  6.08988380E-027  6.08988288E-027  9.25467363E-034  4.99135073E-037  5.25787063E-037
  2.590800E+00  6.16007219E-027  6.16007121E-027  9.80531734E-034  6.38146822E-037  6.72278105E-037
  2.633400E+00  6.24874600E-027  6.24874496E-027  1.04014286E-033  8.12824257E-037  8.56309291E-037
  2.676600E+00  6.34291061E-027  6.34290951E-027  1.10320723E-033  1.02928886E-036  1.08447116E-036
  2.720600E+00  6.45704772E-027  6.45704655E-027  1.17117406E-033  1.29810805E-036  1.36773722E-036
  2.765300E+00  6.59713384E-027  6.59713259E-027  1.24403974E-033  1.62927473E-036  1.71672475E-036
  2.810700E+00  6.76029718E-027  6.76029586E-027  1.32212822E-033  2.03511274E-036  2.14444738E-036
  2.856900E+00  6.99847192E-027  6.99847051E-027  1.40734250E-033  2.53191206E-036  2.66813732E-036
  2.903800E+00  7.26538476E-027  7.26538325E-027  1.49831832E-033  3.13423970E-036  3.30310027E-036
  2.951500E+00  7.75678923E-027  7.75678762E-027  1.60054757E-033  3.86669782E-036  4.07538266E-036
  3.000000E+00  8.28165154E-027  8.28164982E-027  1.70957690E-033  4.74781438E-036  5.00446795E-036
  3.015900E+00  8.55685601E-027  8.55685425E-027  1.74873858E-033  5.07156550E-036  5.34589174E-036
  3.032000E+00  8.88529792E-027  8.88529612E-027  1.78994783E-033  5.41813741E-036  5.71140717E-036
  3.048100E+00  9.28000279E-027  9.28000094E-027  1.83316310E-033  5.78451352E-036  6.09773690E-036
  3.064300E+00  9.76306589E-027  9.76306399E-027  1.87908566E-033  6.17426414E-036  6.50889212E-036
  3.080600E+00  1.03622062E-026  1.03622042E-026  1.92812197E-033  6.58928572E-036  6.94657508E-036
  3.096900E+00  1.11215812E-026  1.11215792E-026  1.98116419E-033  7.02879309E-036  7.41025347E-036
  3.113400E+00  1.21053791E-026  1.21053771E-026  2.03998170E-033  7.50078783E-036  7.90805031E-036
  3.130000E+00  1.34260550E-026  1.34260528E-026  2.10661325E-033  8.00638500E-036  8.44130002E-036
  3.146600E+00  1.52246094E-026  1.52246072E-026  2.18370983E-033  8.54698167E-036  9.01149121E-036
  3.163300E+00  1.77931015E-026  1.77930992E-026  2.27774099E-033  9.13326844E-036  9.62999508E-036
  3.180100E+00  2.16605241E-026  2.16605216E-026  2.39961984E-033  9.77859514E-036  1.03106671E-035
  3.197000E+00  2.77417544E-026  2.77417518E-026  2.56866247E-033  1.05059204E-035  1.10779714E-035
  3.214000E+00  3.83686103E-026  3.83686074E-026  2.83325999E-033  1.13707508E-035  1.19904715E-035
  3.231100E+00  5.80040488E-026  5.80040454E-026  3.28794449E-033  1.24845680E-035  1.31654262E-035
  3.248300E+00  9.77525461E-026  9.77525419E-026  4.16870989E-033  1.41275034E-035  1.48987469E-035
  3.265500E+00  1.64841644E-025  1.64841638E-025  5.64578767E-033  1.65504524E-035  1.74548766E-035
  3.282900E+00  1.93133798E-025  1.93133792E-025  6.35047796E-033  1.82690462E-035  1.92682035E-035
  3.300300E+00  1.31481655E-025  1.31481650E-025  5.13298662E-033  1.77530192E-035  1.87240573E-035
  3.317900E+00  8.00050347E-026  8.00050305E-026  4.09968334E-033  1.73915618E-035  1.83429825E-035
  3.335500E+00  5.87267621E-026  5.87267583E-026  3.70938285E-033  1.78219889E-035  1.87973227E-035
  3.353200E+00  5.89601849E-026  5.89601811E-026  3.79756532E-033  1.89408998E-035  1.99780171E-035
  3.371100E+00  9.12087244E-026  9.12087198E-026  4.63215445E-033  2.12696233E-035  2.24349920E-035
  3.389000E+00  9.05115986E-026  9.05115938E-026  4.74519415E-033  2.26483912E-035  2.38899742E-035
  3.407000E+00  9.33627284E-026  9.33627234E-026  5.03590788E-033  2.46177205E-035  2.59679350E-035
  3.425100E+00  1.04013171E-025  1.04013165E-025  5.46493981E-033  2.67996919E-035  2.82703209E-035
  3.443300E+00  7.59047396E-026  7.59047347E-026  4.78941481E-033  2.67145697E-035  2.81807909E-035
  3.461600E+00  6.96169488E-026  6.96169441E-026  4.70459766E-033  2.78664788E-035  2.93964194E-035
  3.480000E+00  7.47690312E-026  7.47690263E-026  4.89664521E-033  2.95943180E-035  3.12195479E-035
  3.498500E+00  6.66551208E-026  6.66551159E-026  4.77858330E-033  3.08052057E-035  3.24970140E-035
  3.517100E+00  5.37096591E-026  5.37096545E-026  4.51376538E-033  3.16706780E-035  3.34104184E-035
  3.535800E+00  3.32517657E-026  3.32517616E-026  3.98663458E-033  3.17689715E-035  3.35139108E-035
  3.554600E+00  2.23365861E-026  2.23365823E-026  3.73431225E-033  3.25789212E-035  3.43680224E-035
  3.573500E+00  1.70456937E-026  1.70456900E-026  3.64934376E-033  3.38784005E-035  3.57384640E-035
  3.592500E+00  1.42508893E-026  1.42508856E-026  3.64016749E-033  3.54461781E-035  3.73925049E-035
  3.611500E+00  1.25768186E-026  1.25768149E-026  3.66544962E-033  3.71712428E-035  3.92124700E-035
  3.630700E+00  1.14727554E-026  1.14727516E-026  3.70962726E-033  3.90352109E-035  4.11782060E-035
  3.650000E+00  1.07108539E-026  1.07108501E-026  3.76572983E-033  4.10130449E-035  4.32655515E-035
  3.669400E+00  1.01520506E-026  1.01520467E-026  3.82958009E-033  4.30990520E-035  4.54645730E-035
  3.688900E+00  9.73501419E-027  9.73501020E-027  3.89948799E-033  4.52905076E-035  4.77763348E-035
  3.708500E+00  9.41163849E-027  9.41163442E-027  3.97404187E-033  4.75880223E-035  5.01989979E-035
  3.728300E+00  9.15635794E-027  9.15635379E-027  4.05295224E-033  5.00051148E-035  5.27486784E-035
  3.748100E+00  8.95406840E-027  8.95406415E-027  4.13500376E-033  5.25215720E-035  5.54009007E-035
  3.768000E+00  8.79048506E-027  8.79048072E-027  4.22018094E-033  5.51495115E-035  5.81727234E-035
  3.788000E+00  8.65853092E-027  8.65852649E-027  4.30840908E-033  5.78946331E-035  6.10680502E-035
  3.808100E+00  8.55039233E-027  8.55038780E-027  4.39947955E-033  6.07580984E-035  6.40880864E-035
  3.828400E+00  8.46219502E-027  8.46219039E-027  4.49376988E-033  6.37606968E-035  6.72547653E-035
  3.848700E+00  8.39066725E-027  8.39066252E-027  4.59035947E-033  6.68763109E-035  7.05405426E-035
  3.869200E+00  8.33243956E-027  8.33243472E-027  4.69009722E-033  7.01388648E-035  7.39811259E-035
  3.889700E+00  8.28632351E-027  8.28631856E-027  4.79204735E-033  7.35215323E-035  7.75482324E-035
  3.910400E+00  8.24964236E-027  8.24963731E-027  4.89717721E-033  7.70600578E-035  8.12813114E-035
  3.931200E+00  8.22186161E-027  8.22185644E-027  5.00509766E-033  8.07450274E-035  8.51669948E-035
  3.952100E+00  8.20147821E-027  8.20147292E-027  5.11570462E-033  8.45798937E-035  8.92105363E-035
  3.973100E+00  8.18763509E-027  8.18762968E-027  5.22913146E-033  8.85716041E-035  9.34193757E-035
  3.994200E+00  8.17964725E-027  8.17964171E-027  5.34536753E-033  9.27218773E-035  9.77949467E-035
  4.015400E+00  8.17676589E-027  8.17676022E-027  5.46443688E-033  9.70356706E-035  1.02345073E-034
  4.036800E+00  8.17868057E-027  8.17867478E-027  5.58709420E-033  1.01543164E-034  1.07097041E-034
  4.058200E+00  8.18493864E-027  8.18493271E-027  5.71206949E-033  1.06205887E-034  1.12012289E-034
  4.079800E+00  8.19506732E-027  8.19506125E-027  5.84063624E-033  1.11070459E-034  1.17139969E-034
  4.101500E+00  8.20896345E-027  8.20895724E-027  5.97235110E-033  1.16125292E-034  1.22467932E-034
  4.123300E+00  8.22621799E-027  8.22621163E-027  6.10721233E-033  1.21371102E-034  1.27999664E-034
  4.145200E+00  8.24657982E-027  8.24657332E-027  6.24530166E-033  1.26819785E-034  1.33742120E-034
  4.167200E+00  8.26984112E-027  8.26983446E-027  6.38668949E-033  1.32471857E-034  1.39701897E-034
  4.189400E+00  8.29609154E-027  8.29608472E-027  6.53209537E-033  1.38364346E-034  1.45911378E-034
  4.211700E+00  8.32502344E-027  8.32501646E-027  6.68091321E-033  1.44478198E-034  1.52353608E-034
  4.234000E+00  8.35637590E-027  8.35636876E-027  6.83263027E-033  1.50791662E-034  1.59005496E-034
  4.256500E+00  8.39028441E-027  8.39027710E-027  6.98863817E-033  1.57365185E-034  1.65935082E-034
  4.279200E+00  8.42690220E-027  8.42689471E-027  7.14900715E-033  1.64208590E-034  1.73144250E-034
  4.301900E+00  8.46582337E-027  8.46581571E-027  7.31246850E-033  1.71277182E-034  1.80590154E-034
  4.324800E+00  8.50701570E-027  8.50700785E-027  7.48061782E-033  1.78628234E-034  1.88342719E-034
  4.347700E+00  8.55034711E-027  8.55033907E-027  7.65191956E-033  1.86214809E-034  1.96333354E-034
  4.370900E+00  8.59637127E-027  8.59636304E-027  7.82879818E-033  1.94139655E-034  2.04684861E-034
  4.394100E+00  8.64440328E-027  8.64439486E-027  8.00901051E-033  2.02312680E-034  2.13296729E-034
  4.417400E+00  8.69471833E-027  8.69470970E-027  8.19354386E-033  2.10774508E-034  2.22213155E-034
  4.440900E+00  8.74754408E-027  8.74753524E-027  8.38322447E-033  2.19577559E-034  2.31488411E-034
  4.464500E+00  8.80257281E-027  8.80256377E-027  8.57742840E-033  2.28684368E-034  2.41089472E-034
  4.488200E+00  8.85993112E-027  8.85992185E-027  8.77623149E-033  2.38116674E-034  2.51019894E-034
  4.512100E+00  8.92019738E-027  8.92018789E-027  8.98059543E-033  2.47910727E-034  2.61344791E-034
  4.536100E+00  8.98254200E-027  8.98253228E-027  9.18979640E-033  2.58053705E-034  2.72029486E-034
  4.560200E+00  9.04749521E-027  9.04748525E-027  9.40391813E-033  2.68549195E-034  2.83084654E-034
  4.584400E+00  9.11505797E-027  9.11504777E-027  9.62324505E-033  2.79400836E-034  2.94513669E-034
  4.608800E+00  9.18522401E-027  9.18521356E-027  9.84864882E-033  2.90670047E-034  3.06391401E-034
  4.633300E+00  9.25824497E-027  9.25823427E-027  1.00794326E-032  3.02336927E-034  3.18669532E-034
  4.657900E+00  9.33407876E-027  9.33406780E-027  1.03156288E-032  3.14387787E-034  3.31368547E-034
  4.682700E+00  9.41306636E-027  9.41305513E-027  1.05586631E-032  3.26917653E-034  3.44563294E-034
  4.707600E+00  9.49529680E-027  9.49528529E-027  1.08074034E-032  3.39857608E-034  3.58199886E-034
  4.732600E+00  9.58039813E-027  9.58038634E-027  1.10621454E-032  3.53242593E-034  3.72291352E-034
  4.757700E+00  9.66884867E-027  9.66883659E-027  1.13230593E-032  3.67084476E-034  3.86864059E-034
  4.783000E+00  9.76145246E-027  9.76144008E-027  1.15912690E-032  3.81449240E-034  4.01999928E-034
  4.808400E+00  9.85740392E-027  9.85739124E-027  1.18659353E-032  3.96307913E-034  4.17639889E-034
  4.834000E+00  9.95778891E-027  9.95777592E-027  1.21484462E-032  4.11723359E-034  4.33883042E-034
  4.859700E+00  1.00619925E-026  1.00619792E-026  1.24377429E-032  4.27655492E-034  4.50665457E-034
  4.885500E+00  1.01706612E-026  1.01706475E-026  1.27343364E-032  4.44130562E-034  4.68007596E-034
  4.911500E+00  1.02844948E-026  1.02844808E-026  1.30392375E-032  4.61226740E-034  4.86012602E-034
  4.937600E+00  1.04030437E-026  1.04030294E-026  1.33517422E-032  4.78904513E-034  5.04637646E-034
  4.963800E+00  1.05270178E-026  1.05270031E-026  1.36722544E-032  4.97191977E-034  5.23883162E-034
  4.990200E+00  1.06571620E-026  1.06571469E-026  1.40016688E-032  5.16164232E-034  5.43869004E-034
  5.016700E+00  1.07930829E-026  1.07930674E-026  1.43394719E-032  5.35770959E-034  5.64522542E-034
  5.043400E+00  1.09359572E-026  1.09359414E-026  1.46871650E-032  5.56132007E-034  5.85967174E-034
  5.070200E+00  1.10862355E-026  1.10862193E-026  1.50436645E-032  5.77192909E-034  6.08153723E-034
  5.097100E+00  1.12439158E-026  1.12438992E-026  1.54094357E-032  5.98986270E-034  6.31087055E-034
  5.124200E+00  1.14104478E-026  1.14104307E-026  1.57861791E-032  6.21619057E-034  6.54924780E-034
  5.151500E+00  1.15866826E-026  1.15866651E-026  1.61741694E-032  6.45125792E-034  6.79663685E-034
  5.178800E+00  1.17719737E-026  1.17719557E-026  1.65710188E-032  6.69392847E-034  7.05221601E-034
  5.206400E+00  1.19696362E-026  1.19696178E-026  1.69816229E-032  6.94693730E-034  7.31869419E-034
  5.234000E+00  1.21778742E-026  1.21778554E-026  1.74018685E-032  7.20818613E-034  7.59363274E-034
  5.261800E+00  1.24007862E-026  1.24007668E-026  1.78354712E-032  7.47994221E-034  7.87957155E-034
  5.289800E+00  1.26385712E-026  1.26385513E-026  1.82830682E-032  7.76234120E-034  8.17728890E-034
  5.317900E+00  1.28924143E-026  1.28923939E-026  1.87436695E-032  8.05572220E-034  8.48607045E-034
  5.346200E+00  1.31657764E-026  1.31657555E-026  1.92194927E-032  8.36106208E-034  8.80769236E-034
  5.374600E+00  1.34593478E-026  1.34593263E-026  1.97098400E-032  8.67813516E-034  9.14135529E-034
  5.403200E+00  1.37768804E-026  1.37768584E-026  2.02171936E-032  9.00924946E-034  9.49014716E-034
  5.431900E+00  1.41199549E-026  1.41199323E-026  2.07413196E-032  9.35364097E-034  9.85268446E-034
  5.460800E+00  1.44950059E-026  1.44949826E-026  2.12851119E-032  9.71348723E-034  1.02321804E-033
  5.489800E+00  1.49034060E-026  1.49033821E-026  2.18475388E-032  1.00892334E-033  1.06277069E-033
  5.519000E+00  1.53523952E-026  1.53523706E-026  2.24332745E-032  1.04823848E-033  1.10421115E-033
  5.548300E+00  1.58477330E-026  1.58477077E-026  2.30412353E-032  1.08941683E-033  1.14759859E-033
  5.577800E+00  1.63968229E-026  1.63967969E-026  2.36763843E-032  1.13275711E-033  1.19329555E-033
  5.607400E+00  1.70103020E-026  1.70102753E-026  2.43400943E-032  1.17832038E-033  1.24128459E-033
  5.637200E+00  1.76988060E-026  1.76987784E-026  2.50369040E-032  1.22648529E-033  1.29211783E-033
  5.667200E+00  1.84814304E-026  1.84814020E-026  2.57729646E-032  1.27769831E-033  1.34608078E-033
  5.697300E+00  1.93713140E-026  1.93712847E-026  2.65497923E-032  1.33209623E-033  1.40348024E-033
  5.727600E+00  2.03959657E-026  2.03959355E-026  2.73776990E-032  1.39045066E-033  1.46504038E-033
  5.758000E+00  2.15875513E-026  2.15875200E-026  2.82634028E-032  1.45322078E-033  1.53125853E-033
  5.788600E+00  2.29820649E-026  2.29820326E-026  2.92207700E-032  1.52140433E-033  1.60324939E-033
  5.819400E+00  2.46522584E-026  2.46522248E-026  3.02682320E-032  1.59648854E-033  1.68249757E-033
  5.850300E+00  2.66504458E-026  2.66504109E-026  3.14221733E-032  1.67947600E-033  1.77021296E-033
  5.881400E+00  2.90992252E-026  2.90991889E-026  3.27169021E-032  1.77305795E-033  1.86915077E-033
  5.912700E+00  3.21450778E-026  3.21450398E-026  3.41963303E-032  1.88041654E-033  1.98270832E-033
  5.944100E+00  3.59730160E-026  3.59729760E-026  3.59115933E-032  2.00550779E-033  2.11509759E-033
  5.975700E+00  4.09426930E-026  4.09426506E-026  3.79691176E-032  2.15594340E-033  2.27450632E-033
  6.007400E+00  4.74173860E-026  4.74173407E-026  4.04751254E-032  2.34026242E-033  2.46980773E-033
  6.039400E+00  5.62181410E-026  5.62180920E-026  4.36709136E-032  2.57639676E-033  2.72026516E-033
  6.071500E+00  6.82031769E-026  6.82031232E-026  4.78129904E-032  2.88458534E-033  3.04729500E-033
  6.103700E+00  8.47542912E-026  8.47542311E-026  5.33186231E-032  3.29757705E-033  3.48579112E-033
  6.136200E+00  1.07640000E-025  1.07639931E-025  6.07408300E-032  3.86042999E-033  4.08367828E-033
  6.168800E+00  1.37098160E-025  1.37098081E-025  7.02205399E-032  4.59081477E-033  4.85984418E-033
  6.201600E+00  1.69494377E-025  1.69494285E-025  8.07931845E-032  5.42593343E-033  5.74753019E-033
  6.234500E+00  1.92380672E-025  1.92380571E-025  8.88809692E-032  6.10103693E-033  6.46514416E-033
  6.267700E+00  1.91100474E-025  1.91100371E-025  9.00578994E-032  6.26792242E-033  6.64243939E-033
  6.301000E+00  1.67541531E-025  1.67541434E-025  8.45894245E-032  5.91874362E-033  6.27096699E-033
  6.334500E+00  1.36524218E-025  1.36524131E-025  7.66931720E-032  5.36098820E-033  5.67741078E-033
  6.368100E+00  1.09455252E-025  1.09455173E-025  6.97741938E-032  4.85890495E-033  5.14272491E-033
  6.402000E+00  8.89403282E-026  8.89402543E-026  6.46928443E-032  4.48715093E-033  4.74669375E-033
  6.436000E+00  7.46862961E-026  7.46862259E-026  6.14317318E-032  4.25121557E-033  4.49500769E-033
  6.470200E+00  6.48489367E-026  6.48488687E-026  5.94802684E-032  4.11536912E-033  4.34983654E-033
  6.504600E+00  5.83328039E-026  5.83327370E-026  5.85381195E-032  4.05900241E-033  4.28907777E-033
  6.539200E+00  5.43057926E-026  5.43057258E-026  5.83720912E-032  4.06583115E-033  4.29553677E-033
  6.573900E+00  5.22702578E-026  5.22701904E-026  5.88421054E-032  4.12627417E-033  4.35913078E-033
  6.608900E+00  5.20385539E-026  5.20384853E-026  5.99115758E-032  4.23963207E-033  4.47891474E-033
  6.644000E+00  5.30260093E-026  5.30259389E-026  6.13778453E-032  4.38977053E-033  4.63788742E-033
  6.679300E+00  5.41666503E-026  5.41665781E-026  6.28395060E-032  4.54121182E-033  4.79842620E-033
  6.714800E+00  5.53776873E-026  5.53776134E-026  6.42289602E-032  4.68681247E-033  4.95260967E-033
  6.750500E+00  5.81141337E-026  5.81140576E-026  6.60222015E-032  4.87113318E-033  5.14806930E-033
  6.786400E+00  6.29108565E-026  6.29107775E-026  6.84485083E-032  5.11807081E-033  5.41042214E-033
  6.822400E+00  6.80697502E-026  6.80696679E-026  7.11523401E-032  5.39673744E-033  5.70660150E-033
  6.858700E+00  7.41234201E-026  7.41233341E-026  7.42660047E-032  5.72144494E-033  6.05169303E-033
  6.895100E+00  8.22004235E-026  8.22003329E-026  7.79954437E-032  6.11284302E-033  6.46811391E-033
  6.931800E+00  9.06122627E-026  9.06121673E-026  8.19165920E-032  6.53232304E-033  6.91453058E-033
  6.968600E+00  9.74333174E-026  9.74332175E-026  8.56371536E-032  6.94089827E-033  7.34938145E-033
  7.005700E+00  1.00272595E-025  1.00272492E-025  8.86247579E-032  7.28436209E-033  7.71451406E-033
  7.042900E+00  9.82991025E-026  9.82989963E-026  9.06416047E-032  7.53413691E-033  7.97966237E-033
  7.080300E+00  9.43150982E-026  9.43149899E-026  9.23482459E-032  7.75414182E-033  8.21314414E-033
  7.118000E+00  9.12436419E-026  9.12435309E-026  9.45007056E-032  8.02428046E-033  8.49957764E-033
  7.155800E+00  9.05805329E-026  9.05804181E-026  9.75102384E-032  8.38974591E-033  8.88816046E-033
  7.193800E+00  9.27686940E-026  9.27685742E-026  1.01567316E-031  8.87630726E-033  9.40595359E-033
  7.232000E+00  9.79328683E-026  9.79327419E-026  1.06792754E-031  9.50271069E-033  1.00727592E-032
  7.270500E+00  1.05768953E-025  1.05768819E-025  1.13197625E-031  1.02751476E-032  1.08957365E-032
  7.309100E+00  1.14710145E-025  1.14710001E-025  1.20436532E-031  1.11603817E-032  1.18384569E-032
  7.348000E+00  1.23963583E-025  1.23963429E-025  1.28377657E-031  1.21480304E-032  1.28893008E-032
  7.387000E+00  1.35374050E-025  1.35373885E-025  1.37616942E-031  1.33100015E-032  1.41260398E-032
  7.426300E+00  1.49833861E-025  1.49833682E-025  1.48557480E-031  1.47011417E-032  1.56074964E-032
  7.465700E+00  1.67397944E-025  1.67397749E-025  1.61345646E-031  1.63468811E-032  1.73607369E-032
  7.505400E+00  1.88582804E-025  1.88582590E-025  1.76410446E-031  1.83101500E-032  1.94531562E-032
  7.545300E+00  2.13584668E-025  2.13584431E-025  1.93980634E-031  2.06311505E-032  2.19276160E-032
  7.585400E+00  2.42282938E-025  2.42282675E-025  2.14080878E-031  2.33265903E-032  2.48022355E-032
  7.625700E+00  2.71855935E-025  2.71855645E-025  2.35175509E-031  2.62129698E-032  2.78812118E-032
  7.666300E+00  2.96397384E-025  2.96397071E-025  2.53816032E-031  2.88505322E-032  3.06950534E-032
  7.707000E+00  3.09160351E-025  3.09160022E-025  2.65856752E-031  3.06784008E-032  3.26446880E-032
  7.748000E+00  3.09315094E-025  3.09314758E-025  2.70538701E-031  3.15639809E-032  3.35886290E-032
  7.789100E+00  3.00021010E-025  3.00020675E-025  2.69468065E-031  3.17021464E-032  3.37149063E-032
  7.830500E+00  2.83656978E-025  2.83656650E-025  2.63857745E-031  3.12174359E-032  3.31725365E-032
  7.872200E+00  2.59022501E-025  2.59022187E-025  2.52734455E-031  2.99508803E-032  3.17926433E-032
  7.914000E+00  2.28103742E-025  2.28103447E-025  2.37141670E-031  2.80178664E-032  2.96990071E-032
  7.956100E+00  1.95675797E-025  1.95675524E-025  2.20094280E-031  2.58186316E-032  2.73189236E-032
  7.998300E+00  1.66613176E-025  1.66612923E-025  2.04772443E-031  2.37993090E-032  2.51285971E-032
  8.040900E+00  1.42542062E-025  1.42541824E-025  1.92380516E-031  2.21444328E-032  2.33245790E-032
  8.083600E+00  1.24025454E-025  1.24025228E-025  1.83420407E-031  2.09404826E-032  2.20005553E-032
  8.126500E+00  1.09995819E-025  1.09995601E-025  1.77291713E-031  2.01193381E-032  2.10821397E-032
  8.169700E+00  9.98090017E-026  9.98087878E-026  1.73689498E-031  1.96471112E-032  2.05353765E-032
  8.213200E+00  9.28342013E-026  9.28339893E-026  1.72275920E-031  1.94867324E-032  2.03182736E-032
  8.256800E+00  8.87187417E-026  8.87185287E-026  1.72880489E-031  1.96220036E-032  2.04151378E-032
  8.300700E+00  8.74836453E-026  8.74834286E-026  1.75648117E-031  2.01278401E-032  2.08846964E-032
  8.344800E+00  8.92182419E-026  8.92180184E-026  1.80738185E-031  2.10087050E-032  2.17487029E-032
  8.389200E+00  9.46346734E-026  9.46344391E-026  1.88826296E-031  2.23734986E-032  2.31264026E-032
  8.433700E+00  1.04286978E-025  1.04286728E-025  2.00456689E-031  2.43246976E-032  2.51267096E-032
  8.478600E+00  1.18584989E-025  1.18584718E-025  2.16113798E-031  2.69603232E-032  2.78550899E-032
  8.523600E+00  1.35493634E-025  1.35493339E-025  2.34187608E-031  3.00451224E-032  3.10623263E-032
  8.568900E+00  1.48715919E-025  1.48715603E-025  2.49473516E-031  3.27470853E-032  3.38579837E-032
  8.614500E+00  1.48703008E-025  1.48702686E-025  2.53755123E-031  3.36942084E-032  3.47741155E-032
  8.660300E+00  1.34761665E-025  1.34761353E-025  2.46102867E-031  3.26643181E-032  3.35683098E-032
  8.706300E+00  1.14267322E-025  1.14267027E-025  2.32581081E-031  3.06071298E-032  3.12552152E-032
  8.752600E+00  9.49418961E-026  9.49416186E-026  2.19800403E-031  2.86175399E-032  2.90033736E-032
  8.799100E+00  7.95192959E-026  7.95190313E-026  2.10199778E-031  2.71210476E-032  2.72716062E-032
  8.845800E+00  6.80464591E-026  6.80462029E-026  2.03924389E-031  2.61626701E-032  2.61076204E-032
  8.892800E+00  5.94813824E-026  5.94811312E-026  2.00140426E-031  2.56737223E-032  2.54382420E-032
  8.940100E+00  5.31416286E-026  5.31413796E-026  1.98308090E-031  2.55261067E-032  2.51351714E-032
  8.987600E+00  4.83113248E-026  4.83110762E-026  1.97814154E-031  2.56160364E-032  2.50762718E-032
  9.035400E+00  4.45848800E-026  4.45846305E-026  1.98332195E-031  2.58928319E-032  2.52067119E-032
  9.083400E+00  4.16631916E-026  4.16629402E-026  1.99602881E-031  2.63147815E-032  2.54811823E-032
  9.131700E+00  3.93205730E-026  3.93203188E-026  2.01448742E-031  2.68531475E-032  2.58685053E-032
  9.180200E+00  3.74407087E-026  3.74404511E-026  2.03761081E-031  2.74927773E-032  2.63515049E-032
  9.229000E+00  3.58943964E-026  3.58941349E-026  2.06440293E-031  2.82180552E-032  2.69115882E-032
  9.278100E+00  3.46247647E-026  3.46244987E-026  2.09442652E-031  2.90222299E-032  2.75431076E-032
  9.327400E+00  3.35719190E-026  3.35716482E-026  2.12712486E-031  2.98976837E-032  2.82352663E-032
  9.376900E+00  3.26974586E-026  3.26971826E-026  2.16208265E-031  3.08397440E-032  2.89834359E-032
  9.426800E+00  3.19708120E-026  3.19705304E-026  2.19935327E-031  3.18507329E-032  2.97877706E-032
  9.476900E+00  3.13668736E-026  3.13665862E-026  2.23847016E-031  3.29235713E-032  3.06417494E-032
  9.527200E+00  3.08751314E-026  3.08748379E-026  2.27945504E-031  3.40522443E-032  3.15450213E-032
  9.577900E+00  3.04740900E-026  3.04737901E-026  2.32226647E-031  3.51248181E-032  3.25304641E-032
  9.628800E+00  3.01587736E-026  3.01584671E-026  2.36668830E-031  3.62417126E-032  3.35749062E-032
  9.680000E+00  2.99199092E-026  2.99195959E-026  2.41277993E-031  3.74027552E-032  3.46738463E-032
  9.731400E+00  2.97510835E-026  2.97507630E-026  2.46040665E-031  3.86056067E-032  3.58258541E-032
  9.783100E+00  2.96512958E-026  2.96509680E-026  2.50967208E-031  3.98529159E-032  3.70347331E-032
  9.835100E+00  2.96141738E-026  2.96138383E-026  2.56057177E-031  4.11437719E-032  3.83010200E-032
  9.887400E+00  2.96428438E-026  2.96425004E-026  2.61312845E-031  4.24782694E-032  3.96278397E-032
  9.939900E+00  2.97357585E-026  2.97354073E-026  2.66728911E-031  4.35623738E-032  4.09593420E-032
  9.992800E+00  2.98959846E-026  2.98956254E-026  2.72323775E-031  4.45764604E-032  4.22674815E-032
  1.004600E+01  3.01276059E-026  3.01272385E-026  2.78098100E-031  4.56188987E-032  4.36305738E-032
  1.009900E+01  3.04310218E-026  3.04306461E-026  2.84003562E-031  4.66820406E-032  4.50368521E-032
  1.015300E+01  3.08260430E-026  3.08256585E-026  2.90186738E-031  4.77919769E-032  4.65222788E-032
  1.020700E+01  3.13122175E-026  3.13118239E-026  2.96543429E-031  4.89326512E-032  4.80628638E-032
  1.026100E+01  3.19042991E-026  3.19038962E-026  3.03090723E-031  5.01068729E-032  4.96635795E-032
  1.031600E+01  3.26321984E-026  3.26317857E-026  3.09968195E-031  5.13325614E-032  5.13600441E-032
  1.037100E+01  3.35051143E-026  3.35046917E-026  3.17074427E-031  5.25287069E-032  5.29832093E-032
  1.042600E+01  3.45594165E-026  3.45589837E-026  3.24450400E-031  5.37794131E-032  5.46185196E-032
  1.048100E+01  3.58222462E-026  3.58218026E-026  3.32121750E-031  5.50909823E-032  5.63325442E-032
  1.053700E+01  3.73893209E-026  3.73888659E-026  3.40301817E-031  5.65053821E-032  5.81768966E-032
  1.059300E+01  3.92998570E-026  3.92993899E-026  3.48911155E-031  5.79933173E-032  6.01388826E-032
  1.064900E+01  4.16596282E-026  4.16591486E-026  3.58056920E-031  5.95035939E-032  6.20214306E-032
  1.070600E+01  4.46747546E-026  4.46742612E-026  3.68052416E-031  6.12029185E-032  6.41027201E-032
  1.076300E+01  4.84935231E-026  4.84930146E-026  3.78936304E-031  6.31121865E-032  6.64226055E-032
  1.082000E+01  5.34976503E-026  5.34971249E-026  3.91066915E-031  6.53284381E-032  6.90852348E-032
  1.087700E+01  6.00938773E-026  6.00933323E-026  4.04840319E-031  6.79606246E-032  7.22061010E-032
  1.093500E+01  6.93364037E-026  6.93358349E-026  4.21408312E-031  7.12939693E-032  7.61063279E-032
  1.099300E+01  8.24254351E-026  8.24248366E-026  4.41798627E-031  7.56272324E-032  8.11027425E-032
  1.105200E+01  1.02006863E-025  1.02006225E-025  4.68713896E-031  8.16734373E-032  8.79719137E-032
  1.111000E+01  1.31206010E-025  1.31205317E-025  5.04911910E-031  9.02349695E-032  9.75811068E-032
  1.116900E+01  1.72150922E-025  1.72150156E-025  5.52969103E-031  1.02037142E-031  1.10728187E-031
  1.122900E+01  2.08253478E-025  2.08252645E-025  5.97503442E-031  1.13077026E-031  1.23054959E-031
  1.128800E+01  2.10755799E-025  2.10754946E-025  6.10333895E-031  1.15839329E-031  1.26217525E-031
  1.134800E+01  1.92991827E-025  1.92990987E-025  6.03639694E-031  1.13300831E-031  1.23399649E-031
  1.140900E+01  1.71618445E-025  1.71617623E-025  5.93199362E-031  1.09611413E-031  1.19331893E-031
  1.146900E+01  1.49134052E-025  1.49133251E-025  5.81070660E-031  1.05342337E-031  1.14636246E-031
  1.153000E+01  1.27165636E-025  1.27164856E-025  5.69285272E-031  1.01015779E-031  1.09874318E-031
  1.159200E+01  1.08286930E-025  1.08286167E-025  5.60558626E-031  9.73864490E-032  1.05872457E-031
  1.165300E+01  9.40961159E-026  9.40953615E-026  5.56347239E-031  9.49290238E-032  1.03142726E-031
  1.171500E+01  8.35862344E-026  8.35854834E-026  5.56071875E-031  9.34659261E-032  1.01491090E-031
  1.177700E+01  7.63185235E-026  7.63177706E-026  5.59195193E-031  9.28918471E-032  1.00809647E-031
  1.184000E+01  7.15406910E-026  7.15399318E-026  5.65197520E-031  9.30504543E-032  1.00920071E-031
  1.190300E+01  6.87813601E-026  6.87805912E-026  5.73455625E-031  9.38047026E-032  1.01678648E-031
  1.196600E+01  6.77943330E-026  6.77935511E-026  5.83768510E-031  9.51069713E-032  1.03034386E-031
  1.203000E+01  6.82933890E-026  6.82925910E-026  5.96092262E-031  9.69206827E-032  1.04944689E-031
  1.209400E+01  7.02819482E-026  7.02811313E-026  6.10272834E-031  9.92479282E-032  1.07413101E-031
  1.215800E+01  7.37433790E-026  7.37425401E-026  6.26361268E-031  1.02108032E-031  1.10462986E-031
  1.222300E+01  7.88055702E-026  7.88047056E-026  6.44750559E-031  1.05600985E-031  1.14200075E-031
  1.228800E+01  8.55289604E-026  8.55280666E-026  6.65398874E-031  1.09750252E-031  1.18653526E-031
  1.235300E+01  9.37590095E-026  9.37580830E-026  6.88140206E-031  1.14531242E-031  1.23795821E-031
  1.241900E+01  1.03341236E-025  1.03340272E-025  7.13049395E-031  1.20461162E-031  1.29900028E-031
  1.248500E+01  1.13161633E-025  1.13160631E-025  7.38614474E-031  1.26916249E-031  1.36870850E-031
  1.255100E+01  1.21641035E-025  1.21639996E-025  7.62879973E-031  1.33022489E-031  1.43458501E-031
  1.261800E+01  1.26795085E-025  1.26794015E-025  7.83519821E-031  1.38021239E-031  1.48837883E-031
  1.268500E+01  1.27116648E-025  1.27115556E-025  7.98305906E-031  1.41196691E-031  1.52226496E-031
  1.275200E+01  1.22232290E-025  1.22231188E-025  8.06573998E-031  1.42292704E-031  1.53347504E-031
  1.282000E+01  1.13642118E-025  1.13641013E-025  8.10343568E-031  1.41873526E-031  1.52810445E-031
  1.288800E+01  1.03256338E-025  1.03255235E-025  8.11753896E-031  1.40622359E-031  1.51358936E-031
  1.295600E+01  9.28091685E-026  9.28080664E-026  8.13059737E-031  1.39247123E-031  1.49768554E-031
  1.302500E+01  8.31194921E-026  8.31183899E-026  8.15578124E-031  1.38150790E-031  1.48474106E-031
  1.309500E+01  7.46609235E-026  7.46598182E-026  8.19993875E-031  1.37563523E-031  1.47728504E-031
  1.316400E+01  6.76494511E-026  6.76483398E-026  8.26172592E-031  1.37515224E-031  1.47565790E-031
  1.323400E+01  6.18131284E-026  6.18120082E-026  8.34247170E-031  1.38004258E-031  1.47981218E-031
  1.330400E+01  5.69991871E-026  5.69980555E-026  8.43835701E-031  1.38935686E-031  1.48875447E-031
  1.337500E+01  5.30004459E-026  5.29993005E-026  8.54897806E-031  1.40284559E-031  1.50216546E-031
  1.344600E+01  4.97096547E-026  4.97084937E-026  8.67088524E-031  1.41965119E-031  1.51915105E-031
  1.351800E+01  4.69430350E-026  4.69418567E-026  8.80422152E-031  1.43957384E-031  1.53943613E-031
  1.359000E+01  4.46537930E-026  4.46525960E-026  8.94597516E-031  1.46199884E-031  1.56240400E-031
  1.366200E+01  4.27288216E-026  4.27276047E-026  9.09486789E-031  1.48647997E-031  1.58759003E-031
  1.373400E+01  4.11119557E-026  4.11107179E-026  9.25030861E-031  1.51283747E-031  1.61471425E-031
  1.380700E+01  3.97195841E-026  3.97183238E-026  9.41334435E-031  1.54354092E-031  1.64617796E-031
  1.388100E+01  3.85173264E-026  3.85160419E-026  9.58409015E-031  1.57732153E-031  1.68283503E-031
  1.395500E+01  3.74910941E-026  3.74897848E-026  9.75981564E-031  1.61266349E-031  1.72126183E-031
  1.402900E+01  3.68571044E-026  3.68557685E-026  9.94493053E-031  1.65103365E-031  1.76300441E-031
  1.410300E+01  3.66541715E-026  3.66528073E-026  1.01407311E-030  1.69288796E-031  1.80852517E-031
  1.417800E+01  3.64462719E-026  3.64448786E-026  1.03416326E-030  1.73612529E-031  1.85560903E-031
  1.425400E+01  3.62332773E-026  3.62318540E-026  1.05477038E-030  1.78077131E-031  1.90423173E-031
  1.432900E+01  3.60211890E-026  3.60197357E-026  1.07539317E-030  1.82567468E-031  1.95312971E-031
  1.440500E+01  3.58031544E-026  3.58016703E-026  1.09653238E-030  1.87204587E-031  2.00364061E-031
  1.448200E+01  3.55792329E-026  3.55777171E-026  1.11821919E-030  1.91991568E-031  2.05585051E-031
  1.455900E+01  3.53537504E-026  3.53522025E-026  1.14017440E-030  1.96870767E-031  2.10904682E-031
  1.463600E+01  3.51250198E-026  3.51234392E-026  1.16241601E-030  2.01843080E-031  2.16328655E-031
  1.471400E+01  3.48903612E-026  3.48887471E-026  1.18519888E-030  2.06976833E-031  2.21928059E-031
  1.479200E+01  3.46530283E-026  3.46513801E-026  1.20829815E-030  2.12205744E-031  2.27636964E-031
  1.487100E+01  3.44101012E-026  3.44084181E-026  1.23196969E-030  2.17605113E-031  2.33534884E-031
  1.495000E+01  3.41633136E-026  3.41615950E-026  1.25591822E-030  2.23109440E-031  2.39547205E-031
  1.502900E+01  3.39143537E-026  3.39125991E-026  1.28018223E-030  2.28713754E-031  2.45673143E-031
  1.510900E+01  3.36589348E-026  3.36571432E-026  1.30503659E-030  2.34497822E-031  2.51996026E-031
  1.519000E+01  3.33967578E-026  3.33949282E-026  1.33055134E-030  2.40470501E-031  2.58523572E-031
  1.527000E+01  3.31340512E-026  3.31321836E-026  1.35602371E-030  2.46477478E-031  2.65098802E-031
  1.535200E+01  3.28623951E-026  3.28604880E-026  1.38244098E-030  2.52753551E-031  2.71968283E-031
  1.543300E+01  3.25908195E-026  3.25888727E-026  1.40888876E-030  2.59068598E-031  2.78883984E-031
  1.551500E+01  3.23115492E-026  3.23095608E-026  1.43598514E-030  2.66263232E-031  2.86144966E-031
  1.559800E+01  3.20253519E-026  3.20233194E-026  1.46371879E-030  2.74656276E-031  2.94121167E-031
  1.568100E+01  3.17358304E-026  3.17337531E-026  1.49180033E-030  2.83268649E-031  3.02282673E-031
  1.576400E+01  3.14423232E-026  3.14402002E-026  1.52022786E-030  2.92115705E-031  3.10629932E-031
  1.584800E+01  3.11419491E-026  3.11397791E-026  1.54932924E-030  3.01315277E-031  3.19281609E-031
  1.593200E+01  3.08382989E-026  3.08360812E-026  1.57879058E-030  3.10760674E-031  3.28127638E-031
  1.601700E+01  3.05260866E-026  3.05238198E-026  1.60896853E-030  3.20585111E-031  3.37294589E-031
  1.610200E+01  3.04539729E-026  3.04516542E-026  1.64057485E-030  3.31012751E-031  3.47042104E-031
  1.618700E+01  3.04948948E-026  3.04925226E-026  1.67307559E-030  3.41903189E-031  3.57202266E-031
  1.627300E+01  3.05334614E-026  3.05310340E-026  1.70638219E-030  3.53233367E-031  3.67734525E-031
  1.636000E+01  3.05703703E-026  3.05678862E-026  1.74049805E-030  3.65019893E-031  3.78653187E-031
  1.644700E+01  3.06044964E-026  3.06019543E-026  1.77507578E-030  3.77156864E-031  3.89850171E-031
  1.653400E+01  3.06359587E-026  3.06333577E-026  1.81006959E-030  3.89645648E-031  4.01315451E-031
  1.662200E+01  3.06652651E-026  3.06626034E-026  1.84592099E-030  4.02656922E-031  4.13210925E-031
  1.671000E+01  3.06917989E-026  3.06890752E-026  1.88223568E-030  4.16052352E-031  4.25409763E-031
  1.679900E+01  3.07159576E-026  3.07131702E-026  1.91940910E-030  4.30010075E-031  4.38056200E-031
  1.688800E+01  3.07372687E-026  3.07344162E-026  1.95705422E-030  4.44390902E-031  4.51020920E-031
  1.697800E+01  3.07562229E-026  3.07533035E-026  1.99560530E-030  4.59375066E-031  4.64478763E-031
  1.706800E+01  3.07724013E-026  3.07694136E-026  2.03466197E-030  4.74828465E-031  4.78279847E-031
  1.715900E+01  3.07857236E-026  3.07826654E-026  2.07461735E-030  4.90940183E-031  4.92597379E-031
  1.725000E+01  3.07962822E-026  3.07931522E-026  2.11509511E-030  5.07568711E-031  5.07293550E-031
  1.734200E+01  3.08040390E-026  3.08008350E-026  2.15651342E-030  5.24916878E-031  5.22546547E-031
  1.743400E+01  3.08092135E-026  3.08059340E-026  2.19846434E-030  5.42828940E-031  5.38201224E-031
  1.752700E+01  3.08113156E-026  3.08079582E-026  2.24138629E-030  5.61528398E-031  5.54458549E-031
  1.762000E+01  3.08103216E-026  3.08068847E-026  2.28485894E-030  5.80842153E-031  5.71153995E-031
  1.771400E+01  3.08064821E-026  3.08029652E-026  2.32936763E-030  5.99065451E-031  5.88441736E-031
  1.780800E+01  3.07995825E-026  3.07959882E-026  2.37440406E-030  6.15714771E-031  6.04194355E-031
  1.790200E+01  3.07896852E-026  3.07860121E-026  2.41998661E-030  6.32754343E-031  6.20323936E-031
  1.799800E+01  3.07766174E-026  3.07728625E-026  2.46712651E-030  6.50559813E-031  6.37187989E-031
  1.809300E+01  3.07605475E-026  3.07567103E-026  2.51435180E-030  6.68602635E-031  6.54241636E-031
  1.818900E+01  3.07410661E-026  3.07371443E-026  2.56268491E-030  6.87270589E-031  6.71891844E-031
  1.828600E+01  3.07185872E-026  3.07145783E-026  2.61211086E-030  7.06568386E-031  6.90150005E-031
  1.838300E+01  3.06928462E-026  3.06887488E-026  2.66220912E-030  7.26348729E-031  7.08849949E-031
  1.848100E+01  3.07492400E-026  3.07450492E-026  2.71486018E-030  7.47256756E-031  7.28665631E-031
  1.857900E+01  3.08066265E-026  3.08023405E-026  2.76831837E-030  7.68697210E-031  7.49005550E-031
  1.867800E+01  3.08620855E-026  3.08577016E-026  2.82299224E-030  7.90894511E-031  7.70044227E-031
  1.877700E+01  3.09149304E-026  3.09104467E-026  2.87837278E-030  8.13650371E-031  7.91636216E-031
  1.887700E+01  3.09658321E-026  3.09612458E-026  2.93509322E-030  8.37220203E-031  8.13979256E-031
  1.897700E+01  3.10139840E-026  3.10092933E-026  2.99248187E-030  8.61380619E-031  8.36899108E-031
  1.907800E+01  3.10598664E-026  3.10550681E-026  3.05123623E-030  8.86406751E-031  8.60646089E-031
  1.918000E+01  3.11034564E-026  3.10985474E-026  3.11134356E-030  9.12320506E-031  8.85251945E-031
  1.928100E+01  3.11441848E-026  3.11391643E-026  3.17161428E-030  9.38647459E-031  9.10247244E-031
  1.938400E+01  3.11829682E-026  3.11778317E-026  3.23387658E-030  9.66181258E-031  9.36424360E-031
  1.948700E+01  3.12192358E-026  3.12139812E-026  3.29693766E-030  9.94435493E-031  9.63282938E-031
  1.959100E+01  3.12526451E-026  3.12472687E-026  3.36149439E-030  1.02372103E-030  9.91138288E-031
  1.969500E+01  3.12835998E-026  3.12780993E-026  3.42689903E-030  1.05378585E-030  1.01974962E-030
  1.979900E+01  3.13119860E-026  3.13063592E-026  3.49303992E-030  1.08462614E-030  1.04914543E-030
  1.990500E+01  3.13378171E-026  3.13320589E-026  3.56138378E-030  1.11691832E-030  1.07992325E-030
  2.001000E+01  3.13608426E-026  3.13549516E-026  3.63005766E-030  1.14974483E-030  1.11126116E-030
  2.011700E+01  3.13814721E-026  3.13754430E-026  3.70086868E-030  1.18412692E-030  1.14410829E-030
  2.022400E+01  3.13992171E-026  3.13930473E-026  3.77257288E-030  1.21943125E-030  1.17787459E-030
  2.033100E+01  3.14144568E-026  3.14081432E-026  3.84529462E-030  1.25568424E-030  1.21261983E-030
  2.043900E+01  3.14268822E-026  3.14204206E-026  3.91964752E-030  1.29329421E-030  1.24868612E-030
  2.054800E+01  3.14364294E-026  3.14298153E-026  3.99565671E-030  1.33231406E-030  1.28615437E-030
  2.065700E+01  3.14431832E-026  3.14364144E-026  4.07262184E-030  1.37137221E-030  1.32474016E-030
  2.076700E+01  3.14474605E-026  3.14405375E-026  4.15133404E-030  1.40994629E-030  1.36166678E-030
  2.087700E+01  3.14487912E-026  3.14417112E-026  4.23116498E-030  1.44955146E-030  1.39932751E-030
  2.098800E+01  3.14473597E-026  3.14401181E-026  4.31268998E-030  1.49060489E-030  1.43835658E-030
  2.110000E+01  3.14563535E-026  3.14489447E-026  4.39659496E-030  1.53332987E-030  1.47894853E-030
  2.121200E+01  3.15039932E-026  3.14964110E-026  4.48324011E-030  1.57777624E-030  1.52123480E-030
  2.132400E+01  3.15488058E-026  3.15410466E-026  4.57111636E-030  1.62343775E-030  1.56465883E-030
  2.143800E+01  3.15922023E-026  3.15842592E-026  4.66171645E-030  1.67127778E-030  1.61010460E-030
  2.155200E+01  3.16331935E-026  3.16250626E-026  4.75368731E-030  1.72046536E-030  1.65679239E-030
  2.166600E+01  3.16713517E-026  3.16630289E-026  4.84688413E-030  1.77107745E-030  1.70482085E-030
  2.178100E+01  3.17076923E-026  3.16991717E-026  4.94226833E-030  1.82367745E-030  1.75461223E-030
  2.189700E+01  3.17413810E-026  3.17326568E-026  5.03965846E-030  1.87824213E-030  1.80630458E-030
  2.201400E+01  3.17730188E-026  3.17640845E-026  5.13942500E-030  1.93491490E-030  1.85996875E-030
  2.213100E+01  3.18024769E-026  3.17933278E-026  5.24057634E-030  1.99332688E-030  1.91518654E-030
  2.224800E+01  3.18288842E-026  3.18195155E-026  5.34318211E-030  2.05348315E-030  1.97202855E-030
  2.236600E+01  3.18533388E-026  3.18437436E-026  5.44810827E-030  2.11600353E-030  2.03102392E-030
  2.248500E+01  3.18754079E-026  3.18655790E-026  5.55559136E-030  2.18095193E-030  2.09234402E-030
  2.260500E+01  3.18951578E-026  3.18850880E-026  5.66528260E-030  2.24855285E-030  2.15601078E-030
  2.272500E+01  3.19123872E-026  3.19020705E-026  5.77679185E-030  2.31825398E-030  2.22164242E-030
  2.284600E+01  3.19269704E-026  3.19163989E-026  5.89081040E-030  2.39078968E-030  2.28982137E-030
  2.296700E+01  3.19394472E-026  3.19286148E-026  6.00661704E-030  2.46561524E-030  2.36018760E-030
  2.308900E+01  3.19493972E-026  3.19382955E-026  6.12489142E-030  2.54347499E-030  2.43331300E-030
  2.321200E+01  3.19566383E-026  3.19452584E-026  6.24601133E-030  2.62455749E-030  2.50936543E-030
  2.333500E+01  3.19614166E-026  3.19497516E-026  6.36887958E-030  2.70827459E-030  2.58781986E-030
  2.345900E+01  3.19638930E-026  3.19519331E-026  6.49485663E-030  2.79553330E-030  2.66947247E-030
  2.358400E+01  3.19639809E-026  3.19517166E-026  6.62347786E-030  2.88636219E-030  2.75446781E-030
  2.370900E+01  3.19611734E-026  3.19485966E-026  6.75421362E-030  2.98036447E-030  2.84223281E-030
  2.383500E+01  3.19561334E-026  3.19432334E-026  6.88807672E-030  3.07826023E-030  2.93364121E-030
  2.396200E+01  3.19485353E-026  3.19353010E-026  7.02511137E-030  3.18039491E-030  3.02884530E-030
  2.408900E+01  3.19382857E-026  3.19247082E-026  7.16419930E-030  3.28610624E-030  3.12724309E-030
  2.421700E+01  3.19483552E-026  3.19344196E-026  7.30817293E-030  3.39694684E-030  3.23044367E-030
  2.434600E+01  3.19770809E-026  3.19627717E-026  7.45735243E-030  3.51319221E-030  3.33859859E-030
  2.447600E+01  3.20034710E-026  3.19887750E-026  7.60999845E-030  3.63457405E-030  3.45144685E-030
  2.460600E+01  3.20277690E-026  3.20126748E-026  7.76533576E-030  3.76043629E-030  3.56835515E-030
  2.473600E+01  3.20494048E-026  3.20339016E-026  7.92303918E-030  3.89089918E-030  3.68928949E-030
  2.486800E+01  3.20694271E-026  3.20534992E-026  8.08633877E-030  4.02612199E-030  3.81543599E-030
  2.500000E+01  3.20871786E-026  3.20708151E-026  8.25220363E-030  4.16594770E-030  3.94532641E-030
  2.659600E+01  3.21346512E-026  3.21118527E-026  1.05108601E-029  6.34228285E-030  5.94539904E-030
  2.829500E+01  3.20419158E-026  3.20088678E-026  1.35934290E-029  1.01154852E-029  9.33912357E-030
  3.010100E+01  3.19659350E-026  3.19154868E-026  1.80439079E-029  1.70177640E-029  1.53865309E-029
  3.202300E+01  3.17062831E-026  3.16244731E-026  2.48508150E-029  3.03571083E-029  2.66020155E-029
  3.406800E+01  3.15641404E-026  3.14229095E-026  3.60196356E-029  5.71009432E-029  4.81103048E-029
  3.624300E+01  3.12696464E-026  3.10143925E-026  5.50691558E-029  1.10531305E-028  8.96533618E-029
  3.855700E+01  3.12079965E-026  3.07345335E-026  8.86068513E-029  2.15522865E-028  1.69333303E-028
  4.101900E+01  3.11952219E-026  3.03151235E-026  1.47385559E-028  4.14619831E-028  3.18093091E-028
  4.363800E+01  3.15878397E-026  2.99759237E-026  2.49095602E-028  7.71670830E-028  5.91149574E-028
  4.642500E+01  3.24708426E-026  2.96022699E-026  4.19824600E-028  1.38052699E-027  1.06822111E-027
  4.938900E+01  3.41954544E-026  2.92785377E-026  6.96564321E-028  2.36046371E-027  1.85988867E-027
  5.254300E+01  3.70814938E-026  2.90028686E-026  1.12783206E-027  3.84522438E-027  3.10556879E-027
  5.589800E+01  4.14364578E-026  2.87510030E-026  1.77184692E-027  5.95638417E-027  4.95722369E-027
  5.946700E+01  4.76145002E-026  2.85972800E-026  2.69525640E-027  8.76872704E-027  7.55323676E-027
  6.326400E+01  5.60741374E-026  2.84296944E-026  3.96073025E-027  1.26500134E-026  1.10336993E-026
  6.730300E+01  6.76848782E-026  2.83694260E-026  5.63034498E-027  1.81388836E-026  1.55462236E-026
  7.160100E+01  8.16604128E-026  2.82447363E-026  7.73263623E-027  2.45969710E-026  2.10860693E-026
  7.617300E+01  9.80030146E-026  2.81792873E-026  1.02885621E-026  3.19460503E-026  2.75891149E-026
  8.103600E+01  1.16228070E-025  2.80058768E-026  1.32518885E-026  4.01812941E-026  3.47890109E-026
  8.621100E+01  1.36360766E-025  2.77848850E-026  1.65683263E-026  4.91955978E-026  4.28119571E-026
  9.171500E+01  1.56199734E-025  2.74228424E-026  2.01124173E-026  5.79082827E-026  5.07561921E-026
  9.757200E+01  1.74991706E-025  2.69232039E-026  2.37506809E-026  6.59866581E-026  5.83311634E-026
  1.038000E+02  1.92757902E-025  2.62611271E-026  2.73147244E-026  7.36024652E-026  6.55795850E-026
  1.104300E+02  2.09022789E-025  2.54088618E-026  3.06290375E-026  8.04567310E-026  7.25281586E-026
  1.174800E+02  2.20862379E-025  2.44036401E-026  3.35484497E-026  8.52506829E-026  7.76596061E-026
  1.249800E+02  2.27127236E-025  2.32050072E-026  3.59042365E-026  8.74198312E-026  8.05981610E-026
  1.329600E+02  2.27473496E-025  2.18977332E-026  3.76422724E-026  8.68552938E-026  8.10781970E-026
  1.414500E+02  2.22061922E-025  2.04390048E-026  3.86445916E-026  8.40172187E-026  7.89611073E-026
  1.504800E+02  2.12611532E-025  1.89303437E-026  3.89581348E-026  7.96255600E-026  7.50974936E-026
  1.600900E+02  2.04670564E-025  1.73468612E-026  3.85509794E-026  7.66393980E-026  7.21333254E-026
  1.703100E+02  1.92029741E-025  1.57638371E-026  3.75269023E-026  7.07067867E-026  6.80322147E-026
  1.811900E+02  1.78476043E-025  1.41875000E-026  3.59431076E-026  6.57710378E-026  6.25743976E-026
  1.927600E+02  1.61260440E-025  1.26607762E-026  3.39233900E-026  5.83476969E-026  5.63285772E-026
  2.050700E+02  1.44921597E-025  1.12045140E-026  3.15762337E-026  5.19604776E-026  5.01803722E-026
  2.181600E+02  1.31017815E-025  9.83178069E-027  2.90056107E-026  4.72019011E-026  4.49785230E-026
  2.320900E+02  1.15768981E-025  8.56566121E-027  2.63306000E-026  4.12660031E-026  3.96067171E-026
  2.469100E+02  1.00550572E-025  7.39990583E-027  2.36196761E-026  3.52877187E-026  3.42432713E-026
  2.626800E+02  8.52671389E-026  6.35598229E-027  2.09793434E-026  2.88480430E-026  2.90837702E-026
  2.794500E+02  7.26273104E-026  5.41592731E-027  1.84390643E-026  2.45445588E-026  2.42277600E-026
  2.972900E+02  5.98874694E-026  4.59140218E-027  1.60697990E-026  1.94173183E-026  1.98089500E-026
  3.162700E+02  4.98023779E-026  3.86489383E-027  1.38780039E-026  1.59048827E-026  1.61545975E-026
  3.364700E+02  4.13902483E-026  3.23738076E-027  1.18955403E-026  1.30038777E-026  1.32534496E-026
  3.579500E+02  3.39929858E-026  2.69636109E-027  1.01201112E-026  1.04706247E-026  1.07058889E-026
  3.808100E+02  2.78503636E-026  2.23477142E-027  8.55208749E-027  8.42423759E-027  8.63926708E-027
  4.051200E+02  2.27089986E-026  1.84389390E-027  7.18299366E-027  6.74532538E-027  6.93678562E-027
  4.309900E+02  1.83461812E-026  1.51380727E-027  5.99622544E-027  5.33523855E-027  5.50090991E-027
  4.585100E+02  1.47791713E-026  1.23836069E-027  4.98013327E-027  4.20977659E-027  4.35090078E-027
  4.877900E+02  1.18718045E-026  1.00805611E-027  4.11348034E-027  3.31573966E-027  3.43452844E-027
  5.189300E+02  9.46944088E-027  8.18429958E-028  3.38447584E-027  2.58428253E-027  2.68225255E-027
  5.520700E+02  7.53961920E-027  6.62644264E-028  2.77316394E-027  2.01168903E-027  2.09212197E-027
  5.873200E+02  5.98284210E-027  5.34758114E-028  2.26328579E-027  1.55970606E-027  1.62509213E-027
  6.248200E+02  4.73276794E-027  4.30221530E-028  1.84036526E-027  1.20475488E-027  1.25742627E-027
  6.647100E+02  3.73341119E-027  3.45122270E-028  1.49140421E-027  9.27392070E-028  9.69492638E-028
  7.071600E+02  2.93727066E-027  2.76083077E-028  1.20469290E-027  7.11541335E-028  7.44953350E-028
  7.523100E+02  2.30564785E-027  2.20304717E-028  9.70308325E-028  5.44339039E-028  5.70695772E-028
  8.003500E+02  1.80594531E-027  1.75370319E-028  7.79370920E-028  4.15267676E-028  4.35936392E-028
  8.514500E+02  1.41188549E-027  1.39294526E-028  6.24449328E-028  3.16008681E-028  3.32132951E-028
  9.058200E+02  1.10185380E-027  1.10404572E-028  4.99136706E-028  2.39894027E-028  2.52418492E-028
  9.636600E+02  8.58563383E-028  8.73378128E-029  3.98107715E-028  1.81714932E-028  1.91402923E-028
  1.025200E+03  6.68026278E-028  6.89615744E-029  3.16878944E-028  1.37360809E-028  1.44824950E-028
  1.090600E+03  5.19248161E-028  5.43716878E-029  2.51810388E-028  1.03666924E-028  1.09399162E-028
  1.160300E+03  4.02965232E-028  4.27824817E-029  1.99673680E-028  7.80610513E-029  8.24480194E-029
  1.234400E+03  3.12458377E-028  3.36188350E-029  1.58100971E-028  5.86949898E-029  6.20435814E-029
  1.313200E+03  2.42082414E-028  2.63837230E-029  1.25006294E-028  4.40715075E-029  4.66208899E-029
  1.397000E+03  1.87421720E-028  2.06802267E-029  9.87095642E-029  3.30479312E-029  3.49839976E-029
  1.486200E+03  1.44976016E-028  1.61878577E-029  7.78315978E-029  2.47448230E-029  2.62117372E-029
  1.581100E+03  1.12070997E-028  1.26569285E-029  6.12949830E-029  1.85050411E-029  1.96140440E-029
  1.682100E+03  8.65770982E-029  9.88454571E-030  4.82131455E-029  1.38213083E-029  1.46580987E-029
  1.789500E+03  6.68566697E-029  7.71269672E-030  3.78867972E-029  1.03133564E-029  1.09438195E-029
  1.903800E+03  5.16011738E-029  6.01191189E-030  2.97404825E-029  7.68732698E-030  8.16145241E-030
  2.025300E+03  3.98198549E-029  4.68301648E-030  2.33287462E-029  5.72603447E-030  6.08205781E-030
  2.154600E+03  3.07158940E-029  3.64460324E-030  1.82823576E-029  4.26097892E-030  4.52795416E-030
  2.292200E+03  2.36848136E-029  2.83406852E-030  1.43149430E-029  3.16791712E-030  3.36788501E-030
  2.438600E+03  1.82583794E-029  2.20219592E-030  1.11998214E-029  2.35340032E-030  2.50296174E-030
  2.594300E+03  1.40737082E-029  1.71020097E-030  8.75724582E-030  1.74724674E-030  1.85901463E-030
  2.759900E+03  1.08470553E-029  1.32738013E-030  6.84331123E-030  1.29647053E-030  1.37989345E-030
  2.936200E+03  8.35753338E-030  1.02947601E-030  5.34348001E-030  9.61181598E-031  1.02339577E-030
  3.123600E+03  6.44017838E-030  7.98157023E-031  4.17089993E-030  7.12380561E-031  7.58740872E-031
  3.323100E+03  4.96139997E-030  6.18399098E-031  3.25331734E-030  5.27586841E-031  5.62096685E-031
  3.535300E+03  3.82217417E-030  4.78921881E-031  2.53647169E-030  3.90555881E-031  4.16224722E-031
  3.761000E+03  2.94461452E-030  3.70760313E-031  1.97677554E-030  2.88999454E-031  3.08079208E-031
  4.001200E+03  2.26828538E-030  2.86881439E-031  1.53976712E-030  2.13732549E-031  2.27904271E-031
  4.256600E+03  1.74754744E-030  2.21921796E-031  1.19904611E-030  1.58028678E-031  1.68550853E-031
  4.528400E+03  1.34625227E-030  1.71592589E-031  9.33284350E-031  1.16784112E-031  1.24591219E-031
  4.817600E+03  1.03709745E-030  1.32629920E-031  7.26139295E-031  8.62700930E-032  9.20581370E-032
  5.125200E+03  7.99013101E-031  1.02486305E-031  5.64813396E-031  6.37118826E-032  6.80015171E-032
  5.452400E+03  6.15641461E-031  7.91724276E-032  4.39214345E-031  4.70383832E-032  5.02163051E-032
  5.800600E+03  4.74336853E-031  6.11408589E-032  3.41413081E-031  3.47149566E-032  3.70679565E-032
  6.171000E+03  3.65499328E-031  4.72047742E-032  2.65325528E-031  2.56136818E-032  2.73553432E-032
  6.565000E+03  2.81663888E-031  3.64377255E-032  2.06148829E-031  1.88944618E-032  2.01828719E-032
  6.984200E+03  2.17070200E-031  2.81193326E-032  1.60129958E-031  1.39338956E-032  1.48870139E-032
  7.430100E+03  1.67309314E-031  2.16962372E-032  1.24360748E-031  1.02738301E-032  1.09784982E-032
  7.904600E+03  1.28955336E-031  1.67355609E-032  9.65530276E-032  7.57301687E-033  8.09373104E-033
  8.409300E+03  9.94095007E-032  1.29076522E-032  7.49543815E-032  5.58134193E-033  5.96612508E-033
  8.946200E+03  7.66402435E-032  9.95367651E-033  5.81768560E-032  4.11274228E-033  4.39696866E-033
  9.517400E+03  5.90898790E-032  7.67430217E-033  4.51456658E-032  3.03000572E-033  3.23990532E-033
  1.012500E+04  4.55649680E-032  5.91626774E-033  3.50296660E-032  2.23203141E-033  2.38700288E-033
  1.077200E+04  3.51305420E-032  4.55922330E-033  2.71699749E-032  1.64348683E-033  1.75785691E-033
  1.145900E+04  2.71013846E-032  3.51474415E-033  2.10808950E-032  1.21065648E-033  1.29508895E-033
  1.219100E+04  2.09007493E-032  2.70806061E-033  1.63478596E-032  8.91268359E-034  9.53560743E-034
  1.297000E+04  1.61189876E-032  2.08613523E-033  1.26749240E-032  6.55992784E-034  7.01935549E-034
  1.379800E+04  1.24353668E-032  1.60726221E-033  9.82840916E-033  4.82904534E-034  5.16790896E-034
  1.467900E+04  9.59400397E-033  1.23813574E-033  7.62002321E-033  3.55429213E-034  3.80415815E-034
  1.561600E+04  7.40304272E-033  9.53749399E-034  5.90767570E-033  2.61594776E-034  2.80022845E-034
  1.661300E+04  5.71269247E-033  7.34588867E-034  4.57950753E-033  1.92505156E-034  2.06090918E-034
  1.767400E+04  4.40833791E-033  5.65702763E-034  3.54935064E-033  1.41635219E-034  1.51649290E-034
  1.880200E+04  3.40263940E-033  4.35682620E-034  2.75113502E-033  1.04219526E-034  1.11602232E-034
  2.000300E+04  2.62605938E-033  3.35448184E-034  2.13184521E-033  7.66630892E-035  8.21029032E-035
  2.128000E+04  2.02716690E-033  2.58293360E-034  1.65207027E-033  5.63969372E-035  6.04063268E-035
  2.263900E+04  1.56485375E-033  1.98858006E-034  1.28007913E-033  4.14817100E-035  4.44349026E-035
  2.408400E+04  1.20822919E-033  1.53110942E-034  9.91914507E-034  3.05136933E-035  3.26900495E-035
  2.562200E+04  9.32846202E-034  1.17866872E-034  7.68494454E-034  2.24409056E-035  2.40439703E-035
  2.725800E+04  7.20297996E-034  9.07332578E-035  5.95376436E-034  1.65037959E-035  1.76845063E-035
  2.899900E+04  5.56180973E-034  6.98378706E-035  4.61202561E-034  1.21354882E-035  1.30050526E-035
  3.085000E+04  4.29557904E-034  5.37609412E-035  3.57307099E-034  8.92465995E-036  9.56520347E-036
  3.282000E+04  3.31750868E-034  4.13790209E-035  2.76775729E-034  6.56219066E-036  7.03392719E-036
  3.491600E+04  2.56225686E-034  3.18467878E-035  2.14381986E-034  4.82476254E-036  5.17215008E-036
  3.714500E+04  1.97926365E-034  2.45118987E-035  1.66063494E-034  3.54760141E-036  3.80337044E-036
  3.951700E+04  1.52890760E-034  1.88645276E-035  1.28621557E-034  2.60817227E-036  2.79650344E-036
  4.204000E+04  1.18114880E-034  1.45184184E-035  9.96226760E-035  1.91755626E-036  2.05622908E-036
  4.472500E+04  9.12481060E-035  1.11723375E-035  7.71544721E-035  1.40960938E-036  1.51168701E-036
  4.758000E+04  7.05050069E-035  8.59843076E-036  5.97587266E-035  1.03634628E-036  1.11150334E-036
  5.061800E+04  5.44775240E-035  6.61688169E-036  4.62816322E-035  7.61838007E-037  8.17172099E-037
  5.385000E+04  4.20958834E-035  5.09186630E-036  3.58432289E-035  5.60028191E-037  6.00760040E-037
  5.728900E+04  3.25284793E-035  3.91813996E-036  2.77570761E-035  4.11638883E-037  4.41624328E-037
  6.094700E+04  2.51381644E-035  3.01496300E-036  2.14959700E-035  3.02579776E-037  3.24651701E-037
  6.483800E+04  1.94283597E-035  2.32007604E-036  1.66472021E-035  2.22418231E-037  2.38663299E-037
  6.897800E+04  1.50159061E-035  1.78523947E-036  1.28917399E-035  1.63484985E-037  1.75441759E-037
  7.338300E+04  1.16056309E-035  1.37363573E-036  9.98287979E-036  1.20157365E-037  1.28958005E-037
  7.806800E+04  8.97093870E-036  1.05699006E-036  7.73083257E-036  8.83193614E-038  9.47967155E-038
  8.305300E+04  6.93433940E-036  8.13289346E-037  5.98645829E-036  6.49123609E-038  6.96794083E-038
  8.835600E+04  5.36050138E-036  6.25782692E-037  4.63579143E-036  4.77093591E-038  5.12179014E-038
  9.399800E+04  4.14394750E-036  4.81487344E-037  3.58975054E-036  3.50637352E-038  3.76458790E-038
  1.000000E+05  3.20365424E-036  3.70467790E-037  2.77974567E-036  2.57701648E-038  2.76706197E-038
