# MRN (1977) model SED (this work), Mathis ISRF U =  1.00
# graphite + silicate spheres, dn/da = A_i a^-3.5, 0.005 - 0.25 um, Mie on the D03 dielectric functions
# normalization: Draine & Lee (1984), log10 A = -25.16 (graphite), -25.11 (silicate) [cm^2.5/H]
# solver = heuristic
# columns: lambda[um]  lamI_total/NH  lamI_GRA/NH  lamI_SIL/NH
#          [erg s^-1 cm^-2 sr^-1 H^-1]
  9.120000E-02  0.00000000E+000  0.00000000E+000  0.00000000E+000
  9.226000E-02  0.00000000E+000  0.00000000E+000  0.00000000E+000
  9.332000E-02  0.00000000E+000  0.00000000E+000  0.00000000E+000
  9.441000E-02  0.00000000E+000  0.00000000E+000  0.00000000E+000
  9.550000E-02  0.00000000E+000  0.00000000E+000  0.00000000E+000
  9.661000E-02  0.00000000E+000  0.00000000E+000  0.00000000E+000
  9.772000E-02  0.00000000E+000  0.00000000E+000  0.00000000E+000
  9.886000E-02  0.00000000E+000  0.00000000E+000  0.00000000E+000
  1.000000E-01  0.00000000E+000  0.00000000E+000  0.00000000E+000
  1.012000E-01  0.00000000E+000  0.00000000E+000  0.00000000E+000
  1.023000E-01  0.00000000E+000  0.00000000E+000  0.00000000E+000
  1.035000E-01  0.00000000E+000  0.00000000E+000  0.00000000E+000
  1.047000E-01  0.00000000E+000  0.00000000E+000  0.00000000E+000
  1.059000E-01  0.00000000E+000  0.00000000E+000  0.00000000E+000
  1.072000E-01  0.00000000E+000  0.00000000E+000  0.00000000E+000
  1.084000E-01  0.00000000E+000  0.00000000E+000  0.00000000E+000
  1.097000E-01  0.00000000E+000  0.00000000E+000  0.00000000E+000
  1.109000E-01  0.00000000E+000  0.00000000E+000  0.00000000E+000
  1.122000E-01  0.00000000E+000  0.00000000E+000  0.00000000E+000
  1.135000E-01  0.00000000E+000  0.00000000E+000  0.00000000E+000
  1.148000E-01  0.00000000E+000  0.00000000E+000  0.00000000E+000
  1.161000E-01  0.00000000E+000  0.00000000E+000  0.00000000E+000
  1.175000E-01  0.00000000E+000  0.00000000E+000  0.00000000E+000
  1.189000E-01  0.00000000E+000  0.00000000E+000  0.00000000E+000
  1.202000E-01  0.00000000E+000  0.00000000E+000  0.00000000E+000
  1.216000E-01  0.00000000E+000  0.00000000E+000  0.00000000E+000
  1.230000E-01  0.00000000E+000  0.00000000E+000  0.00000000E+000
  1.244000E-01  0.00000000E+000  0.00000000E+000  0.00000000E+000
  1.259000E-01  0.00000000E+000  0.00000000E+000  0.00000000E+000
  1.274000E-01  0.00000000E+000  0.00000000E+000  0.00000000E+000
  1.288000E-01  0.00000000E+000  0.00000000E+000  0.00000000E+000
  1.303000E-01  0.00000000E+000  0.00000000E+000  0.00000000E+000
  1.318000E-01  0.00000000E+000  0.00000000E+000  0.00000000E+000
  1.333000E-01  0.00000000E+000  0.00000000E+000  0.00000000E+000
  1.349000E-01  0.00000000E+000  0.00000000E+000  0.00000000E+000
  1.365000E-01  0.00000000E+000  0.00000000E+000  0.00000000E+000
  1.380000E-01  0.00000000E+000  0.00000000E+000  0.00000000E+000
  1.396000E-01  0.00000000E+000  0.00000000E+000  0.00000000E+000
  1.412000E-01  0.00000000E+000  0.00000000E+000  0.00000000E+000
  1.429000E-01  0.00000000E+000  0.00000000E+000  0.00000000E+000
  1.445000E-01  0.00000000E+000  0.00000000E+000  0.00000000E+000
  1.462000E-01  0.00000000E+000  0.00000000E+000  0.00000000E+000
  1.479000E-01  0.00000000E+000  0.00000000E+000  0.00000000E+000
  1.496000E-01  0.00000000E+000  0.00000000E+000  0.00000000E+000
  1.514000E-01  0.00000000E+000  0.00000000E+000  0.00000000E+000
  1.531000E-01  0.00000000E+000  0.00000000E+000  0.00000000E+000
  1.549000E-01  0.00000000E+000  0.00000000E+000  0.00000000E+000
  1.567000E-01  0.00000000E+000  0.00000000E+000  0.00000000E+000
  1.585000E-01  0.00000000E+000  0.00000000E+000  0.00000000E+000
  1.603000E-01  0.00000000E+000  0.00000000E+000  0.00000000E+000
  1.622000E-01  0.00000000E+000  0.00000000E+000  0.00000000E+000
  1.641000E-01  0.00000000E+000  0.00000000E+000  0.00000000E+000
  1.660000E-01  0.00000000E+000  0.00000000E+000  0.00000000E+000
  1.679000E-01  0.00000000E+000  0.00000000E+000  0.00000000E+000
  1.698000E-01  0.00000000E+000  0.00000000E+000  0.00000000E+000
  1.718000E-01  0.00000000E+000  0.00000000E+000  0.00000000E+000
  1.738000E-01  0.00000000E+000  0.00000000E+000  0.00000000E+000
  1.758000E-01  0.00000000E+000  0.00000000E+000  0.00000000E+000
  1.778000E-01  0.00000000E+000  0.00000000E+000  0.00000000E+000
  1.799000E-01  0.00000000E+000  0.00000000E+000  0.00000000E+000
  1.820000E-01  0.00000000E+000  0.00000000E+000  0.00000000E+000
  1.841000E-01  0.00000000E+000  0.00000000E+000  0.00000000E+000
  1.862000E-01  4.94065646E-324  4.94065646E-324  0.00000000E+000
  1.884000E-01  8.36947204E-321  8.36947204E-321  0.00000000E+000
  1.905000E-01  1.13402295E-317  1.13402295E-317  0.00000000E+000
  1.928000E-01  2.55266871E-314  2.55266871E-314  0.00000000E+000
  1.950000E-01  3.45954146E-311  3.45954146E-311  0.00000000E+000
  1.972000E-01  3.98431858E-308  3.98431858E-308  0.00000000E+000
  1.995000E-01  5.33878366E-305  5.33878366E-305  0.00000000E+000
  2.018000E-01  6.00761344E-302  6.00761344E-302  0.00000000E+000
  2.042000E-01  7.67438138E-299  7.67438138E-299  0.00000000E+000
  2.065000E-01  6.16796375E-296  6.16796375E-296  0.00000000E+000
  2.089000E-01  5.60403643E-293  5.60403643E-293  0.00000000E+000
  2.113000E-01  4.29266217E-290  4.29266217E-290  0.00000000E+000
  2.138000E-01  3.63319300E-287  3.63319300E-287  0.00000000E+000
  2.163000E-01  2.57025879E-284  2.57025879E-284  0.00000000E+000
  2.188000E-01  1.52898629E-281  1.52898629E-281  0.00000000E+000
  2.213000E-01  7.70130412E-279  7.70130412E-279  0.00000000E+000
  2.239000E-01  4.24177607E-276  4.24177607E-276  0.00000000E+000
  2.265000E-01  2.01390797E-273  2.01390797E-273  0.00000000E+000
  2.291000E-01  8.30507790E-271  8.30507790E-271  0.00000000E+000
  2.317000E-01  2.97492584E-268  2.97492584E-268  0.00000000E+000
  2.344000E-01  1.16028136E-265  1.16028136E-265  0.00000000E+000
  2.371000E-01  3.93158392E-263  3.93158392E-263  0.00000000E+000
  2.399000E-01  1.44398833E-260  1.44398833E-260  0.00000000E+000
  2.427000E-01  4.66400667E-258  4.66400667E-258  0.00000000E+000
  2.455000E-01  1.32539554E-255  1.32539554E-255  0.00000000E+000
  2.483000E-01  3.32606319E-253  3.32606319E-253  0.00000000E+000
  2.512000E-01  8.98257575E-251  8.98257575E-251  0.00000000E+000
  2.541000E-01  2.14701504E-248  2.14701504E-248  0.00000000E+000
  2.570000E-01  4.53739518E-246  4.53739518E-246  0.00000000E+000
  2.600000E-01  1.02316152E-243  1.02316152E-243  0.00000000E+000
  2.630000E-01  2.04410920E-241  2.04410920E-241  0.00000000E+000
  2.661000E-01  4.28951919E-239  4.28951919E-239  0.00000000E+000
  2.691000E-01  6.72630264E-237  6.72630264E-237  0.00000000E+000
  2.723000E-01  1.30474677E-234  1.30474677E-234  0.00000000E+000
  2.754000E-01  1.92007685E-232  1.92007685E-232  0.00000000E+000
  2.786000E-01  2.96992755E-230  2.96992755E-230  0.00000000E+000
  2.818000E-01  4.08424514E-228  4.08424514E-228  0.00000000E+000
  2.851000E-01  5.81825097E-226  5.81825097E-226  3.25095195E-321
  2.884000E-01  7.44535166E-224  7.44535166E-224  5.54403413E-318
  2.917000E-01  8.51759143E-222  8.51759143E-222  7.98594068E-315
  2.951000E-01  1.00927934E-219  1.00927934E-219  1.20848242E-311
  2.985000E-01  1.07087186E-217  1.07087186E-217  1.54690909E-308
  3.020000E-01  1.16580547E-215  1.16580547E-215  2.06416951E-305
  3.055000E-01  1.13779034E-213  1.13779034E-213  2.33435759E-302
  3.090000E-01  9.99202493E-212  9.99202493E-212  2.24997201E-299
  3.126000E-01  9.01406189E-210  9.01406189E-210  2.24508128E-296
  3.162000E-01  7.34350648E-208  7.34350648E-208  1.91275201E-293
  3.199000E-01  6.08903585E-206  6.08903585E-206  1.67690086E-290
  3.236000E-01  4.55731014E-204  4.55731014E-204  1.25838756E-287
  3.273000E-01  3.09471292E-202  3.09471292E-202  8.12576624E-285
  3.311000E-01  2.14225543E-200  2.14225543E-200  5.37303263E-282
  3.350000E-01  1.49863194E-198  1.49863194E-198  3.61424648E-279
  3.388000E-01  8.54939929E-197  8.54939929E-197  1.78015513E-276
  3.428000E-01  5.47135756E-195  5.47135756E-195  1.04684107E-273
  3.467000E-01  2.88435072E-193  2.88435072E-193  4.55174400E-271
  3.507000E-01  1.53720216E-191  1.53720216E-191  2.00853084E-268
  3.548000E-01  8.23857333E-190  8.23857333E-190  8.94498312E-266
  3.589000E-01  4.02854034E-188  4.02854034E-188  3.46370207E-263
  3.631000E-01  1.97590811E-186  1.97590811E-186  1.34834066E-260
  3.673000E-01  8.86142739E-185  8.86142739E-185  4.57683150E-258
  3.715000E-01  3.64495579E-183  3.64495579E-183  1.36102844E-255
  3.758000E-01  1.50197331E-181  1.50197331E-181  4.06047906E-253
  3.802000E-01  6.18159899E-180  6.18159899E-180  1.20972832E-250
  3.846000E-01  2.33526355E-178  2.33526355E-178  3.16174218E-248
  3.891000E-01  8.79561368E-177  8.79561368E-177  8.22871732E-246
  3.936000E-01  3.04729789E-175  3.04729789E-175  1.88503200E-243
  3.981000E-01  9.73913805E-174  9.73913805E-174  3.81745091E-241
  4.027000E-01  3.09989954E-172  3.09989954E-172  7.68990889E-239
  4.074000E-01  9.80392842E-171  9.80392842E-171  1.53521348E-236
  4.121000E-01  2.86420376E-169  2.86420376E-169  2.71507131E-234
  4.169000E-01  8.30721046E-168  8.30721046E-168  4.75059288E-232
  4.217000E-01  2.23046644E-166  2.23046644E-166  7.38757163E-230
  4.266000E-01  5.93916291E-165  5.93916291E-165  1.13474368E-227
  4.315000E-01  1.46717313E-163  1.46717313E-163  1.55418233E-225
  4.365000E-01  3.59340713E-162  3.59340713E-162  2.09962450E-223
  4.416000E-01  8.71410533E-161  8.71410533E-161  2.78952748E-221
  4.467000E-01  1.96631677E-159  1.96631677E-159  3.31304747E-219
  4.519000E-01  4.38542981E-158  4.38542981E-158  3.86618911E-217
  4.571000E-01  9.11062046E-157  9.11062046E-157  4.04773418E-215
  4.624000E-01  1.86978871E-155  1.86978871E-155  4.16052072E-213
  4.677000E-01  3.58240193E-154  3.58240193E-154  3.84952160E-211
  4.732000E-01  7.15256192E-153  7.15256192E-153  3.79510030E-209
  4.786000E-01  1.26454754E-151  1.26454754E-151  3.10560315E-207
  4.842000E-01  2.32347047E-150  2.32347047E-150  2.69649319E-205
  4.898000E-01  4.00490825E-149  4.00490825E-149  2.11375048E-203
  4.954000E-01  6.48155184E-148  6.48155184E-148  1.50119767E-201
  5.012000E-01  1.08515472E-146  1.08515472E-146  1.12280682E-199
  5.070000E-01  1.70354093E-145  1.70354093E-145  7.60825395E-198
  5.129000E-01  2.63119840E-144  2.63119840E-144  5.02738104E-196
  5.188000E-01  3.81953033E-143  3.81953033E-143  3.01999931E-194
  5.248000E-01  5.45616300E-142  5.45616300E-142  1.76936496E-192
  5.309000E-01  7.66306334E-141  7.66306334E-141  1.00960664E-190
  5.370000E-01  1.01396928E-139  1.01396928E-139  5.25553172E-189
  5.433000E-01  1.37466865E-138  1.37466865E-138  2.83752334E-187
  5.495000E-01  1.68770683E-137  1.68770683E-137  1.31532033E-185
  5.559000E-01  2.12506328E-136  2.12506328E-136  6.30763498E-184
  5.623000E-01  2.52852466E-135  2.52852466E-135  2.77009138E-182
  5.688000E-01  2.95667222E-134  2.95667222E-134  1.18309825E-180
  5.754000E-01  3.39578242E-133  3.39578242E-133  4.90925821E-179
  5.821000E-01  3.82878850E-132  3.82878850E-132  1.97733686E-177
  5.888000E-01  4.09066516E-131  4.09066516E-131  7.32327023E-176
  5.957000E-01  4.44294030E-130  4.44294030E-130  2.77567406E-174
  6.026000E-01  4.57614738E-129  4.57614738E-129  9.68231404E-173
  6.095000E-01  4.47832967E-128  4.47832967E-128  3.11720286E-171
  6.166000E-01  4.44729768E-127  4.44729768E-127  1.02361525E-169
  6.237000E-01  4.19979540E-126  4.19979540E-126  3.10524653E-168
  6.310000E-01  4.01680136E-125  4.01680136E-125  9.57514737E-167
  6.383000E-01  3.65671490E-124  3.65671490E-124  2.73057705E-165
  6.457000E-01  3.26857059E-123  3.26857059E-123  7.54808639E-164
  6.531000E-01  2.78719918E-122  2.78719918E-122  1.93585532E-162
  6.607000E-01  2.40366993E-121  2.40366993E-121  5.02652733E-161
  6.683000E-01  1.98034293E-120  1.98034293E-120  1.21233865E-159
  6.761000E-01  1.64676774E-119  1.64676774E-119  2.95237412E-158
  6.839000E-01  1.30894271E-118  1.30894271E-118  6.68682591E-157
  6.918000E-01  1.02208127E-117  1.02208127E-117  1.46765428E-155
  6.998000E-01  7.83956966E-117  7.83956966E-117  3.12085489E-154
  7.079000E-01  5.90768717E-116  5.90768717E-116  6.42815210E-153
  7.161000E-01  4.37261899E-115  4.37261899E-115  1.28225791E-151
  7.244000E-01  3.17861743E-114  3.17861743E-114  2.47673122E-150
  7.328000E-01  2.26927302E-113  2.26927302E-113  4.63178620E-149
  7.413000E-01  1.59099226E-112  1.59099226E-112  8.38590173E-148
  7.499000E-01  1.09537945E-111  1.09537945E-111  1.46980930E-146
  7.586000E-01  7.40559183E-111  7.40559183E-111  2.49386309E-145
  7.674000E-01  4.91630015E-110  4.91630015E-110  4.09625129E-144
  7.763000E-01  3.20469521E-109  3.20469521E-109  6.51352129E-143
  7.852000E-01  2.00968274E-108  2.00968274E-108  9.73059696E-142
  7.943000E-01  1.26347322E-107  1.26347322E-107  1.45135805E-140
  8.035000E-01  7.80037330E-107  7.80037330E-107  2.09596854E-139
  8.128000E-01  4.72955886E-106  4.72955886E-106  2.93091141E-138
  8.222000E-01  2.81561434E-105  2.81561434E-105  3.96951413E-137
  8.318000E-01  1.67635807E-104  1.67635807E-104  5.34919364E-136
  8.414000E-01  9.61778535E-104  9.61778535E-104  6.79520584E-135
  8.511000E-01  5.41841003E-103  5.41841003E-103  8.36493583E-134
  8.610000E-01  3.04988483E-102  3.04988483E-102  1.02333317E-132
  8.710000E-01  1.68472916E-101  1.68472916E-101  1.21229365E-131
  8.810000E-01  8.98394446E-101  8.98394446E-101  1.35824417E-130
  8.913000E-01  4.86106500E-100  4.86106500E-100  1.54657685E-129
  9.016000E-01  2.54003312E-099  2.54003312E-099  1.66641490E-128
  9.120000E-01  1.30371632E-098  1.30371632E-098  1.74053884E-127
  9.226000E-01  6.67270234E-098  6.67270234E-098  1.80184547E-126
  9.333000E-01  3.35261153E-097  3.35261153E-097  1.80770851E-125
  9.441000E-01  1.65394694E-096  1.65394694E-096  1.75822011E-124
  9.550000E-01  8.01334254E-096  8.01334254E-096  1.65848483E-123
  9.661000E-01  3.86771979E-095  3.86771979E-095  1.54826881E-122
  9.772000E-01  1.80813052E-094  1.80813052E-094  1.37456613E-121
  9.886000E-01  8.53422117E-094  8.53422117E-094  1.23080602E-120
  1.000000E+00  3.90346493E-093  3.90346493E-093  1.04896480E-119
  1.012000E+00  1.87315200E-092  1.87315200E-092  9.50559718E-119
  1.023000E+00  7.66524278E-092  7.66524278E-092  6.85438797E-118
  1.035000E+00  3.45952354E-091  3.45952354E-091  5.64234658E-117
  1.047000E+00  1.51453236E-090  1.51453236E-090  4.42888106E-116
  1.059000E+00  6.43776289E-090  6.43776289E-090  3.32040899E-115
  1.071000E+00  2.65939360E-089  2.65939360E-089  2.38144918E-114
  1.084000E+00  1.19838774E-088  1.19838774E-088  1.91795557E-113
  1.097000E+00  5.23279093E-088  5.23279093E-088  1.47170612E-112
  1.109000E+00  1.98540932E-087  1.98540932E-087  9.26271332E-112
  1.122000E+00  8.18157944E-087  8.18157944E-087  6.50772116E-111
  1.135000E+00  3.27841800E-086  3.27841800E-086  4.37753896E-110
  1.148000E+00  1.27808795E-085  1.27808795E-085  2.82369672E-109
  1.161000E+00  4.84873498E-085  4.84873498E-085  1.74922507E-108
  1.175000E+00  1.97870021E-084  1.97870021E-084  1.19361329E-107
  1.189000E+00  7.83737541E-084  7.83737541E-084  7.79758931E-107
  1.202000E+00  2.74144332E-083  2.74144332E-083  4.29047806E-106
  1.216000E+00  1.02755135E-082  1.02755135E-082  2.58856776E-105
  1.230000E+00  3.74722597E-082  3.74722597E-082  1.50194216E-104
  1.245000E+00  1.45514210E-081  1.45514210E-081  9.47952232E-104
  1.259000E+00  5.02656979E-081  5.02656979E-081  5.09859750E-103
  1.273000E+00  1.69343025E-080  1.69343025E-080  2.64801373E-102
  1.288000E+00  6.05570877E-080  6.05570877E-080  1.49026753E-101
  1.303000E+00  2.10735771E-079  2.10735771E-079  8.08027617E-101
  1.318000E+00  7.14358154E-079  7.14358154E-079  4.22700242E-100
  1.334000E+00  2.55389895E-078  2.55389895E-078  2.37685322E-099
  1.349000E+00  8.21837284E-078  8.21837284E-078  1.15917472E-098
  1.365000E+00  2.78431698E-077  2.78431698E-077  6.06469844E-098
  1.380000E+00  8.53357251E-077  8.53357251E-077  2.77113183E-097
  1.396000E+00  2.75031154E-076  2.75031154E-076  1.35577790E-096
  1.413000E+00  9.28155430E-076  9.28155430E-076  7.06680236E-096
  1.429000E+00  2.84496238E-075  2.84496238E-075  3.23538609E-095
  1.445000E+00  8.52116838E-075  8.52116838E-075  1.43676219E-094
  1.462000E+00  2.66774688E-074  2.66774688E-074  6.78098974E-094
  1.479000E+00  8.15634134E-074  8.15634134E-074  3.09919735E-093
  1.496000E+00  2.43589284E-073  2.43589284E-073  1.37320307E-092
  1.514000E+00  7.56951127E-073  7.56951127E-073  6.42785586E-092
  1.531000E+00  2.15961394E-072  2.15961394E-072  2.68045281E-091
  1.549000E+00  6.40509644E-072  6.40509644E-072  1.17916470E-090
  1.567000E+00  1.85814049E-071  1.85814049E-071  5.03142401E-090
  1.585000E+00  5.27410578E-071  5.27410578E-071  2.08470162E-089
  1.603000E+00  1.46578170E-070  1.46578170E-070  8.39543590E-089
  1.622000E+00  4.21781692E-070  4.21781692E-070  3.54551161E-088
  1.641000E+00  1.18752434E-069  1.18752434E-069  1.45349837E-087
  1.660000E+00  3.27394273E-069  3.27394273E-069  5.79010399E-087
  1.679000E+00  8.84506138E-069  8.84506138E-069  2.24329106E-086
  1.698000E+00  2.34339718E-068  2.34339718E-068  8.45993397E-086
  1.718000E+00  6.40341428E-068  6.40341428E-068  3.32602633E-085
  1.738000E+00  1.71478262E-067  1.71478262E-067  1.27145548E-084
  1.758000E+00  4.50331073E-067  4.50331073E-067  4.73018412E-084
  1.778000E+00  1.16069485E-066  1.16069485E-066  1.71435200E-083
  1.799000E+00  3.07643468E-066  3.07643468E-066  6.44941915E-083
  1.820000E+00  7.99640159E-066  7.99640159E-066  2.36113377E-082
  1.841000E+00  2.03946547E-065  2.03946547E-065  8.41929816E-082
  1.862000E+00  5.10685802E-065  5.10685802E-065  2.92648609E-081
  1.884000E+00  1.31055695E-064  1.31055695E-064  1.05116065E-080
  1.906000E+00  3.29979030E-064  3.29979030E-064  3.67777101E-080
  1.928000E+00  8.16102712E-064  8.16102712E-064  1.25455887E-079
  1.950000E+00  1.98242043E-063  1.98242043E-063  4.17545059E-079
  1.972000E+00  4.73179912E-063  4.73179912E-063  1.35691126E-078
  1.995000E+00  1.15370977E-062  1.15370977E-062  4.53866871E-078
  2.018000E+00  2.76228377E-062  2.76228377E-062  1.48139809E-077
  2.042000E+00  6.74105837E-062  6.74105837E-062  4.96332174E-077
  2.065000E+00  1.55737842E-061  1.55737842E-061  1.54454075E-076
  2.089000E+00  3.66559302E-061  3.66559302E-061  4.93108216E-076
  2.114000E+00  8.77349587E-061  8.77349587E-061  1.61155105E-075
  2.138000E+00  1.99252359E-060  1.99252359E-060  4.90867380E-075
  2.163000E+00  4.59961728E-060  4.59961728E-060  1.53001058E-074
  2.188000E+00  1.04309457E-059  1.04309457E-059  4.65958194E-074
  2.213000E+00  2.32512047E-059  2.32512047E-059  1.38739024E-073
  2.239000E+00  5.25748107E-059  5.25748107E-059  4.21624577E-073
  2.265000E+00  1.16823822E-058  1.16823822E-058  1.25234222E-072
  2.291000E+00  2.55248251E-058  2.55248251E-058  3.63826358E-072
  2.317000E+00  5.48489208E-058  5.48489208E-058  1.03446943E-071
  2.344000E+00  1.19323729E-057  1.19323729E-057  2.99501123E-071
  2.371000E+00  2.55238926E-057  2.55238926E-057  8.48387429E-071
  2.399000E+00  5.51928356E-057  5.51928356E-057  2.44244358E-070
  2.427000E+00  1.17338320E-056  1.17338320E-056  6.87812846E-070
  2.455000E+00  2.45530669E-056  2.45530669E-056  1.89605396E-069
  2.483000E+00  5.05584695E-056  5.05584695E-056  5.11950504E-069
  2.512000E+00  1.05061795E-055  1.05061795E-055  1.40238530E-068
  2.541000E+00  2.14831719E-055  2.14831719E-055  3.76202690E-068
  2.570000E+00  4.32495143E-055  4.32495143E-055  9.88944410E-068
  2.600000E+00  8.77911625E-055  8.77911625E-055  2.63280236E-067
  2.630000E+00  1.75445874E-054  1.75445874E-054  6.86783249E-067
  2.661000E+00  3.53166039E-054  3.53166039E-054  1.81177350E-066
  2.691000E+00  6.84825897E-054  6.84825897E-054  4.54324547E-066
  2.723000E+00  1.36653184E-053  1.36653184E-053  1.18685507E-065
  2.754000E+00  2.62954649E-053  2.62954649E-053  2.95097162E-065
  2.786000E+00  5.09450401E-053  5.09450401E-053  7.41236753E-065
  2.818000E+00  9.72922000E-053  9.72922000E-053  1.82672265E-064
  2.851000E+00  1.86861687E-052  1.86861687E-052  4.54194076E-064
  2.884000E+00  3.53819176E-052  3.53819176E-052  1.10808541E-063
  2.917000E+00  6.60823037E-052  6.60823037E-052  2.65423503E-063
  2.951000E+00  1.24052930E-051  1.24052930E-051  6.40833856E-063
  2.985000E+00  2.29752396E-051  2.29752396E-051  1.51930854E-062
  3.020000E+00  4.27448977E-051  4.27448977E-051  3.62736663E-062
  3.055000E+00  7.84778944E-051  7.84778944E-051  8.50571059E-062
  3.090000E+00  1.42254961E-050  1.42254961E-050  1.96004078E-061
  3.126000E+00  2.59055518E-050  2.59055518E-050  4.54856309E-061
  3.162000E+00  4.65970758E-050  4.65970758E-050  1.03781342E-060
  3.199000E+00  8.41334937E-050  8.41334937E-050  2.38110801E-060
  3.236000E+00  1.50065150E-049  1.50065150E-049  5.37097836E-060
  3.273000E+00  2.64544826E-049  2.64544826E-049  1.19148368E-059
  3.311000E+00  4.68040631E-049  4.68040631E-049  2.65475817E-059
  3.350000E+00  8.30663243E-049  8.30663243E-049  5.94013322E-059
  3.388000E+00  1.43661470E-048  1.43661470E-048  1.28143816E-058
  3.428000E+00  2.52868803E-048  2.52868803E-048  2.83038467E-058
  3.467000E+00  4.34145417E-048  4.34145417E-048  6.03231016E-058
  3.507000E+00  7.47719377E-048  7.47719377E-048  1.29061007E-057
  3.548000E+00  1.29131190E-047  1.29131190E-047  2.77007245E-057
  3.589000E+00  2.20660488E-047  2.20660488E-047  5.85394575E-057
  3.631000E+00  3.78002183E-047  3.78002183E-047  1.24040814E-056
  3.673000E+00  6.41080173E-047  6.41080173E-047  2.58815261E-056
  3.715000E+00  1.07664078E-046  1.07664078E-046  5.32048960E-056
  3.758000E+00  1.81232900E-046  1.81232900E-046  1.09623789E-055
  3.802000E+00  3.05666828E-046  3.05666828E-046  2.26255285E-055
  3.846000E+00  5.10425067E-046  5.10425066E-046  4.60105682E-055
  3.891000E+00  8.53881957E-046  8.53881956E-046  9.36844377E-055
  3.935000E+00  1.39919749E-045  1.39919749E-045  1.85136272E-054
  3.981000E+00  2.32203484E-045  2.32203484E-045  3.71946695E-054
  4.027000E+00  3.81628354E-045  3.81628353E-045  7.36611378E-054
  4.074000E+00  6.27859553E-045  6.27859552E-045  1.45949555E-053
  4.121000E+00  1.02307760E-044  1.02307760E-044  2.85129469E-053
  4.169000E+00  1.66836200E-044  1.66836200E-044  5.56720646E-053
  4.217000E+00  2.69488767E-044  2.69488766E-044  1.07182075E-052
  4.266000E+00  4.35476203E-044  4.35476200E-044  2.06307654E-052
  4.315000E+00  6.97078324E-044  6.97078320E-044  3.91748987E-052
  4.365000E+00  1.11593033E-043  1.11593032E-043  7.43502061E-052
  4.416000E+00  1.78600979E-043  1.78600977E-043  1.40982059E-051
  4.467000E+00  2.83224789E-043  2.83224787E-043  2.63936159E-051
  4.519000E+00  4.48944495E-043  4.48944490E-043  4.93668378E-051
  4.571000E+00  7.04953396E-043  7.04953387E-043  9.11303615E-051
  4.624000E+00  1.10608307E-042  1.10608305E-042  1.68002025E-050
  4.677000E+00  1.71936994E-042  1.71936991E-042  3.05766652E-050
  4.732000E+00  2.69159918E-042  2.69159912E-042  5.61779292E-050
  4.786000E+00  4.14173025E-042  4.14173015E-042  1.00842258E-049
  4.842000E+00  6.41782644E-042  6.41782626E-042  1.82802701E-049
  4.898000E+00  9.85187175E-042  9.85187143E-042  3.27211790E-049
  4.955000E+00  1.50973088E-041  1.50973083E-041  5.84421631E-049
  5.012000E+00  2.29212924E-041  2.29212914E-041  1.03130229E-048
  5.070000E+00  3.47230765E-041  3.47230747E-041  1.81729263E-048
  5.129000E+00  5.24916461E-041  5.24916429E-041  3.19436766E-048
  5.188000E+00  7.86356894E-041  7.86356839E-041  5.55271506E-048
  5.248000E+00  1.17542140E-040  1.17542130E-040  9.64138422E-048
  5.309000E+00  1.75282410E-040  1.75282393E-040  1.66954692E-047
  5.370000E+00  2.59075841E-040  2.59075813E-040  2.85769524E-047
  5.432000E+00  3.81998459E-040  3.81998411E-040  4.87822547E-047
  5.495000E+00  5.61787930E-040  5.61787847E-040  8.30351343E-047
  5.559000E+00  8.24152013E-040  8.24151872E-040  1.41128249E-046
  5.623000E+00  1.19871481E-039  1.19871457E-039  2.37307674E-046
  5.688000E+00  1.73889293E-039  1.73889253E-039  3.98436053E-046
  5.754000E+00  2.51532395E-039  2.51532329E-039  6.67131711E-046
  5.821000E+00  3.62758898E-039  3.62758787E-039  1.11342661E-045
  5.888000E+00  5.18806421E-039  5.18806237E-039  1.83841594E-045
  5.957000E+00  7.43870537E-039  7.43870231E-039  3.05167273E-045
  6.026000E+00  1.05782911E-038  1.05782861E-038  5.01370812E-045
  6.095000E+00  1.49257262E-038  1.49257181E-038  8.15275938E-045
  6.166000E+00  2.11006926E-038  2.11006793E-038  1.33062982E-044
  6.237000E+00  2.96003628E-038  2.96003413E-038  2.14775181E-044
  6.310000E+00  4.09156018E-038  4.09155671E-038  3.47509814E-044
  6.383000E+00  5.77277388E-038  5.77276832E-038  5.56320360E-044
  6.457000E+00  8.02312540E-038  8.02311654E-038  8.86451457E-044
  6.531000E+00  1.10653888E-037  1.10653748E-037  1.39894339E-043
  6.607000E+00  1.52682572E-037  1.52682351E-037  2.21108972E-043
  6.683000E+00  2.09096087E-037  2.09095741E-037  3.46213462E-043
  6.761000E+00  2.86591648E-037  2.86591105E-037  5.43089356E-043
  6.839000E+00  3.89925858E-037  3.89925014E-037  8.43960446E-043
  6.918000E+00  5.28753673E-037  5.28752366E-037  1.30765090E-042
  6.998000E+00  7.14711246E-037  7.14709217E-037  2.02889169E-042
  7.080000E+00  9.66293026E-037  9.66289872E-037  3.15375001E-042
  7.161000E+00  1.29278828E-036  1.29278335E-036  4.92293622E-042
  7.244000E+00  1.72997065E-036  1.72996294E-036  7.70643016E-042
  7.328000E+00  2.30739816E-036  2.30738586E-036  1.22947539E-041
  7.413000E+00  3.06764291E-036  3.06762279E-036  2.01208417E-041
  7.499000E+00  4.06428230E-036  4.06424964E-036  3.26683620E-041
  7.586000E+00  5.36802356E-036  5.36796637E-036  5.71871994E-041
  7.674000E+00  7.06602131E-036  7.06592181E-036  9.94918733E-041
  7.762000E+00  9.24132647E-036  9.24115541E-036  1.71061378E-040
  7.852000E+00  1.20833065E-035  1.20829945E-035  3.11961984E-040
  7.943000E+00  1.57449439E-035  1.57443945E-035  5.49431678E-040
  8.035000E+00  2.04428437E-035  2.04418782E-035  9.65567412E-040
  8.128000E+00  2.64460046E-035  2.64443004E-035  1.70419133E-039
  8.222000E+00  3.40962831E-035  3.40933630E-035  2.92007694E-039
  8.318000E+00  4.39299866E-035  4.39250971E-035  4.88945928E-039
  8.414000E+00  5.62664654E-035  5.62585483E-035  7.91717188E-039
  8.511000E+00  7.18334989E-035  7.18209673E-035  1.25315621E-038
  8.610000E+00  9.16316831E-035  9.16120025E-035  1.96806245E-038
  8.710000E+00  1.16512331E-034  1.16481360E-034  3.09710405E-038
  8.811000E+00  1.47680789E-034  1.47631912E-034  4.88769561E-038
  8.913000E+00  1.86586155E-034  1.86509138E-034  7.70176801E-038
  9.016000E+00  2.35006511E-034  2.34885995E-034  1.20516469E-037
  9.120000E+00  2.95115425E-034  2.94929207E-034  1.86218201E-037
  9.226000E+00  3.70210225E-034  3.69928140E-034  2.82085735E-037
  9.333000E+00  4.62994471E-034  4.62578674E-034  4.15796083E-037
  9.441000E+00  5.77288663E-034  5.76691419E-034  5.97244380E-037
  9.550000E+00  7.17644387E-034  7.16806235E-034  8.38152230E-037
  9.660000E+00  8.89418810E-034  8.88267543E-034  1.15126739E-036
  9.772000E+00  1.10142525E-033  1.09985909E-033  1.56615361E-036
  9.885000E+00  1.35989756E-033  1.35777732E-033  2.12023396E-036
  1.000000E+01  1.67720532E-033  1.67433673E-033  2.86859521E-036
  1.012000E+01  2.07716378E-033  2.07324691E-033  3.91687403E-036
  1.023000E+01  2.51602045E-033  2.51085748E-033  5.16296643E-036
  1.035000E+01  3.08688989E-033  3.07999309E-033  6.89680142E-036
  1.047000E+01  3.77003617E-033  3.76102103E-033  9.01513582E-036
  1.059000E+01  4.58407646E-033  4.57246813E-033  1.16083234E-035
  1.072000E+01  5.63843706E-033  5.62331758E-033  1.51194752E-035
  1.084000E+01  6.79801460E-033  6.77877509E-033  1.92395101E-035
  1.097000E+01  8.29080947E-033  8.26586995E-033  2.49395156E-035
  1.109000E+01  9.92241544E-033  9.89086782E-033  3.15476179E-035
  1.122000E+01  1.20239644E-032  1.19836002E-032  4.03642826E-035
  1.135000E+01  1.45666409E-032  1.45152265E-032  5.14144513E-035
  1.148000E+01  1.92599791E-032  1.91948234E-032  6.51556932E-035
  1.161000E+01  2.04848690E-032  2.04025075E-032  8.23615680E-035
  1.175000E+01  2.46571528E-032  2.45521184E-032  1.05034398E-034
  1.189000E+01  2.96479442E-032  2.95154648E-032  1.32479440E-034
  1.202000E+01  3.50455684E-032  3.48822915E-032  1.63276978E-034
  1.216000E+01  4.17970350E-032  4.15939603E-032  2.03074723E-034
  1.230000E+01  4.96627344E-032  4.94100628E-032  2.52671576E-034
  1.244000E+01  5.87881251E-032  5.84753581E-032  3.12767020E-034
  1.259000E+01  7.01088587E-032  6.97191383E-032  3.89720324E-034
  1.273000E+01  8.23470216E-032  8.18713566E-032  4.75665054E-034
  1.288000E+01  9.74865359E-032  9.69018834E-032  5.84652434E-034
  1.303000E+01  1.15031415E-031  1.14312181E-031  7.19234050E-034
  1.318000E+01  1.35268091E-031  1.34388105E-031  8.79985889E-034
  1.334000E+01  1.60270368E-031  1.59182146E-031  1.08822227E-033
  1.349000E+01  1.87266120E-031  1.85947330E-031  1.31879033E-033
  1.365000E+01  2.20457323E-031  2.18832261E-031  1.62506142E-033
  1.380000E+01  2.56114596E-031  2.54145725E-031  1.96887087E-033
  1.396000E+01  2.99770514E-031  2.97312038E-031  2.45847620E-033
  1.412000E+01  3.49803494E-031  3.46736818E-031  3.06667536E-033
  1.429000E+01  4.11117845E-031  4.07162016E-031  3.95582888E-033
  1.445000E+01  4.77242043E-031  4.72221940E-031  5.02010377E-033
  1.462000E+01  5.57897634E-031  5.51365329E-031  6.53230580E-033
  1.479000E+01  6.50292922E-031  6.41833603E-031  8.45931911E-033
  1.496000E+01  7.56331927E-031  7.45405721E-031  1.09262061E-032
  1.514000E+01  8.85210694E-031  8.70959514E-031  1.42511802E-032
  1.531000E+01  1.02488682E-030  1.00662066E-030  1.82661610E-032
  1.549000E+01  1.19341412E-030  1.16979631E-030  2.36178158E-032
  1.567000E+01  1.38734869E-030  1.35693445E-030  3.04142431E-032
  1.585000E+01  1.60841443E-030  1.56947930E-030  3.89351391E-032
  1.603000E+01  1.86107873E-030  1.81148943E-030  4.95892971E-032
  1.622000E+01  2.16541854E-030  2.10179206E-030  6.36264867E-032
  1.641000E+01  2.51401409E-030  2.43290922E-030  8.11048716E-032
  1.660000E+01  2.91248799E-030  2.80978520E-030  1.02702794E-031
  1.679000E+01  3.36594705E-030  3.23678581E-030  1.29161243E-031
  1.698000E+01  3.88358786E-030  3.72260844E-030  1.60979425E-031
  1.718000E+01  4.50246290E-030  4.30073606E-030  2.01726839E-031
  1.738000E+01  5.21152489E-030  4.96094785E-030  2.50577040E-031
  1.758000E+01  6.01762494E-030  5.70847275E-030  3.09152190E-031
  1.778000E+01  6.93272469E-030  6.55449404E-030  3.78230653E-031
  1.799000E+01  8.02720609E-030  7.56489406E-030  4.62312031E-031
  1.820000E+01  9.26834225E-030  8.70650981E-030  5.61832445E-031
  1.841000E+01  1.06846310E-029  1.00096766E-029  6.74954451E-031
  1.862000E+01  1.22861725E-029  1.14805024E-029  8.05670061E-031
  1.884000E+01  1.41850841E-029  1.32227720E-029  9.62312134E-031
  1.906000E+01  1.63434793E-029  1.52078622E-029  1.13561713E-030
  1.927000E+01  1.86600641E-029  1.73356936E-029  1.32437052E-030
  1.950000E+01  2.15259732E-029  1.99730549E-029  1.55291833E-030
  1.972000E+01  2.46211685E-029  2.28265611E-029  1.79460740E-030
  1.995000E+01  2.82550984E-029  2.61759786E-029  2.07911984E-030
  2.018000E+01  3.23608191E-029  2.99687983E-029  2.39202076E-030
  2.042000E+01  3.72080096E-029  3.44462582E-029  2.76175137E-030
  2.065000E+01  4.24584764E-029  3.92901360E-029  3.16834033E-030
  2.089000E+01  4.86389513E-029  4.49978208E-029  3.64113055E-030
  2.114000E+01  5.59089859E-029  5.17179345E-029  4.19105141E-030
  2.138000E+01  6.37708472E-029  5.89922236E-029  4.77862358E-030
  2.163000E+01  7.30345794E-029  6.75613958E-029  5.47318367E-030
  2.188000E+01  8.34694863E-029  7.72231021E-029  6.24638425E-030
  2.213000E+01  9.51982949E-029  8.80940135E-029  7.10428132E-030
  2.239000E+01  1.08910055E-028  1.00846339E-028  8.06371588E-030
  2.265000E+01  1.24319209E-028  1.15188625E-028  9.13058481E-030
  2.291000E+01  1.41628529E-028  1.31307799E-028  1.03207293E-029
  2.317000E+01  1.61085081E-028  1.49427029E-028  1.16580522E-029
  2.344000E+01  1.83695030E-028  1.70503303E-028  1.31917270E-029
  2.371000E+01  2.09051875E-028  1.94195093E-028  1.48567817E-029
  2.399000E+01  2.38513152E-028  2.21747562E-028  1.67655902E-029
  2.427000E+01  2.71508583E-028  2.52634784E-028  1.88737990E-029
  2.455000E+01  3.08433610E-028  2.87239569E-028  2.11940413E-029
  2.483000E+01  3.49522381E-028  3.25797160E-028  2.37252208E-029
  2.512000E+01  3.96916771E-028  3.70367536E-028  2.65492349E-029
  2.541000E+01  4.49756809E-028  4.20104455E-028  2.96523546E-029
  2.570000E+01  5.08347786E-028  4.75323472E-028  3.30243138E-029
  2.600000E+01  5.75550945E-028  5.38740530E-028  3.68104152E-029
  2.630000E+01  6.50054692E-028  6.09139795E-028  4.09148969E-029
  2.661000E+01  7.35401508E-028  6.89894184E-028  4.55073238E-029
  2.692000E+01  8.30008132E-028  7.79534383E-028  5.04737486E-029
  2.723000E+01  9.34704938E-028  8.78873499E-028  5.58314390E-029
  2.754000E+01  1.05038523E-027  9.88787653E-028  6.15975784E-029
  2.786000E+01  1.17917958E-027  1.11107995E-027  6.80996211E-029
  2.818000E+01  1.32054332E-027  1.24544478E-027  7.50985319E-029
  2.851000E+01  1.48060572E-027  1.39775120E-027  8.28545216E-029
  2.884000E+01  1.65624917E-027  1.56506980E-027  9.11793695E-029
  2.917000E+01  1.84860902E-027  1.74851370E-027  1.00095320E-028
  2.951000E+01  2.06552286E-027  1.95559988E-027  1.09922976E-028
  2.985000E+01  2.30274858E-027  2.18232326E-027  1.20425326E-028
  3.020000E+01  2.56058208E-027  2.42851029E-027  1.32071798E-028
  3.055000E+01  2.83329365E-027  2.68870774E-027  1.44585908E-028
  3.090000E+01  3.12781378E-027  2.96989036E-027  1.57923420E-028
  3.126000E+01  3.45452596E-027  3.28199640E-027  1.72529566E-028
  3.162000E+01  3.80634410E-027  3.61827950E-027  1.88064601E-028
  3.199000E+01  4.19507405E-027  3.99004470E-027  2.05029348E-028
  3.236000E+01  4.61221513E-027  4.38917865E-027  2.23036475E-028
  3.273000E+01  5.05855491E-027  4.81643849E-027  2.42116426E-028
  3.311000E+01  5.54802999E-027  5.28516965E-027  2.62860336E-028
  3.350000E+01  6.08367285E-027  5.79827923E-027  2.85393615E-028
  3.388000E+01  6.60401917E-027  6.29455827E-027  3.09460897E-028
  3.428000E+01  7.18238309E-027  6.84605353E-027  3.36329559E-028
  3.467000E+01  7.77771002E-027  7.41364206E-027  3.64067969E-028
  3.508000E+01  8.43726207E-027  8.04234097E-027  3.94921096E-028
  3.548000E+01  9.11413318E-027  8.68738892E-027  4.26744264E-028
  3.589000E+01  9.84216986E-027  9.38098760E-027  4.61182261E-028
  3.631000E+01  1.06237854E-026  1.01253581E-026  4.98427230E-028
  3.673000E+01  1.14414026E-026  1.09036799E-026  5.37722727E-028
  3.715000E+01  1.22946503E-026  1.17155204E-026  5.79129951E-028
  3.758000E+01  1.32041777E-026  1.25804007E-026  6.23776925E-028
  3.802000E+01  1.41527413E-026  1.34807908E-026  6.71950532E-028
  3.846000E+01  1.51420904E-026  1.44194245E-026  7.22665922E-028
  3.890000E+01  1.61722312E-026  1.53962312E-026  7.75999985E-028
  3.935000E+01  1.72678948E-026  1.64345580E-026  8.33336798E-028
  3.981000E+01  1.84317363E-026  1.75367828E-026  8.94953469E-028
  4.027000E+01  1.96396052E-026  1.86799029E-026  9.59702328E-028
  4.074000E+01  2.09188061E-026  1.98896119E-026  1.02919417E-027
  4.121000E+01  2.22430569E-026  2.11408952E-026  1.10216173E-027
  4.169000E+01  2.36538685E-026  2.24728966E-026  1.18097189E-027
  4.217000E+01  2.51203868E-026  2.38564841E-026  1.26390265E-027
  4.266000E+01  2.66711469E-026  2.53183970E-026  1.35274993E-027
  4.315000E+01  2.82756123E-026  2.68296520E-026  1.44596029E-027
  4.365000E+01  2.99674715E-026  2.84217623E-026  1.54570922E-027
  4.416000E+01  3.17491322E-026  3.00967064E-026  1.65242582E-027
  4.467000E+01  3.35862298E-026  3.18219128E-026  1.76431704E-027
  4.519000E+01  3.55268146E-026  3.36424530E-026  1.88436159E-027
  4.571000E+01  3.75739914E-026  3.55618386E-026  2.01215281E-027
  4.624000E+01  3.97250099E-026  3.75762538E-026  2.14875609E-027
  4.677000E+01  4.19395226E-026  3.96475588E-026  2.29196381E-027
  4.731000E+01  4.42592682E-026  4.18144072E-026  2.44486097E-027
  4.786000E+01  4.66856652E-026  4.40776246E-026  2.60804059E-027
  4.842000E+01  4.92197673E-026  4.64376473E-026  2.78211994E-027
  4.898000E+01  5.18153383E-026  4.88509298E-026  2.96440844E-027
  4.954000E+01  5.44694970E-026  5.13143935E-026  3.15510346E-027
  5.012000E+01  5.72948338E-026  5.39323450E-026  3.36248880E-027
  5.070000E+01  6.02451850E-026  5.66626765E-026  3.58250849E-027
  5.129000E+01  6.33083233E-026  5.94916501E-026  3.81667321E-027
  5.188000E+01  6.64492485E-026  6.23868068E-026  4.06244170E-027
  5.248000E+01  6.97353429E-026  6.54099934E-026  4.32534956E-027
  5.309000E+01  7.31337888E-026  6.85291432E-026  4.60464566E-027
  5.370000E+01  7.65853638E-026  7.16891446E-026  4.89621919E-027
  5.433000E+01  8.02494773E-026  7.50369144E-026  5.21256289E-027
  5.495000E+01  8.39279475E-026  7.83896354E-026  5.53831213E-027
  5.559000E+01  8.77711413E-026  8.18824632E-026  5.88867813E-027
  5.623000E+01  9.16549759E-026  8.54015262E-026  6.25344973E-027
  5.688000E+01  9.57071928E-026  8.90636444E-026  6.64354844E-027
  5.754000E+01  9.98747119E-026  9.28179611E-026  7.05675074E-027
  5.821000E+01  1.04135083E-025  9.66424230E-026  7.49266026E-027
  5.888000E+01  1.08418087E-025  1.00473034E-025  7.94505296E-027
  5.957000E+01  1.12930332E-025  1.04495249E-025  8.43508234E-027
  6.026000E+01  1.17482918E-025  1.08537576E-025  8.94534207E-027
  6.095000E+01  1.22042922E-025  1.12569335E-025  9.47358764E-027
  6.166000E+01  1.26734586E-025  1.16698996E-025  1.00355900E-026
  6.237000E+01  1.31467584E-025  1.20848006E-025  1.06195779E-026
  6.310000E+01  1.36365401E-025  1.25122814E-025  1.12425868E-026
  6.383000E+01  1.41266826E-025  1.29378895E-025  1.18879308E-026
  6.457000E+01  1.46256817E-025  1.33688794E-025  1.25680235E-026
  6.531000E+01  1.51216903E-025  1.37948944E-025  1.32679593E-026
  6.607000E+01  1.56338679E-025  1.42326085E-025  1.40125943E-026
  6.683000E+01  1.61409034E-025  1.46632389E-025  1.47766446E-026
  6.761000E+01  1.66615156E-025  1.51029127E-025  1.55860298E-026
  6.839000E+01  1.71773264E-025  1.55356919E-025  1.64163449E-026
  6.918000E+01  1.76949995E-025  1.59668056E-025  1.72819388E-026
  6.998000E+01  1.82157149E-025  1.63969467E-025  1.81876823E-026
  7.079000E+01  1.87366758E-025  1.68251313E-025  1.91154458E-026
  7.161000E+01  1.92616420E-025  1.72525182E-025  2.00912381E-026
  7.244000E+01  1.97823806E-025  1.76726395E-025  2.10974119E-026
  7.328000E+01  2.03015526E-025  1.80878791E-025  2.21367351E-026
  7.413000E+01  2.08202140E-025  1.84990906E-025  2.32112338E-026
  7.499000E+01  2.13309309E-025  1.88997527E-025  2.43117827E-026
  7.586000E+01  2.18422399E-025  1.92972375E-025  2.54500239E-026
  7.674000E+01  2.23457561E-025  1.96842544E-025  2.66150173E-026
  7.762000E+01  2.28346925E-025  2.00554532E-025  2.77923932E-026
  7.852000E+01  2.33285037E-025  2.04257670E-025  2.90273665E-026
  7.943000E+01  2.38095372E-025  2.07813092E-025  3.02822800E-026
  8.035000E+01  2.42824543E-025  2.11261101E-025  3.15634423E-026
  8.128000E+01  2.47499141E-025  2.14624312E-025  3.28748281E-026
  8.222000E+01  2.52019533E-025  2.17819452E-025  3.42000808E-026
  8.318000E+01  2.56511528E-025  2.20942892E-025  3.55686362E-026
  8.414000E+01  2.60862538E-025  2.23914318E-025  3.69482203E-026
  8.511000E+01  2.65036380E-025  2.26701383E-025  3.83349973E-026
  8.610000E+01  2.69175824E-025  2.29416283E-025  3.97595405E-026
  8.710000E+01  2.73197682E-025  2.31997900E-025  4.11997824E-026
  8.811000E+01  2.77019460E-025  2.34380445E-025  4.26390149E-026
  8.912000E+01  2.80706524E-025  2.36620879E-025  4.40856444E-026
  9.016000E+01  2.84343409E-025  2.38766649E-025  4.55767607E-026
  9.120000E+01  2.87729234E-025  2.40684698E-025  4.70445362E-026
  9.226000E+01  2.90993989E-025  2.42464992E-025  4.85289976E-026
  9.332000E+01  2.94111737E-025  2.44102866E-025  5.00088708E-026
  9.441000E+01  2.97053809E-025  2.45556163E-025  5.14976453E-026
  9.550000E+01  2.99755333E-025  2.46798581E-025  5.29567518E-026
  9.661000E+01  3.02429481E-025  2.47969573E-025  5.44599082E-026
  9.772000E+01  3.04839479E-025  2.48916875E-025  5.59226039E-026
  9.886000E+01  3.07043468E-025  2.49664130E-025  5.73793377E-026
  1.000000E+02  3.08979884E-025  2.50192423E-025  5.87874611E-026
  1.012000E+02  3.10996776E-025  2.50713865E-025  6.02829106E-026
  1.023000E+02  3.12599667E-025  2.50995570E-025  6.16040968E-026
  1.035000E+02  3.14150763E-025  2.51147770E-025  6.30029927E-026
  1.047000E+02  3.15812773E-025  2.51386539E-025  6.44262340E-026
  1.059000E+02  3.17231085E-025  2.51440144E-025  6.57909412E-026
  1.072000E+02  3.18501043E-025  2.51300508E-025  6.72005347E-026
  1.084000E+02  3.19435368E-025  2.50999515E-025  6.84358529E-026
  1.097000E+02  3.20199042E-025  2.50498521E-025  6.97005214E-026
  1.109000E+02  3.20683109E-025  2.49884899E-025  7.07982098E-026
  1.122000E+02  3.20977908E-025  2.49067719E-025  7.19101889E-026
  1.135000E+02  3.21382681E-025  2.48369261E-025  7.30134192E-026
  1.148000E+02  3.21807627E-025  2.47721360E-025  7.40862667E-026
  1.161000E+02  3.22048376E-025  2.46966996E-025  7.50813796E-026
  1.175000E+02  3.22115631E-025  2.46050458E-025  7.60651731E-026
  1.188000E+02  3.22217365E-025  2.45265679E-025  7.69516860E-026
  1.202000E+02  3.22347546E-025  2.44478608E-025  7.78689386E-026
  1.216000E+02  3.22331891E-025  2.43633436E-025  7.86984552E-026
  1.230000E+02  3.22185441E-025  2.42745231E-025  7.94402097E-026
  1.244000E+02  3.22051818E-025  2.41919621E-025  8.01321966E-026
  1.259000E+02  3.22088805E-025  2.41212461E-025  8.08763436E-026
  1.273000E+02  3.21973362E-025  2.40486950E-025  8.14864119E-026
  1.288000E+02  3.21684613E-025  2.39634251E-025  8.20503615E-026
  1.303000E+02  3.21216064E-025  2.38693467E-025  8.25225962E-026
  1.318000E+02  3.20553486E-025  2.37649048E-025  8.29044377E-026
  1.334000E+02  3.19610846E-025  2.36397015E-025  8.32138315E-026
  1.349000E+02  3.18479860E-025  2.35065937E-025  8.34139232E-026
  1.365000E+02  3.16322327E-025  2.32587093E-025  8.37352346E-026
  1.380000E+02  3.13833602E-025  2.29865429E-025  8.39681732E-026
  1.396000E+02  3.10747595E-025  2.26615028E-025  8.41325668E-026
  1.412000E+02  3.07253805E-025  2.23041391E-025  8.42124140E-026
  1.429000E+02  3.03145403E-025  2.18938089E-025  8.42073133E-026
  1.445000E+02  2.98957572E-025  2.14837051E-025  8.41205212E-026
  1.462000E+02  2.94224401E-025  2.10280224E-025  8.39441775E-026
  1.479000E+02  2.89256749E-025  2.05572425E-025  8.36843240E-026
  1.496000E+02  2.84109524E-025  2.00765263E-025  8.33442615E-026
  1.514000E+02  2.78907035E-025  1.95789248E-025  8.31177867E-026
  1.531000E+02  2.74089685E-025  1.91200763E-025  8.28889217E-026
  1.549000E+02  2.69004641E-025  1.86430814E-025  8.25738274E-026
  1.567000E+02  2.63942901E-025  1.81755658E-025  8.21872430E-026
  1.585000E+02  2.58910384E-025  1.77177784E-025  8.17326006E-026
  1.603000E+02  2.53911921E-025  1.72698602E-025  8.12133184E-026
  1.622000E+02  2.48677100E-025  1.68078285E-025  8.05988153E-026
  1.641000E+02  2.43488562E-025  1.63568530E-025  7.99200321E-026
  1.660000E+02  2.38349590E-025  1.59168722E-025  7.91808676E-026
  1.679000E+02  2.33262982E-025  1.54877830E-025  7.83851516E-026
  1.698000E+02  2.28231157E-025  1.50694521E-025  7.75366362E-026
  1.718000E+02  2.22995998E-025  1.46405551E-025  7.65904474E-026
  1.738000E+02  2.17826034E-025  1.42232061E-025  7.55939736E-026
  1.758000E+02  2.12942069E-025  1.38284795E-025  7.46572736E-026
  1.778000E+02  2.08434355E-025  1.34599121E-025  7.38352341E-026
  1.799000E+02  2.03751150E-025  1.30821522E-025  7.29296286E-026
  1.820000E+02  1.99121947E-025  1.27137776E-025  7.19841708E-026
  1.841000E+02  1.94549415E-025  1.23546985E-025  7.10024295E-026
  1.862000E+02  1.90035964E-025  1.20048132E-025  6.99878321E-026
  1.884000E+02  1.85373305E-025  1.16480049E-025  6.88932560E-026
  1.906000E+02  1.80780051E-025  1.13010223E-025  6.77698280E-026
  1.928000E+02  1.76258116E-025  1.09637135E-025  6.66209811E-026
  1.950000E+02  1.71809155E-025  1.06359179E-025  6.54499755E-026
  1.972000E+02  1.67434566E-025  1.03174663E-025  6.42599025E-026
  1.995000E+02  1.62941913E-025  9.99433943E-026  6.29985190E-026
  2.018000E+02  1.58810836E-025  9.69412618E-026  6.18695740E-026
  2.042000E+02  1.54655727E-025  9.39358040E-026  6.07199227E-026
  2.065000E+02  1.50743904E-025  9.11376538E-026  5.96062506E-026
  2.089000E+02  1.46736499E-025  8.83021407E-026  5.84343584E-026
  2.114000E+02  1.42644130E-025  8.54384131E-026  5.72057165E-026
  2.138000E+02  1.38794983E-025  8.27738998E-026  5.60210829E-026
  2.163000E+02  1.34868866E-025  8.00847051E-026  5.47841609E-026
  2.188000E+02  1.31028188E-025  7.74816502E-026  5.35465377E-026
  2.213000E+02  1.27273044E-025  7.49626884E-026  5.23103558E-026
  2.239000E+02  1.23458300E-025  7.24299263E-026  5.10283733E-026
  2.265000E+02  1.19803906E-025  6.99834736E-026  4.98204322E-026
  2.291000E+02  1.16290053E-025  6.76209256E-026  4.86691271E-026
  2.317000E+02  1.12863924E-025  6.53398691E-026  4.75240545E-026
  2.344000E+02  1.09397880E-025  6.30547493E-026  4.63431303E-026
  2.371000E+02  1.06024264E-025  6.08522264E-026  4.51720378E-026
  2.399000E+02  1.02621933E-025  5.86525256E-026  4.39694071E-026
  2.427000E+02  9.93184172E-026  5.65358619E-026  4.27825553E-026
  2.455000E+02  9.61100304E-026  5.44993511E-026  4.16106793E-026
  2.483000E+02  9.29928339E-026  5.25401623E-026  4.04526716E-026
  2.512000E+02  8.98620705E-026  5.06226501E-026  3.92394204E-026
  2.541000E+02  8.68484972E-026  4.88250618E-026  3.80234354E-026
  2.570000E+02  8.39232441E-026  4.70946269E-026  3.68286173E-026
  2.600000E+02  8.09886936E-026  4.53726982E-026  3.56159954E-026
  2.630000E+02  7.82061148E-026  4.37175904E-026  3.44885243E-026
  2.661000E+02  7.54214147E-026  4.20748763E-026  3.33465384E-026
  2.691000E+02  7.28121788E-026  4.05480535E-026  3.22641253E-026
  2.723000E+02  7.01195022E-026  3.89849581E-026  3.11345441E-026
  2.754000E+02  6.76112380E-026  3.75326433E-026  3.00785946E-026
  2.786000E+02  6.51933703E-026  3.60947990E-026  2.90985712E-026
  2.818000E+02  6.28575600E-026  3.47166812E-026  2.81408788E-026
  2.851000E+02  6.05321356E-026  3.33554042E-026  2.71767314E-026
  2.884000E+02  5.82887681E-026  3.20523382E-026  2.62364299E-026
  2.917000E+02  5.61248570E-026  3.08049378E-026  2.53199192E-026
  2.951000E+02  5.39757741E-026  2.95753780E-026  2.44003961E-026
  2.985000E+02  5.19055704E-026  2.83997502E-026  2.35058203E-026
  3.020000E+02  4.99377030E-026  2.72626899E-026  2.26750131E-026
  3.055000E+02  4.81030538E-026  2.61893955E-026  2.19136583E-026
  3.090000E+02  4.63357414E-026  2.51626466E-026  2.11730948E-026
  3.126000E+02  4.45856993E-026  2.41529079E-026  2.04327914E-026
  3.162000E+02  4.29018965E-026  2.31879993E-026  1.97138972E-026
  3.199000E+02  4.12377842E-026  2.22408038E-026  1.89969804E-026
  3.236000E+02  3.96385001E-026  2.13365875E-026  1.83019126E-026
  3.273000E+02  3.81015535E-026  2.04732848E-026  1.76282687E-026
  3.311000E+02  3.65854237E-026  1.96271711E-026  1.69582526E-026
  3.350000E+02  3.50924731E-026  1.87993799E-026  1.62930933E-026
  3.388000E+02  3.36967736E-026  1.80303932E-026  1.56663805E-026
  3.428000E+02  3.22878919E-026  1.72589763E-026  1.50289157E-026
  3.467000E+02  3.09712794E-026  1.65425124E-026  1.44287670E-026
  3.508000E+02  2.96826490E-026  1.58253124E-026  1.38573366E-026
  3.548000E+02  2.85202225E-026  1.51615094E-026  1.33587131E-026
  3.589000E+02  2.73915485E-026  1.45266765E-026  1.28648720E-026
  3.631000E+02  2.62839634E-026  1.39073938E-026  1.23765696E-026
  3.673000E+02  2.52234162E-026  1.33178870E-026  1.19055292E-026
  3.715000E+02  2.42078168E-026  1.27565996E-026  1.14512172E-026
  3.758000E+02  2.32125152E-026  1.22096472E-026  1.10028680E-026
  3.802000E+02  2.22385297E-026  1.16774413E-026  1.05610884E-026
  3.846000E+02  2.13074382E-026  1.11715210E-026  1.01359172E-026
  3.890000E+02  2.04172425E-026  1.06904642E-026  9.72677832E-027
  3.935000E+02  1.95471312E-026  1.02227946E-026  9.32433653E-027
  3.981000E+02  1.86978181E-026  9.76875615E-027  8.92906197E-027
  4.027000E+02  1.79206946E-026  9.33765715E-027  8.58303742E-027
  4.074000E+02  1.71673163E-026  8.91955073E-027  8.24776555E-027
  4.121000E+02  1.64482699E-026  8.52277788E-027  7.92549203E-027
  4.169000E+02  1.57541047E-026  8.14483980E-027  7.60926493E-027
  4.217000E+02  1.50936128E-026  7.78804158E-027  7.30557118E-027
  4.266000E+02  1.44501817E-026  7.44221526E-027  7.00796639E-027
  4.315000E+02  1.38363416E-026  7.11393942E-027  6.72240218E-027
  4.365000E+02  1.32389450E-026  6.79603008E-027  6.44291492E-027
  4.416000E+02  1.26582182E-026  6.48850750E-027  6.16971067E-027
  4.467000E+02  1.21049108E-026  6.19692150E-027  5.90798927E-027
  4.519000E+02  1.15802941E-026  5.91507447E-027  5.66521966E-027
  4.571000E+02  1.10874757E-026  5.64792740E-027  5.43954828E-027
  4.624000E+02  1.06089944E-026  5.38988458E-027  5.21910979E-027
  4.677000E+02  1.01532936E-026  5.14537752E-027  5.00791606E-027
  4.731000E+02  9.71118553E-027  4.90935800E-027  4.80182753E-027
  4.786000E+02  9.28268810E-027  4.68175450E-027  4.60093359E-027
  4.842000E+02  8.86778132E-027  4.46247540E-027  4.40530593E-027
  4.898000E+02  8.47327597E-027  4.25501205E-027  4.21826392E-027
  4.955000E+02  8.09153050E-027  4.05524178E-027  4.03628872E-027
  5.012000E+02  7.73229247E-027  3.86753715E-027  3.86475532E-027
  5.070000E+02  7.39720021E-027  3.69108921E-027  3.70611099E-027
  5.129000E+02  7.07296774E-027  3.52112430E-027  3.55184344E-027
  5.188000E+02  6.76460054E-027  3.36019171E-027  3.40440883E-027
  5.248000E+02  6.46638618E-027  3.20523846E-027  3.26114772E-027
  5.309000E+02  6.17822404E-027  3.05616059E-027  3.12206345E-027
  5.370000E+02  5.90436973E-027  2.91509408E-027  2.98927564E-027
  5.432000E+02  5.63987129E-027  2.77942516E-027  2.86044613E-027
  5.495000E+02  5.38598704E-027  2.64904390E-027  2.73694314E-027
  5.559000E+02  5.14594670E-027  2.52383403E-027  2.62211267E-027
  5.623000E+02  4.91798985E-027  2.40547118E-027  2.51251867E-027
  5.688000E+02  4.69813635E-027  2.29183290E-027  2.40630345E-027
  5.754000E+02  4.48624253E-027  2.18280356E-027  2.30343896E-027
  5.821000E+02  4.28215530E-027  2.07826390E-027  2.20389140E-027
  5.888000E+02  4.08852723E-027  1.97952343E-027  2.10900379E-027
  5.957000E+02  3.89941524E-027  1.88351352E-027  2.01590171E-027
  6.026000E+02  3.72190269E-027  1.79289992E-027  1.92900277E-027
  6.095000E+02  3.55443494E-027  1.70733982E-027  1.84709512E-027
  6.166000E+02  3.39103456E-027  1.62423931E-027  1.76679524E-027
  6.237000E+02  3.23680179E-027  1.54582959E-027  1.69097220E-027
  6.310000E+02  3.08709691E-027  1.46978688E-027  1.61731003E-027
  6.383000E+02  2.94534781E-027  1.39808415E-027  1.54726366E-027
  6.457000E+02  2.81016694E-027  1.32954135E-027  1.48062559E-027
  6.531000E+02  2.68207293E-027  1.26489923E-027  1.41717370E-027
  6.607000E+02  2.55773816E-027  1.20230630E-027  1.35543186E-027
  6.683000E+02  2.44042154E-027  1.14331005E-027  1.29711149E-027
  6.761000E+02  2.32641768E-027  1.08625562E-027  1.24016206E-027
  6.839000E+02  2.21909182E-027  1.03250846E-027  1.18658336E-027
  6.918000E+02  2.11634629E-027  9.81220971E-028  1.13512531E-027
  6.998000E+02  2.01786096E-027  9.32300426E-028  1.08556053E-027
  7.080000E+02  1.92485400E-027  8.86608328E-028  1.03824567E-027
  7.161000E+02  1.83791110E-027  8.44084245E-028  9.93826859E-028
  7.244000E+02  1.75350879E-027  8.02973656E-028  9.50535129E-028
  7.328000E+02  1.67262840E-027  7.63742032E-028  9.08886369E-028
  7.413000E+02  1.59515009E-027  7.26315994E-028  8.68834101E-028
  7.499000E+02  1.52095591E-027  6.90623900E-028  8.30332009E-028
  7.586000E+02  1.45067699E-027  6.56595889E-028  7.94081105E-028
  7.674000E+02  1.38341798E-027  6.24163936E-028  7.59254043E-028
  7.762000E+02  1.31975892E-027  5.93599017E-028  7.26159900E-028
  7.852000E+02  1.25814748E-027  5.64143181E-028  6.94004298E-028
  7.943000E+02  1.19922255E-027  5.36091934E-028  6.63130613E-028
  8.035000E+02  1.14328696E-027  5.09384917E-028  6.33902039E-028
  8.128000E+02  1.09000314E-027  4.83963724E-028  6.06039416E-028
  8.222000E+02  1.03906977E-027  4.59771917E-028  5.79297850E-028
  8.318000E+02  9.89896190E-028  4.36520017E-028  5.53376173E-028
  8.414000E+02  9.43415764E-028  4.14639199E-028  5.28776565E-028
  8.511000E+02  8.99014586E-028  3.93829233E-028  5.05185353E-028
  8.610000E+02  8.56187626E-028  3.73845575E-028  4.82342051E-028
  8.710000E+02  8.15319937E-028  3.54860315E-028  4.60459622E-028
  8.810000E+02  7.76703897E-028  3.36999530E-028  4.39704367E-028
  8.912000E+02  7.39488128E-028  3.19861326E-028  4.19626803E-028
  9.016000E+02  7.03741501E-028  3.03433345E-028  4.00308156E-028
  9.120000E+02  6.70356738E-028  2.87989520E-028  3.82367218E-028
  9.226000E+02  6.38220487E-028  2.73191906E-028  3.65028581E-028
  9.333000E+02  6.07592699E-028  2.59154090E-028  3.48438609E-028
  9.441000E+02  5.78405742E-028  2.45838270E-028  3.32567473E-028
  9.550000E+02  5.50594706E-028  2.33208380E-028  3.17386326E-028
  9.660000E+02  5.24097291E-028  2.21230009E-028  3.02867282E-028
  9.772000E+02  4.98632856E-028  2.09771171E-028  2.88861685E-028
  9.885000E+02  4.74389823E-028  1.98911755E-028  2.75478068E-028
  1.000000E+03  4.51122037E-028  1.88535997E-028  2.62586040E-028
  1.012000E+03  4.28894564E-028  1.78605273E-028  2.50289291E-028
  1.023000E+03  4.09642077E-028  1.70040158E-028  2.39601919E-028
  1.035000E+03  3.89785529E-028  1.61243209E-028  2.28542321E-028
  1.047000E+03  3.71048942E-028  1.52978185E-028  2.18070757E-028
  1.059000E+03  3.53359766E-028  1.45208366E-028  2.08151400E-028
  1.072000E+03  3.35300588E-028  1.37310659E-028  1.97989929E-028
  1.084000E+03  3.19583177E-028  1.30466717E-028  1.89116460E-028
  1.096000E+03  3.04721038E-028  1.24021619E-028  1.80699419E-028
  1.109000E+03  2.89523655E-028  1.17458773E-028  1.72064882E-028
  1.122000E+03  2.75204419E-028  1.11301757E-028  1.63902661E-028
  1.135000E+03  2.61705124E-028  1.05521929E-028  1.56183196E-028
  1.148000E+03  2.48971921E-028  1.00092905E-028  1.48879015E-028
  1.161000E+03  2.36954951E-028  9.49903802E-029  1.41964571E-028
  1.175000E+03  2.24761684E-028  8.98348136E-029  1.34926870E-028
  1.188000E+03  2.14088525E-028  8.53407419E-029  1.28747783E-028
  1.202000E+03  2.03268963E-028  8.07987477E-029  1.22470215E-028
  1.216000E+03  1.93225139E-028  7.65673283E-029  1.16657810E-028
  1.230000E+03  1.83757016E-028  7.25950235E-029  1.11161992E-028
  1.244000E+03  1.74878152E-028  6.88744556E-029  1.06003696E-028
  1.259000E+03  1.66041424E-028  6.51608671E-029  1.00880556E-028
  1.274000E+03  1.57725826E-028  6.16815664E-029  9.60442595E-029
  1.288000E+03  1.50403531E-028  5.86306727E-029  9.17728584E-029
  1.303000E+03  1.42997552E-028  5.55576273E-029  8.74399243E-029
  1.318000E+03  1.36016440E-028  5.26730781E-029  8.33433619E-029
  1.334000E+03  1.29006665E-028  4.97891168E-029  7.92175482E-029
  1.349000E+03  1.22817105E-028  4.72534097E-029  7.55636950E-029
  1.365000E+03  1.16594961E-028  4.47150057E-029  7.18799553E-029
  1.380000E+03  1.11094658E-028  4.24803504E-029  6.86143079E-029
  1.396000E+03  1.05559285E-028  4.02405936E-029  6.53186911E-029
  1.412000E+03  1.00343758E-028  3.81390004E-029  6.22047578E-029
  1.429000E+03  9.51289988E-029  3.60465608E-029  5.90824381E-029
  1.445000E+03  9.05078826E-029  3.42000251E-029  5.63078575E-029
  1.462000E+03  8.58821212E-029  3.23591881E-029  5.35229332E-029
  1.479000E+03  8.15295082E-029  3.06342415E-029  5.08952667E-029
  1.496000E+03  7.74315381E-029  2.90168492E-029  4.84146890E-029
  1.514000E+03  7.34725066E-029  2.74352996E-029  4.60372070E-029
  1.531000E+03  6.99814428E-029  2.60399703E-029  4.39414725E-029
  1.549000E+03  6.64967904E-029  2.46531123E-029  4.18436781E-029
  1.567000E+03  6.32154223E-029  2.33527953E-029  3.98626270E-029
  1.585000E+03  6.01236546E-029  2.21328373E-029  3.79908173E-029
  1.603000E+03  5.72088478E-029  2.09875524E-029  3.62212954E-029
  1.622000E+03  5.43111909E-029  1.98538759E-029  3.44573149E-029
  1.641000E+03  5.15850085E-029  1.87919174E-029  3.27930911E-029
  1.660000E+03  4.90186030E-029  1.77964849E-029  3.12221182E-029
  1.679000E+03  4.66011828E-029  1.68628091E-029  2.97383737E-029
  1.698000E+03  4.43227817E-029  1.59865056E-029  2.83362761E-029
  1.718000E+03  4.20645365E-029  1.51216314E-029  2.69429052E-029
  1.738000E+03  3.99402133E-029  1.43115356E-029  2.56286777E-029
  1.758000E+03  3.79406698E-029  1.35522495E-029  2.43884203E-029
  1.778000E+03  3.60574701E-029  1.28401274E-029  2.32173428E-029
  1.799000E+03  3.41968107E-029  1.21394959E-029  2.20573148E-029
  1.820000E+03  3.24475197E-029  1.14836074E-029  2.09639123E-029
  1.841000E+03  3.08019336E-029  1.08691946E-029  1.99327390E-029
  1.862000E+03  2.92529856E-029  1.02932580E-029  1.89597277E-029
  1.884000E+03  2.77268294E-029  9.72816441E-030  1.79986650E-029
  1.906000E+03  2.62926677E-029  9.19936883E-030  1.70932989E-029
  1.928000E+03  2.49441343E-029  8.70420593E-030  1.62399284E-029
  1.950000E+03  2.36753608E-029  8.24023004E-030  1.54351307E-029
  1.972000E+03  2.24809341E-029  7.80519546E-030  1.46757387E-029
  1.995000E+03  2.13062885E-029  7.37909299E-030  1.39271955E-029
  2.018000E+03  2.02563339E-029  7.00364645E-030  1.32526875E-029
  2.042000E+03  1.92403505E-029  6.64250043E-030  1.25978501E-029
  2.065000E+03  1.83228990E-029  6.31718132E-030  1.20057177E-029
  2.089000E+03  1.74202562E-029  5.99788218E-030  1.14223740E-029
  2.114000E+03  1.65353969E-029  5.68563985E-030  1.08497571E-029
  2.138000E+03  1.57355087E-029  5.40405677E-030  1.03314519E-029
  2.163000E+03  1.49504261E-029  5.12833077E-030  9.82209535E-030
  2.188000E+03  1.42111579E-029  4.86929906E-030  9.34185886E-030
  2.213000E+03  1.35146140E-029  4.62579162E-030  8.88882241E-030
  2.239000E+03  1.28324655E-029  4.38785516E-030  8.44461038E-030
  2.265000E+03  1.21904821E-029  4.16443132E-030  8.02605078E-030
  2.291000E+03  1.15859332E-029  3.95449596E-030  7.63143719E-030
  2.317000E+03  1.10162994E-029  3.75710700E-030  7.25919235E-030
  2.344000E+03  1.04592195E-029  3.56447660E-030  6.89474292E-030
  2.371000E+03  9.93487936E-030  3.38354766E-030  6.55133170E-030
  2.399000E+03  9.42333012E-030  3.20739912E-030  6.21593101E-030
  2.427000E+03  8.94232605E-030  3.04210911E-030  5.90021694E-030
  2.455000E+03  8.48976663E-030  2.88690420E-030  5.60286243E-030
  2.483000E+03  8.06511805E-030  2.74107332E-030  5.32404473E-030
  2.512000E+03  7.66155348E-030  2.59921897E-030  5.06233451E-030
  2.541000E+03  7.28167689E-030  2.46605043E-030  4.81562646E-030
  2.570000E+03  6.92387991E-030  2.34095346E-030  4.58292645E-030
  2.600000E+03  6.57540119E-030  2.21943569E-030  4.35596550E-030
  2.630000E+03  6.24744798E-030  2.10537636E-030  4.14207162E-030
  2.661000E+03  5.92864314E-030  1.99478962E-030  3.93385353E-030
  2.692000E+03  5.62884343E-030  1.89106731E-030  3.73777611E-030
  2.723000E+03  5.34674070E-030  1.79371783E-030  3.55302287E-030
  2.754000E+03  5.08112889E-030  1.70228941E-030  3.37883949E-030
  2.786000E+03  4.82306777E-030  1.61368215E-030  3.20938562E-030
  2.818000E+03  4.58026512E-030  1.53052149E-030  3.04974363E-030
  2.851000E+03  4.34475577E-030  1.45005827E-030  2.89469750E-030
  2.884000E+03  4.12331615E-030  1.37458804E-030  2.74872811E-030
  2.917000E+03  3.91497780E-030  1.30375364E-030  2.61122417E-030
  2.951000E+03  3.71308635E-030  1.23527488E-030  2.47781147E-030
  2.985000E+03  3.52325497E-030  1.17103910E-030  2.35221587E-030
  3.020000E+03  3.34301364E-030  1.10902673E-030  2.23398691E-030
  3.055000E+03  3.17597341E-030  1.05088638E-030  2.12508703E-030
  3.090000E+03  3.01874873E-030  9.96339595E-031  2.02240913E-030
  3.126000E+03  2.86656936E-030  9.43714156E-031  1.92285520E-030
  3.162000E+03  2.72339869E-030  8.94364399E-031  1.82903429E-030
  3.199000E+03  2.58499012E-030  8.46810545E-031  1.73817958E-030
  3.236000E+03  2.45482923E-030  8.02235123E-031  1.65259411E-030
  3.273000E+03  2.33234782E-030  7.60423440E-031  1.57192438E-030
  3.311000E+03  2.21399997E-030  7.20151544E-031  1.49384842E-030
  3.350000E+03  2.09983812E-030  6.81429269E-031  1.41840885E-030
  3.388000E+03  1.99522496E-030  6.46058486E-031  1.34916648E-030
  3.428000E+03  1.89167511E-030  6.11158072E-031  1.28051704E-030
  3.467000E+03  1.79675444E-030  5.79267122E-031  1.21748732E-030
  3.508000E+03  1.70294743E-030  5.47849537E-031  1.15509789E-030
  3.548000E+03  1.61692833E-030  5.19130683E-031  1.09779765E-030
  3.589000E+03  1.53400406E-030  4.91530539E-031  1.04247352E-030
  3.631000E+03  1.45418120E-030  4.65045307E-031  9.89135898E-031
  3.673000E+03  1.37918229E-030  4.40237705E-031  9.38944584E-031
  3.715000E+03  1.30867157E-030  4.16985667E-031  8.91685908E-031
  3.758000E+03  1.24080905E-030  3.94674609E-031  8.46134439E-031
  3.802000E+03  1.17558408E-030  3.73295925E-031  8.02288151E-031
  3.846000E+03  1.11432443E-030  3.53277608E-031  7.61046821E-031
  3.890000E+03  1.05675295E-030  3.34520286E-031  7.22232662E-031
  3.936000E+03  1.00023126E-030  3.16159744E-031  6.84071511E-031
  3.981000E+03  9.48311276E-031  2.99343770E-031  6.48967506E-031
  4.027000E+03  8.99534866E-031  2.83239012E-031  6.16295855E-031
  4.074000E+03  8.53429462E-031  2.67834103E-031  5.85595359E-031
  4.121000E+03  8.10095768E-031  2.53412486E-031  5.56683282E-031
  4.169000E+03  7.68500757E-031  2.39624117E-031  5.28876640E-031
  4.217000E+03  7.29407002E-031  2.26715956E-031  5.02691046E-031
  4.266000E+03  6.91898362E-031  2.14379882E-031  4.77518480E-031
  4.315000E+03  6.56645139E-031  2.02831098E-031  4.53814041E-031
  4.365000E+03  6.22834938E-031  1.91798418E-031  4.31036520E-031
  4.416000E+03  5.90441210E-031  1.81269648E-031  4.09171562E-031
  4.467000E+03  5.60012455E-031  1.71418447E-031  3.88594008E-031
  4.519000E+03  5.30867793E-031  1.62019949E-031  3.68847844E-031
  4.571000E+03  5.03488998E-031  1.53225388E-031  3.50263610E-031
  4.624000E+03  4.77273151E-031  1.44837140E-031  3.32436010E-031
  4.677000E+03  4.52643532E-031  1.36986961E-031  3.15656572E-031
  4.732000E+03  4.28643374E-031  1.29367162E-031  2.99276212E-031
  4.786000E+03  4.06515822E-031  1.22369096E-031  2.84146727E-031
  4.842000E+03  3.84965490E-031  1.15579804E-031  2.69385685E-031
  4.898000E+03  3.64737156E-031  1.09231602E-031  2.55505553E-031
  4.954000E+03  3.45737566E-031  1.03291682E-031  2.42445884E-031
  5.012000E+03  3.27389116E-031  9.75379953E-032  2.29851121E-031
  5.070000E+03  3.10599329E-031  9.21594572E-032  2.18439872E-031
  5.129000E+03  2.94555993E-031  8.70442209E-032  2.07511772E-031
  5.188000E+03  2.79483992E-031  8.22612502E-032  1.97222742E-031
  5.248000E+03  2.65082641E-031  7.77125134E-032  1.87370128E-031
  5.309000E+03  2.51331279E-031  7.33895439E-032  1.77941735E-031
  5.370000E+03  2.38414124E-031  6.93479053E-032  1.69066219E-031
  5.432000E+03  2.26079868E-031  6.55067276E-032  1.60573141E-031
  5.495000E+03  2.14309511E-031  6.18584124E-032  1.52451098E-031
  5.559000E+03  2.03083957E-031  5.83954078E-032  1.44688550E-031
  5.623000E+03  1.92543634E-031  5.51591001E-032  1.37384534E-031
  5.688000E+03  1.82490387E-031  5.20868124E-032  1.30403574E-031
  5.754000E+03  1.72907023E-031  4.91718904E-032  1.23735133E-031
  5.821000E+03  1.63776448E-031  4.64077800E-032  1.17368668E-031
  5.888000E+03  1.55205605E-031  4.38252842E-032  1.11380320E-031
  5.957000E+03  1.46922282E-031  4.13411396E-032  1.05581142E-031
  6.026000E+03  1.39151073E-031  3.90215356E-032  1.00129537E-031
  6.095000E+03  1.31855556E-031  3.68540200E-032  9.50015364E-032
  6.166000E+03  1.24809877E-031  3.47704420E-032  9.00394345E-032
  6.237000E+03  1.18287183E-031  3.28244843E-032  8.54626990E-032
  6.310000E+03  1.12069710E-031  3.09562793E-032  8.11134309E-032
  6.383000E+03  1.06234211E-031  2.92122687E-032  7.70219426E-032
  6.456000E+03  1.00753600E-031  2.75830237E-032  7.31705759E-032
  6.531000E+03  9.54662728E-032  2.60196075E-032  6.94466653E-032
  6.607000E+03  9.04383236E-032  2.45408744E-032  6.58974492E-032
  6.683000E+03  8.57188069E-032  2.31602732E-032  6.25585337E-032
  6.761000E+03  8.11729380E-032  2.18375862E-032  5.93353518E-032
  6.839000E+03  7.69073134E-032  2.06030900E-032  5.63042234E-032
  6.918000E+03  7.28522887E-032  1.94357923E-032  5.34164964E-032
  6.998000E+03  6.89986472E-032  1.83323740E-032  5.06662732E-032
  7.080000E+03  6.53883080E-032  1.72772140E-032  4.81110940E-032
  7.161000E+03  6.20430484E-032  1.63045343E-032  4.57385141E-032
  7.244000E+03  5.88235888E-032  1.53741059E-032  4.34494829E-032
  7.328000E+03  5.57648901E-032  1.44955401E-032  4.12693499E-032
  7.413000E+03  5.28595688E-032  1.36661397E-032  3.91934291E-032
  7.499000E+03  5.01005124E-032  1.28833251E-032  3.72171873E-032
  7.586000E+03  4.74808794E-032  1.21446323E-032  3.53362472E-032
  7.674000E+03  4.49940917E-032  1.14477096E-032  3.35463821E-032
  7.762000E+03  4.26595296E-032  1.07974498E-032  3.18620797E-032
  7.852000E+03  4.04181553E-032  1.01769652E-032  3.02411901E-032
  7.943000E+03  3.82915330E-032  9.59186943E-033  2.86996635E-032
  8.035000E+03  3.62740890E-032  9.04022551E-033  2.72338635E-032
  8.128000E+03  3.43604871E-032  8.52019132E-033  2.58402958E-032
  8.222000E+03  3.25456216E-032  8.03001725E-033  2.45156043E-032
  8.318000E+03  3.08070709E-032  7.56334835E-033  2.32437225E-032
  8.414000E+03  2.91763334E-032  7.12831214E-033  2.20480213E-032
  8.511000E+03  2.76302657E-032  6.71838215E-033  2.09118836E-032
  8.610000E+03  2.61501396E-032  6.32833865E-033  1.98218009E-032
  8.710000E+03  2.47481789E-032  5.96116009E-033  1.87870188E-032
  8.810000E+03  2.34330863E-032  5.61882856E-033  1.78142577E-032
  8.912000E+03  2.21747661E-032  5.29326103E-033  1.68815051E-032
  9.016000E+03  2.09770485E-032  4.98395043E-033  1.59930981E-032
  9.120000E+03  1.98763670E-032  4.69571780E-033  1.51806492E-032
  9.226000E+03  1.88237976E-032  4.42193756E-033  1.44018600E-032
  9.332000E+03  1.78361681E-032  4.16677271E-033  1.36693954E-032
  9.441000E+03  1.68834466E-032  3.92228177E-033  1.29611648E-032
  9.550000E+03  1.59898925E-032  3.69451966E-033  1.22953728E-032
  9.660000E+03  1.51438183E-032  3.48030166E-033  1.16635166E-032
  9.772000E+03  1.43357093E-032  3.27706531E-033  1.10586440E-032
  9.886000E+03  1.35644724E-032  3.08440654E-033  1.04800659E-032
  1.000000E+04  1.28410347E-032  2.90495575E-033  9.93607891E-033
  1.012000E+04  1.21074557E-032  2.72919639E-033  9.37825930E-033
  1.023000E+04  1.14768876E-032  2.57899914E-033  8.89788849E-033
  1.035000E+04  1.08313849E-032  2.42612384E-033  8.40526103E-033
  1.047000E+04  1.02269569E-032  2.28381570E-033  7.94314123E-033
  1.059000E+04  9.66061996E-033  2.15124267E-033  7.50937729E-033
  1.072000E+04  9.08690113E-033  2.01772933E-033  7.06917181E-033
  1.084000E+04  8.59137971E-033  1.90307754E-033  6.68830217E-033
  1.096000E+04  8.12619442E-033  1.79602675E-033  6.33016767E-033
  1.109000E+04  7.66224823E-033  1.68796777E-033  5.97428047E-033
  1.122000E+04  7.23186772E-033  1.58749024E-033  5.64437748E-033
  1.135000E+04  6.82887987E-033  1.49398837E-033  5.33489150E-033
  1.148000E+04  6.45129309E-033  1.40691053E-033  5.04438257E-033
  1.161000E+04  6.09727940E-033  1.32575391E-033  4.77152549E-033
  1.175000E+04  5.74047336E-033  1.24445118E-033  4.49602218E-033
  1.188000E+04  5.43020776E-033  1.17417232E-033  4.25603544E-033
  1.202000E+04  5.11708882E-033  1.10365800E-033  4.01343082E-033
  1.216000E+04  4.82418259E-033  1.03808358E-033  3.78609901E-033
  1.230000E+04  4.55000471E-033  9.77054901E-034  3.57294980E-033
  1.244000E+04  4.29883804E-033  9.22452673E-034  3.37638537E-033
  1.259000E+04  4.06051372E-033  8.73255219E-034  3.18725850E-033
  1.274000E+04  3.83728720E-033  8.27194177E-034  3.01009302E-033
  1.288000E+04  3.64159489E-033  7.86828030E-034  2.85476686E-033
  1.303000E+04  3.44452674E-033  7.46188265E-034  2.69833847E-033
  1.318000E+04  3.25958738E-033  7.08056486E-034  2.55153089E-033
  1.334000E+04  3.07472553E-033  6.69944336E-034  2.40478119E-033
  1.349000E+04  2.91222027E-033  6.36441638E-034  2.27577863E-033
  1.365000E+04  2.74957470E-033  6.02907419E-034  2.14666729E-033
  1.380000E+04  2.60641985E-033  5.73386999E-034  2.03303286E-033
  1.396000E+04  2.46296661E-033  5.43797771E-034  1.91916884E-033
  1.412000E+04  2.32839056E-033  5.16030124E-034  1.81236043E-033
  1.429000E+04  2.19443044E-033  4.88377328E-034  1.70605311E-033
  1.445000E+04  2.07624092E-033  4.63966946E-034  1.61227397E-033
  1.462000E+04  1.95844531E-033  4.39622714E-034  1.51882260E-033
  1.479000E+04  1.84809567E-033  4.16800470E-034  1.43129520E-033
  1.496000E+04  1.74465704E-033  3.95389736E-034  1.34926731E-033
  1.514000E+04  1.64773456E-033  3.74145526E-034  1.27358903E-033
  1.531000E+04  1.56326289E-033  3.55330861E-034  1.20793203E-033
  1.549000E+04  1.47924592E-033  3.36635816E-034  1.14261010E-033
  1.567000E+04  1.40041508E-033  3.19111253E-034  1.08130383E-033
  1.585000E+04  1.32640258E-033  3.02672158E-034  1.02373042E-033
  1.603000E+04  1.25687020E-033  2.87240546E-034  9.69629654E-034
  1.622000E+04  1.18799170E-033  2.71965573E-034  9.16026125E-034
  1.641000E+04  1.12342181E-033  2.57656162E-034  8.65765652E-034
  1.660000E+04  1.06285163E-033  2.44241562E-034  8.18610064E-034
  1.679000E+04  1.00599731E-033  2.31656933E-034  7.74340373E-034
  1.698000E+04  9.52597851E-034  2.19842757E-034  7.32755094E-034
  1.718000E+04  8.99856460E-034  2.08179115E-034  6.91677345E-034
  1.738000E+04  8.50419507E-034  1.97250157E-034  6.53169350E-034
  1.758000E+04  8.04050453E-034  1.87002294E-034  6.17048158E-034
  1.778000E+04  7.60531894E-034  1.77386379E-034  5.83145515E-034
  1.799000E+04  7.17686660E-034  1.67920482E-034  5.49766178E-034
  1.820000E+04  6.77551058E-034  1.59053692E-034  5.18497367E-034
  1.841000E+04  6.39929855E-034  1.50742137E-034  4.89187718E-034
  1.862000E+04  6.04643713E-034  1.42945589E-034  4.61698124E-034
  1.884000E+04  5.70002289E-034  1.35289969E-034  4.34712320E-034
  1.906000E+04  5.37568607E-034  1.28120159E-034  4.09448448E-034
  1.928000E+04  5.07182874E-034  1.21400518E-034  3.85782356E-034
  1.950000E+04  4.78698354E-034  1.15098366E-034  3.63599987E-034
  1.972000E+04  4.51980156E-034  1.09183717E-034  3.42796439E-034
  1.995000E+04  4.25801494E-034  1.03384679E-034  3.22416814E-034
  2.018000E+04  4.02738507E-034  9.79502044E-035  3.04788303E-034
  2.042000E+04  3.80589925E-034  9.26395228E-035  2.87950403E-034
  2.065000E+04  3.60672735E-034  8.78700492E-035  2.72802686E-034
  2.089000E+04  3.41157849E-034  8.32026516E-035  2.57955198E-034
  2.114000E+04  3.22108917E-034  7.86522220E-035  2.43456695E-034
  2.138000E+04  3.04961939E-034  7.45608275E-035  2.30401111E-034
  2.163000E+04  2.88202734E-034  7.05662665E-035  2.17636468E-034
  2.188000E+04  2.72488349E-034  6.68245965E-035  2.05663753E-034
  2.213000E+04  2.57744321E-034  6.33173451E-035  1.94426976E-034
  2.239000E+04  2.43366366E-034  5.99002781E-035  1.83466088E-034
  2.265000E+04  2.29893195E-034  5.67009711E-035  1.73192224E-034
  2.291000E+04  2.17259863E-034  5.37034227E-035  1.63556440E-034
  2.317000E+04  2.05406685E-034  5.08929626E-035  1.54513722E-034
  2.344000E+04  1.93864555E-034  4.81580063E-035  1.45706548E-034
  2.371000E+04  1.83048080E-034  4.55964684E-035  1.37451612E-034
  2.399000E+04  1.72542010E-034  4.31096912E-035  1.29432318E-034
  2.427000E+04  1.62707429E-034  4.07828509E-035  1.21924578E-034
  2.455000E+04  1.53495605E-034  3.86040993E-035  1.14891506E-034
  2.483000E+04  1.44921499E-034  3.65625809E-035  1.08358918E-034
  2.512000E+04  1.37040206E-034  3.45822126E-035  1.02457994E-034
  2.541000E+04  1.29648605E-034  3.27282434E-035  9.69203616E-035
  2.570000E+04  1.22711838E-034  3.09913858E-035  9.17204522E-035
  2.600000E+04  1.15980417E-034  2.93088189E-035  8.66715983E-035
  2.630000E+04  1.09668855E-034  2.77338310E-035  8.19350237E-035
  2.661000E+04  1.03556202E-034  2.62109608E-035  7.73452408E-035
  2.692000E+04  9.78295653E-035  2.47865198E-035  7.30430455E-035
  2.723000E+04  9.24611056E-035  2.34531910E-035  6.90079147E-035
  2.754000E+04  8.74252533E-035  2.22042724E-035  6.52209809E-035
  2.786000E+04  8.25509222E-035  2.09970938E-035  6.15538284E-035
  2.818000E+04  7.79822050E-035  1.98671183E-035  5.81150867E-035
  2.851000E+04  7.35677195E-035  1.87766888E-035  5.47910308E-035
  2.884000E+04  6.94330649E-035  1.77566295E-035  5.16764355E-035
  2.917000E+04  6.55580677E-035  1.68017224E-035  4.87563453E-035
  2.951000E+04  6.18176570E-035  1.58809743E-035  4.59366827E-035
  2.985000E+04  5.83145973E-035  1.50195231E-035  4.32950741E-035
  3.020000E+04  5.51075264E-035  1.41900506E-035  4.09174759E-035
  3.055000E+04  5.22206437E-035  1.34143887E-035  3.88062550E-035
  3.090000E+04  4.95098346E-035  1.26885296E-035  3.68213050E-035
  3.126000E+04  4.68922275E-035  1.19900250E-035  3.49022025E-035
  3.162000E+04  4.44354121E-035  1.13366688E-035  3.30987432E-035
  3.199000E+04  4.20659399E-035  1.07086908E-035  3.13572492E-035
  3.236000E+04  3.98429451E-035  1.01215398E-035  2.97214054E-035
  3.273000E+04  3.77560011E-035  9.57217066E-036  2.81838304E-035
  3.311000E+04  3.57442086E-035  9.04435343E-036  2.66998552E-035
  3.350000E+04  3.38081801E-035  8.53812626E-036  2.52700538E-035
  3.388000E+04  3.20382465E-035  8.07686363E-036  2.39613828E-035
  3.428000E+04  3.02904148E-035  7.62286229E-036  2.26675525E-035
  3.467000E+04  2.86920046E-035  7.20903559E-036  2.14829690E-035
  3.508000E+04  2.71160650E-035  6.80235571E-036  2.03137092E-035
  3.548000E+04  2.56743700E-035  6.43152309E-036  1.92428469E-035
  3.589000E+04  2.42877881E-035  6.07599830E-036  1.82117898E-035
  3.631000E+04  2.29562243E-035  5.73566791E-036  1.72205564E-035
  3.673000E+04  2.17081000E-035  5.41767072E-036  1.62904293E-035
  3.715000E+04  2.05374266E-035  5.12032803E-036  1.54170986E-035
  3.758000E+04  1.94133766E-035  4.83569979E-036  1.45776768E-035
  3.802000E+04  1.83355982E-035  4.56362255E-036  1.37719756E-035
  3.846000E+04  1.73257730E-035  4.30946914E-036  1.30163039E-035
  3.890000E+04  1.63790054E-035  4.07188775E-036  1.23071176E-035
  3.936000E+04  1.54517483E-035  3.83988480E-036  1.16118635E-035
  3.981000E+04  1.46020527E-035  3.62790232E-036  1.09741503E-035
