# Zubko/ZDA BARE-GR-S model SED (this work), Mathis ISRF U =  1.00
# solver = heuristic
# columns: lambda[um]  lamI_total/NH  lamI_PAH/NH  lamI_GRA/NH  lamI_SIL/NH
#          [erg s^-1 cm^-2 sr^-1 H^-1]
  1.000000E-03  0.00000000E+000  0.00000000E+000  0.00000000E+000  0.00000000E+000
  1.013520E-03  0.00000000E+000  0.00000000E+000  0.00000000E+000  0.00000000E+000
  1.027230E-03  0.00000000E+000  0.00000000E+000  0.00000000E+000  0.00000000E+000
  1.041120E-03  0.00000000E+000  0.00000000E+000  0.00000000E+000  0.00000000E+000
  1.055200E-03  0.00000000E+000  0.00000000E+000  0.00000000E+000  0.00000000E+000
  1.069470E-03  0.00000000E+000  0.00000000E+000  0.00000000E+000  0.00000000E+000
  1.083930E-03  0.00000000E+000  0.00000000E+000  0.00000000E+000  0.00000000E+000
  1.098580E-03  0.00000000E+000  0.00000000E+000  0.00000000E+000  0.00000000E+000
  1.113440E-03  0.00000000E+000  0.00000000E+000  0.00000000E+000  0.00000000E+000
  1.128500E-03  0.00000000E+000  0.00000000E+000  0.00000000E+000  0.00000000E+000
  1.143760E-03  0.00000000E+000  0.00000000E+000  0.00000000E+000  0.00000000E+000
  1.159220E-03  0.00000000E+000  0.00000000E+000  0.00000000E+000  0.00000000E+000
  1.174900E-03  0.00000000E+000  0.00000000E+000  0.00000000E+000  0.00000000E+000
  1.190780E-03  0.00000000E+000  0.00000000E+000  0.00000000E+000  0.00000000E+000
  1.206890E-03  0.00000000E+000  0.00000000E+000  0.00000000E+000  0.00000000E+000
  1.223210E-03  0.00000000E+000  0.00000000E+000  0.00000000E+000  0.00000000E+000
  1.239750E-03  0.00000000E+000  0.00000000E+000  0.00000000E+000  0.00000000E+000
  1.256510E-03  0.00000000E+000  0.00000000E+000  0.00000000E+000  0.00000000E+000
  1.273500E-03  0.00000000E+000  0.00000000E+000  0.00000000E+000  0.00000000E+000
  1.290720E-03  0.00000000E+000  0.00000000E+000  0.00000000E+000  0.00000000E+000
  1.308180E-03  0.00000000E+000  0.00000000E+000  0.00000000E+000  0.00000000E+000
  1.325870E-03  0.00000000E+000  0.00000000E+000  0.00000000E+000  0.00000000E+000
  1.343800E-03  0.00000000E+000  0.00000000E+000  0.00000000E+000  0.00000000E+000
  1.361970E-03  0.00000000E+000  0.00000000E+000  0.00000000E+000  0.00000000E+000
  1.380380E-03  0.00000000E+000  0.00000000E+000  0.00000000E+000  0.00000000E+000
  1.399050E-03  0.00000000E+000  0.00000000E+000  0.00000000E+000  0.00000000E+000
  1.417970E-03  0.00000000E+000  0.00000000E+000  0.00000000E+000  0.00000000E+000
  1.437140E-03  0.00000000E+000  0.00000000E+000  0.00000000E+000  0.00000000E+000
  1.456580E-03  0.00000000E+000  0.00000000E+000  0.00000000E+000  0.00000000E+000
  1.476270E-03  0.00000000E+000  0.00000000E+000  0.00000000E+000  0.00000000E+000
  1.496240E-03  0.00000000E+000  0.00000000E+000  0.00000000E+000  0.00000000E+000
  1.516470E-03  0.00000000E+000  0.00000000E+000  0.00000000E+000  0.00000000E+000
  1.536970E-03  0.00000000E+000  0.00000000E+000  0.00000000E+000  0.00000000E+000
  1.557760E-03  0.00000000E+000  0.00000000E+000  0.00000000E+000  0.00000000E+000
  1.578820E-03  0.00000000E+000  0.00000000E+000  0.00000000E+000  0.00000000E+000
  1.600170E-03  0.00000000E+000  0.00000000E+000  0.00000000E+000  0.00000000E+000
  1.621810E-03  0.00000000E+000  0.00000000E+000  0.00000000E+000  0.00000000E+000
  1.643740E-03  0.00000000E+000  0.00000000E+000  0.00000000E+000  0.00000000E+000
  1.665970E-03  0.00000000E+000  0.00000000E+000  0.00000000E+000  0.00000000E+000
  1.688500E-03  0.00000000E+000  0.00000000E+000  0.00000000E+000  0.00000000E+000
  1.711330E-03  0.00000000E+000  0.00000000E+000  0.00000000E+000  0.00000000E+000
  1.734470E-03  0.00000000E+000  0.00000000E+000  0.00000000E+000  0.00000000E+000
  1.757920E-03  0.00000000E+000  0.00000000E+000  0.00000000E+000  0.00000000E+000
  1.781690E-03  0.00000000E+000  0.00000000E+000  0.00000000E+000  0.00000000E+000
  1.805790E-03  0.00000000E+000  0.00000000E+000  0.00000000E+000  0.00000000E+000
  1.830210E-03  0.00000000E+000  0.00000000E+000  0.00000000E+000  0.00000000E+000
  1.854950E-03  0.00000000E+000  0.00000000E+000  0.00000000E+000  0.00000000E+000
  1.880040E-03  0.00000000E+000  0.00000000E+000  0.00000000E+000  0.00000000E+000
  1.905460E-03  0.00000000E+000  0.00000000E+000  0.00000000E+000  0.00000000E+000
  1.931230E-03  0.00000000E+000  0.00000000E+000  0.00000000E+000  0.00000000E+000
  1.957340E-03  0.00000000E+000  0.00000000E+000  0.00000000E+000  0.00000000E+000
  1.983810E-03  0.00000000E+000  0.00000000E+000  0.00000000E+000  0.00000000E+000
  2.010640E-03  0.00000000E+000  0.00000000E+000  0.00000000E+000  0.00000000E+000
  2.037820E-03  0.00000000E+000  0.00000000E+000  0.00000000E+000  0.00000000E+000
  2.065380E-03  0.00000000E+000  0.00000000E+000  0.00000000E+000  0.00000000E+000
  2.093310E-03  0.00000000E+000  0.00000000E+000  0.00000000E+000  0.00000000E+000
  2.121620E-03  0.00000000E+000  0.00000000E+000  0.00000000E+000  0.00000000E+000
  2.150300E-03  0.00000000E+000  0.00000000E+000  0.00000000E+000  0.00000000E+000
  2.179380E-03  0.00000000E+000  0.00000000E+000  0.00000000E+000  0.00000000E+000
  2.208850E-03  0.00000000E+000  0.00000000E+000  0.00000000E+000  0.00000000E+000
  2.238720E-03  0.00000000E+000  0.00000000E+000  0.00000000E+000  0.00000000E+000
  2.268990E-03  0.00000000E+000  0.00000000E+000  0.00000000E+000  0.00000000E+000
  2.299680E-03  0.00000000E+000  0.00000000E+000  0.00000000E+000  0.00000000E+000
  2.330770E-03  0.00000000E+000  0.00000000E+000  0.00000000E+000  0.00000000E+000
  2.362290E-03  0.00000000E+000  0.00000000E+000  0.00000000E+000  0.00000000E+000
  2.394230E-03  0.00000000E+000  0.00000000E+000  0.00000000E+000  0.00000000E+000
  2.426610E-03  0.00000000E+000  0.00000000E+000  0.00000000E+000  0.00000000E+000
  2.459420E-03  0.00000000E+000  0.00000000E+000  0.00000000E+000  0.00000000E+000
  2.492680E-03  0.00000000E+000  0.00000000E+000  0.00000000E+000  0.00000000E+000
  2.526390E-03  0.00000000E+000  0.00000000E+000  0.00000000E+000  0.00000000E+000
  2.560550E-03  0.00000000E+000  0.00000000E+000  0.00000000E+000  0.00000000E+000
  2.595180E-03  0.00000000E+000  0.00000000E+000  0.00000000E+000  0.00000000E+000
  2.630270E-03  0.00000000E+000  0.00000000E+000  0.00000000E+000  0.00000000E+000
  2.665840E-03  0.00000000E+000  0.00000000E+000  0.00000000E+000  0.00000000E+000
  2.701880E-03  0.00000000E+000  0.00000000E+000  0.00000000E+000  0.00000000E+000
  2.738420E-03  0.00000000E+000  0.00000000E+000  0.00000000E+000  0.00000000E+000
  2.775450E-03  0.00000000E+000  0.00000000E+000  0.00000000E+000  0.00000000E+000
  2.812980E-03  0.00000000E+000  0.00000000E+000  0.00000000E+000  0.00000000E+000
  2.851020E-03  0.00000000E+000  0.00000000E+000  0.00000000E+000  0.00000000E+000
  2.889570E-03  0.00000000E+000  0.00000000E+000  0.00000000E+000  0.00000000E+000
  2.928640E-03  0.00000000E+000  0.00000000E+000  0.00000000E+000  0.00000000E+000
  2.968250E-03  0.00000000E+000  0.00000000E+000  0.00000000E+000  0.00000000E+000
  3.008380E-03  0.00000000E+000  0.00000000E+000  0.00000000E+000  0.00000000E+000
  3.049070E-03  0.00000000E+000  0.00000000E+000  0.00000000E+000  0.00000000E+000
  3.090300E-03  0.00000000E+000  0.00000000E+000  0.00000000E+000  0.00000000E+000
  3.132080E-03  0.00000000E+000  0.00000000E+000  0.00000000E+000  0.00000000E+000
  3.174440E-03  0.00000000E+000  0.00000000E+000  0.00000000E+000  0.00000000E+000
  3.217360E-03  0.00000000E+000  0.00000000E+000  0.00000000E+000  0.00000000E+000
  3.260870E-03  0.00000000E+000  0.00000000E+000  0.00000000E+000  0.00000000E+000
  3.304960E-03  0.00000000E+000  0.00000000E+000  0.00000000E+000  0.00000000E+000
  3.349650E-03  0.00000000E+000  0.00000000E+000  0.00000000E+000  0.00000000E+000
  3.394950E-03  0.00000000E+000  0.00000000E+000  0.00000000E+000  0.00000000E+000
  3.440860E-03  0.00000000E+000  0.00000000E+000  0.00000000E+000  0.00000000E+000
  3.487390E-03  0.00000000E+000  0.00000000E+000  0.00000000E+000  0.00000000E+000
  3.534540E-03  0.00000000E+000  0.00000000E+000  0.00000000E+000  0.00000000E+000
  3.582340E-03  0.00000000E+000  0.00000000E+000  0.00000000E+000  0.00000000E+000
  3.630780E-03  0.00000000E+000  0.00000000E+000  0.00000000E+000  0.00000000E+000
  3.679880E-03  0.00000000E+000  0.00000000E+000  0.00000000E+000  0.00000000E+000
  3.729640E-03  0.00000000E+000  0.00000000E+000  0.00000000E+000  0.00000000E+000
  3.780070E-03  0.00000000E+000  0.00000000E+000  0.00000000E+000  0.00000000E+000
  3.831190E-03  0.00000000E+000  0.00000000E+000  0.00000000E+000  0.00000000E+000
  3.882990E-03  0.00000000E+000  0.00000000E+000  0.00000000E+000  0.00000000E+000
  3.935500E-03  0.00000000E+000  0.00000000E+000  0.00000000E+000  0.00000000E+000
  3.988720E-03  0.00000000E+000  0.00000000E+000  0.00000000E+000  0.00000000E+000
  4.042660E-03  0.00000000E+000  0.00000000E+000  0.00000000E+000  0.00000000E+000
  4.097320E-03  0.00000000E+000  0.00000000E+000  0.00000000E+000  0.00000000E+000
  4.152730E-03  0.00000000E+000  0.00000000E+000  0.00000000E+000  0.00000000E+000
  4.208880E-03  0.00000000E+000  0.00000000E+000  0.00000000E+000  0.00000000E+000
  4.265800E-03  9.43665384E-322  6.71929278E-322  0.00000000E+000  2.71736105E-322
  4.323480E-03  1.05997486E-317  8.41926398E-318  1.26233773E-320  2.16786124E-318
  4.381940E-03  1.83394333E-314  3.13789728E-315  4.70450790E-318  1.51968315E-314
  4.441200E-03  1.10223141E-310  1.54880566E-311  2.32205499E-314  9.47118636E-311
  4.501250E-03  6.11202558E-307  8.61541749E-308  1.29167098E-310  5.24919216E-307
  4.562120E-03  3.02017893E-303  4.27543967E-304  6.40997529E-307  2.59199396E-303
  4.623810E-03  1.33167852E-299  1.89293921E-300  2.83799901E-303  1.14210080E-299
  4.686340E-03  5.25268868E-296  7.49490811E-297  1.12367802E-299  4.50207419E-296
  4.749710E-03  1.85094514E-292  2.65035768E-293  3.97356263E-296  1.58551201E-292
  4.813930E-03  5.85020910E-289  8.42087898E-290  1.26250469E-292  5.00685870E-289
  4.879030E-03  1.66202281E-285  2.40584324E-286  3.60697306E-289  1.42107779E-285
  4.945000E-03  4.23466922E-282  6.16188148E-283  9.23823304E-286  3.61755725E-282
  5.011870E-03  9.73251812E-279  1.42004759E-279  2.12901378E-282  8.31034151E-279
  5.079640E-03  2.01441749E-275  2.94498038E-276  4.41527724E-279  1.71947793E-275
  5.148330E-03  3.76139282E-272  5.50905250E-273  8.25947578E-276  3.20966162E-272
  5.217950E-03  6.36189735E-269  9.36811105E-270  1.40451895E-272  5.42368172E-269
  5.288510E-03  9.73720548E-266  1.44272593E-266  2.16301439E-269  8.29231654E-266
  5.360020E-03  1.34879508E-262  2.00992773E-263  3.01339465E-266  1.14750097E-262
  5.432500E-03  1.69715101E-259  2.53852183E-260  3.80589212E-263  1.44291824E-259
  5.505960E-03  1.94076475E-256  2.90977648E-257  4.36249761E-260  1.64935085E-256
  5.580420E-03  2.01856648E-253  3.03307620E-254  4.54735535E-257  1.71480413E-253
  5.655880E-03  1.91181940E-250  2.88283517E-251  4.32210569E-254  1.62310368E-250
  5.732360E-03  1.65492501E-247  2.51342191E-248  3.76826093E-251  1.40320600E-247
  5.809870E-03  1.30648750E-244  1.99743999E-245  2.99467233E-248  1.10644403E-244
  5.888440E-03  9.43131555E-242  1.45081862E-242  2.17514739E-245  7.97832178E-242
  5.968060E-03  6.23374650E-239  9.62453696E-240  1.44296372E-242  5.26984984E-239
  6.048760E-03  3.77570686E-236  5.84649383E-237  8.76538632E-240  3.19018094E-236
  6.130560E-03  2.09797176E-233  3.25745111E-234  4.88375052E-237  1.77173828E-233
  6.213460E-03  1.07005381E-230  1.66684123E-231  2.49902037E-234  9.03119782E-231
  6.297480E-03  5.02707313E-228  7.88045965E-229  1.18148200E-231  4.23784568E-228
  6.382640E-03  2.17352088E-225  3.42664950E-226  5.13742196E-229  1.83034219E-225
  6.468940E-03  8.65186249E-223  1.37060342E-223  2.05488424E-226  7.27920418E-223
  6.556420E-03  3.18107147E-220  5.06698731E-221  7.59670672E-224  2.67361307E-220
  6.645080E-03  1.08110144E-217  1.73378059E-218  2.59937940E-221  9.07463440E-218
  6.734930E-03  3.39675781E-215  5.47543206E-216  8.20906928E-219  2.84839370E-215
  6.826010E-03  9.89948562E-213  1.60020273E-213  2.39911199E-216  8.29688377E-213
  6.918310E-03  2.67291111E-210  4.33114981E-211  6.49349793E-214  2.23914678E-210
  7.011860E-03  6.72614113E-208  1.08907921E-208  1.63280736E-211  5.63542911E-208
  7.106680E-03  1.57074997E-205  2.54212638E-206  3.81129530E-209  1.31615620E-205
  7.202780E-03  3.37004311E-203  5.52046265E-204  8.27657991E-207  2.81716919E-203
  7.300180E-03  6.71027587E-201  1.11427616E-201  1.67058372E-204  5.59432912E-201
  7.398890E-03  1.25104530E-198  2.09941473E-199  3.14755703E-202  1.04078907E-198
  7.498940E-03  2.19827951E-196  3.68294668E-197  5.52167390E-200  1.82943267E-196
  7.600350E-03  3.59339784E-194  6.02243394E-195  9.02915924E-198  2.99025153E-194
  7.703120E-03  5.38308092E-192  9.18075083E-193  1.37642769E-195  4.46362941E-192
  7.807280E-03  7.64613552E-190  1.31129600E-190  1.96596535E-193  6.33287355E-190
  7.912860E-03  1.04889628E-187  1.75556103E-188  2.63203077E-191  8.73076976E-188
  8.019860E-03  1.26879682E-185  2.19712188E-186  3.29404151E-189  1.04875522E-185
  8.128310E-03  1.42227356E-183  2.57425419E-184  3.85945705E-187  1.16446220E-183
  8.238220E-03  1.54435967E-181  2.82518584E-182  4.23566543E-185  1.26141752E-181
  8.349620E-03  1.58122839E-179  2.92230369E-180  4.38126767E-183  1.28855989E-179
  8.462530E-03  1.52026824E-177  2.84121479E-178  4.25969288E-181  1.23572080E-177
  8.576960E-03  1.37346380E-175  2.59358455E-176  3.88843080E-179  1.11371650E-175
  8.692940E-03  1.16987518E-173  2.22577626E-174  3.33699201E-177  9.46963858E-174
  8.810490E-03  9.38042297E-172  1.79727572E-172  2.69456096E-175  7.58045269E-172
  8.929630E-03  7.09468286E-170  1.37236554E-170  2.05751350E-173  5.72025982E-170
  9.050380E-03  5.06253851E-168  9.89793321E-169  1.48394200E-171  4.07126125E-168
  9.172760E-03  3.40824112E-166  6.73040884E-167  1.00905141E-169  2.73419118E-166
  9.296800E-03  2.19109480E-164  4.31968965E-165  6.47625199E-168  1.75847821E-164
  9.422510E-03  1.33142059E-162  2.61803129E-163  3.92505070E-166  1.06922496E-162
  9.549930E-03  7.65842849E-161  1.50150642E-161  2.25111021E-164  6.15467096E-161
  9.679060E-03  4.22386030E-159  8.19634712E-160  1.22882178E-162  3.40299677E-159
  9.809950E-03  2.24592307E-157  4.23593568E-158  6.35062922E-161  1.82169444E-157
  9.942600E-03  1.12183898E-155  2.07282451E-156  3.10762498E-159  9.14245762E-156
  1.007700E-02  5.04757493E-154  9.60308573E-155  1.43971109E-157  4.08582664E-154
  1.021330E-02  2.15818298E-152  4.23020161E-153  6.34196539E-156  1.73452862E-152
  1.035140E-02  8.67178175E-151  1.76892974E-151  2.65198703E-154  6.90020002E-151
  1.049140E-02  3.39126251E-149  7.07908432E-150  1.06129380E-152  2.68229278E-149
  1.063330E-02  1.30925622E-147  2.69256311E-148  4.03665705E-151  1.03959625E-147
  1.077710E-02  4.89432301E-146  9.73502518E-147  1.45945300E-149  3.91936104E-146
  1.092280E-02  1.71466681E-144  3.34630272E-145  5.01666322E-148  1.37953488E-144
  1.107050E-02  5.33712799E-143  1.09633947E-143  1.64358064E-146  4.23914495E-143
  1.122020E-02  1.61465561E-141  3.42375038E-142  5.13267577E-145  1.27176730E-141
  1.137190E-02  4.83136285E-140  1.02485235E-140  1.53637868E-143  3.80497412E-140
  1.152570E-02  1.46360915E-138  2.93791837E-139  4.40424358E-142  1.16937689E-138
  1.168150E-02  4.68757679E-137  8.02608230E-138  1.20317609E-140  3.88376539E-137
  1.183950E-02  1.05592515E-135  2.09858194E-136  3.14589894E-139  8.45752366E-136
  1.199960E-02  2.05879606E-134  5.24131687E-135  7.85690858E-138  1.53387869E-134
  1.216190E-02  4.62252642E-133  1.25301241E-133  1.87827085E-136  3.36763574E-133
  1.232630E-02  1.03536693E-131  2.86211817E-132  4.29023422E-135  7.48726093E-132
  1.249300E-02  2.22602011E-130  6.29379042E-131  9.43398635E-134  1.59569767E-130
  1.266190E-02  4.64752563E-129  1.32842386E-129  1.99116841E-132  3.31711060E-129
  1.283320E-02  9.27403338E-128  2.69322830E-128  4.03674735E-131  6.57676833E-128
  1.300670E-02  1.77797940E-126  5.22700939E-127  7.83424888E-130  1.25449504E-126
  1.318260E-02  3.36907621E-125  9.77925533E-126  1.46566267E-128  2.38968501E-125
  1.336080E-02  5.88498030E-124  1.75649781E-124  2.63243926E-127  4.12585005E-124
  1.354150E-02  9.79761003E-123  3.03521606E-123  4.54863462E-126  6.75784534E-123
  1.372460E-02  1.60440433E-121  5.03829539E-122  7.55011922E-125  1.09981978E-121
  1.391020E-02  2.54703565E-120  8.07474771E-121  1.20997323E-123  1.73835090E-120
  1.409830E-02  3.89482789E-119  1.24657830E-119  1.86784436E-122  2.64638175E-119
  1.428890E-02  5.74284453E-118  1.85145926E-118  2.77400429E-121  3.88861127E-118
  1.448220E-02  8.17611207E-117  2.65311123E-117  3.97482100E-120  5.51902603E-117
  1.467800E-02  1.12076328E-115  3.66752581E-116  5.49416348E-119  7.53461283E-116
  1.487650E-02  1.48351559E-114  4.90469695E-115  7.34689346E-118  9.92311202E-115
  1.507760E-02  1.89509145E-113  6.31953269E-114  9.46534333E-117  1.26219165E-113
  1.528150E-02  2.34046809E-112  7.86551693E-113  1.17797187E-115  1.55273843E-112
  1.548820E-02  2.79380017E-111  9.45700120E-112  1.41616379E-114  1.84668389E-111
  1.569760E-02  3.22469553E-110  1.10297932E-110  1.65148911E-113  2.12006472E-110
  1.590990E-02  3.60110116E-109  1.24422246E-109  1.86273156E-112  2.35501597E-109
  1.612500E-02  3.88729553E-108  1.35577001E-108  2.02944588E-111  2.52949608E-108
  1.634310E-02  4.06487589E-107  1.43028402E-107  2.14066114E-110  2.63245121E-107
  1.656410E-02  4.12311127E-106  1.46066313E-106  2.18577058E-109  2.66026237E-106
  1.678800E-02  4.09024441E-105  1.44983721E-105  2.16918694E-108  2.63823801E-105
  1.701510E-02  3.88527510E-104  1.39584749E-104  2.08801135E-107  2.48733959E-104
  1.724510E-02  3.56312202E-103  1.29978121E-103  1.94390910E-106  2.26139690E-103
  1.747830E-02  3.19216731E-102  1.17413504E-102  1.75560883E-105  2.01627666E-102
  1.771470E-02  2.78256226E-101  1.02903552E-101  1.53828527E-104  1.75198845E-101
  1.795420E-02  2.31998792E-100  8.79549154E-101  1.31448579E-103  1.43912428E-100
  1.819700E-02  1.88906887E-099  7.29793371E-100  1.09037757E-102  1.15818512E-099
  1.844310E-02  1.51315732E-098  5.87872041E-099  8.78076892E-102  9.24407204E-099
  1.869250E-02  1.18112714E-097  4.59785213E-098  6.86544326E-101  7.20655385E-098
  1.894520E-02  8.97952881E-097  3.49196403E-097  5.21240116E-100  5.48235238E-097
  1.920140E-02  6.65508842E-096  2.58824083E-096  3.86204487E-099  4.06298555E-096
  1.946110E-02  4.79819321E-095  1.87182350E-095  2.79197597E-098  2.92357773E-095
  1.972420E-02  3.36566917E-094  1.31534178E-094  1.96114051E-097  2.04836625E-094
  1.999090E-02  2.26786861E-093  8.99527714E-094  1.34059162E-096  1.36700030E-093
  2.026130E-02  1.47077075E-092  5.99136731E-093  8.92498905E-096  8.70741518E-093
  2.053530E-02  9.33385555E-092  3.88424097E-092  5.78329300E-095  5.44383129E-092
  2.081290E-02  5.81724378E-091  2.45810813E-091  3.65800468E-094  3.35547765E-091
  2.109440E-02  3.56356073E-090  1.52063523E-090  2.26166732E-093  2.04066384E-090
  2.137960E-02  2.13194639E-089  9.16201772E-090  1.36188668E-092  1.21438273E-089
  2.166870E-02  1.24616407E-088  5.38978331E-089  8.00667741E-092  7.06385067E-089
  2.196170E-02  7.26251780E-088  3.09808176E-088  4.59927640E-091  4.15983677E-088
  2.225870E-02  4.24786524E-087  1.73959263E-087  2.58073574E-090  2.50569187E-087
  2.255970E-02  2.39700100E-086  9.54654992E-087  1.41522303E-089  1.44093079E-086
  2.286480E-02  1.25403838E-085  5.11510216E-086  7.57700563E-089  7.41770465E-086
  2.317390E-02  5.87834010E-085  2.67992319E-085  3.96654501E-088  3.19445037E-085
  2.348730E-02  2.83479855E-084  1.37354998E-084  2.03124425E-087  1.45921733E-084
  2.380490E-02  1.37792919E-083  6.89140426E-084  1.01820077E-086  6.87770565E-084
  2.412680E-02  6.65130989E-083  3.38385571E-083  4.99488080E-086  3.26245929E-083
  2.445310E-02  3.15715338E-082  1.62481308E-082  2.39597941E-085  1.52994432E-082
  2.478370E-02  1.47163850E-081  7.62632245E-082  1.12341307E-084  7.07882844E-082
  2.511890E-02  6.72005341E-081  3.51636491E-081  5.17416204E-084  3.19851434E-081
  2.545850E-02  3.00556553E-080  1.58577175E-080  2.33069412E-083  1.41746309E-080
  2.580280E-02  1.31852876E-079  7.00328590E-080  1.02806500E-082  6.17172107E-080
  2.615170E-02  5.68126691E-079  3.03854756E-079  4.45485832E-082  2.63826450E-079
  2.650530E-02  2.39794008E-078  1.29134410E-078  1.89074580E-081  1.10470523E-078
  2.686380E-02  9.91837957E-078  5.37869369E-078  7.86437783E-081  4.53182151E-078
  2.722700E-02  4.02016745E-077  2.19962570E-077  3.21148161E-080  1.81733027E-077
  2.759520E-02  1.59784536E-076  8.82644656E-077  1.28671713E-079  7.13913988E-077
  2.796830E-02  6.23427403E-076  3.47139835E-076  5.05257810E-079  2.75782311E-076
  2.834650E-02  2.39492484E-075  1.34162530E-075  1.94948973E-078  1.05135005E-075
  2.872980E-02  9.03790013E-075  5.09698938E-075  7.39355880E-078  3.93351720E-075
  2.911830E-02  3.34758863E-074  1.89993679E-074  2.75104080E-077  1.44490080E-074
  2.951210E-02  1.21744898E-073  6.95162789E-074  1.00468395E-076  5.21281506E-074
  2.991120E-02  4.35740604E-073  2.50511321E-073  3.61344597E-076  1.84867938E-073
  3.031560E-02  1.53136965E-072  8.86141946E-073  1.27559898E-075  6.43952108E-073
  3.072560E-02  5.28943883E-072  3.07982631E-072  4.42402609E-075  2.20518850E-072
  3.114110E-02  1.79629855E-071  1.05241862E-071  1.50842557E-074  7.42371505E-072
  3.156220E-02  6.00278251E-071  3.53958647E-071  5.06167262E-074  2.45813437E-071
  3.198900E-02  1.97278562E-070  1.17066611E-070  1.67009785E-073  8.00449414E-071
  3.242150E-02  6.37676452E-070  3.80791533E-070  5.41905835E-073  2.56343013E-070
  3.285990E-02  2.02892024E-069  1.21911875E-069  1.73049042E-072  8.08071002E-070
  3.330430E-02  6.35562320E-069  3.84228082E-069  5.43947220E-072  2.50790291E-069
  3.375460E-02  1.95475530E-068  1.18714846E-068  1.67600134E-071  7.65930840E-069
  3.421110E-02  5.90983855E-068  3.60113577E-068  5.06951009E-071  2.30363328E-068
  3.467370E-02  1.71033232E-067  1.02658137E-067  1.44089354E-070  6.82310058E-068
  3.514260E-02  4.74026332E-067  2.74528907E-067  3.84142169E-070  1.99113283E-067
  3.561780E-02  1.32314800E-066  7.49715894E-067  1.04572727E-069  5.72386379E-067
  3.609940E-02  3.76184091E-066  2.13760249E-066  2.97178686E-069  1.62126663E-066
  3.658760E-02  1.05494426E-065  6.01393959E-066  8.33236677E-069  4.52717067E-066
  3.708230E-02  2.92164700E-065  1.67311451E-065  2.30994965E-068  1.24622255E-065
  3.758370E-02  7.97769150E-065  4.58887599E-065  6.31245098E-068  3.38250306E-065
  3.809200E-02  2.15061507E-064  1.24331869E-064  1.70386293E-067  9.05592520E-065
  3.860710E-02  5.71717413E-064  3.32151245E-064  4.53412518E-067  2.39112755E-064
  3.912910E-02  1.50436136E-063  8.79787199E-064  1.19614616E-066  6.23378016E-064
  3.965820E-02  3.91019199E-063  2.30283180E-063  3.11788179E-066  1.60424231E-063
  4.019450E-02  1.00327576E-062  5.95004427E-063  8.02137508E-066  4.07469196E-063
  4.073800E-02  2.54178988E-062  1.51825698E-062  2.03771946E-065  1.02149518E-062
  4.128890E-02  6.35660093E-062  3.82308262E-062  5.10764509E-065  2.52841067E-062
  4.184720E-02  1.58076722E-061  9.53853260E-062  1.26833162E-064  6.25645624E-062
  4.241310E-02  3.88207818E-061  2.34922055E-061  3.10852000E-064  1.52974912E-061
  4.298660E-02  9.47077235E-061  5.77595001E-061  7.60440341E-064  3.68721793E-061
  4.356790E-02  2.30146811E-060  1.42368630E-060  1.86465781E-063  8.75917150E-061
  4.415700E-02  5.51788856E-060  3.45802467E-060  4.50491008E-063  2.05535898E-060
  4.475420E-02  1.30086292E-059  8.24318821E-060  1.06795801E-062  4.75476139E-060
  4.535930E-02  3.02498787E-059  1.93630579E-059  2.49437211E-062  1.08618771E-059
  4.597270E-02  6.95543206E-059  4.49687191E-059  5.75905156E-062  2.45280110E-059
  4.659440E-02  1.59309214E-058  1.04526896E-058  1.33059453E-061  5.46492585E-059
  4.722440E-02  3.60480052E-058  2.39764060E-058  3.03321263E-061  1.20412671E-058
  4.786300E-02  8.06057199E-058  5.42998121E-058  6.82560890E-061  2.62376517E-058
  4.851020E-02  1.78085744E-057  1.21429947E-057  1.51641655E-060  5.65041550E-058
  4.916620E-02  3.89205538E-057  2.68401958E-057  3.32933246E-060  1.20470647E-057
  4.983100E-02  8.42432965E-057  5.87429977E-057  7.23676444E-060  2.54279312E-057
  5.050490E-02  1.80842834E-056  1.27527360E-056  1.56013132E-059  5.31594608E-057
  5.118780E-02  3.84390203E-056  2.73871333E-056  3.32700900E-059  1.10186169E-056
  5.188000E-02  8.09979490E-056  5.82539771E-056  7.02758851E-059  2.26736961E-056
  5.258150E-02  1.69387561E-055  1.22859569E-055  1.47217529E-058  4.63807738E-056
  5.329260E-02  3.51465236E-055  2.56746288E-055  3.05727937E-058  9.44132209E-056
  5.401320E-02  7.24231747E-055  5.31831696E-055  6.29906445E-058  1.91770145E-055
  5.474360E-02  1.48588980E-054  1.09301068E-054  1.28961371E-057  3.91589500E-055
  5.548390E-02  3.03462549E-054  2.23085129E-054  2.62849132E-057  8.01145716E-055
  5.623410E-02  6.17897205E-054  4.52634950E-054  5.34604445E-057  1.64727651E-054
  5.699460E-02  1.25546712E-053  9.08537177E-054  1.08173742E-056  3.45848205E-054
  5.776530E-02  2.55585942E-053  1.81754963E-053  2.19905362E-056  7.36110734E-054
  5.854640E-02  5.52111810E-053  3.92759991E-053  4.51956645E-056  1.58899862E-053
  5.933810E-02  1.18754198E-052  8.37088554E-053  9.44518710E-056  3.49508912E-053
  6.014050E-02  2.56312372E-052  1.77641444E-052  2.01679313E-055  7.84692486E-053
  6.095370E-02  5.56301022E-052  3.77160112E-052  4.41444732E-055  1.78699465E-052
  6.177790E-02  1.21761438E-051  8.04778263E-052  9.92450855E-055  4.11843669E-052
  6.261330E-02  2.68900048E-051  1.73252810E-051  2.31123152E-054  9.54161142E-052
  6.346000E-02  5.99745933E-051  3.77315629E-051  5.52027110E-054  2.21878277E-051
  6.431810E-02  1.35040596E-050  8.32368377E-051  1.34091551E-053  5.16696667E-051
  6.518790E-02  3.06472512E-050  1.85991621E-050  3.29397375E-053  1.20151493E-050
  6.606930E-02  6.97066607E-050  4.20200928E-050  8.28063573E-053  2.76037616E-050
  6.696280E-02  1.58641998E-049  9.54477739E-050  2.08139026E-052  6.29860850E-050
  6.786830E-02  3.62326240E-049  2.19231566E-049  5.20072902E-052  1.42574601E-049
  6.878600E-02  8.26765063E-049  5.05691303E-049  1.28780419E-051  3.19785956E-049
  6.971610E-02  1.86911888E-048  1.16248216E-048  3.08421386E-051  7.03552509E-049
  7.065890E-02  4.17918549E-048  2.64175077E-048  7.25356937E-051  1.53018115E-048
  7.161430E-02  9.19687499E-048  5.88866354E-048  1.67728752E-050  3.29143858E-048
  7.258270E-02  1.98478749E-047  1.28081495E-047  3.81255879E-050  7.00159974E-048
  7.356420E-02  4.18264950E-047  2.71243587E-047  8.44613653E-050  1.46176750E-047
  7.455900E-02  8.62468894E-047  5.60049674E-047  1.83402729E-049  3.00585193E-047
  7.556720E-02  1.74684336E-046  1.13161366E-046  3.92372480E-049  6.11305973E-047
  7.658910E-02  3.48632160E-046  2.24830294E-046  8.27349624E-049  1.22974516E-046
  7.762470E-02  6.86917957E-046  4.41075790E-046  1.71549987E-048  2.44126667E-046
  7.867440E-02  1.33309551E-045  8.57406851E-046  3.45721305E-048  4.72231442E-046
  7.973820E-02  2.56606194E-045  1.65488751E-045  6.89857548E-048  9.04275854E-046
  8.081650E-02  4.90405041E-045  3.17584543E-045  1.36370184E-047  1.71456795E-045
  8.190930E-02  9.30819874E-045  6.06257942E-045  2.67101182E-047  3.21890920E-045
  8.301690E-02  1.76005051E-044  1.15144032E-044  5.21645800E-047  6.03393738E-045
  8.413950E-02  3.32548809E-044  2.17549902E-044  1.02363691E-046  1.13975271E-044
  8.527730E-02  6.24099181E-044  4.08795693E-044  1.99415569E-046  2.13309332E-044
  8.643040E-02  1.16313848E-043  7.63714109E-044  3.85622981E-046  3.95568146E-044
  8.759920E-02  2.15265939E-043  1.41824587E-043  7.40234642E-046  7.27011173E-044
  8.878370E-02  3.95833268E-043  2.61700373E-043  1.40814866E-045  1.32724746E-043
  8.998430E-02  7.24800889E-043  4.79768115E-043  2.63436558E-045  2.42398408E-043
  9.120110E-02  1.31656284E-042  8.73622644E-043  4.86426040E-045  4.38075931E-043
  9.243430E-02  2.35500024E-042  1.57983331E-042  8.78191421E-045  7.66385020E-043
  9.368430E-02  4.17986612E-042  2.83713263E-042  1.56374868E-044  1.32709601E-042
  9.495110E-02  7.35892342E-042  5.05875948E-042  2.73670322E-044  2.27279691E-042
  9.623510E-02  1.28577570E-041  8.95599227E-042  4.63275323E-044  3.85543717E-042
  9.753640E-02  2.23006292E-041  1.57415073E-041  7.68135125E-044  6.48230838E-042
  9.885530E-02  3.83953508E-041  2.74693316E-041  1.26302439E-043  1.07997168E-041
  1.001920E-01  6.42469764E-041  4.62075404E-041  2.06379427E-043  1.78330566E-041
  1.015470E-01  1.08119102E-040  7.86932165E-041  3.39126737E-043  2.90867589E-041
  1.029200E-01  1.80242472E-040  1.32794333E-040  5.46644695E-043  4.69014946E-041
  1.043120E-01  2.97495859E-040  2.22143578E-040  8.54408440E-043  7.44978719E-041
  1.057220E-01  4.87751885E-040  3.68273018E-040  1.30975376E-042  1.18169113E-040
  1.071520E-01  7.94771198E-040  6.05520373E-040  1.98239801E-042  1.87268428E-040
  1.086010E-01  1.28548448E-039  9.87156223E-040  2.97506977E-042  2.95353184E-040
  1.100690E-01  2.06361598E-039  1.59579661E-039  4.39531129E-042  4.63424052E-040
  1.115580E-01  3.28946011E-039  2.55987924E-039  6.64743682E-042  7.22933434E-040
  1.130660E-01  5.20506058E-039  4.07259096E-039  1.05302188E-041  1.12193940E-039
  1.145950E-01  8.17491055E-039  6.43045742E-039  1.61703529E-041  1.72828278E-039
  1.161450E-01  1.27529744E-038  1.00778785E-038  2.51783369E-041  2.64991757E-039
  1.177150E-01  1.97463166E-038  1.56738376E-038  3.87309157E-041  4.03374810E-039
  1.193070E-01  3.03767129E-038  2.42079342E-038  5.94794080E-041  6.10929926E-039
  1.209210E-01  4.64155904E-038  3.71334753E-038  9.01225444E-041  9.19199255E-039
  1.225560E-01  7.04450389E-038  5.65646819E-038  1.36666414E-040  1.37436906E-038
  1.242130E-01  1.06228032E-037  8.56020841E-038  2.06670753E-040  2.04192768E-038
  1.258930E-01  1.59223347E-037  1.28754421E-037  3.12084627E-040  3.01568412E-038
  1.275950E-01  2.37197213E-037  1.92467985E-037  4.70928117E-040  4.42583000E-038
  1.293200E-01  3.51316448E-037  2.86067743E-037  7.16058851E-040  6.45326462E-038
  1.310690E-01  5.36138303E-037  4.41543192E-037  1.08794355E-039  9.35071676E-038
  1.328410E-01  7.91726301E-037  6.55421695E-037  1.65986180E-039  1.34644744E-037
  1.346380E-01  1.16473318E-036  9.69615153E-037  2.54068339E-039  1.92577341E-037
  1.364580E-01  1.70655473E-036  1.42917119E-036  3.88051967E-039  2.73503024E-037
  1.383040E-01  2.49210684E-036  2.10048732E-036  5.94054793E-039  3.85678975E-037
  1.401740E-01  3.62588591E-036  3.07738984E-036  9.06737644E-039  5.39428694E-037
  1.420690E-01  5.25529620E-036  4.49598617E-036  1.38467271E-038  7.45463309E-037
  1.439900E-01  7.58304137E-036  6.55223004E-036  2.11881183E-038  1.00962322E-036
  1.459370E-01  1.08968936E-035  9.52640075E-036  3.25247825E-038  1.33796809E-036
  1.479110E-01  1.56202770E-035  1.38220867E-035  5.02393174E-038  1.74795092E-036
  1.499110E-01  2.23519027E-035  2.00120343E-035  7.74804350E-038  2.26238796E-036
  1.519380E-01  3.19379079E-035  2.89206408E-035  1.19389718E-037  2.89787738E-036
  1.539930E-01  4.55648281E-035  4.17294262E-035  1.82735118E-037  3.65266673E-036
  1.560750E-01  6.49849363E-035  6.01117056E-035  2.78860331E-037  4.59437036E-036
  1.581860E-01  9.26765424E-035  8.64865384E-035  4.24134410E-037  5.76586962E-036
  1.603250E-01  1.32047740E-034  1.24273266E-034  6.41724134E-037  7.13274990E-036
  1.624930E-01  1.88267934E-034  1.78386465E-034  9.73825221E-037  8.90764288E-036
  1.646900E-01  2.68211792E-034  2.55826878E-034  1.46677142E-036  1.09181434E-035
  1.669170E-01  3.82317729E-034  3.66649004E-034  2.21284818E-036  1.34558767E-035
  1.691740E-01  5.44993007E-034  5.25207110E-034  3.32486343E-036  1.64610333E-035
  1.714620E-01  7.77140068E-034  7.51840632E-034  5.00283569E-036  2.02966009E-035
  1.737800E-01  1.10742807E-033  1.07487203E-033  7.50949426E-036  2.50465402E-035
  1.761300E-01  1.57734672E-033  1.53571072E-033  1.11995439E-035  3.04364548E-035
  1.785120E-01  2.24646297E-033  2.19353768E-033  1.66064164E-035  3.63188773E-035
  1.809260E-01  3.20148871E-033  3.13347917E-033  2.46375696E-035  4.33719790E-035
  1.833720E-01  4.56797882E-033  4.47838251E-033  3.67039033E-035  5.28924092E-035
  1.858520E-01  6.52562169E-033  6.40754636E-033  5.44396694E-035  6.36356589E-035
  1.883650E-01  9.33446736E-033  9.17867535E-033  8.04380773E-035  7.53539301E-035
  1.909120E-01  1.33743610E-032  1.31667951E-032  1.18494350E-034  8.90715386E-035
  1.934940E-01  1.91939551E-032  1.89133883E-032  1.73646980E-034  1.06919854E-034
  1.961100E-01  2.75646496E-032  2.71853585E-032  2.52619940E-034  1.26671114E-034
  1.987620E-01  3.95783650E-032  3.90660294E-032  3.64497582E-034  1.47838101E-034
  2.014500E-01  5.67119341E-032  5.60197727E-032  5.17770581E-034  1.74390793E-034
  2.041740E-01  8.08659525E-032  7.99363276E-032  7.21273375E-034  2.08351607E-034
  2.069350E-01  1.14323887E-031  1.13090355E-031  9.87211022E-034  2.46321110E-034
  2.097330E-01  1.59515925E-031  1.57903549E-031  1.32459493E-033  2.87781143E-034
  2.125690E-01  2.18619956E-031  2.16550111E-031  1.72660845E-033  3.43236588E-034
  2.154430E-01  2.93006614E-031  2.90410516E-031  2.18471753E-033  4.11380897E-034
  2.183570E-01  3.82993705E-031  3.79824615E-031  2.67437784E-033  4.94713109E-034
  2.213090E-01  4.87865915E-031  4.84101358E-031  3.16496476E-033  5.99592454E-034
  2.243020E-01  6.06965515E-031  6.02545669E-031  3.68596193E-033  7.33884055E-034
  2.273350E-01  7.40275807E-031  7.35101119E-031  4.27154900E-033  9.03138650E-034
  2.304090E-01  8.89312166E-031  8.83266275E-031  4.93152498E-033  1.11436657E-033
  2.335250E-01  1.05730764E-030  1.05028129E-030  5.64949669E-033  1.37684813E-033
  2.366830E-01  1.24912612E-030  1.24099972E-030  6.42306719E-033  1.70333270E-033
  2.398830E-01  1.47119523E-030  1.46177068E-030  7.32043516E-033  2.10410869E-033
  2.431270E-01  1.73151033E-030  1.72049501E-030  8.41211078E-033  2.60320929E-033
  2.464150E-01  2.03933508E-030  2.02642335E-030  9.70009862E-033  3.21162329E-033
  2.497470E-01  2.40558833E-030  2.39042395E-030  1.12137745E-032  3.95060672E-033
  2.531240E-01  2.84328796E-030  2.82538738E-030  1.30905721E-032  4.81000070E-033
  2.565470E-01  3.36764625E-030  3.34653198E-030  1.52782090E-032  5.83606230E-033
  2.600160E-01  3.99666120E-030  3.97169024E-030  1.79139354E-032  7.05701831E-033
  2.635320E-01  4.75165086E-030  4.72209921E-030  2.10468171E-032  8.50483810E-033
  2.670960E-01  5.65785126E-030  5.62300725E-030  2.46219173E-032  1.02220918E-032
  2.707070E-01  6.74452595E-030  6.70358272E-030  2.86906981E-032  1.22525269E-032
  2.743680E-01  8.04765881E-030  7.99963628E-030  3.33757061E-032  1.46468164E-032
  2.780780E-01  9.60873268E-030  9.55202833E-030  3.92593577E-032  1.74449885E-032
  2.818380E-01  1.14762804E-029  1.14096499E-029  4.59062288E-032  2.07243440E-032
  2.856490E-01  1.37080708E-029  1.36300453E-029  5.34682043E-032  2.45573210E-032
  2.895120E-01  1.63723641E-029  1.62808159E-029  6.25266353E-032  2.90216117E-032
  2.934270E-01  1.95477172E-029  1.94405642E-029  7.29463773E-032  3.42065560E-032
  2.973950E-01  2.33270494E-029  2.32018223E-029  8.50166341E-032  4.02104279E-032
  3.014160E-01  2.78172017E-029  2.76713517E-029  9.86956611E-032  4.71543995E-032
  3.054920E-01  3.18923933E-029  3.17230905E-029  1.14132986E-031  5.51698279E-032
  3.096230E-01  3.73924373E-029  3.71965679E-029  1.31470392E-031  6.43989824E-032
  3.138100E-01  4.37144662E-029  4.34874614E-029  1.52067633E-031  7.49372046E-032
  3.180530E-01  5.09539267E-029  5.06915011E-029  1.75429632E-031  8.69959546E-032
  3.223540E-01  5.92166511E-029  5.89141568E-029  2.01719656E-031  1.00774611E-031
  3.267130E-01  6.86093923E-029  6.82615626E-029  2.31348922E-031  1.16480783E-031
  3.311310E-01  7.92452547E-029  7.88446590E-029  2.66262264E-031  1.34333461E-031
  3.356090E-01  9.12305589E-029  9.07703548E-029  3.05606384E-031  1.54597700E-031
  3.401470E-01  1.04664141E-028  1.04136795E-028  3.49798608E-031  1.77547282E-031
  3.447470E-01  1.19629313E-028  1.19026156E-028  3.99682575E-031  2.03475089E-031
  3.494080E-01  1.36165286E-028  1.35474830E-028  4.57852201E-031  2.32603050E-031
  3.541330E-01  1.54253290E-028  1.53464642E-028  5.23265287E-031  2.65382996E-031
  3.589220E-01  1.73753545E-028  1.72854725E-028  5.96628422E-031  3.02191225E-031
  3.637750E-01  1.94332414E-028  1.93310291E-028  6.78685910E-031  3.43437144E-031
  3.686950E-01  2.15368664E-028  2.14208643E-028  7.70489252E-031  3.89532361E-031
  3.736800E-01  2.35785849E-028  2.34472053E-028  8.72846737E-031  4.40950009E-031
  3.787330E-01  2.54100102E-028  2.52615136E-028  9.86718177E-031  4.98247059E-031
  3.838550E-01  2.68916199E-028  2.67241137E-028  1.11314444E-030  5.61917760E-031
  3.890450E-01  2.80336796E-028  2.78451118E-028  1.25318285E-030  6.32495049E-031
  3.943060E-01  2.90998088E-028  2.88879354E-028  1.40803351E-030  7.10700626E-031
  3.996380E-01  3.04515156E-028  3.02139079E-028  1.57888345E-030  7.97193179E-031
  4.050420E-01  3.22994941E-028  3.20337283E-028  1.76538600E-030  8.92271627E-031
  4.105190E-01  3.46472452E-028  3.43505500E-028  1.96997095E-030  9.96981779E-031
  4.160700E-01  3.73671255E-028  3.70365076E-028  2.19404562E-030  1.11213368E-030
  4.216970E-01  4.03056045E-028  3.99378412E-028  2.43904852E-030  1.23858498E-030
  4.273990E-01  4.33654698E-028  4.29571243E-028  2.70628812E-030  1.37716653E-030
  4.331780E-01  4.64657919E-028  4.60131810E-028  2.99728739E-030  1.52882191E-030
  4.390360E-01  4.93931038E-028  4.88918803E-028  3.31760887E-030  1.69462578E-030
  4.449730E-01  5.17325817E-028  5.11778542E-028  3.67233550E-030  1.87493969E-030
  4.509900E-01  5.29468778E-028  5.23338579E-028  4.05903639E-030  2.07116234E-030
  4.570880E-01  5.26176578E-028  5.19413556E-028  4.47853758E-030  2.28448426E-030
  4.632690E-01  5.08227616E-028  5.00778656E-028  4.93287354E-030  2.51608622E-030
  4.695340E-01  4.82428789E-028  4.74237611E-028  5.42402366E-030  2.76715510E-030
  4.758830E-01  4.56350736E-028  4.47357979E-028  5.95386386E-030  3.03889240E-030
  4.823180E-01  4.32637895E-028  4.22780780E-028  6.52450862E-030  3.33260692E-030
  4.888400E-01  4.08947460E-028  3.98144948E-028  7.15306001E-030  3.64945183E-030
  4.954500E-01  3.81193398E-028  3.69350865E-028  7.85186300E-030  3.99067005E-030
  5.021500E-01  3.47408271E-028  3.34444269E-028  8.60607382E-030  4.35792842E-030
  5.089400E-01  3.10128453E-028  2.95957236E-028  9.41862316E-030  4.75259406E-030
  5.158220E-01  2.74316570E-028  2.58847524E-028  1.02928541E-029  5.17619196E-030
  5.227970E-01  2.43272189E-028  2.26410027E-028  1.12319416E-029  5.63022036E-030
  5.298670E-01  2.17393235E-028  1.99037587E-028  1.22393422E-029  6.11630591E-030
  5.370320E-01  1.95532399E-028  1.75578346E-028  1.33181146E-029  6.63593772E-030
  5.442940E-01  1.76540256E-028  1.54877806E-028  1.44717186E-029  7.19073192E-030
  5.516540E-01  1.60040125E-028  1.36544161E-028  1.57139704E-029  7.78199346E-030
  5.591140E-01  1.46154560E-028  1.20662384E-028  1.70819740E-029  8.41020211E-030
  5.666740E-01  1.34808704E-028  1.07184933E-028  1.85456313E-029  9.07813920E-030
  5.743370E-01  1.25672746E-028  9.57751250E-029  2.01099478E-029  9.78767349E-030
  5.821030E-01  1.18330167E-028  8.60103200E-029  2.17795893E-029  1.05402573E-029
  5.899750E-01  1.12455735E-028  7.75581299E-029  2.35597698E-029  1.13378350E-029
  5.979530E-01  1.07857135E-028  7.02201203E-029  2.54551784E-029  1.21818358E-029
  6.060380E-01  1.04395971E-028  6.38514822E-029  2.74705813E-029  1.30739075E-029
  6.142330E-01  1.01935150E-028  5.83075812E-029  2.96116223E-029  1.40159466E-029
  6.225390E-01  1.00343411E-028  5.34505677E-029  3.18833478E-029  1.50094959E-029
  6.309570E-01  9.95093482E-029  4.91626398E-029  3.42906105E-029  1.60560979E-029
  6.394890E-01  9.93465219E-029  4.53502616E-029  3.68387346E-029  1.71575257E-029
  6.481370E-01  9.97871844E-029  4.19385937E-029  3.95331536E-029  1.83154371E-029
  6.569010E-01  1.00779605E-028  3.88673065E-029  4.23812419E-029  1.95310563E-029
  6.657840E-01  1.02327628E-028  3.60857234E-029  4.54351175E-029  2.08067868E-029
  6.747870E-01  1.04355967E-028  3.35530731E-029  4.86593972E-029  2.21434971E-029
  6.839120E-01  1.06839146E-028  3.12360012E-029  5.20605227E-029  2.35426217E-029
  6.931600E-01  1.09757214E-028  2.91073484E-029  5.56442557E-029  2.50056100E-029
  7.025330E-01  1.13099967E-028  2.71444323E-029  5.94216309E-029  2.65339036E-029
  7.120330E-01  1.16868203E-028  2.53283633E-029  6.34106204E-029  2.81292198E-029
  7.216610E-01  1.21040319E-028  2.36434137E-029  6.76046603E-029  2.97922447E-029
  7.314200E-01  1.25611234E-028  2.20761923E-029  7.20106683E-029  3.15243739E-029
  7.413100E-01  1.30576733E-028  2.06157364E-029  7.66347684E-029  3.33262283E-029
  7.513350E-01  1.35935333E-028  1.92522022E-029  8.14838869E-029  3.51992435E-029
  7.614940E-01  1.41684495E-028  1.79777845E-029  8.65628399E-029  3.71438704E-029
  7.717920E-01  1.47826937E-028  1.67850757E-029  9.18802758E-029  3.91615853E-029
  7.822280E-01  1.54360413E-028  1.56683979E-029  9.74396320E-029  4.12523829E-029
  7.928060E-01  1.61288411E-028  1.46221539E-029  1.03248817E-028  4.34174400E-029
  8.035260E-01  1.68626217E-028  1.36419815E-029  1.09330926E-028  4.56533091E-029
  8.143920E-01  1.76398641E-028  1.27236254E-029  1.15717706E-028  4.79573103E-029
  8.254040E-01  1.84579162E-028  1.18636317E-029  1.22380460E-028  5.03350697E-029
  8.365660E-01  1.93173568E-028  1.10586876E-029  1.29327505E-028  5.27873758E-029
  8.478780E-01  2.02182454E-028  1.03060481E-029  1.36562760E-028  5.53136456E-029
  8.593430E-01  2.11611189E-028  9.60309866E-030  1.44093771E-028  5.79143186E-029
  8.709640E-01  2.21463504E-028  8.94742901E-030  1.51926984E-028  6.05890914E-029
  8.827410E-01  2.31740057E-028  8.33705102E-030  1.60065983E-028  6.33370228E-029
  8.946780E-01  2.42446292E-028  7.76992072E-030  1.68517718E-028  6.61586533E-029
  9.067760E-01  2.53630874E-028  7.24426943E-030  1.77339640E-028  6.90469638E-029
  9.190380E-01  2.65294803E-028  6.75848032E-030  1.86533787E-028  7.20025359E-029
  9.314650E-01  2.77408046E-028  6.31098531E-030  1.96069569E-028  7.50274909E-029
  9.440610E-01  2.89976849E-028  5.90037696E-030  2.05954046E-028  7.81224253E-029
  9.568270E-01  3.03002211E-028  5.52532794E-030  2.16192082E-028  8.12848001E-029
  9.697650E-01  3.16484768E-028  5.18463002E-030  2.26786365E-028  8.45137731E-029
  9.828790E-01  3.30431425E-028  4.87703625E-030  2.37746369E-028  8.78080197E-029
  9.961700E-01  3.44839363E-028  4.60156498E-030  2.49071331E-028  9.11664673E-029
  1.009640E+00  3.59875603E-028  4.35716577E-030  2.60925742E-028  9.45926951E-029
  1.023290E+00  3.75458964E-028  4.14293717E-030  2.73234609E-028  9.80814178E-029
  1.037130E+00  3.91545473E-028  3.95790758E-030  2.85955684E-028  1.01631881E-028
  1.051150E+00  4.08117715E-028  3.80143318E-030  2.99079379E-028  1.05236903E-028
  1.065370E+00  4.25204614E-028  3.67259876E-030  3.12631359E-028  1.08900656E-028
  1.079780E+00  4.42786509E-028  3.57088194E-030  3.26598754E-028  1.12616873E-028
  1.094380E+00  4.60858229E-028  3.49568608E-030  3.40980591E-028  1.16381952E-028
  1.109170E+00  4.79416811E-028  3.44646891E-030  3.55777474E-028  1.20192869E-028
  1.124170E+00  4.98491565E-028  3.42272748E-030  3.71015733E-028  1.24053104E-028
  1.139380E+00  5.18585435E-028  3.42413287E-030  3.87210050E-028  1.27951252E-028
  1.154780E+00  5.39326393E-028  3.45035445E-030  4.03993775E-028  1.31882264E-028
  1.170400E+00  5.60649906E-028  3.50121043E-030  4.21294979E-028  1.35853716E-028
  1.186220E+00  5.82512540E-028  3.57647136E-030  4.39080477E-028  1.39855591E-028
  1.202260E+00  6.04949771E-028  3.67614475E-030  4.57382480E-028  1.43891146E-028
  1.218520E+00  6.27956071E-028  3.80024517E-030  4.76199770E-028  1.47956056E-028
  1.235000E+00  6.51523316E-028  3.94885746E-030  4.95529045E-028  1.52045414E-028
  1.251700E+00  6.75768900E-028  4.12213124E-030  5.15391070E-028  1.56255698E-028
  1.268630E+00  7.00822947E-028  4.32042492E-030  5.35995994E-028  1.60506528E-028
  1.285780E+00  7.26443526E-028  4.54392957E-030  5.57122167E-028  1.64777430E-028
  1.303170E+00  7.52667175E-028  4.79333042E-030  5.78802828E-028  1.69071017E-028
  1.320790E+00  7.79629284E-028  5.06899997E-030  6.01164537E-028  1.73395747E-028
  1.338650E+00  8.07213509E-028  5.37169237E-030  6.24104252E-028  1.77737564E-028
  1.356750E+00  8.35391102E-028  5.70209534E-030  6.47599011E-028  1.82089996E-028
  1.375100E+00  8.64175087E-028  6.06121712E-030  6.71661462E-028  1.86452408E-028
  1.393690E+00  8.93798349E-028  6.44974166E-030  6.96538914E-028  1.90809693E-028
  1.412540E+00  9.24098309E-028  6.86908494E-030  7.22058703E-028  1.95170521E-028
  1.431640E+00  9.54998086E-028  7.32017045E-030  7.48150757E-028  1.99527158E-028
  1.451000E+00  9.86510624E-028  7.80444287E-030  7.74827568E-028  2.03878613E-028
  1.470620E+00  1.01909752E-027  8.32324347E-030  8.02556594E-028  2.08217681E-028
  1.490500E+00  1.05262507E-027  8.87803197E-030  8.31205911E-028  2.12541123E-028
  1.510660E+00  1.08684201E-027  9.47098910E-030  8.60518501E-028  2.16852522E-028
  1.531090E+00  1.12170636E-027  1.01035577E-029  8.90459678E-028  2.21143127E-028
  1.551790E+00  1.15725850E-027  1.07776209E-029  9.21075314E-028  2.25405564E-028
  1.572780E+00  1.19400663E-027  1.14958593E-029  9.52900590E-028  2.29610184E-028
  1.594040E+00  1.23140018E-027  1.22597818E-029  9.85360918E-028  2.33779482E-028
  1.615600E+00  1.26950740E-027  1.30728323E-029  1.01851583E-027  2.37918742E-028
  1.637440E+00  1.30825607E-027  1.39368401E-029  1.05230202E-027  2.42017200E-028
  1.659590E+00  1.34772355E-027  1.48557364E-029  1.08677501E-027  2.46092796E-028
  1.682030E+00  1.38784021E-027  1.58317320E-029  1.12186846E-027  2.50140010E-028
  1.704770E+00  1.42860705E-027  1.68684353E-029  1.15759746E-027  2.54141151E-028
  1.727830E+00  1.47006400E-027  1.79702859E-029  1.19399578E-027  2.58097932E-028
  1.751190E+00  1.51213265E-027  1.91401108E-029  1.23099200E-027  2.62000540E-028
  1.774870E+00  1.55497869E-027  2.03829966E-029  1.26872005E-027  2.65875646E-028
  1.798870E+00  1.59918677E-027  2.17034418E-029  1.30764923E-027  2.69834096E-028
  1.823200E+00  1.64408993E-027  2.31068475E-029  1.34724177E-027  2.73741312E-028
  1.847850E+00  1.68963406E-027  2.45979726E-029  1.38744543E-027  2.77590659E-028
  1.872840E+00  1.73586323E-027  2.61837882E-029  1.42829536E-027  2.81384086E-028
  1.898160E+00  1.78272026E-027  2.78700677E-029  1.46973484E-027  2.85115352E-028
  1.923830E+00  1.83097267E-027  2.96651422E-029  1.51250323E-027  2.88804300E-028
  1.949840E+00  1.88031191E-027  3.15760611E-029  1.55629791E-027  2.92437937E-028
  1.976210E+00  1.93038062E-027  3.36129289E-029  1.60076003E-027  2.96007666E-028
  2.002930E+00  1.98112287E-027  3.57845049E-029  1.64583080E-027  2.99507566E-028
  2.030020E+00  2.03258133E-027  3.81031477E-029  1.69153861E-027  3.02939574E-028
  2.057470E+00  2.08470311E-027  4.05799601E-029  1.73782486E-027  3.06298286E-028
  2.085290E+00  2.13787473E-027  4.32292404E-029  1.78507019E-027  3.09575293E-028
  2.113490E+00  2.19193707E-027  4.60674186E-029  1.83309551E-027  3.12774140E-028
  2.142070E+00  2.24672159E-027  4.91116936E-029  1.88164143E-027  3.15968476E-028
  2.171030E+00  2.30219564E-027  5.23820063E-029  1.93069750E-027  3.19116126E-028
  2.200390E+00  2.35840880E-027  5.59035735E-029  1.98031751E-027  3.22187711E-028
  2.230150E+00  2.41568894E-027  5.97029940E-029  2.03085328E-027  3.25132670E-028
  2.260300E+00  2.47387179E-027  6.38099789E-029  2.08206487E-027  3.27996935E-028
  2.290870E+00  2.53372569E-027  6.82643058E-029  2.13466703E-027  3.30794356E-028
  2.321850E+00  2.59439511E-027  7.31080355E-029  2.18777850E-027  3.33508579E-028
  2.353240E+00  2.65588354E-027  7.83914920E-029  2.24135458E-027  3.36137467E-028
  2.385060E+00  2.71827788E-027  8.41797107E-029  2.29541484E-027  3.38683328E-028
  2.417320E+00  2.78163849E-027  9.05484083E-029  2.34994412E-027  3.41145958E-028
  2.450000E+00  2.84744773E-027  9.75847214E-029  2.40631863E-027  3.43544378E-028
  2.483130E+00  2.91478001E-027  1.05406148E-028  2.46350138E-027  3.45872473E-028
  2.516710E+00  2.98283925E-027  1.14152964E-028  2.52050829E-027  3.48178001E-028
  2.550740E+00  3.05227909E-027  1.24001454E-028  2.57787952E-027  3.50398115E-028
  2.585230E+00  3.12330037E-027  1.35179264E-028  2.63558737E-027  3.52533736E-028
  2.620190E+00  3.19617784E-027  1.47982530E-028  2.69361029E-027  3.54585021E-028
  2.655620E+00  3.27123949E-027  1.62795725E-028  2.75189268E-027  3.56551081E-028
  2.691530E+00  3.34897974E-027  1.80138292E-028  2.81040916E-027  3.58432296E-028
  2.727930E+00  3.43007940E-027  2.00718562E-028  2.86913135E-027  3.60229489E-028
  2.764820E+00  3.51580441E-027  2.25516842E-028  2.92832291E-027  3.61964662E-028
  2.802210E+00  3.60823169E-027  2.55939736E-028  2.98861124E-027  3.63680717E-028
  2.840100E+00  3.70837879E-027  2.94039807E-028  3.04902493E-027  3.65314056E-028
  2.878500E+00  3.81934778E-027  3.42939703E-028  3.10954226E-027  3.66865817E-028
  2.917430E+00  3.94606783E-027  4.07574780E-028  3.17015540E-027  3.68337643E-028
  2.956880E+00  4.09651016E-027  4.96020488E-028  3.23076096E-027  3.69728711E-028
  2.996860E+00  4.28476304E-027  6.22390808E-028  3.29133214E-027  3.71040096E-028
  3.037390E+00  4.53727071E-027  8.13135455E-028  3.35186153E-027  3.72273733E-028
  3.078460E+00  4.90788679E-027  1.12221367E-027  3.41224447E-027  3.73428649E-028
  3.120090E+00  5.52324744E-027  1.67479484E-027  3.47372775E-027  3.74724846E-028
  3.162280E+00  6.72827560E-027  2.81574580E-027  3.53635562E-027  3.76174182E-028
  3.205040E+00  9.77207695E-027  5.79571172E-027  3.59881233E-027  3.77552904E-028
  3.248380E+00  2.20491166E-026  1.80091980E-026  3.66105608E-027  3.78862479E-028
  3.292300E+00  1.28372077E-025  1.24269237E-025  3.72298447E-027  3.79855344E-028
  3.336820E+00  3.70934911E-026  3.29282207E-026  3.78461223E-027  3.80658148E-028
  3.381950E+00  1.26905540E-026  8.46326751E-027  3.84589368E-027  3.81392831E-028
  3.427680E+00  8.10497441E-027  3.81557870E-027  3.90751713E-027  3.81878584E-028
  3.474030E+00  6.58033854E-027  2.22886450E-027  3.96931244E-027  3.82161596E-028
  3.521010E+00  5.92411134E-027  1.51108343E-027  4.03064892E-027  3.82378987E-028
  3.568620E+00  5.60420056E-027  1.13022305E-027  4.09144510E-027  3.82532402E-028
  3.616870E+00  5.44121249E-027  9.06940573E-028  4.15164885E-027  3.82623063E-028
  3.665780E+00  5.36220818E-027  7.67297577E-028  4.21229094E-027  3.82619663E-028
  3.715350E+00  5.33284201E-027  6.76397385E-028  4.27394145E-027  3.82503181E-028
  3.765590E+00  5.33327295E-027  6.15992541E-028  4.33494956E-027  3.82330851E-028
  3.816510E+00  5.35317032E-027  5.75819389E-028  4.39524678E-027  3.82104149E-028
  3.868120E+00  5.38636889E-027  5.49761602E-028  4.45478181E-027  3.81825483E-028
  3.920430E+00  5.43076870E-027  5.34008955E-028  4.51526204E-027  3.81497709E-028
  3.973440E+00  5.48234662E-027  5.26106174E-028  4.57511809E-027  3.81122352E-028
  4.027170E+00  5.53922384E-027  5.24431897E-028  4.63408983E-027  3.80702111E-028
  4.081630E+00  5.60025907E-027  5.27906450E-028  4.69211310E-027  3.80239521E-028
  4.136820E+00  5.66466394E-027  5.35813055E-028  4.74914384E-027  3.79707044E-028
  4.192760E+00  5.73203764E-027  5.47692769E-028  4.80557983E-027  3.78765038E-028
  4.249460E+00  5.80198419E-027  5.63279486E-028  4.86091760E-027  3.77787105E-028
  4.306920E+00  5.87432277E-027  5.82455755E-028  4.91509201E-027  3.76775003E-028
  4.365160E+00  5.94902286E-027  6.05246273E-028  4.96804459E-027  3.75731992E-028
  4.424190E+00  6.02620441E-027  6.31803422E-028  5.01974060E-027  3.74660381E-028
  4.484010E+00  6.10866606E-027  6.62415242E-028  5.07233062E-027  3.73920192E-028
  4.544650E+00  6.19451895E-027  6.97558604E-028  5.12377801E-027  3.73182336E-028
  4.606100E+00  6.28418467E-027  7.37919236E-028  5.17384149E-027  3.72423946E-028
  4.668390E+00  6.37868823E-027  7.84544020E-028  5.22249571E-027  3.71648500E-028
  4.731510E+00  6.47949252E-027  8.38985542E-028  5.26964966E-027  3.70857312E-028
  4.795490E+00  6.59119870E-027  9.03740700E-028  5.31715078E-027  3.70307219E-028
  4.860340E+00  6.71886755E-027  9.83005293E-028  5.36576150E-027  3.70100753E-028
  4.926060E+00  6.86713990E-027  1.08448068E-027  5.41277127E-027  3.69887956E-028
  4.992680E+00  7.05196024E-027  1.22408808E-027  5.45820047E-027  3.69671694E-028
  5.060190E+00  7.30869510E-027  1.43931633E-027  5.49951220E-027  3.69866576E-028
  5.128610E+00  7.74183381E-027  1.83295372E-027  5.53877103E-027  3.70109055E-028
  5.197970E+00  8.62541340E-027  2.67841263E-027  5.57620407E-027  3.70796696E-028
  5.268250E+00  9.71999528E-027  3.73629971E-027  5.61168402E-027  3.72011560E-028
  5.339490E+00  9.14548108E-027  3.12691715E-027  5.64532377E-027  3.73240158E-028
  5.411700E+00  8.71593666E-027  2.66439284E-027  5.67705883E-027  3.74484982E-028
  5.484870E+00  8.89869367E-027  2.81613539E-027  5.70681008E-027  3.75748200E-028
  5.559040E+00  9.65640219E-027  3.54268309E-027  5.73610575E-027  3.77613345E-028
  5.634210E+00  1.14114558E-026  5.26742154E-027  5.76422143E-027  3.79812783E-028
  5.710400E+00  1.30596101E-026  6.88544328E-027  5.79132241E-027  3.82844431E-028
  5.787620E+00  1.19977279E-026  5.79536149E-027  5.81643424E-027  3.85932133E-028
  5.865880E+00  1.17768363E-026  5.54825503E-027  5.83951756E-027  3.89063693E-028
  5.945200E+00  1.30255176E-026  6.77014319E-027  5.86276258E-027  3.92611790E-028
  6.025600E+00  1.64591238E-026  1.01765120E-026  5.88605150E-027  3.96560305E-028
  6.107080E+00  2.56715593E-026  1.93637505E-026  5.90723825E-027  4.00570606E-028
  6.189660E+00  4.69480401E-026  4.06170618E-026  5.92633113E-027  4.04647169E-028
  6.273360E+00  4.17658519E-026  3.54235426E-026  5.93425479E-027  4.08054497E-028
  6.358190E+00  2.44688931E-026  1.81184993E-026  5.93895300E-027  4.11440813E-028
  6.444170E+00  1.86789593E-026  1.23066927E-026  5.95829619E-027  4.13970386E-028
  6.531310E+00  1.74881291E-026  1.10963761E-026  5.97521661E-027  4.16536369E-028
  6.619620E+00  1.80077229E-026  1.16027627E-026  5.98637290E-027  4.18587320E-028
  6.709140E+00  1.85077999E-026  1.20917103E-026  5.99539803E-027  4.20691533E-028
  6.799860E+00  1.82363513E-026  1.18118500E-026  6.00195940E-027  4.22541877E-028
  6.891810E+00  1.80335088E-026  1.16026389E-026  6.00639370E-027  4.24476216E-028
  6.985000E+00  1.86100983E-026  1.21703149E-026  6.01119261E-027  4.28590873E-028
  7.079460E+00  2.01239792E-026  1.36760388E-026  6.01456187E-027  4.33378509E-028
  7.175190E+00  2.26470626E-026  1.61828626E-026  6.01627063E-027  4.47929464E-028
  7.272210E+00  2.63752042E-026  1.98958432E-026  6.01594113E-027  4.63419888E-028
  7.370550E+00  3.20581686E-026  2.55385879E-026  6.01587079E-027  5.03709976E-028
  7.470220E+00  4.15515241E-026  3.49851385E-026  6.01439763E-027  5.51987942E-028
  7.571230E+00  5.37810711E-026  4.71249583E-026  6.01272736E-027  6.43385375E-028
  7.673620E+00  5.57929497E-026  4.90115417E-026  6.01048299E-027  7.70925017E-028
  7.777380E+00  5.45188095E-026  4.75811489E-026  6.00630159E-027  9.31359004E-028
  7.882550E+00  5.13190696E-026  4.41437911E-026  6.00032841E-027  1.17495013E-027
  7.989140E+00  4.08574855E-026  3.34375872E-026  5.99235139E-027  1.42754692E-027
  8.097170E+00  3.24276145E-026  2.46555738E-026  5.98056766E-027  1.79147303E-027
  8.206660E+00  2.86129059E-026  2.04691776E-026  5.96673222E-027  2.17699609E-027
  8.317640E+00  2.79365153E-026  1.94240822E-026  5.95152954E-027  2.56090357E-027
  8.430110E+00  2.93460951E-026  2.04967219E-026  5.93543902E-027  2.91393420E-027
  8.544110E+00  3.42538987E-026  2.50933784E-026  5.91797046E-027  3.24254986E-027
  8.659640E+00  3.42124935E-026  2.47183010E-026  5.89957031E-027  3.59462218E-027
  8.776740E+00  2.68578841E-026  1.69619259E-026  5.88088487E-027  4.01507340E-027
  8.895420E+00  2.26438282E-026  1.22663604E-026  5.86128622E-027  4.51618161E-027
  9.015710E+00  2.09450603E-026  1.00322857E-026  5.84147972E-027  5.07129484E-027
  9.137630E+00  2.03470634E-026  8.90578339E-027  5.82156981E-027  5.61971016E-027
  9.261190E+00  2.01970776E-026  8.31833560E-027  5.80158290E-027  6.07715908E-027
  9.386420E+00  2.01814839E-026  8.03425039E-027  5.78265443E-027  6.36457904E-027
  9.513350E+00  2.01646706E-026  7.94715584E-027  5.76250972E-027  6.45500503E-027
  9.641990E+00  2.01534810E-026  8.00669463E-027  5.74283130E-027  6.40395503E-027
  9.772370E+00  2.01866791E-026  8.19100045E-027  5.72379766E-027  6.27188094E-027
  9.904520E+00  2.03338391E-026  8.49642384E-027  5.70538049E-027  6.13203475E-027
  1.003850E+01  2.06299479E-026  8.93548599E-027  5.68725847E-027  6.00720349E-027
  1.017420E+01  2.11051886E-026  9.54023260E-027  5.66991917E-027  5.89503681E-027
  1.031180E+01  2.17850478E-026  1.03781842E-026  5.65234045E-027  5.75452314E-027
  1.045120E+01  2.27438546E-026  1.15917402E-026  5.63487639E-027  5.51723799E-027
  1.059250E+01  2.44076865E-026  1.35630722E-026  5.61803499E-027  5.22657930E-027
  1.073580E+01  2.70791042E-026  1.65449341E-026  5.60235422E-027  4.93181596E-027
  1.088090E+01  3.19775652E-026  2.17191079E-026  5.58822757E-027  4.67022977E-027
  1.102810E+01  4.51819451E-026  3.51496212E-026  5.57760062E-027  4.45472327E-027
  1.117720E+01  1.02293895E-025  9.24768867E-026  5.57660201E-027  4.24040588E-027
  1.132840E+01  1.14544026E-025  1.04912372E-025  5.59399393E-027  4.03765999E-027
  1.148150E+01  7.37406727E-026  6.36815950E-026  6.20761282E-027  3.85146494E-027
  1.163680E+01  5.24428136E-026  4.32701391E-026  5.48501947E-027  3.68765503E-027
  1.179420E+01  5.16965928E-026  4.27106061E-026  5.47334579E-027  3.51264087E-027
  1.195360E+01  5.86331234E-026  4.98294871E-026  5.47079083E-027  3.33284552E-027
  1.211530E+01  5.67493552E-026  4.81250846E-026  5.46858318E-027  3.15568739E-027
  1.227910E+01  5.42838183E-026  4.58136967E-026  5.46899050E-027  3.00113102E-027
  1.244510E+01  6.39839526E-026  5.56549236E-026  5.46711774E-027  2.86191129E-027
  1.261340E+01  7.85946765E-026  7.04135699E-026  5.46124521E-027  2.71986146E-027
  1.278400E+01  6.53455532E-026  5.73049467E-026  5.45775228E-027  2.58285422E-027
  1.295690E+01  4.83078457E-026  4.03993647E-026  5.45564102E-027  2.45283994E-027
  1.313210E+01  4.19886589E-026  3.41881972E-026  5.45505521E-027  2.34540643E-027
  1.330970E+01  4.25417800E-026  3.48389127E-026  5.45832418E-027  2.24454306E-027
  1.348960E+01  4.46139022E-026  3.70037000E-026  5.46414295E-027  2.14605920E-027
  1.367200E+01  3.97144813E-026  3.21686124E-026  5.47316071E-027  2.07270819E-027
  1.385690E+01  3.56928825E-026  2.81844321E-026  5.48589720E-027  2.02255314E-027
  1.404430E+01  3.55644045E-026  2.80540122E-026  5.50334240E-027  2.00704990E-027
  1.423420E+01  3.66617636E-026  2.90931482E-026  5.52464320E-027  2.04397225E-027
  1.442670E+01  3.35199650E-026  2.58690434E-026  5.54837688E-027  2.10254474E-027
  1.462180E+01  3.25791316E-026  2.47905275E-026  5.57821416E-027  2.21038992E-027
  1.481950E+01  3.25865475E-026  2.46468572E-026  5.61167026E-027  2.32802006E-027
  1.501990E+01  3.29641543E-026  2.48525307E-026  5.65187818E-027  2.45974542E-027
  1.522300E+01  3.35627124E-026  2.52579514E-026  5.69963600E-027  2.60512497E-027
  1.542880E+01  3.43638613E-026  2.58483272E-026  5.75170846E-027  2.76382562E-027
  1.563750E+01  3.54813229E-026  2.67342210E-026  5.81110575E-027  2.93599613E-027
  1.584890E+01  3.73443763E-026  2.83497225E-026  5.87539733E-027  3.11925653E-027
  1.606320E+01  3.92224347E-026  2.99595075E-026  5.94834844E-027  3.31457876E-027
  1.628050E+01  4.47106564E-026  3.51651408E-026  6.02578882E-027  3.51972678E-027
  1.650060E+01  5.62285206E-026  4.63833842E-026  6.11348261E-027  3.73165375E-027
  1.672370E+01  5.01201336E-026  3.99640108E-026  6.20569742E-027  3.95042538E-027
  1.694990E+01  5.30503129E-026  4.25802423E-026  6.30981944E-027  4.16025116E-027
  1.717910E+01  5.36706921E-026  4.28790877E-026  6.41904034E-027  4.37256409E-027
  1.741140E+01  5.33434087E-026  4.22251330E-026  6.54348091E-027  4.57479480E-027
  1.764680E+01  4.67623430E-026  3.53126519E-026  6.67465865E-027  4.77503244E-027
  1.788550E+01  4.57339371E-026  3.39662309E-026  6.82314672E-027  4.94455947E-027
  1.812730E+01  4.26122653E-026  3.05300278E-026  6.98166143E-027  5.10057607E-027
  1.837240E+01  4.14727520E-026  2.90895316E-026  7.15351837E-027  5.22970203E-027
  1.862090E+01  4.09557572E-026  2.82828912E-026  7.33720647E-027  5.33565953E-027
  1.887270E+01  4.06428202E-026  2.76927672E-026  7.53371417E-027  5.41633883E-027
  1.912790E+01  4.03604122E-026  2.71558228E-026  7.74971088E-027  5.45487850E-027
  1.938650E+01  4.00892824E-026  2.66282097E-026  7.97379253E-027  5.48728022E-027
  1.964870E+01  3.98190204E-026  2.61270870E-026  8.22344234E-027  5.46849110E-027
  1.991440E+01  3.95975305E-026  2.56677238E-026  8.48158876E-027  5.44821800E-027
  2.018370E+01  3.94194002E-026  2.52483634E-026  8.76081828E-027  5.41021857E-027
  2.045660E+01  3.93050826E-026  2.48603878E-026  9.06377276E-027  5.38092198E-027
  2.073320E+01  3.92534998E-026  2.44949115E-026  9.39004830E-027  5.36853995E-027
  2.101360E+01  3.92383851E-026  2.41451869E-026  9.73973418E-027  5.35346405E-027
  2.129770E+01  3.92613361E-026  2.38067226E-026  1.01206541E-026  5.33395944E-027
  2.158570E+01  3.93323593E-026  2.34761628E-026  1.05298314E-026  5.32636509E-027
  2.187760E+01  3.94427833E-026  2.31515308E-026  1.09682326E-026  5.32301980E-027
  2.217350E+01  3.95851079E-026  2.28314669E-026  1.14369733E-026  5.31666766E-027
  2.247330E+01  3.97477060E-026  2.25152790E-026  1.19428736E-026  5.28955344E-027
  2.277720E+01  3.99627103E-026  2.22022980E-026  1.24853713E-026  5.27504112E-027
  2.308520E+01  4.02275019E-026  2.18923112E-026  1.30631046E-026  5.27208613E-027
  2.339740E+01  4.05428862E-026  2.15850428E-026  1.36771909E-026  5.28065248E-027
  2.371370E+01  4.08979235E-026  2.12806023E-026  1.43394127E-026  5.27790846E-027
  2.403440E+01  4.12995778E-026  2.09786702E-026  1.50398849E-026  5.28102272E-027
  2.435940E+01  4.17478729E-026  2.06794279E-026  1.57797092E-026  5.28873577E-027
  2.468880E+01  4.22516922E-026  2.03828165E-026  1.65687845E-026  5.30009118E-027
  2.502270E+01  4.27825027E-026  2.00888298E-026  1.73911669E-026  5.30250600E-027
  2.536100E+01  4.33911339E-026  1.97975864E-026  1.82833543E-026  5.31019318E-027
  2.570400E+01  4.40320478E-026  1.95088996E-026  1.92051063E-026  5.31804185E-027
  2.605150E+01  4.47068924E-026  1.92229850E-026  2.01579986E-026  5.32590874E-027
  2.640380E+01  4.54174530E-026  1.89396361E-026  2.11439321E-026  5.33388473E-027
  2.676090E+01  4.61654575E-026  1.86588797E-026  2.21646590E-026  5.34191878E-027
  2.712270E+01  4.69526567E-026  1.83808221E-026  2.32219169E-026  5.34991757E-027
  2.748950E+01  4.77807312E-026  1.81052509E-026  2.43175067E-026  5.35797354E-027
  2.786120E+01  4.85791950E-026  1.78322394E-026  2.53727717E-026  5.37418385E-027
  2.823800E+01  4.93812873E-026  1.75616620E-026  2.64274555E-026  5.39216978E-027
  2.861980E+01  5.01965453E-026  1.72935769E-026  2.74927805E-026  5.41018798E-027
  2.900680E+01  5.10213174E-026  1.70278454E-026  2.85651915E-026  5.42828056E-027
  2.939910E+01  5.18510022E-026  1.67644055E-026  2.96401382E-026  5.44645848E-027
  2.979660E+01  5.26798137E-026  1.65033149E-026  3.07118648E-026  5.46463403E-027
  3.019950E+01  5.33586801E-026  1.62444317E-026  3.16270177E-026  5.48723073E-027
  3.060790E+01  5.38589405E-026  1.59876920E-026  3.23569249E-026  5.51432352E-027
  3.102180E+01  5.43110131E-026  1.57331023E-026  3.30364647E-026  5.54144615E-027
  3.144130E+01  5.47078435E-026  1.54805730E-026  3.36586711E-026  5.56859934E-027
  3.186640E+01  5.50426096E-026  1.52301168E-026  3.42167382E-026  5.59575463E-027
  3.229730E+01  5.53091478E-026  1.49816318E-026  3.47045551E-026  5.62296083E-027
  3.273410E+01  5.55019217E-026  1.47350436E-026  3.51166466E-026  5.65023146E-027
  3.317670E+01  5.56161487E-026  1.44904504E-026  3.54481957E-026  5.67750266E-027
  3.362530E+01  5.55835295E-026  1.42477184E-026  3.56259591E-026  5.70985198E-027
  3.408000E+01  5.52961975E-026  1.40068384E-026  3.55323107E-026  5.75704844E-027
  3.454090E+01  5.49543608E-026  1.37677417E-026  3.53818162E-026  5.80480292E-027
  3.500800E+01  5.45632712E-026  1.35304823E-026  3.51796623E-026  5.85312666E-027
  3.548130E+01  5.41290812E-026  1.32950844E-026  3.49319759E-026  5.90202095E-027
  3.596110E+01  5.36590761E-026  1.30614041E-026  3.46460417E-026  5.95163025E-027
  3.644740E+01  5.31607688E-026  1.28295015E-026  3.43292857E-026  6.00198161E-027
  3.694030E+01  5.26421811E-026  1.25993559E-026  3.39896646E-026  6.05316064E-027
  3.743980E+01  5.21113836E-026  1.23709993E-026  3.36351822E-026  6.10520200E-027
  3.794610E+01  5.15494435E-026  1.21443961E-026  3.32463184E-026  6.15872899E-027
  3.845920E+01  5.10016107E-026  1.19195798E-026  3.28685016E-026  6.21352936E-027
  3.897920E+01  5.04870145E-026  1.16965678E-026  3.25208578E-026  6.26958894E-027
  3.950630E+01  5.00118163E-026  1.14753170E-026  3.22094079E-026  6.32709129E-027
  4.004050E+01  4.95813981E-026  1.12558899E-026  3.19393473E-026  6.38616083E-027
  4.058200E+01  4.92011185E-026  1.10382427E-026  3.17158436E-026  6.44703216E-027
  4.113080E+01  4.88754416E-026  1.08224615E-026  3.15431117E-026  6.50986841E-027
  4.168690E+01  4.86383910E-026  1.06085888E-026  3.14516822E-026  6.57811999E-027
  4.225060E+01  4.84876503E-026  1.03965586E-026  3.14404272E-026  6.65066450E-027
  4.282200E+01  4.84110872E-026  1.01864377E-026  3.14986859E-026  6.72596353E-027
  4.340100E+01  4.84106370E-026  9.97828888E-027  3.16281069E-026  6.80424120E-027
  4.398790E+01  4.84891399E-026  9.77207850E-027  3.18311507E-026  6.88591068E-027
  4.458270E+01  4.86482473E-026  9.56787687E-027  3.21090879E-026  6.97128255E-027
  4.518560E+01  4.89042096E-026  9.36568185E-027  3.24760400E-026  7.06248776E-027
  4.579660E+01  4.93189394E-026  9.16557969E-027  3.29864368E-026  7.16692283E-027
  4.641590E+01  4.98247019E-026  8.96753397E-027  3.35804598E-026  7.27670809E-027
  4.704350E+01  5.04222028E-026  8.77161742E-027  3.42582808E-026  7.39230454E-027
  4.767970E+01  5.11130887E-026  8.57782931E-027  3.50209168E-026  7.51434256E-027
  4.832440E+01  5.18970864E-026  8.38625498E-027  3.58675422E-026  7.64328926E-027
  4.897790E+01  5.27752763E-026  8.19686733E-027  3.67985608E-026  7.77984812E-027
  4.964020E+01  5.37471130E-026  8.00972373E-027  3.78127987E-026  7.92459060E-027
  5.031140E+01  5.48518459E-026  7.82488144E-027  3.89438665E-026  8.08309798E-027
  5.099180E+01  5.60980828E-026  7.64229157E-027  4.01986458E-026  8.25714542E-027
  5.168130E+01  5.74426524E-026  7.46206731E-027  4.15384260E-026  8.44215906E-027
  5.238010E+01  5.89328259E-026  7.28421294E-027  4.30035606E-026  8.64505243E-027
  5.308840E+01  6.05213500E-026  7.10871767E-027  4.45518893E-026  8.86074309E-027
  5.380630E+01  6.22064464E-026  6.93563799E-027  4.61807719E-026  9.09003652E-027
  5.453390E+01  6.40381054E-026  6.76499508E-027  4.79336151E-026  9.33949520E-027
  5.527130E+01  6.59734425E-026  6.59681525E-027  4.97711167E-026  9.60551062E-027
  5.601870E+01  6.80019879E-026  6.43111313E-027  5.16827858E-026  9.88808898E-027
  5.677620E+01  7.01617063E-026  6.26791098E-027  5.36998043E-026  1.01939911E-026
  5.754400E+01  7.24452779E-026  6.10720714E-027  5.58144729E-026  1.05235978E-026
  5.832210E+01  7.48152132E-026  5.94905326E-027  5.79931785E-026  1.08729815E-026
  5.911080E+01  7.72754772E-026  5.79342965E-027  6.02377511E-026  1.12442965E-026
  5.991010E+01  7.98931400E-026  5.64039209E-027  6.26024006E-026  1.16503473E-026
  6.072020E+01  8.25883258E-026  5.48992499E-027  6.50187465E-026  1.20796544E-026
  6.154130E+01  8.53554465E-026  5.34203063E-027  6.74805408E-026  1.25328751E-026
  6.237350E+01  8.82211075E-026  5.19672647E-027  7.00093054E-026  1.30150756E-026
  6.321690E+01  9.11879761E-026  5.05403168E-027  7.26057306E-026  1.35282138E-026
  6.407180E+01  9.42443528E-026  4.91392195E-027  7.52552797E-026  1.40751511E-026
  6.493820E+01  9.73761918E-026  4.77642218E-027  7.79446949E-026  1.46550748E-026
  6.581630E+01  1.00590541E-025  4.64152198E-027  8.06806127E-026  1.52684066E-026
  6.670630E+01  1.03865369E-025  4.50922544E-027  8.34426030E-026  1.59135409E-026
  6.760830E+01  1.07208117E-025  4.37952964E-027  8.62348374E-026  1.65937499E-026
  6.852250E+01  1.10594646E-025  4.25242584E-027  8.90356319E-026  1.73065883E-026
  6.944910E+01  1.14038577E-025  4.12790041E-027  9.18494918E-026  1.80611848E-026
  7.038820E+01  1.17523824E-025  4.00595587E-027  9.46676332E-026  1.88502346E-026
  7.134000E+01  1.21053810E-025  3.88657678E-027  9.74911357E-026  1.96760974E-026
  7.230470E+01  1.24610433E-025  3.76974985E-027  1.00296789E-025  2.05438940E-026
  7.328250E+01  1.28177717E-025  3.65545503E-027  1.03076158E-025  2.14461045E-026
  7.427340E+01  1.31769080E-025  3.54370120E-027  1.05838866E-025  2.23865134E-026
  7.527780E+01  1.35337083E-025  3.43444427E-027  1.08545892E-025  2.33567465E-026
  7.629570E+01  1.38936147E-025  3.32768312E-027  1.11240143E-025  2.43683206E-026
  7.732740E+01  1.42481478E-025  3.22338873E-027  1.13853073E-025  2.54050164E-026
  7.837300E+01  1.46049514E-025  3.12154728E-027  1.16438278E-025  2.64896885E-026
  7.943280E+01  1.49562504E-025  3.02212646E-027  1.18938460E-025  2.76019180E-026
  8.050690E+01  1.53045192E-025  2.92510960E-027  1.21374256E-025  2.87458271E-026
  8.159560E+01  1.56496204E-025  2.83046287E-027  1.23744341E-025  2.99213999E-026
  8.269900E+01  1.59851693E-025  2.73816838E-027  1.25999379E-025  3.11141461E-026
  8.381720E+01  1.63220817E-025  2.64820800E-027  1.28218883E-025  3.23537251E-026
  8.495060E+01  1.66475373E-025  2.56053451E-027  1.30309668E-025  3.36051705E-026
  8.609940E+01  1.69678246E-025  2.47512243E-027  1.32321359E-025  3.48817652E-026
  8.726360E+01  1.72820022E-025  2.39195468E-027  1.34247627E-025  3.61804403E-026
  8.844370E+01  1.75823392E-025  2.31097992E-027  1.36031072E-025  3.74813399E-026
  8.963960E+01  1.78812067E-025  2.23218849E-027  1.37755951E-025  3.88239275E-026
  9.085180E+01  1.81664433E-025  2.15552788E-027  1.39340662E-025  4.01682430E-026
  9.208030E+01  1.84382574E-025  2.08098069E-027  1.40789825E-025  4.15117682E-026
  9.332540E+01  1.87047818E-025  2.00850593E-027  1.42162871E-025  4.28764410E-026
  9.458740E+01  1.89540827E-025  1.93806639E-027  1.43376765E-025  4.42259960E-026
  9.586650E+01  1.91919310E-025  1.86962681E-027  1.44470680E-025  4.55790032E-026
  9.716280E+01  1.94220024E-025  1.80316164E-027  1.45468652E-025  4.69482101E-026
  9.847670E+01  1.96332055E-025  1.73862657E-027  1.46302462E-025  4.82909663E-026
  9.980830E+01  1.98247107E-025  1.67598861E-027  1.46970056E-025  4.96010620E-026
  1.011580E+02  2.00143930E-025  1.61520848E-027  1.47597724E-025  5.09309975E-026
  1.025260E+02  2.01871744E-025  1.55624939E-027  1.48084651E-025  5.22308430E-026
  1.039120E+02  2.03546068E-025  1.49909776E-027  1.48520892E-025  5.35260781E-026
  1.053170E+02  2.05237075E-025  1.44368566E-027  1.48960852E-025  5.48325378E-026
  1.067420E+02  2.06747062E-025  1.38995005E-027  1.49264276E-025  5.60928362E-026
  1.081850E+02  2.08062395E-025  1.33793781E-027  1.49427586E-025  5.72968705E-026
  1.096480E+02  2.09190267E-025  1.28754761E-027  1.49460331E-025  5.84423879E-026
  1.111310E+02  2.10128375E-025  1.23875469E-027  1.49366336E-025  5.95232842E-026
  1.126330E+02  2.10871177E-025  1.19156211E-027  1.49147762E-025  6.05318525E-026
  1.141560E+02  2.11866757E-025  1.14587688E-027  1.49141410E-025  6.15794703E-026
  1.157000E+02  2.12728253E-025  1.10167420E-027  1.49064846E-025  6.25617325E-026
  1.172650E+02  2.13435022E-025  1.05892689E-027  1.48908775E-025  6.34673196E-026
  1.188500E+02  2.14133214E-025  1.01763215E-027  1.48776782E-025  6.43387995E-026
  1.204570E+02  2.14848917E-025  9.77709382E-028  1.48688403E-025  6.51828048E-026
  1.220860E+02  2.15431300E-025  9.39130460E-028  1.48548431E-025  6.59437385E-026
  1.237370E+02  2.15884089E-025  9.01869358E-028  1.48364987E-025  6.66172325E-026
  1.254100E+02  2.16434106E-025  8.65896993E-028  1.48259370E-025  6.73088392E-026
  1.271060E+02  2.16849574E-025  8.31164326E-028  1.48085586E-025  6.79328236E-026
  1.288250E+02  2.17074994E-025  7.97645394E-028  1.47810115E-025  6.84672344E-026
  1.305670E+02  2.17094996E-025  7.65311232E-028  1.47420943E-025  6.89087422E-026
  1.323330E+02  2.16894205E-025  7.34117944E-028  1.46904098E-025  6.92559888E-026
  1.341220E+02  2.16449705E-025  7.04055756E-028  1.46240484E-025  6.95051651E-026
  1.359360E+02  2.15545923E-025  6.75063267E-028  1.45109788E-025  6.97610721E-026
  1.377740E+02  2.14098507E-025  6.47131177E-028  1.43429625E-025  7.00217506E-026
  1.396370E+02  2.12270023E-025  6.20219163E-028  1.41459608E-025  7.01901964E-026
  1.415250E+02  2.10065078E-025  5.94301105E-028  1.39205821E-025  7.02649555E-026
  1.434390E+02  2.07496380E-025  5.69337763E-028  1.36681028E-025  7.02460143E-026
  1.453780E+02  2.04578358E-025  5.45318246E-028  1.33901331E-025  7.01317082E-026
  1.473440E+02  2.01335335E-025  5.22192389E-028  1.30889566E-025  6.99235762E-026
  1.493370E+02  1.97792617E-025  4.99937389E-028  1.27671171E-025  6.96215086E-026
  1.513560E+02  1.94070700E-025  4.78541124E-028  1.24191521E-025  6.94006381E-026
  1.534030E+02  1.90265693E-025  4.57957984E-028  1.20628385E-025  6.91793496E-026
  1.554770E+02  1.86370870E-025  4.38176492E-028  1.17059360E-025  6.88733344E-026
  1.575800E+02  1.82403049E-025  4.19155673E-028  1.13499141E-025  6.84847524E-026
  1.597100E+02  1.78373739E-025  4.00890044E-028  1.09959599E-025  6.80132499E-026
  1.618700E+02  1.74297208E-025  3.83333600E-028  1.06451913E-025  6.74619605E-026
  1.640590E+02  1.70182900E-025  3.66474099E-028  1.02984780E-025  6.68316460E-026
  1.662770E+02  1.66040077E-025  3.50290169E-028  9.95656773E-026  6.61241092E-026
  1.685260E+02  1.61878293E-025  3.34748137E-028  9.62012125E-026  6.53423327E-026
  1.708050E+02  1.57703955E-025  3.19834966E-028  9.28962604E-026  6.44878594E-026
  1.731140E+02  1.53523738E-025  3.05531300E-028  8.96549450E-026  6.35632613E-026
  1.754550E+02  1.49446220E-025  2.91805765E-028  8.65318164E-026  6.26225983E-026
  1.778280E+02  1.45784492E-025  2.78641395E-028  8.36774410E-026  6.18284097E-026
  1.802330E+02  1.42117485E-025  2.66020366E-028  8.08759355E-026  6.09755293E-026
  1.826700E+02  1.38448776E-025  2.53925181E-028  7.81283888E-026  6.00664616E-026
  1.851400E+02  1.34782092E-025  2.42333761E-028  7.54357733E-026  5.91039852E-026
  1.876430E+02  1.31121104E-025  2.31229635E-028  7.27990637E-026  5.80908101E-026
  1.901810E+02  1.27469683E-025  2.20588383E-028  7.02189161E-026  5.70301782E-026
  1.927530E+02  1.23831068E-025  2.10399288E-028  6.76960616E-026  5.59246071E-026
  1.953590E+02  1.20208943E-025  2.00646515E-028  6.52311813E-026  5.47771153E-026
  1.980010E+02  1.16606892E-025  1.91308234E-028  6.28245744E-026  5.35910092E-026
  2.006780E+02  1.13113940E-025  1.82373909E-028  6.05160857E-026  5.24154801E-026
  2.033920E+02  1.09896099E-025  1.73822823E-028  5.83756673E-026  5.13466084E-026
  2.061420E+02  1.06692962E-025  1.65645293E-028  5.62799381E-026  5.02473787E-026
  2.089300E+02  1.03508238E-025  1.57822124E-028  5.42297784E-026  4.91206379E-026
  2.117550E+02  1.00345570E-025  1.50343706E-028  5.22262232E-026  4.79690027E-026
  2.146180E+02  9.72083219E-026  1.43195070E-028  5.02698611E-026  4.67952657E-026
  2.175200E+02  9.40996685E-026  1.36362048E-028  4.83611676E-026  4.56021388E-026
  2.204620E+02  9.10226815E-026  1.29830967E-028  4.65005682E-026  4.43922823E-026
  2.234430E+02  8.79804611E-026  1.23593150E-028  4.46885550E-026  4.31683129E-026
  2.264640E+02  8.50319097E-026  1.17635564E-028  4.29252577E-026  4.19890164E-026
  2.295270E+02  8.21833366E-026  1.11944299E-028  4.12105992E-026  4.08607931E-026
  2.326310E+02  7.93753483E-026  1.06511160E-028  3.95447178E-026  3.97241193E-026
  2.357760E+02  7.66101170E-026  1.01326506E-028  3.79276274E-026  3.85811631E-026
  2.389640E+02  7.38893123E-026  9.63775470E-029  3.63588650E-026  3.74340697E-026
  2.421960E+02  7.12162639E-026  9.16540726E-029  3.48381006E-026  3.62865092E-026
  2.454710E+02  6.85923166E-026  8.71489204E-029  3.33651201E-026  3.51400476E-026
  2.487900E+02  6.60139155E-026  8.28521455E-029  3.19395036E-026  3.39915597E-026
  2.521540E+02  6.34904744E-026  7.87545115E-029  3.06017089E-026  3.28100110E-026
  2.555640E+02  6.10248400E-026  7.48470985E-029  2.93286778E-026  3.16213151E-026
  2.590200E+02  5.86075879E-026  7.11224467E-029  2.80952211E-026  3.04412443E-026
  2.625230E+02  5.62842978E-026  6.75723213E-029  2.69009544E-026  2.93157710E-026
  2.660730E+02  5.40269725E-026  6.41898208E-029  2.57455373E-026  2.82172454E-026
  2.696700E+02  5.18196656E-026  6.09681206E-029  2.46286200E-026  2.71300775E-026
  2.733170E+02  4.96627509E-026  5.78981719E-029  2.35493924E-026  2.60554604E-026
  2.770130E+02  4.76109101E-026  5.49747489E-029  2.25074655E-026  2.50484698E-026
  2.807590E+02  4.56522298E-026  5.21910816E-029  2.15022235E-026  2.40978152E-026
  2.845550E+02  4.37427138E-026  4.95414308E-029  2.05330534E-026  2.31601189E-026
  2.884030E+02  4.18824275E-026  4.70189128E-029  1.95991591E-026  2.22362495E-026
  2.923030E+02  4.00716148E-026  4.46183118E-029  1.86998828E-026  2.13271138E-026
  2.962560E+02  3.83103430E-026  4.23339665E-029  1.78344511E-026  2.04335579E-026
  3.002620E+02  3.66080123E-026  4.01610489E-029  1.70039467E-026  1.95639046E-026
  3.043220E+02  3.50786155E-026  3.80943176E-029  1.62286712E-026  1.88118500E-026
  3.084370E+02  3.35919313E-026  3.61287647E-029  1.54824334E-026  1.80733692E-026
  3.126080E+02  3.21477293E-026  3.42596163E-029  1.47645262E-026  1.73489434E-026
  3.168350E+02  3.07459344E-026  3.24828570E-029  1.40743634E-026  1.66390882E-026
  3.211200E+02  2.93861042E-026  3.07936276E-029  1.34111437E-026  1.59441669E-026
  3.254620E+02  2.80681005E-026  2.91885774E-029  1.27743144E-026  1.52645976E-026
  3.298630E+02  2.67914186E-026  2.76633423E-029  1.21630863E-026  1.46006690E-026
  3.343230E+02  2.55556587E-026  2.62144311E-029  1.15767838E-026  1.39526604E-026
  3.388440E+02  2.43602191E-026  2.48378846E-029  1.10146437E-026  1.33207375E-026
  3.434260E+02  2.32046117E-026  2.35305369E-029  1.04759786E-026  1.27051026E-026
  3.480700E+02  2.20882567E-026  2.22890492E-029  9.96007735E-027  1.21058903E-026
  3.527770E+02  2.10739093E-026  2.11102732E-029  9.46621509E-027  1.15865839E-026
  3.575470E+02  2.01150779E-026  1.99914175E-029  9.00158834E-027  1.10934981E-026
  3.623820E+02  1.91925505E-026  1.89293091E-029  8.56008883E-027  1.06135323E-026
  3.672820E+02  1.83020889E-026  1.79214421E-029  8.13743563E-027  1.01467318E-026
  3.722490E+02  1.74430349E-026  1.69649635E-029  7.73298661E-027  9.69308333E-027
  3.772830E+02  1.66148076E-026  1.60575371E-029  7.34616469E-027  9.25258538E-027
  3.823840E+02  1.58168280E-026  1.51969565E-029  6.97641196E-027  8.82521910E-027
  3.875550E+02  1.50482950E-026  1.43805753E-029  6.62306660E-027  8.41084787E-027
  3.927960E+02  1.43085970E-026  1.36063830E-029  6.28558024E-027  8.00941038E-027
  3.981070E+02  1.35971112E-026  1.28724422E-029  5.96341022E-027  7.62082851E-027
  4.034910E+02  1.29471443E-026  1.21764758E-029  5.65594695E-027  7.27902090E-027
  4.089470E+02  1.23260347E-026  1.15168845E-029  5.36268575E-027  6.95183204E-027
  4.144770E+02  1.17304026E-026  1.08917088E-029  5.08444066E-027  6.63507021E-027
  4.200810E+02  1.11628620E-026  1.02993480E-029  4.82392292E-027  6.32863974E-027
  4.257620E+02  1.06174209E-026  9.73796733E-030  4.57534094E-027  6.03234204E-027
  4.315190E+02  1.00935779E-026  9.20621340E-030  4.33828503E-027  5.74608665E-027
  4.373540E+02  9.59068151E-027  8.70249482E-030  4.11229897E-027  5.46968005E-027
  4.432680E+02  9.10813954E-027  8.22540704E-030  3.89694440E-027  5.20296974E-027
  4.492620E+02  8.64765724E-027  7.77360774E-030  3.69180523E-027  4.94807841E-027
  4.553370E+02  8.22347085E-027  7.34581566E-030  3.49647338E-027  4.71965166E-027
  4.614950E+02  7.81670634E-027  6.94075684E-030  3.31053417E-027  4.49923141E-027
  4.677350E+02  7.42689455E-027  6.55739327E-030  3.13363534E-027  4.28670182E-027
  4.740600E+02  7.05343015E-027  6.19450874E-030  2.96536952E-027  4.08186613E-027
  4.804700E+02  6.69581290E-027  5.85111280E-030  2.80539040E-027  3.88457139E-027
  4.869680E+02  6.35346670E-027  5.52611389E-030  2.65331944E-027  3.69462114E-027
  4.935520E+02  6.02595765E-027  5.21869457E-030  2.50885260E-027  3.51188636E-027
  5.002260E+02  5.71335507E-027  4.92783956E-030  2.37180773E-027  3.33661950E-027
  5.069910E+02  5.42824877E-027  4.65267581E-030  2.24543109E-027  3.17816500E-027
  5.138460E+02  5.15539137E-027  4.39249589E-030  2.12525571E-027  3.02574316E-027
  5.207950E+02  4.89430721E-027  4.14639676E-030  2.01099027E-027  2.87917055E-027
  5.278370E+02  4.64462484E-027  3.91373455E-030  1.90239860E-027  2.73831250E-027
  5.349750E+02  4.40590879E-027  3.69373242E-030  1.79921681E-027  2.60299825E-027
  5.422090E+02  4.17778804E-027  3.48577438E-030  1.70121841E-027  2.47308386E-027
  5.495410E+02  3.96108588E-027  3.28920129E-030  1.60816601E-027  2.34963067E-027
  5.569720E+02  3.75906589E-027  3.10341845E-030  1.51983860E-027  2.23612387E-027
  5.645040E+02  3.56609434E-027  2.92784106E-030  1.43601859E-027  2.12714791E-027
  5.721370E+02  3.38185213E-027  2.76195366E-030  1.35650926E-027  2.02258092E-027
  5.798740E+02  3.20598023E-027  2.60520754E-030  1.28109997E-027  1.92227504E-027
  5.877150E+02  3.03817375E-027  2.45714110E-030  1.20960863E-027  1.82610798E-027
  5.956620E+02  2.87811117E-027  2.31727723E-030  1.14184855E-027  1.73394535E-027
  6.037170E+02  2.72735957E-027  2.18516850E-030  1.07764000E-027  1.64753440E-027
  6.118810E+02  2.58441356E-027  2.06040496E-030  1.01681660E-027  1.56553655E-027
  6.201550E+02  2.44818985E-027  1.94259980E-030  9.59218659E-028  1.48702859E-027
  6.285410E+02  2.31954864E-027  1.83136587E-030  9.04685685E-028  1.41303159E-027
  6.370400E+02  2.19697545E-027  1.72635605E-030  8.53072107E-028  1.34217699E-027
  6.456540E+02  2.08115570E-027  1.62722582E-030  8.04232467E-028  1.27529601E-027
  6.543850E+02  1.97092522E-027  1.53364995E-030  7.58029369E-028  1.21136220E-027
  6.632340E+02  1.86641719E-027  1.44533533E-030  7.14333044E-028  1.15063881E-027
  6.722020E+02  1.76719528E-027  1.36199607E-030  6.73019371E-028  1.09281392E-027
  6.812920E+02  1.67304148E-027  1.28335011E-030  6.33965272E-028  1.03779285E-027
  6.905050E+02  1.58391210E-027  1.20914547E-030  5.97057543E-028  9.85645414E-028
  6.998420E+02  1.49911133E-027  1.13914220E-030  5.62189341E-028  9.35782846E-028
  7.093060E+02  1.42052208E-027  1.07310071E-030  5.30353439E-028  8.89095543E-028
  7.188970E+02  1.34574458E-027  1.01081271E-030  5.00250874E-028  8.44482893E-028
  7.286180E+02  1.27455694E-027  9.52063229E-031  4.71764509E-028  8.01840367E-028
  7.384710E+02  1.20680274E-027  8.96655070E-031  4.44813774E-028  7.61092316E-028
  7.484570E+02  1.14233717E-027  8.44407045E-031  4.19322929E-028  7.22169838E-028
  7.585780E+02  1.08165830E-027  7.95142358E-031  3.95217914E-028  6.85645249E-028
  7.688350E+02  1.02405828E-027  7.48698640E-031  3.72430059E-028  6.50879527E-028
  7.792320E+02  9.69272120E-028  7.04909138E-031  3.50889070E-028  6.17678140E-028
  7.897690E+02  9.17183342E-028  6.63633331E-031  3.30534482E-028  5.85985226E-028
  8.004480E+02  8.67847695E-028  6.24729910E-031  3.11303966E-028  5.55918999E-028
  8.112720E+02  8.21375667E-028  5.88062022E-031  2.93138758E-028  5.27648847E-028
  8.222430E+02  7.77205631E-028  5.53504042E-031  2.75983506E-028  5.00668621E-028
  8.333610E+02  7.35237298E-028  5.20943350E-031  2.59787379E-028  4.74928976E-028
  8.446300E+02  6.95366066E-028  4.90261627E-031  2.44498385E-028  4.50377419E-028
  8.560520E+02  6.57494992E-028  4.61352646E-031  2.30068498E-028  4.26965141E-028
  8.676280E+02  6.21534532E-028  4.34119219E-031  2.16453164E-028  4.04647249E-028
  8.793600E+02  5.87396041E-028  4.08465923E-031  2.03609220E-028  3.83378355E-028
  8.912510E+02  5.54992681E-028  3.84301863E-031  1.91494814E-028  3.63113565E-028
  9.033030E+02  5.24381571E-028  3.61542301E-031  1.80070824E-028  3.43949205E-028
  9.155180E+02  4.95654254E-028  3.40107742E-031  1.69300295E-028  3.26013852E-028
  9.278980E+02  4.68394661E-028  3.19922961E-031  1.59147701E-028  3.08927037E-028
  9.404450E+02  4.42534272E-028  3.00916463E-031  1.49579868E-028  2.92653488E-028
  9.531620E+02  4.18004942E-028  2.83020805E-031  1.40564335E-028  2.77157586E-028
  9.660510E+02  3.94743155E-028  2.66171947E-031  1.32070998E-028  2.62405985E-028
  9.791140E+02  3.72688508E-028  2.50310367E-031  1.24071406E-028  2.48366792E-028
  9.923540E+02  3.51782053E-028  2.35378598E-031  1.16537890E-028  2.35008784E-028
  1.005770E+03  3.32234956E-028  2.21326765E-031  1.09522012E-028  2.22491617E-028
  1.019370E+03  3.14023732E-028  2.08098704E-031  1.03003920E-028  2.10811712E-028
  1.033160E+03  2.96744523E-028  1.95643611E-031  9.68572400E-029  1.99691639E-028
  1.047130E+03  2.80361535E-028  1.83928092E-031  9.10648213E-029  1.89112786E-028
  1.061290E+03  2.64825963E-028  1.72902944E-031  8.56054956E-029  1.79047564E-028
  1.075640E+03  2.50098561E-028  1.62529835E-031  8.04615986E-029  1.69474432E-028
  1.090180E+03  2.36141073E-028  1.52772676E-031  7.56161433E-029  1.60372157E-028
  1.104930E+03  2.22906667E-028  1.43584781E-031  7.10495859E-029  1.51713496E-028
  1.119870E+03  2.10371776E-028  1.34946928E-031  6.67504895E-029  1.43486339E-028
  1.135010E+03  1.98497964E-028  1.26822486E-031  6.27025468E-029  1.35668595E-028
  1.150360E+03  1.87249393E-028  1.19177796E-031  5.88908058E-029  1.28239410E-028
  1.165910E+03  1.76600244E-028  1.11990994E-031  5.53037241E-029  1.21184529E-028
  1.181680E+03  1.66514118E-028  1.05227689E-031  5.19265570E-029  1.14482334E-028
  1.197660E+03  1.56967538E-028  9.88685725E-032  4.87489819E-029  1.08119688E-028
  1.213850E+03  1.48072411E-028  9.28908323E-032  4.57838737E-029  1.02195647E-028
  1.230270E+03  1.39672552E-028  8.72660794E-032  4.29962455E-029  9.65890406E-029
  1.246900E+03  1.31795072E-028  8.19812424E-032  4.03852500E-029  9.13278405E-029
  1.263770E+03  1.24424853E-028  7.70080958E-032  3.79410675E-029  8.64067770E-029
  1.280860E+03  1.17446461E-028  7.23348914E-032  3.56405092E-029  8.17336170E-029
  1.298180E+03  1.10838240E-028  6.79420672E-032  3.34749342E-029  7.72953638E-029
  1.315730E+03  1.04582302E-028  6.38136148E-032  3.14369260E-029  7.30815619E-029
  1.333520E+03  9.86594117E-029  5.99324100E-032  2.95188143E-029  6.90806650E-029
  1.351550E+03  9.30533360E-029  5.62845443E-032  2.77140604E-029  6.52829911E-029
  1.369830E+03  8.77469273E-029  5.28549242E-032  2.60158281E-029  6.16782443E-029
  1.388350E+03  8.27271917E-029  4.96329918E-032  2.44187702E-029  5.82587885E-029
  1.407130E+03  7.79767666E-029  4.66037101E-032  2.29162850E-029  5.50138779E-029
  1.426150E+03  7.34854219E-029  4.37592019E-032  2.15040063E-029  5.19376564E-029
  1.445440E+03  6.92360935E-029  4.10845907E-032  2.01756396E-029  4.90193693E-029
  1.464990E+03  6.52181763E-029  3.85717707E-032  1.89269151E-029  4.62526895E-029
  1.484800E+03  6.14201354E-029  3.62113846E-032  1.77533214E-029  4.36306026E-029
  1.504870E+03  5.78676225E-029  3.39946979E-032  1.66563030E-029  4.11773249E-029
  1.525220E+03  5.46161311E-029  3.19113920E-032  1.56412662E-029  3.89429535E-029
  1.545850E+03  5.15382819E-029  2.99539049E-032  1.46860966E-029  3.68222314E-029
  1.566750E+03  4.86264562E-029  2.81160372E-032  1.37877480E-029  3.48105922E-029
  1.587940E+03  4.58706799E-029  2.63891448E-032  1.29425620E-029  3.29017289E-029
  1.609410E+03  4.32640620E-029  2.47676656E-032  1.21478118E-029  3.10914825E-029
  1.631170E+03  4.07983793E-029  2.32448256E-032  1.14004466E-029  2.93746878E-029
  1.653230E+03  3.84660179E-029  2.18143232E-032  1.06976474E-029  2.77465562E-029
  1.675590E+03  3.62603007E-029  2.04708450E-032  1.00369121E-029  2.62029177E-029
  1.698240E+03  3.41754592E-029  1.92099688E-032  9.41602800E-030  2.47402213E-029
  1.721210E+03  3.22037651E-029  1.80253197E-032  8.83227709E-030  2.33534627E-029
  1.744480E+03  3.03405324E-029  1.69134852E-032  8.28385569E-030  2.20397632E-029
  1.768070E+03  2.85793435E-029  1.58693632E-032  7.76848618E-030  2.07949880E-029
  1.791980E+03  2.69150374E-029  1.48890291E-032  7.28429636E-030  1.96158520E-029
  1.816210E+03  2.53426727E-029  1.39688296E-032  6.82951049E-030  1.84991934E-029
  1.840770E+03  2.38571948E-029  1.31048777E-032  6.40233171E-030  1.74417582E-029
  1.865660E+03  2.24541734E-029  1.22939478E-032  6.00118825E-030  1.64406912E-029
  1.890890E+03  2.11290304E-029  1.15326429E-032  5.62448839E-030  1.54930094E-029
  1.916460E+03  1.98778017E-029  1.08180894E-032  5.27082945E-030  1.45961541E-029
  1.942380E+03  1.86963866E-029  1.01473218E-032  4.93880504E-030  1.37474343E-029
  1.968640E+03  1.75814401E-029  9.51802023E-033  4.62723153E-030  1.29446906E-029
  1.995260E+03  1.65290086E-029  8.92730036E-033  4.33478612E-030  1.21852951E-029
  2.022240E+03  1.55883850E-029  8.37293038E-033  4.07988548E-030  1.15001265E-029
  2.049590E+03  1.47095124E-029  7.85260192E-033  3.84360580E-030  1.08580540E-029
  2.077300E+03  1.38780696E-029  7.36450597E-033  3.62071893E-030  1.02499861E-029
  2.105390E+03  1.30913257E-029  6.90641501E-033  3.41041591E-030  9.67400342E-030
  2.133860E+03  1.23470692E-029  6.47658719E-033  3.21202854E-030  9.12856411E-030
  2.162720E+03  1.16430277E-029  6.07322291E-033  3.02487999E-030  8.61207450E-030
  2.191960E+03  1.09773290E-029  5.69491464E-033  2.84840627E-030  8.12322781E-030
  2.221600E+03  1.03477647E-029  5.33993177E-033  2.68195898E-030  7.66046580E-030
  2.251650E+03  9.75240476E-030  5.00680462E-033  2.52497317E-030  7.22242478E-030
  2.282090E+03  9.18976434E-030  4.69446556E-033  2.37700173E-030  6.80806815E-030
  2.312950E+03  8.65783739E-030  4.40138372E-033  2.23746726E-030  6.41596875E-030
  2.344230E+03  8.15508479E-030  4.12644280E-033  2.10591404E-030  6.04504431E-030
  2.375930E+03  7.68002685E-030  3.86857056E-033  1.98191760E-030  5.69424068E-030
  2.408060E+03  7.23115852E-030  3.62668677E-033  1.86504073E-030  5.36249111E-030
  2.440620E+03  6.80714845E-030  3.39984894E-033  1.75489745E-030  5.04885115E-030
  2.473620E+03  6.40663867E-030  3.18709873E-033  1.65110232E-030  4.75234925E-030
  2.507070E+03  6.03815265E-030  2.98754623E-033  1.55329183E-030  4.48187327E-030
  2.540970E+03  5.69199313E-030  2.80041486E-033  1.46113809E-030  4.22805463E-030
  2.575330E+03  5.36479609E-030  2.62491638E-033  1.37431730E-030  3.98785387E-030
  2.610160E+03  5.05554140E-030  2.46031500E-033  1.29252349E-030  3.76055759E-030
  2.645450E+03  4.76336896E-030  2.30601527E-033  1.21549556E-030  3.54556739E-030
  2.681230E+03  4.48725105E-030  2.16127723E-033  1.14293191E-030  3.34215786E-030
  2.717480E+03  4.22645843E-030  2.02561435E-033  1.07461120E-030  3.14982161E-030
  2.754230E+03  3.98007145E-030  1.89838011E-033  1.01026604E-030  2.96790704E-030
  2.791470E+03  3.74739061E-030  1.77910803E-033  9.49688843E-031  2.79592266E-030
  2.829220E+03  3.52763506E-030  1.66726250E-033  8.92652006E-031  2.63331579E-030
  2.867480E+03  3.32013658E-030  1.56240731E-033  8.38959480E-031  2.47961469E-030
  2.906250E+03  3.12425712E-030  1.46412270E-033  7.88424224E-031  2.33436877E-030
  2.945550E+03  2.93933320E-030  1.37197233E-033  7.40857359E-031  2.19710386E-030
  2.985380E+03  2.76479616E-030  1.28558822E-033  6.96093532E-031  2.06741704E-030
  3.025750E+03  2.60395031E-030  1.20460871E-033  6.53969053E-031  1.94877665E-030
  3.066670E+03  2.45412762E-030  1.12869241E-033  6.14331088E-031  1.83866784E-030
  3.108140E+03  2.31259850E-030  1.05753929E-033  5.77040682E-031  1.73450028E-030
  3.150170E+03  2.17891419E-030  9.90847283E-034  5.41961843E-031  1.63596150E-030
  3.192760E+03  2.05266525E-030  9.28348775E-034  5.08969157E-031  1.54276775E-030
  3.235940E+03  1.93341162E-030  8.69752485E-034  4.77931599E-031  1.45461027E-030
  3.279690E+03  1.82082601E-030  8.14850832E-034  4.48748201E-031  1.37126296E-030
  3.324040E+03  1.71451264E-030  7.63386501E-034  4.21302435E-031  1.29244682E-030
  3.368990E+03  1.61414413E-030  7.15155560E-034  3.95496144E-031  1.21793283E-030
  3.414550E+03  1.51939886E-030  6.69953055E-034  3.71233543E-031  1.14749536E-030
  3.460720E+03  1.42998075E-030  6.27597822E-034  3.48426571E-031  1.08092658E-030
  3.507520E+03  1.34558715E-030  5.87902915E-034  3.26987167E-031  1.01801208E-030
  3.554950E+03  1.26595295E-030  5.50707094E-034  3.06837025E-031  9.58565216E-031
  3.603020E+03  1.19081944E-030  5.15853858E-034  2.87900915E-031  9.02402673E-031
  3.651740E+03  1.11993912E-030  4.83195907E-034  2.70106741E-031  8.49349184E-031
  3.701120E+03  1.05307764E-030  4.52594417E-034  2.53386999E-031  7.99238051E-031
  3.751170E+03  9.90014743E-031  4.23920230E-034  2.37678437E-031  7.51912386E-031
  3.801890E+03  9.30548805E-031  3.97057583E-034  2.22922917E-031  7.07228830E-031
  3.853300E+03  8.74474273E-031  3.71887347E-034  2.09062067E-031  6.65040319E-031
  3.905410E+03  8.21604615E-031  3.48302825E-034  1.96043084E-031  6.25213228E-031
  3.958220E+03  7.71769078E-031  3.26209060E-034  1.83817344E-031  5.87625525E-031
  4.011750E+03  7.25229572E-031  3.05508408E-034  1.72336328E-031  5.52587735E-031
  4.065990E+03  6.82772735E-031  2.86119963E-034  1.61558013E-031  5.20928602E-031
  4.120980E+03  6.42701847E-031  2.67951702E-034  1.51437216E-031  4.90996680E-031
  4.176700E+03  6.04899695E-031  2.50935738E-034  1.41937725E-031  4.62711033E-031
  4.233180E+03  5.69233127E-031  2.34993982E-034  1.33020541E-031  4.35977592E-031
  4.290420E+03  5.35588987E-031  2.20061824E-034  1.24651640E-031  4.10717284E-031
  4.348440E+03  5.03852601E-031  2.06072625E-034  1.16797319E-031  3.86849209E-031
  4.407240E+03  4.73922288E-031  1.92970503E-034  1.09427503E-031  3.64301814E-031
  4.466840E+03  4.45695687E-031  1.80696802E-034  1.02512354E-031  3.43002637E-031
  4.527240E+03  4.19081623E-031  1.69201738E-034  9.60251416E-032  3.22887279E-031
  4.588460E+03  3.93988434E-031  1.58434504E-034  8.99395489E-032  3.03890451E-031
  4.650500E+03  3.70334508E-031  1.48350986E-034  8.42318006E-032  2.85954356E-031
  4.713390E+03  3.48035425E-031  1.38905047E-034  7.88780349E-032  2.69018485E-031
  4.777130E+03  3.27018938E-031  1.30058234E-034  7.38574202E-032  2.53031460E-031
  4.841720E+03  3.07215392E-031  1.21774349E-034  6.91500987E-032  2.37943519E-031
  4.907200E+03  2.88552185E-031  1.14014201E-034  6.47359537E-032  2.23702217E-031
  4.973550E+03  2.70970954E-031  1.06748423E-034  6.05982286E-032  2.10265977E-031
  5.040810E+03  2.54762901E-031  9.99426473E-035  5.67190822E-032  1.97943876E-031
  5.108970E+03  2.39699636E-031  9.35700813E-035  5.30834463E-032  1.86522620E-031
  5.178060E+03  2.25494409E-031  8.76017935E-035  4.96758424E-032  1.75730965E-031
  5.248070E+03  2.12102387E-031  8.20138974E-035  4.64828758E-032  1.65537497E-031
  5.319040E+03  1.99475036E-031  7.67802183E-035  4.34906759E-032  1.55907579E-031
  5.390970E+03  1.87571258E-031  7.18794106E-035  4.06871791E-032  1.46812200E-031
  5.463870E+03  1.76351035E-031  6.72905473E-035  3.80608338E-032  1.38222911E-031
  5.537750E+03  1.65776604E-031  6.29939303E-035  3.56007429E-032  1.30112867E-031
  5.612630E+03  1.55810931E-031  5.89707510E-035  3.32965037E-032  1.22455457E-031
  5.688530E+03  1.46419592E-031  5.52033307E-035  3.11383476E-032  1.15226041E-031
  5.765450E+03  1.37571463E-031  5.16760767E-035  2.91174184E-032  1.08402368E-031
  5.843410E+03  1.29235504E-031  4.83735141E-035  2.72250755E-032  1.01962055E-031
  5.922430E+03  1.21382688E-031  4.52811457E-035  2.54532978E-032  9.58841089E-032
  6.002520E+03  1.13985964E-031  4.23857797E-035  2.37945678E-032  9.01490109E-032
  6.083680E+03  1.07020452E-031  3.96754409E-035  2.22419921E-032  8.47387839E-032
  6.165950E+03  1.00460488E-031  3.71375000E-035  2.07886945E-032  7.96346563E-032
  6.249330E+03  9.43866670E-032  3.47615037E-035  1.94285732E-032  7.49233323E-032
  6.333830E+03  8.87309849E-032  3.25372531E-035  1.81558330E-032  7.05426147E-032
  6.419480E+03  8.34014914E-032  3.04547482E-035  1.69648489E-032  6.64061877E-032
  6.506290E+03  7.83800526E-032  2.85051070E-035  1.58505454E-032  6.25010022E-032
  6.594270E+03  7.36495088E-032  2.66800136E-035  1.48080943E-032  5.88147345E-032
  6.683440E+03  6.91934333E-032  2.49714495E-035  1.38329634E-032  5.53354985E-032
  6.773820E+03  6.49960255E-032  2.33719300E-035  1.29208618E-032  5.20517918E-032
  6.865410E+03  6.10432073E-032  2.18747690E-035  1.20678614E-032  4.89534712E-032
  6.958250E+03  5.73205130E-032  2.04731042E-035  1.12701304E-032  4.60299095E-032
  7.052340E+03  5.38706118E-032  1.91610807E-035  1.05242121E-032  4.33272387E-032
  7.147710E+03  5.06645160E-032  1.79328295E-035  9.82676165E-033  4.08198215E-032
  7.244360E+03  4.76433183E-032  1.67832223E-035  9.17476224E-033  3.84517728E-032
  7.342320E+03  4.47964011E-032  1.57070904E-035  8.56526105E-033  3.62154330E-032
  7.441610E+03  4.21138921E-032  1.46997354E-035  7.99553353E-033  3.41036588E-032
  7.542230E+03  3.95867975E-032  1.37569426E-035  7.46310059E-033  3.21099400E-032
  7.644220E+03  3.72059503E-032  1.28743964E-035  6.96548919E-033  3.02275867E-032
  7.747590E+03  3.49632441E-032  1.20483240E-035  6.50050040E-033  2.84506954E-032
  7.852360E+03  3.28508213E-032  1.12751162E-035  6.06602910E-033  2.67735171E-032
  7.958540E+03  3.08613811E-032  1.05514502E-035  5.66013196E-033  2.51906977E-032
  8.066160E+03  2.89878457E-032  9.87410813E-036  5.28093960E-033  2.36970320E-032
  8.175230E+03  2.72236936E-032  9.24017329E-036  4.92675012E-033  2.22877033E-032
  8.285780E+03  2.55626139E-032  8.64682601E-036  4.59592494E-033  2.09580422E-032
  8.397820E+03  2.39988180E-032  8.09151478E-036  4.28696737E-033  1.97037591E-032
  8.511380E+03  2.25266914E-032  7.57176489E-036  3.99844519E-033  1.85206744E-032
  8.626470E+03  2.11410637E-032  7.08535488E-036  3.72904178E-033  1.74049366E-032
  8.743120E+03  1.98369260E-032  6.63010938E-036  3.47750608E-033  1.63527898E-032
  8.861350E+03  1.86096278E-032  6.20404651E-036  3.24267329E-033  1.53607504E-032
  8.981180E+03  1.74547614E-032  5.80529961E-036  3.02345511E-033  1.44255010E-032
  9.102630E+03  1.63928256E-032  5.43213540E-036  2.81883385E-033  1.35685597E-032
  9.225710E+03  1.53967346E-032  5.08293880E-036  2.62786678E-033  1.27637849E-032
  9.350470E+03  1.44588335E-032  4.75610562E-036  2.44963125E-033  1.20044461E-032
  9.476910E+03  1.35758999E-032  4.45026343E-036  2.28331475E-033  1.12881349E-032
  9.605060E+03  1.27447569E-032  4.16405224E-036  2.12812709E-033  1.06124658E-032
  9.734940E+03  1.19624598E-032  3.89621748E-036  1.98333662E-033  9.97522700E-033
  9.866580E+03  1.12261856E-032  3.64557074E-036  1.84825680E-033  9.37428322E-033
  1.000000E+04  1.05330952E-032  3.41101947E-036  1.72224755E-033  8.80743664E-033
