# DL07 model SED (this work), mw31_60, Mathis ISRF U =  1.00
# silicate (D03) + carbonaceous (DL07 PAH Nc=470 + d16_sphere graphite blend)
# PAH ionization computed via WD01b grain charging (pah_ionfrac)
# columns: lambda[um]  lamI_total/NH  lamI_sil/NH  lamI_carb/NH
#          [erg s^-1 cm^-2 sr^-1 H^-1]
  9.120000E-02  1.66744868E-040  1.66744865E-040  3.26824416E-048
  9.226000E-02  2.46120887E-040  2.46120881E-040  6.16514377E-048
  9.332000E-02  3.59606811E-040  3.59606799E-040  1.15482491E-047
  9.441000E-02  5.24323949E-040  5.24323927E-040  2.18259008E-047
  9.550000E-02  7.57130850E-040  7.57130809E-040  4.08349336E-047
  9.661000E-02  1.08895873E-039  1.08895865E-039  7.64173832E-047
  9.772000E-02  1.55185977E-039  1.55185962E-039  1.41322835E-046
  9.886000E-02  2.21056902E-039  2.21056876E-039  2.62429727E-046
  1.000000E-01  3.12068822E-039  3.12068774E-039  4.81203930E-046
  1.012000E-01  4.42422592E-039  4.42422503E-039  8.87151329E-046
  1.023000E-01  6.04299354E-039  6.04299200E-039  1.54130390E-045
  1.035000E-01  8.35359543E-039  8.35359265E-039  2.77649592E-045
  1.047000E-01  1.14293537E-038  1.14293488E-038  4.93068652E-045
  1.059000E-01  1.56450649E-038  1.56450563E-038  8.63559386E-045
  1.072000E-01  2.18447230E-038  2.18447074E-038  1.56073153E-044
  1.084000E-01  2.95516145E-038  2.95515879E-038  2.65837535E-044
  1.097000E-01  4.07562256E-038  4.07561790E-038  4.66506165E-044
  1.109000E-01  5.44006743E-038  5.44005969E-038  7.73800054E-044
  1.122000E-01  7.40416534E-038  7.40415213E-038  1.32068904E-043
  1.135000E-01  9.99683350E-038  9.99681126E-038  2.22379093E-043
  1.148000E-01  1.33889891E-037  1.33889521E-037  3.69642410E-043
  1.161000E-01  1.78411018E-037  1.78410411E-037  6.06882713E-043
  1.175000E-01  2.41018093E-037  2.41017072E-037  1.02148434E-042
  1.189000E-01  3.23325911E-037  3.23324215E-037  1.69677618E-042
  1.202000E-01  4.21979275E-037  4.21976588E-037  2.68743217E-042
  1.216000E-01  5.57939628E-037  5.57935270E-037  4.35815359E-042
  1.230000E-01  7.33197231E-037  7.33190246E-037  6.98512284E-042
  1.244000E-01  9.56520260E-037  9.56509190E-037  1.10703650E-041
  1.259000E-01  1.26289988E-036  1.26288196E-036  1.79160793E-041
  1.274000E-01  1.65535346E-036  1.65532480E-036  2.86545005E-041
  1.288000E-01  2.11688705E-036  2.11684309E-036  4.39662957E-041
  1.303000E-01  2.73599271E-036  2.73592478E-036  6.79375545E-041
  1.318000E-01  3.51315085E-036  3.51304502E-036  1.05828358E-040
  1.333000E-01  4.48093257E-036  4.48076920E-036  1.63371668E-040
  1.349000E-01  5.76389832E-036  5.76364116E-036  2.57153668E-040
  1.365000E-01  7.35974108E-036  7.35934009E-036  4.00994137E-040
  1.380000E-01  9.18948770E-036  9.18888446E-036  6.03235383E-040
  1.396000E-01  1.15599509E-035  1.15590261E-035  9.24803931E-040
  1.412000E-01  1.44103201E-035  1.44089139E-035  1.40620194E-039
  1.429000E-01  1.79384345E-035  1.79362584E-035  2.17613816E-039
  1.445000E-01  2.16595075E-035  2.16562505E-035  3.25692557E-039
  1.462000E-01  2.60323654E-035  2.60274057E-035  4.95969954E-039
  1.479000E-01  3.09284509E-035  3.09209566E-035  7.49430087E-039
  1.496000E-01  3.64464440E-035  3.64352036E-035  1.12403989E-038
  1.514000E-01  4.30156437E-035  4.29985112E-035  1.71324521E-038
  1.531000E-01  4.96895012E-035  4.96641707E-035  2.53305076E-038
  1.549000E-01  5.70801166E-035  5.70420655E-035  3.80511045E-038
  1.567000E-01  6.63025795E-035  6.62458189E-035  5.67605469E-038
  1.585000E-01  7.60700560E-035  7.59859535E-035  8.41025421E-038
  1.603000E-01  8.63812714E-035  8.62574558E-035  1.23815666E-037
  1.622000E-01  9.97154202E-035  9.95304219E-035  1.84998356E-037
  1.641000E-01  1.13433060E-034  1.13158456E-034  2.74603137E-037
  1.660000E-01  1.28387934E-034  1.27982882E-034  4.05052531E-037
  1.679000E-01  1.46174033E-034  1.45580141E-034  5.93891336E-037
  1.698000E-01  1.64188938E-034  1.63323156E-034  8.65781759E-037
  1.718000E-01  1.89059917E-034  1.87780786E-034  1.27913034E-036
  1.738000E-01  2.16128874E-034  2.14251339E-034  1.87753519E-036
  1.758000E-01  2.44220531E-034  2.41481312E-034  2.73921929E-036
  1.778000E-01  2.72502242E-034  2.68528352E-034  3.97389033E-036
  1.799000E-01  3.01154694E-034  2.95314151E-034  5.84054240E-036
  1.820000E-01  3.44205692E-034  3.35667156E-034  8.53853570E-036
  1.841000E-01  3.90953864E-034  3.78531958E-034  1.24219057E-035
  1.862000E-01  4.40177081E-034  4.22187838E-034  1.79892428E-035
  1.884000E-01  4.93636387E-034  4.67242395E-034  2.63939921E-035
  1.905000E-01  5.50319922E-034  5.12423535E-034  3.78963868E-035
  1.928000E-01  6.33952544E-034  5.77895931E-034  5.60566137E-035
  1.950000E-01  7.22991389E-034  6.41856257E-034  8.11351323E-035
  1.972000E-01  8.22227236E-034  7.05382991E-034  1.16844245E-034
  1.995000E-01  9.38944844E-034  7.68905792E-034  1.70039053E-034
  2.018000E-01  1.10211098E-033  8.56482912E-034  2.45628067E-034
  2.042000E-01  1.31698924E-033  9.59894321E-034  3.57094915E-034
  2.065000E-01  1.56724729E-033  1.06183322E-033  5.05414069E-034
  2.089000E-01  1.88502337E-033  1.16898639E-033  7.16036980E-034
  2.113000E-01  2.29282861E-033  1.29546355E-033  9.97365052E-034
  2.138000E-01  2.83188477E-033  1.45190874E-033  1.37997603E-033
  2.163000E-01  3.50608022E-033  1.63945696E-033  1.86662326E-033
  2.188000E-01  4.31646384E-033  1.84952799E-033  2.46693585E-033
  2.213000E-01  5.28572305E-033  2.09787816E-033  3.18784488E-033
  2.239000E-01  6.48087222E-033  2.40838722E-033  4.07248500E-033
  2.265000E-01  7.87301095E-033  2.76863242E-033  5.10437853E-033
  2.291000E-01  9.49288895E-033  3.19375227E-033  6.29913667E-033
  2.317000E-01  1.13616820E-032  3.68180891E-033  7.67987311E-033
  2.344000E-01  1.36069105E-032  4.26221288E-033  9.34469764E-033
  2.371000E-01  1.62242741E-032  4.93433220E-033  1.12899419E-032
  2.399000E-01  1.93914376E-032  5.72821564E-033  1.36632220E-032
  2.427000E-01  2.31238088E-032  6.65103204E-033  1.64727767E-032
  2.455000E-01  2.75027100E-032  7.69642549E-033  1.98062845E-032
  2.483000E-01  3.26424872E-032  8.87617626E-033  2.37663110E-032
  2.512000E-01  3.88799116E-032  1.02249058E-032  2.86550058E-032
  2.541000E-01  4.61878690E-032  1.16914457E-032  3.44964233E-032
  2.570000E-01  5.47934890E-032  1.33258938E-032  4.14675952E-032
  2.600000E-01  6.52863361E-032  1.51995402E-032  5.00867959E-032
  2.630000E-01  7.76700316E-032  1.72742059E-032  6.03958256E-032
  2.661000E-01  9.27986417E-032  1.96529267E-032  7.31457150E-032
  2.691000E-01  1.10070757E-031  2.21999023E-032  8.78708551E-032
  2.723000E-01  1.31825142E-031  2.52026782E-032  1.06622463E-031
  2.754000E-01  1.56699728E-031  2.84015699E-032  1.28298158E-031
  2.786000E-01  1.86937887E-031  3.20179254E-032  1.54919961E-031
  2.818000E-01  2.22566054E-031  3.59906481E-032  1.86575406E-031
  2.851000E-01  2.65859777E-031  4.04859995E-032  2.25373777E-031
  2.884000E-01  3.16847946E-031  4.54036507E-032  2.71444295E-031
  2.917000E-01  3.76745530E-031  5.07787175E-032  3.25966812E-031
  2.951000E-01  4.49190405E-031  5.68031106E-032  3.92387294E-031
  2.985000E-01  5.34212071E-031  6.33698050E-032  4.70842266E-031
  3.020000E-01  6.36865628E-031  7.07299380E-032  5.66135690E-031
  3.055000E-01  7.24502963E-031  7.87342748E-032  6.45768688E-031
  3.090000E-01  8.47380535E-031  8.74190242E-032  7.59961511E-031
  3.126000E-01  9.90919520E-031  9.70428176E-032  8.93876703E-031
  3.162000E-01  1.15329043E-030  1.07430563E-031  1.04585987E-030
  3.199000E-01  1.34117028E-030  1.18963967E-031  1.22220631E-030
  3.236000E-01  1.55138945E-030  1.31408899E-031  1.41998055E-030
  3.273000E-01  1.78445954E-030  1.44804999E-031  1.63965455E-030
  3.311000E-01  2.04716290E-030  1.59591145E-031  1.88757175E-030
  3.350000E-01  2.33923717E-030  1.75908298E-031  2.16332887E-030
  3.388000E-01  2.64116245E-030  1.92968067E-031  2.44819438E-030
  3.428000E-01  2.96882151E-030  2.12216239E-031  2.75660527E-030
  3.467000E-01  3.28530495E-030  2.32235585E-031  3.05306937E-030
  3.507000E-01  3.59156883E-030  2.54130771E-031  3.33743806E-030
  3.548000E-01  3.87587361E-030  2.78093136E-031  3.59778047E-030
  3.589000E-01  4.13820369E-030  3.03650044E-031  3.83455365E-030
  3.631000E-01  4.41639162E-030  3.31542075E-031  4.08484954E-030
  3.673000E-01  4.74553766E-030  3.61191953E-031  4.38434571E-030
  3.715000E-01  5.15696369E-030  3.92656441E-031  4.76430725E-030
  3.758000E-01  5.67968479E-030  4.26835161E-031  5.25284963E-030
  3.802000E-01  6.32431934E-030  4.63928800E-031  5.86039054E-030
  3.846000E-01  7.07259202E-030  5.03155072E-031  6.56943695E-030
  3.891000E-01  7.92740363E-030  5.45572889E-031  7.38183074E-030
  3.936000E-01  8.84576288E-030  5.90408160E-031  8.25535472E-030
  3.981000E-01  9.79363354E-030  6.37721872E-031  9.15591167E-030
  4.027000E-01  1.07495459E-029  6.88537208E-031  1.00610087E-029
  4.074000E-01  1.16520490E-029  7.43103840E-031  1.09089452E-029
  4.121000E-01  1.24017317E-029  8.00515808E-031  1.16012159E-029
  4.169000E-01  1.29243385E-029  8.62145340E-031  1.20621932E-029
  4.217000E-01  1.31530360E-029  9.26860086E-031  1.22261759E-029
  4.266000E-01  1.31189857E-029  9.96162800E-031  1.21228229E-029
  4.315000E-01  1.29434867E-029  1.06879415E-030  1.18746926E-029
  4.365000E-01  1.27738539E-029  1.14641428E-030  1.16274396E-029
  4.416000E-01  1.27159550E-029  1.22916925E-030  1.14867858E-029
  4.467000E-01  1.28022315E-029  1.31540021E-030  1.14868313E-029
  4.519000E-01  1.30113687E-029  1.40720284E-030  1.16041658E-029
  4.571000E-01  1.32860555E-029  1.50296841E-030  1.17830871E-029
  4.624000E-01  1.35736490E-029  1.60469581E-030  1.19689531E-029
  4.677000E-01  1.38241320E-029  1.71062144E-030  1.21135105E-029
  4.732000E-01  1.40466631E-029  1.82502045E-030  1.22216427E-029
  4.786000E-01  1.42642013E-029  1.94180782E-030  1.23223935E-029
  4.842000E-01  1.45429660E-029  2.06762727E-030  1.24753387E-029
  4.898000E-01  1.49031745E-029  2.19812566E-030  1.27050488E-029
  4.954000E-01  1.53469919E-029  2.33337575E-030  1.30136162E-029
  5.012000E-01  1.58840760E-029  2.47854889E-030  1.34055271E-029
  5.070000E-01  1.64863439E-029  2.62891611E-030  1.38574278E-029
  5.129000E-01  1.71720764E-029  2.78721234E-030  1.43848641E-029
  5.188000E-01  1.79504301E-029  2.95089273E-030  1.49995374E-029
  5.248000E-01  1.88506776E-029  3.12286596E-030  1.57278116E-029
  5.309000E-01  1.98699315E-029  3.30340141E-030  1.65665300E-029
  5.370000E-01  2.09633129E-029  3.48966541E-030  1.74736475E-029
  5.433000E-01  2.21289161E-029  3.68802856E-030  1.84408875E-029
  5.495000E-01  2.32800498E-029  3.88916100E-030  1.93908888E-029
  5.559000E-01  2.44701368E-029  4.10217777E-030  2.03679590E-029
  5.623000E-01  2.56967889E-029  4.32122384E-030  2.13755651E-029
  5.688000E-01  2.70214205E-029  4.54988078E-030  2.24715397E-029
  5.754000E-01  2.84674558E-029  4.78837762E-030  2.36790782E-029
  5.821000E-01  3.00276514E-029  5.03693676E-030  2.49907147E-029
  5.888000E-01  3.16502520E-029  5.29191927E-030  2.63583327E-029
  5.957000E-01  3.33530864E-029  5.56114316E-030  2.77919433E-029
  6.026000E-01  3.50772578E-029  5.83700317E-030  2.92402547E-029
  6.095000E-01  3.68441578E-029  6.11940192E-030  3.07247559E-029
  6.166000E-01  3.87470673E-029  6.41670414E-030  3.23303632E-029
  6.237000E-01  4.07754637E-029  6.72070510E-030  3.40547586E-029
  6.310000E-01  4.29840366E-029  7.04012659E-030  3.59439100E-029
  6.383000E-01  4.53080870E-029  7.36636551E-030  3.79417215E-029
  6.457000E-01  4.77526253E-029  7.70388757E-030  4.00487377E-029
  6.531000E-01  5.02822863E-029  8.04812030E-030  4.22341660E-029
  6.607000E-01  5.29879040E-029  8.40859113E-030  4.45793129E-029
  6.683000E-01  5.58614134E-029  8.77590259E-030  4.70855108E-029
  6.761000E-01  5.90621028E-029  9.15972821E-030  4.99023745E-029
  6.839000E-01  6.25806234E-029  9.55030163E-030  5.30303217E-029
  6.918000E-01  6.64887220E-029  9.95256237E-030  5.65361596E-029
  6.998000E-01  7.07977290E-029  1.03665584E-029  6.04311707E-029
  7.079000E-01  7.54965927E-029  1.07925566E-029  6.47040361E-029
  7.161000E-01  8.05657331E-029  1.12303722E-029  6.93353608E-029
  7.244000E-01  8.60000910E-029  1.16800016E-029  7.43200893E-029
  7.328000E-01  9.17653437E-029  1.21414340E-029  7.96239097E-029
  7.413000E-01  9.78598715E-029  1.26146430E-029  8.52452284E-029
  7.499000E-01  1.04285592E-028  1.30995870E-029  9.11860053E-029
  7.586000E-01  1.11085578E-028  1.35962083E-029  9.74893702E-029
  7.674000E-01  1.18302663E-028  1.41044340E-029  1.04198229E-028
  7.763000E-01  1.26017161E-028  1.46241753E-029  1.11392986E-028
  7.852000E-01  1.34180532E-028  1.51493967E-029  1.19031135E-028
  7.943000E-01  1.42974814E-028  1.56917832E-029  1.27283030E-028
  8.035000E-01  1.52377664E-028  1.62441350E-029  1.36133529E-028
  8.128000E-01  1.62401554E-028  1.68054618E-029  1.45596092E-028
  8.222000E-01  1.73092454E-028  1.73773823E-029  1.55715072E-028
  8.318000E-01  1.84620204E-028  1.79658595E-029  1.66654345E-028
  8.414000E-01  1.96807268E-028  1.85584280E-029  1.78248840E-028
  8.511000E-01  2.09815809E-028  1.91609787E-029  1.90654830E-028
  8.610000E-01  2.23858698E-028  1.97795463E-029  2.04079152E-028
  8.710000E-01  2.38897524E-028  2.04076852E-029  2.18489839E-028
  8.810000E-01  2.54900564E-028  2.10388043E-029  2.33861760E-028
  8.913000E-01  2.72502010E-028  2.16916007E-029  2.50810409E-028
  9.016000E-01  2.91395534E-028  2.23463280E-029  2.69049206E-028
  9.120000E-01  3.12049129E-028  2.30071903E-029  2.89041939E-028
  9.226000E-01  3.35132091E-028  2.36823678E-029  3.11449723E-028
  9.333000E-01  3.61057679E-028  2.43651786E-029  3.36692501E-028
  9.441000E-01  3.90784920E-028  2.50552770E-029  3.65729643E-028
  9.550000E-01  4.25810985E-028  2.57523091E-029  4.00058676E-028
  9.661000E-01  4.69037007E-028  2.64623091E-029  4.42574698E-028
  9.772000E-01  5.23915066E-028  2.71721123E-029  4.96742954E-028
  9.886000E-01  5.99851589E-028  2.79005112E-029  5.71951078E-028
  1.000000E+00  7.09398948E-028  2.86279624E-029  6.80770986E-028
  1.012000E+00  8.88886584E-028  2.93946586E-029  8.59491926E-028
  1.023000E+00  1.15075170E-027  3.00959199E-029  1.12065578E-027
  1.035000E+00  1.57040323E-027  3.08588831E-029  1.53954435E-027
  1.047000E+00  1.97176422E-027  3.16193436E-029  1.94014488E-027
  1.059000E+00  1.99499025E-027  3.23769437E-029  1.96261330E-027
  1.071000E+00  1.71850253E-027  3.31313425E-029  1.68537119E-027
  1.084000E+00  1.43423983E-027  3.39446195E-029  1.40029521E-027
  1.097000E+00  1.26120572E-027  3.47533683E-029  1.22645236E-027
  1.109000E+00  1.17683385E-027  3.54955669E-029  1.14133828E-027
  1.122000E+00  1.13780994E-027  3.62945885E-029  1.10151535E-027
  1.135000E+00  1.13519580E-027  3.70865918E-029  1.09810920E-027
  1.148000E+00  1.15938824E-027  3.78717017E-029  1.12151654E-027
  1.161000E+00  1.20646659E-027  3.86505678E-029  1.16781602E-027
  1.175000E+00  1.28245774E-027  3.94820555E-029  1.24297569E-027
  1.189000E+00  1.38694489E-027  4.03056765E-029  1.34663921E-027
  1.202000E+00  1.51259363E-027  4.10631702E-029  1.47153046E-027
  1.216000E+00  1.67885906E-027  4.18708217E-029  1.63698824E-027
  1.230000E+00  1.86838558E-027  4.26698210E-029  1.82571576E-027
  1.245000E+00  2.06757528E-027  4.35284521E-029  2.02404683E-027
  1.259000E+00  2.20711620E-027  4.43385501E-029  2.16277765E-027
  1.273000E+00  2.27138908E-027  4.51376722E-029  2.22625141E-027
  1.288000E+00  2.26005740E-027  4.59843441E-029  2.21407306E-027
  1.303000E+00  2.20058230E-027  4.68209531E-029  2.15376135E-027
  1.318000E+00  2.12828492E-027  4.76510622E-029  2.08063386E-027
  1.334000E+00  2.06042515E-027  4.85258118E-029  2.01189934E-027
  1.349000E+00  2.01332142E-027  4.93350992E-029  1.96398633E-027
  1.365000E+00  1.98039357E-027  5.01866769E-029  1.93020689E-027
  1.380000E+00  1.96434742E-027  5.09737247E-029  1.91337370E-027
  1.396000E+00  1.95950772E-027  5.17999074E-029  1.90770781E-027
  1.413000E+00  1.96558462E-027  5.26641168E-029  1.91292051E-027
  1.429000E+00  1.97951022E-027  5.34645992E-029  1.92604562E-027
  1.445000E+00  1.99964981E-027  5.42525196E-029  1.94539729E-027
  1.462000E+00  2.02604936E-027  5.50756984E-029  1.97097367E-027
  1.479000E+00  2.05686946E-027  5.58838879E-029  2.00098557E-027
  1.496000E+00  2.09065032E-027  5.66777647E-029  2.03397255E-027
  1.514000E+00  2.12940913E-027  5.75027432E-029  2.07190638E-027
  1.531000E+00  2.16792249E-027  5.82671796E-029  2.10965531E-027
  1.549000E+00  2.20997618E-027  5.90610468E-029  2.15091514E-027
  1.567000E+00  2.25396354E-027  5.98307165E-029  2.19413282E-027
  1.585000E+00  2.29846193E-027  6.05839804E-029  2.23787795E-027
  1.603000E+00  2.34387872E-027  6.13213161E-029  2.28255741E-027
  1.622000E+00  2.39252429E-027  6.20824562E-029  2.33044183E-027
  1.641000E+00  2.44088884E-027  6.28261155E-029  2.37806273E-027
  1.660000E+00  2.48947385E-027  6.35559005E-029  2.42591795E-027
  1.679000E+00  2.53745939E-027  6.42717578E-029  2.47318763E-027
  1.698000E+00  2.58406438E-027  6.49707627E-029  2.51909362E-027
  1.718000E+00  2.63296706E-027  6.56885550E-029  2.56727851E-027
  1.738000E+00  2.67908400E-027  6.63881064E-029  2.61269589E-027
  1.758000E+00  2.72300714E-027  6.70696533E-029  2.65593748E-027
  1.778000E+00  2.76347932E-027  6.77451450E-029  2.69573417E-027
  1.799000E+00  2.79890092E-027  6.84598260E-029  2.73044109E-027
  1.820000E+00  2.82820114E-027  6.91560781E-029  2.75904507E-027
  1.841000E+00  2.84669934E-027  6.98341752E-029  2.77686517E-027
  1.862000E+00  2.85772208E-027  7.04943974E-029  2.78722768E-027
  1.884000E+00  2.87050121E-027  7.11671981E-029  2.79933401E-027
  1.906000E+00  2.90115635E-027  7.18210281E-029  2.82933532E-027
  1.928000E+00  2.96243180E-027  7.24619873E-029  2.88996981E-027
  1.950000E+00  3.04663111E-027  7.30851252E-029  2.97354599E-027
  1.972000E+00  3.13568636E-027  7.36903767E-029  3.06199599E-027
  1.995000E+00  3.22517467E-027  7.43043838E-029  3.15087028E-027
  2.018000E+00  3.30731476E-027  7.48996019E-029  3.23241516E-027
  2.042000E+00  3.38614319E-027  7.55010879E-029  3.31064210E-027
  2.065000E+00  3.45367079E-027  7.60591207E-029  3.37761167E-027
  2.089000E+00  3.52023075E-027  7.66203855E-029  3.44361037E-027
  2.114000E+00  3.58605827E-027  7.71849764E-029  3.50887329E-027
  2.138000E+00  3.64504524E-027  7.77226772E-029  3.56732256E-027
  2.163000E+00  3.70447403E-027  7.82713505E-029  3.62620268E-027
  2.188000E+00  3.76301625E-027  7.88013316E-029  3.68421492E-027
  2.213000E+00  3.81683437E-027  7.93077305E-029  3.73752664E-027
  2.239000E+00  3.87203153E-027  7.98104310E-029  3.79222110E-027
  2.265000E+00  3.92556070E-027  8.02956404E-029  3.84526506E-027
  2.291000E+00  3.97860819E-027  8.07644597E-029  3.89784373E-027
  2.317000E+00  4.02865351E-027  8.12155111E-029  3.94743800E-027
  2.344000E+00  4.07771960E-027  8.16656283E-029  3.99605397E-027
  2.371000E+00  4.12960664E-027  8.20976487E-029  4.04750899E-027
  2.399000E+00  4.17748567E-027  8.25271187E-029  4.09495855E-027
  2.427000E+00  4.22707333E-027  8.29389518E-029  4.14413438E-027
  2.455000E+00  4.27373810E-027  8.33386178E-029  4.19039949E-027
  2.483000E+00  4.32092553E-027  8.37228201E-029  4.23720271E-027
  2.512000E+00  4.36693925E-027  8.41160498E-029  4.28282320E-027
  2.541000E+00  4.41355182E-027  8.44920548E-029  4.32905976E-027
  2.570000E+00  4.45767689E-027  8.48513918E-029  4.37282550E-027
  2.600000E+00  4.50260617E-027  8.52061574E-029  4.41740001E-027
  2.630000E+00  4.54491314E-027  8.55442523E-029  4.45936888E-027
  2.661000E+00  4.59206653E-027  8.58767089E-029  4.50618982E-027
  2.691000E+00  4.63553057E-027  8.61826484E-029  4.54934793E-027
  2.723000E+00  4.68144724E-027  8.64924758E-029  4.59495476E-027
  2.754000E+00  4.72645016E-027  8.67769577E-029  4.63967321E-027
  2.786000E+00  4.77419389E-027  8.70722700E-029  4.68712162E-027
  2.818000E+00  4.82314623E-027  8.73530766E-029  4.73579315E-027
  2.851000E+00  4.87689602E-027  8.76273677E-029  4.78926865E-027
  2.884000E+00  4.93422764E-027  8.78867330E-029  4.84634090E-027
  2.917000E+00  4.99826987E-027  8.81317594E-029  4.91013811E-027
  2.951000E+00  5.07428263E-027  8.83698137E-029  4.98591282E-027
  2.985000E+00  5.16625919E-027  8.85938506E-029  5.07766534E-027
  3.020000E+00  5.28722090E-027  8.88104472E-029  5.19841045E-027
  3.055000E+00  5.45162602E-027  8.90134166E-029  5.36261260E-027
  3.090000E+00  5.69300803E-027  8.92033487E-029  5.60380468E-027
  3.126000E+00  6.09425111E-027  8.94525287E-029  6.00479858E-027
  3.162000E+00  6.83194831E-027  8.97131049E-029  6.74223520E-027
  3.199000E+00  8.51376218E-027  8.99679982E-029  8.42379418E-027
  3.236000E+00  1.35952602E-026  9.02103575E-029  1.35050499E-026
  3.273000E+00  4.05705899E-026  9.04202246E-029  4.04801696E-026
  3.311000E+00  8.50149224E-026  9.05692672E-029  8.49243531E-026
  3.350000E+00  1.97977912E-026  9.07107432E-029  1.97070804E-026
  3.388000E+00  1.05264588E-026  9.08379634E-029  1.04356208E-026
  3.428000E+00  7.85416603E-027  9.09174719E-029  7.76324856E-027
  3.467000E+00  6.82072587E-027  9.09636762E-029  6.72976219E-027
  3.507000E+00  6.29875445E-027  9.10017957E-029  6.20775265E-027
  3.548000E+00  6.00314043E-027  9.10317087E-029  5.91210872E-027
  3.589000E+00  5.82620354E-027  9.10529222E-029  5.73515062E-027
  3.631000E+00  5.71170860E-027  9.10662099E-029  5.62064239E-027
  3.673000E+00  5.63667182E-027  9.10600679E-029  5.54561175E-027
  3.715000E+00  5.58677846E-027  9.10398896E-029  5.49573857E-027
  3.758000E+00  5.55224916E-027  9.10122676E-029  5.46123689E-027
  3.802000E+00  5.52974415E-027  9.09772589E-029  5.43876689E-027
  3.846000E+00  5.51549776E-027  9.09359649E-029  5.42456179E-027
  3.891000E+00  5.50724146E-027  9.08877951E-029  5.41635366E-027
  3.935000E+00  5.50546979E-027  9.08354613E-029  5.41463433E-027
  3.981000E+00  5.50689320E-027  9.07756985E-029  5.41611751E-027
  4.027000E+00  5.51253590E-027  9.07112692E-029  5.42182463E-027
  4.074000E+00  5.52139380E-027  9.06411171E-029  5.43075269E-027
  4.121000E+00  5.53420740E-027  9.05670763E-029  5.44364032E-027
  4.169000E+00  5.54907729E-027  9.04259183E-029  5.45865137E-027
  4.217000E+00  5.56844214E-027  9.02621514E-029  5.47817999E-027
  4.266000E+00  5.59028013E-027  9.00930565E-029  5.50018707E-027
  4.315000E+00  5.61660514E-027  8.99224600E-029  5.52668268E-027
  4.365000E+00  5.64744013E-027  8.97472615E-029  5.55769287E-027
  4.416000E+00  5.68207366E-027  8.95678174E-029  5.59250585E-027
  4.467000E+00  5.72301975E-027  8.94477048E-029  5.63357204E-027
  4.519000E+00  5.77039985E-027  8.93434572E-029  5.68105639E-027
  4.571000E+00  5.82469741E-027  8.92390173E-029  5.73545839E-027
  4.624000E+00  5.88808471E-027  8.91327501E-029  5.79895196E-027
  4.677000E+00  5.96179259E-027  8.90270288E-029  5.87276556E-027
  4.732000E+00  6.05217633E-027  8.89182625E-029  5.96325807E-027
  4.786000E+00  6.15710501E-027  8.88521402E-029  6.06825287E-027
  4.842000E+00  6.29089103E-027  8.88706363E-029  6.20202039E-027
  4.898000E+00  6.45821897E-027  8.88902092E-029  6.36932876E-027
  4.955000E+00  6.68272791E-027  8.89115814E-029  6.59381633E-027
  5.012000E+00  6.99674621E-027  8.89554470E-029  6.90779077E-027
  5.070000E+00  7.49003127E-027  8.90757004E-029  7.40095557E-027
  5.129000E+00  8.36899389E-027  8.91998725E-029  8.27979402E-027
  5.188000E+00  1.00930024E-026  8.93992681E-029  1.00036031E-026
  5.248000E+00  1.27651828E-026  8.97286129E-029  1.26754542E-026
  5.309000E+00  1.26552636E-026  9.00650854E-029  1.25651985E-026
  5.370000E+00  1.09147263E-026  9.04035633E-029  1.08243227E-026
  5.432000E+00  1.04178943E-026  9.07499963E-029  1.03271443E-026
  5.495000E+00  1.09965785E-026  9.11048539E-029  1.09054736E-026
  5.559000E+00  1.27674482E-026  9.16092039E-029  1.26758390E-026
  5.623000E+00  1.65213980E-026  9.21609458E-029  1.64292371E-026
  5.688000E+00  2.14117863E-026  9.28609091E-029  2.13189253E-026
  5.754000E+00  2.04097909E-026  9.36082230E-029  2.03161827E-026
  5.821000E+00  1.81537287E-026  9.43704994E-029  1.80593582E-026
  5.888000E+00  1.88362874E-026  9.51368858E-029  1.87411505E-026
  5.957000E+00  2.26445185E-026  9.60468128E-029  2.25484717E-026
  6.026000E+00  3.14109858E-026  9.69969422E-029  3.13139889E-026
  6.095000E+00  5.16521283E-026  9.79527585E-029  5.15541755E-026
  6.166000E+00  9.90092304E-026  9.89427201E-029  9.89102876E-026
  6.237000E+00  1.27711723E-025  9.98468495E-029  1.27611876E-025
  6.310000E+00  7.72386092E-026  1.00701653E-028  7.71379076E-026
  6.383000E+00  4.76327715E-026  1.01499621E-028  4.75312719E-026
  6.457000E+00  3.70963603E-026  1.02188440E-028  3.69941719E-026
  6.531000E+00  3.47893148E-026  1.02879290E-028  3.46864355E-026
  6.607000E+00  3.61069743E-026  1.03475357E-028  3.60034989E-026
  6.683000E+00  3.78618885E-026  1.04085046E-028  3.77578034E-026
  6.761000E+00  3.79174437E-026  1.04665282E-028  3.78127784E-026
  6.839000E+00  3.71294414E-026  1.05240873E-028  3.70242006E-026
  6.918000E+00  3.74235930E-026  1.05887653E-028  3.73177053E-026
  6.998000E+00  3.96893484E-026  1.07073021E-028  3.95822754E-026
  7.080000E+00  4.42272565E-026  1.08306793E-028  4.41189497E-026
  7.161000E+00  5.10148450E-026  1.11575296E-028  5.09032697E-026
  7.244000E+00  6.06866436E-026  1.15100550E-028  6.05715430E-026
  7.328000E+00  7.43417539E-026  1.21465216E-028  7.42202887E-026
  7.413000E+00  9.50628231E-026  1.31984699E-028  9.49308384E-026
  7.499000E+00  1.27386844E-025  1.42822483E-028  1.27244022E-025
  7.586000E+00  1.60304637E-025  1.67268567E-028  1.60137368E-025
  7.674000E+00  1.63251651E-025  1.95439041E-028  1.63056212E-025
  7.762000E+00  1.58995017E-025  2.27539362E-028  1.58767478E-025
  7.852000E+00  1.54145056E-025  2.80813746E-028  1.53864242E-025
  7.943000E+00  1.27973178E-025  3.35988033E-028  1.27637190E-025
  8.035000E+00  9.63235442E-026  4.02691532E-028  9.59208526E-026
  8.128000E+00  7.50415671E-026  4.86607790E-028  7.45549593E-026
  8.222000E+00  6.42346444E-026  5.73087742E-028  6.36615566E-026
  8.318000E+00  6.03286671E-026  6.59590858E-028  5.96690763E-026
  8.414000E+00  6.12381822E-026  7.39922870E-028  6.04982593E-026
  8.511000E+00  7.00501789E-026  8.14570907E-028  6.92356080E-026
  8.610000E+00  7.80742797E-026  8.90025226E-028  7.71842545E-026
  8.710000E+00  6.25916849E-026  9.78441024E-028  6.16132439E-026
  8.811000E+00  4.46131232E-026  1.08311260E-027  4.35300106E-026
  8.913000E+00  3.43536237E-026  1.20205656E-027  3.31515671E-026
  9.016000E+00  2.87220073E-026  1.33020630E-027  2.73918010E-026
  9.120000E+00  2.53976991E-026  1.45950044E-027  2.39381986E-026
  9.226000E+00  2.32672940E-026  1.57129485E-027  2.16959991E-026
  9.333000E+00  2.18416045E-026  1.65301643E-027  2.01885880E-026
  9.441000E+00  2.08522908E-026  1.70172634E-027  1.91505645E-026
  9.550000E+00  2.01597317E-026  1.71876517E-027  1.84409665E-026
  9.660000E+00  1.96811034E-026  1.70621897E-027  1.79748844E-026
  9.772000E+00  1.93866863E-026  1.67965286E-027  1.77070334E-026
  9.885000E+00  1.92685695E-026  1.65251199E-027  1.76160575E-026
  1.000000E+01  1.93218905E-026  1.62726676E-027  1.76946237E-026
  1.012000E+01  1.95723350E-026  1.60694447E-027  1.79653905E-026
  1.023000E+01  1.99900702E-026  1.58410234E-027  1.84059679E-026
  1.035000E+01  2.07068228E-026  1.55193476E-027  1.91548880E-026
  1.047000E+01  2.18134600E-026  1.49819665E-027  2.03152633E-026
  1.059000E+01  2.36565682E-026  1.43441869E-027  2.22221495E-026
  1.072000E+01  2.66611322E-026  1.36535371E-027  2.52957784E-026
  1.084000E+01  3.08158006E-026  1.30936555E-027  2.95064350E-026
  1.097000E+01  4.07466643E-026  1.25805793E-027  3.94886063E-026
  1.109000E+01  6.48913569E-026  1.21461305E-027  6.36767438E-026
  1.122000E+01  1.60710178E-025  1.16733342E-027  1.59542845E-025
  1.135000E+01  1.26070515E-025  1.12429517E-027  1.24946220E-025
  1.148000E+01  8.26012472E-026  1.08424748E-027  8.15169997E-026
  1.161000E+01  5.87914535E-026  1.04949561E-027  5.77419579E-026
  1.175000E+01  5.40057288E-026  1.01082483E-027  5.29949039E-026
  1.189000E+01  5.98921185E-026  9.69436765E-028  5.89226817E-026
  1.202000E+01  6.32105496E-026  9.31900680E-028  6.22786489E-026
  1.216000E+01  5.82850315E-026  8.92343588E-028  5.73926879E-026
  1.230000E+01  5.73838939E-026  8.60077917E-028  5.65238160E-026
  1.244000E+01  6.69194923E-026  8.29654856E-028  6.60898375E-026
  1.259000E+01  8.20521440E-026  7.96473320E-028  8.12556707E-026
  1.273000E+01  7.70738030E-026  7.66525832E-028  7.63072771E-026
  1.288000E+01  5.54048596E-026  7.34798330E-028  5.46700612E-026
  1.303000E+01  4.46203040E-026  7.09247825E-028  4.39110561E-026
  1.318000E+01  4.10394811E-026  6.84839681E-028  4.03546414E-026
  1.334000E+01  4.25388280E-026  6.61998811E-028  4.18768292E-026
  1.349000E+01  4.39415531E-026  6.40430841E-028  4.33011223E-026
  1.365000E+01  3.90681973E-026  6.24197478E-028  3.84439998E-026
  1.380000E+01  3.45782218E-026  6.10209377E-028  3.39680125E-026
  1.396000E+01  3.27590968E-026  6.09377085E-028  3.21497197E-026
  1.412000E+01  3.39356807E-026  6.11231685E-028  3.33244490E-026
  1.429000E+01  3.26185680E-026  6.29035452E-028  3.19895326E-026
  1.445000E+01  2.98888449E-026  6.48776435E-028  2.92400684E-026
  1.462000E+01  2.87868527E-026  6.80928012E-028  2.81059247E-026
  1.479000E+01  2.84047808E-026  7.15071557E-028  2.76897093E-026
  1.496000E+01  2.83163441E-026  7.52856175E-028  2.75634879E-026
  1.514000E+01  2.83964196E-026  7.95185778E-028  2.76012338E-026
  1.531000E+01  2.85982978E-026  8.39251758E-028  2.77590461E-026
  1.549000E+01  2.89572539E-026  8.87891971E-028  2.80693619E-026
  1.567000E+01  2.95720960E-026  9.40309505E-028  2.86317864E-026
  1.585000E+01  3.07389862E-026  9.94792111E-028  2.97441941E-026
  1.603000E+01  3.17527567E-026  1.05202779E-027  3.07007289E-026
  1.622000E+01  3.44858707E-026  1.11478232E-027  3.33710883E-026
  1.641000E+01  4.61551956E-026  1.17935549E-027  4.49758402E-026
  1.660000E+01  4.14327469E-026  1.24533081E-027  4.01874161E-026
  1.679000E+01  4.09064732E-026  1.31198187E-027  3.95944914E-026
  1.698000E+01  4.26501622E-026  1.37587840E-027  4.12742838E-026
  1.718000E+01  4.24224580E-026  1.44425850E-027  4.09781995E-026
  1.738000E+01  4.25147293E-026  1.50965838E-027  4.10050710E-026
  1.758000E+01  3.62758450E-026  1.57427806E-027  3.47015669E-026
  1.778000E+01  3.43520484E-026  1.63488451E-027  3.27171639E-026
  1.799000E+01  3.22847048E-026  1.68985451E-027  3.05948503E-026
  1.820000E+01  3.02432425E-026  1.74423196E-027  2.84990105E-026
  1.841000E+01  2.92385960E-026  1.78726063E-027  2.74513354E-026
  1.862000E+01  2.85743061E-026  1.82707109E-027  2.67472350E-026
  1.884000E+01  2.80218372E-026  1.86304824E-027  2.61587889E-026
  1.906000E+01  2.75008649E-026  1.88476437E-027  2.56161005E-026
  1.927000E+01  2.70117998E-026  1.90466470E-027  2.51071352E-026
  1.950000E+01  2.64873556E-026  1.91679293E-027  2.45705627E-026
  1.972000E+01  2.60158475E-026  1.92114698E-027  2.40947005E-026
  1.995000E+01  2.55677019E-026  1.92530277E-027  2.36423991E-026
  2.018000E+01  2.51562175E-026  1.92337639E-027  2.32328411E-026
  2.042000E+01  2.47679381E-026  1.92395584E-027  2.28439822E-026
  2.065000E+01  2.44321950E-026  1.93071313E-027  2.25014818E-026
  2.089000E+01  2.41066148E-026  1.93664011E-027  2.21699747E-026
  2.114000E+01  2.37900016E-026  1.94202004E-027  2.18479815E-026
  2.138000E+01  2.35044331E-026  1.94659779E-027  2.15578353E-026
  2.163000E+01  2.32296602E-026  1.95641029E-027  2.12732499E-026
  2.188000E+01  2.29706769E-026  1.96610011E-027  2.10045768E-026
  2.213000E+01  2.27259337E-026  1.97565079E-027  2.07502829E-026
  2.239000E+01  2.24781504E-026  1.97822470E-027  2.04999257E-026
  2.265000E+01  2.22453847E-026  1.98267816E-027  2.02627066E-026
  2.291000E+01  2.20280565E-026  1.99015462E-027  2.00379019E-026
  2.317000E+01  2.18271059E-026  2.00255256E-027  1.98245534E-026
  2.344000E+01  2.16308629E-026  2.01602351E-027  1.96148394E-026
  2.371000E+01  2.14424064E-026  2.02635495E-027  1.94160515E-026
  2.399000E+01  2.12597515E-026  2.03873637E-027  1.92210151E-026
  2.427000E+01  2.10896785E-026  2.05262859E-027  1.90370499E-026
  2.455000E+01  2.09307098E-026  2.06766729E-027  1.88630426E-026
  2.483000E+01  2.07811595E-026  2.08234129E-027  1.86988183E-026
  2.512000E+01  2.06330431E-026  2.09462605E-027  1.85384170E-026
  2.541000E+01  2.04960845E-026  2.10901238E-027  1.83870721E-026
  2.570000E+01  2.03681420E-026  2.12336850E-027  1.82447735E-026
  2.600000E+01  2.02443474E-026  2.13818212E-027  1.81061653E-026
  2.630000E+01  2.01291613E-026  2.15295214E-027  1.79762091E-026
  2.661000E+01  2.00184725E-026  2.16816348E-027  1.78503090E-026
  2.692000E+01  1.99155425E-026  2.18331817E-027  1.77322243E-026
  2.723000E+01  1.98204086E-026  2.19841195E-027  1.76219966E-026
  2.754000E+01  1.97323371E-026  2.21344116E-027  1.75188959E-026
  2.786000E+01  1.96518264E-026  2.23227266E-027  1.74195538E-026
  2.818000E+01  1.95781931E-026  2.25119402E-027  1.73269991E-026
  2.851000E+01  1.95091949E-026  2.27066029E-027  1.72385346E-026
  2.884000E+01  1.94468323E-026  2.29007723E-027  1.71567550E-026
  2.917000E+01  1.93902900E-026  2.30944327E-027  1.70808467E-026
  2.951000E+01  1.93378698E-026  2.32934204E-027  1.70085278E-026
  2.985000E+01  1.92917283E-026  2.34918579E-027  1.69425425E-026
  3.020000E+01  1.92518456E-026  2.37145345E-027  1.68803921E-026
  3.055000E+01  1.92187670E-026  2.39506748E-027  1.68236995E-026
  3.090000E+01  1.91909738E-026  2.41863130E-027  1.67723425E-026
  3.126000E+01  1.91678321E-026  2.44281820E-027  1.67250139E-026
  3.162000E+01  1.91495331E-026  2.46695768E-027  1.66825754E-026
  3.199000E+01  1.91363169E-026  2.49172318E-027  1.66445938E-026
  3.236000E+01  1.91274105E-026  2.51644993E-027  1.66109606E-026
  3.273000E+01  1.91243763E-026  2.54114580E-027  1.65832305E-026
  3.311000E+01  1.91260345E-026  2.56648679E-027  1.65595477E-026
  3.350000E+01  1.91327633E-026  2.59248342E-027  1.65402799E-026
  3.388000E+01  1.91515895E-026  2.62517581E-027  1.65264137E-026
  3.428000E+01  1.91777085E-026  2.65995308E-027  1.65177554E-026
  3.467000E+01  1.92084308E-026  2.69405203E-027  1.65143788E-026
  3.508000E+01  1.92465497E-026  2.73012679E-027  1.65164229E-026
  3.548000E+01  1.92891300E-026  2.76557223E-027  1.65235578E-026
  3.589000E+01  1.93393384E-026  2.80219095E-027  1.65371474E-026
  3.631000E+01  1.93981408E-026  2.84003973E-027  1.65581011E-026
  3.673000E+01  1.94632904E-026  2.87826965E-027  1.65850207E-026
  3.715000E+01  1.95356820E-026  2.91692504E-027  1.66187570E-026
  3.758000E+01  1.96185747E-026  2.95699741E-027  1.66615773E-026
  3.802000E+01  1.97111480E-026  2.99883527E-027  1.67123127E-026
  3.846000E+01  1.98137121E-026  3.04133031E-027  1.67723818E-026
  3.890000E+01  1.99256465E-026  3.08455338E-027  1.68410931E-026
  3.935000E+01  2.00504337E-026  3.12959117E-027  1.69208425E-026
  3.981000E+01  2.01910437E-026  3.17658992E-027  1.70144538E-026
  4.027000E+01  2.03425083E-026  3.22465807E-027  1.71178503E-026
  4.074000E+01  2.05114969E-026  3.27498576E-027  1.72365112E-026
  4.121000E+01  2.06960188E-026  3.32665998E-027  1.73693589E-026
  4.169000E+01  2.09009680E-026  3.38264724E-027  1.75183208E-026
  4.217000E+01  2.11238581E-026  3.44086963E-027  1.76829884E-026
  4.266000E+01  2.13706436E-026  3.50219690E-027  1.78684467E-026
  4.315000E+01  2.16358178E-026  3.56560041E-027  1.80702174E-026
  4.365000E+01  2.19285340E-026  3.63261788E-027  1.82959162E-026
  4.416000E+01  2.22503846E-026  3.70358712E-027  1.85467975E-026
  4.467000E+01  2.25981048E-026  3.77740275E-027  1.88207020E-026
  4.519000E+01  2.29787740E-026  3.85678700E-027  1.91219870E-026
  4.571000E+01  2.33942471E-026  3.94351517E-027  1.94507319E-026
  4.624000E+01  2.38459088E-026  4.03586698E-027  1.98100418E-026
  4.677000E+01  2.43315991E-026  4.13248468E-027  2.01991144E-026
  4.731000E+01  2.48608634E-026  4.23560150E-027  2.06252619E-026
  4.786000E+01  2.54377910E-026  4.34578695E-027  2.10920041E-026
  4.842000E+01  2.60632318E-026  4.46365213E-027  2.15995797E-026
  4.898000E+01  2.67335836E-026  4.58757977E-027  2.21460038E-026
  4.954000E+01  2.74453193E-026  4.71790585E-027  2.27274134E-026
  5.012000E+01  2.82318896E-026  4.86116911E-027  2.33707205E-026
  5.070000E+01  2.90718120E-026  5.01645298E-027  2.40553590E-026
  5.129000E+01  2.99783532E-026  5.18291194E-027  2.47954412E-026
  5.188000E+01  3.09392050E-026  5.35959906E-027  2.55796059E-026
  5.248000E+01  3.19765231E-026  5.55119054E-027  2.64253326E-026
  5.309000E+01  3.30872760E-026  5.75652335E-027  2.73307526E-026
  5.370000E+01  3.42634218E-026  5.97288874E-027  2.82905330E-026
  5.433000E+01  3.55405912E-026  6.21091437E-027  2.93296769E-026
  5.495000E+01  3.68648295E-026  6.45890782E-027  3.04059216E-026
  5.559000E+01  3.83022616E-026  6.72834742E-027  3.15739142E-026
  5.623000E+01  3.98058910E-026  7.01179833E-027  3.27940927E-026
  5.688000E+01  4.14140874E-026  7.31968861E-027  3.40943988E-026
  5.754000E+01  4.31169218E-026  7.64959426E-027  3.54673275E-026
  5.821000E+01  4.49248176E-026  8.00130814E-027  3.69235094E-026
  5.888000E+01  4.68069854E-026  8.37019653E-027  3.84367889E-026
  5.957000E+01  4.88330565E-026  8.77557951E-027  4.00574770E-026
  6.026000E+01  5.09380634E-026  9.20254754E-027  4.17355159E-026
  6.095000E+01  5.31220581E-026  9.64909748E-027  4.34729606E-026
  6.166000E+01  5.54485101E-026  1.01290624E-026  4.53194476E-026
  6.237000E+01  5.78568392E-026  1.06334321E-026  4.72234072E-026
  6.310000E+01  6.04157679E-026  1.11773902E-026  4.92383777E-026
  6.383000E+01  6.30562187E-026  1.17468334E-026  5.13093854E-026
  6.457000E+01  6.58142996E-026  1.23534488E-026  5.34608508E-026
  6.531000E+01  6.86550664E-026  1.29837771E-026  5.56712894E-026
  6.607000E+01  7.16476920E-026  1.36611524E-026  5.79865396E-026
  6.683000E+01  7.47183877E-026  1.43626741E-026  6.03557137E-026
  6.761000E+01  7.79388904E-026  1.51129598E-026  6.28259306E-026
  6.839000E+01  8.12301261E-026  1.58897135E-026  6.53404126E-026
  6.918000E+01  8.46335295E-026  1.67068480E-026  6.79266815E-026
  6.998000E+01  8.81506108E-026  1.75695425E-026  7.05810683E-026
  7.079000E+01  9.17572744E-026  1.84607578E-026  7.32965166E-026
  7.161000E+01  9.54862452E-026  1.94060801E-026  7.60801651E-026
  7.244000E+01  9.93093478E-026  2.03889210E-026  7.89204268E-026
  7.328000E+01  1.03218384E-025  2.14123930E-026  8.18059911E-026
  7.413000E+01  1.07225880E-025  2.24788775E-026  8.47470020E-026
  7.499000E+01  1.11308004E-025  2.35799317E-026  8.77280721E-026
  7.586000E+01  1.15472320E-025  2.47272104E-026  9.07451100E-026
  7.674000E+01  1.19708638E-025  2.59104413E-026  9.37981964E-026
  7.762000E+01  1.23952427E-025  2.71152075E-026  9.68372190E-026
  7.852000E+01  1.28322308E-025  2.83871961E-026  9.99351119E-026
  7.943000E+01  1.32732822E-025  2.96893364E-026  1.03043486E-025
  8.035000E+01  1.37193252E-025  3.10279971E-026  1.06165255E-025
  8.128000E+01  1.41695802E-025  3.24072842E-026  1.09288517E-025
  8.222000E+01  1.46207461E-025  3.38112273E-026  1.12396234E-025
  8.318000E+01  1.50796047E-025  3.52701638E-026  1.15525883E-025
  8.414000E+01  1.55363004E-025  3.67501037E-026  1.18612900E-025
  8.511000E+01  1.59912434E-025  3.82482384E-026  1.21664195E-025
  8.610000E+01  1.64520287E-025  3.97963623E-026  1.24723924E-025
  8.710000E+01  1.69103870E-025  4.13713165E-026  1.27732553E-025
  8.811000E+01  1.73666938E-025  4.29562175E-026  1.30710720E-025
  8.912000E+01  1.78162033E-025  4.45579034E-026  1.33604130E-025
  9.016000E+01  1.82699376E-025  4.62181060E-026  1.36481270E-025
  9.120000E+01  1.87131967E-025  4.78637368E-026  1.39268231E-025
  9.226000E+01  1.91561938E-025  4.95381347E-026  1.42023804E-025
  9.332000E+01  1.95873139E-025  5.12163680E-026  1.44656771E-025
  9.441000E+01  2.00177564E-025  5.29166986E-026  1.47260865E-025
  9.550000E+01  2.04337952E-025  5.45944562E-026  1.49743496E-025
  9.661000E+01  2.08499431E-025  5.63285329E-026  1.52170898E-025
  9.772000E+01  2.12499652E-025  5.80281228E-026  1.54471529E-025
  9.886000E+01  2.16433593E-025  5.97334573E-026  1.56700136E-025
  1.000000E+02  2.20183642E-025  6.13946493E-026  1.58788993E-025
  1.012000E+02  2.24032035E-025  6.31635807E-026  1.60868454E-025
  1.023000E+02  2.27376721E-025  6.47385480E-026  1.62638173E-025
  1.035000E+02  2.30856858E-025  6.64174787E-026  1.64439380E-025
  1.047000E+02  2.34208866E-025  6.81273086E-026  1.66081557E-025
  1.059000E+02  2.37375149E-025  6.97800964E-026  1.67595052E-025
  1.072000E+02  2.40602988E-025  7.15023495E-026  1.69100638E-025
  1.084000E+02  2.43338256E-025  7.30258043E-026  1.70312452E-025
  1.097000E+02  2.46103742E-025  7.46010324E-026  1.71502710E-025
  1.109000E+02  2.48430788E-025  7.59829921E-026  1.72447796E-025
  1.122000E+02  2.50741262E-025  7.73993391E-026  1.73341923E-025
  1.135000E+02  2.52907286E-025  7.88080038E-026  1.74099282E-025
  1.148000E+02  2.54907743E-025  8.01853573E-026  1.74722385E-025
  1.161000E+02  2.56647460E-025  8.14796261E-026  1.75167834E-025
  1.175000E+02  2.58316265E-025  8.27786448E-026  1.75537620E-025
  1.188000E+02  2.59686004E-025  8.39556058E-026  1.75730398E-025
  1.202000E+02  2.60998770E-025  8.51821111E-026  1.75816659E-025
  1.216000E+02  2.62074131E-025  8.63121031E-026  1.75762028E-025
  1.230000E+02  2.62917387E-025  8.73447807E-026  1.75572606E-025
  1.244000E+02  2.63588957E-025  8.83212937E-026  1.75267663E-025
  1.259000E+02  2.64152578E-025  8.93688332E-026  1.74783745E-025
  1.273000E+02  2.64489468E-025  9.02513842E-026  1.74238084E-025
  1.288000E+02  2.64620953E-025  9.10952301E-026  1.73525723E-025
  1.303000E+02  2.64564324E-025  9.18343504E-026  1.72729973E-025
  1.318000E+02  2.64278545E-025  9.24695836E-026  1.71808961E-025
  1.334000E+02  2.63741349E-025  9.30339254E-026  1.70707423E-025
  1.349000E+02  2.63049892E-025  9.34582962E-026  1.69591596E-025
  1.365000E+02  2.62319024E-025  9.40275976E-026  1.68291427E-025
  1.380000E+02  2.61475957E-025  9.44808657E-026  1.66995091E-025
  1.396000E+02  2.60410161E-025  9.48654829E-026  1.65544678E-025
  1.412000E+02  2.59134044E-025  9.51501137E-026  1.63983930E-025
  1.429000E+02  2.57633408E-025  9.53455600E-026  1.62287848E-025
  1.445000E+02  2.56023961E-025  9.54314383E-026  1.60592523E-025
  1.462000E+02  2.54183595E-025  9.54214849E-026  1.58762110E-025
  1.479000E+02  2.52184392E-025  9.53105114E-026  1.56873881E-025
  1.496000E+02  2.50016047E-025  9.51019579E-026  1.54914089E-025
  1.514000E+02  2.47822867E-025  9.50271443E-026  1.52795723E-025
  1.531000E+02  2.45690306E-025  9.49337481E-026  1.50756558E-025
  1.549000E+02  2.43305292E-025  9.47455948E-026  1.48559697E-025
  1.567000E+02  2.40797636E-025  9.44692562E-026  1.46328380E-025
  1.585000E+02  2.38190486E-025  9.41084782E-026  1.44082007E-025
  1.603000E+02  2.35470876E-025  9.36670362E-026  1.41803840E-025
  1.622000E+02  2.32499078E-025  9.31177433E-026  1.39381335E-025
  1.641000E+02  2.29457345E-025  9.24872404E-026  1.36970105E-025
  1.660000E+02  2.26319648E-025  9.17799479E-026  1.34539700E-025
  1.679000E+02  2.23105770E-025  9.10002430E-026  1.32105527E-025
  1.698000E+02  2.19823000E-025  9.01524441E-026  1.29670556E-025
  1.718000E+02  2.16328331E-025  8.91911270E-026  1.27137204E-025
  1.738000E+02  2.12750980E-025  8.81639163E-026  1.24587064E-025
  1.758000E+02  2.09265237E-025  8.71993862E-026  1.22065851E-025
  1.778000E+02  2.05926503E-025  8.63623129E-026  1.19564190E-025
  1.799000E+02  2.02383466E-025  8.54271582E-026  1.16956307E-025
  1.820000E+02  1.98817528E-025  8.44387318E-026  1.14378796E-025
  1.841000E+02  1.95235947E-025  8.34012922E-026  1.11834655E-025
  1.862000E+02  1.91634236E-025  8.23189510E-026  1.09315285E-025
  1.884000E+02  1.87868802E-025  8.11412240E-026  1.06727578E-025
  1.906000E+02  1.84091574E-025  7.99229357E-026  1.04168638E-025
  1.928000E+02  1.80320862E-025  7.86682713E-026  1.01652591E-025
  1.950000E+02  1.76557371E-025  7.73812267E-026  9.91761448E-026
  1.972000E+02  1.72816689E-025  7.60656096E-026  9.67510798E-026
  1.995000E+02  1.68924870E-025  7.46635690E-026  9.42613014E-026
  2.018000E+02  1.65229784E-025  7.34125237E-026  9.18172603E-026
  2.042000E+02  1.61461310E-025  7.21348917E-026  8.93264183E-026
  2.065000E+02  1.57885854E-025  7.08909540E-026  8.69948995E-026
  2.089000E+02  1.54193801E-025  6.95758650E-026  8.46179365E-026
  2.114000E+02  1.50392287E-025  6.81908837E-026  8.22014029E-026
  2.138000E+02  1.46787380E-025  6.68499455E-026  7.99374347E-026
  2.163000E+02  1.43081807E-025  6.54444000E-026  7.76374067E-026
  2.188000E+02  1.39436935E-025  6.40328825E-026  7.54040527E-026
  2.213000E+02  1.35843898E-025  6.26181635E-026  7.32257344E-026
  2.239000E+02  1.32166961E-025  6.11462162E-026  7.10207448E-026
  2.265000E+02  1.28643952E-025  5.97581892E-026  6.88857629E-026
  2.291000E+02  1.25248411E-025  5.84336423E-026  6.68147690E-026
  2.317000E+02  1.21909026E-025  5.71123784E-026  6.47966476E-026
  2.344000E+02  1.18511473E-025  5.57458900E-026  6.27655830E-026
  2.371000E+02  1.15189097E-025  5.43870960E-026  6.08020014E-026
  2.399000E+02  1.11815463E-025  5.29880671E-026  5.88273959E-026
  2.427000E+02  1.08526919E-025  5.16040229E-026  5.69228958E-026
  2.455000E+02  1.05314871E-025  5.02342123E-026  5.50806591E-026
  2.483000E+02  1.02176606E-025  4.88775007E-026  5.32991049E-026
  2.512000E+02  9.89683825E-026  4.74518740E-026  5.15165085E-026
  2.541000E+02  9.58143012E-026  4.60193325E-026  4.97949687E-026
  2.570000E+02  9.27454215E-026  4.46089663E-026  4.81364552E-026
  2.600000E+02  8.96533202E-026  4.31748782E-026  4.64784420E-026
  2.630000E+02  8.67275921E-026  4.18407716E-026  4.48868205E-026
  2.661000E+02  8.37841348E-026  4.04870243E-026  4.32971106E-026
  2.691000E+02  8.10184165E-026  3.92016611E-026  4.18167554E-026
  2.723000E+02  7.81575736E-026  3.78580202E-026  4.02995535E-026
  2.754000E+02  7.54869641E-026  3.66002446E-026  3.88867195E-026
  2.786000E+02  7.29190424E-026  3.54331599E-026  3.74858825E-026
  2.818000E+02  7.04284294E-026  3.42908751E-026  3.61375543E-026
  2.851000E+02  6.79440163E-026  3.31391343E-026  3.48048820E-026
  2.884000E+02  6.55400221E-026  3.20142115E-026  3.35258106E-026
  2.917000E+02  6.32146030E-026  3.09161919E-026  3.22984111E-026
  2.951000E+02  6.08959343E-026  2.98130402E-026  3.10828941E-026
  2.985000E+02  5.86602292E-026  2.87383729E-026  2.99218563E-026
  3.020000E+02  5.65170531E-026  2.77403223E-026  2.87767308E-026
  3.055000E+02  5.45026703E-026  2.68255056E-026  2.76771647E-026
  3.090000E+02  5.25597108E-026  2.59345464E-026  2.66251644E-026
  3.126000E+02  5.06356212E-026  2.50428054E-026  2.55928158E-026
  3.162000E+02  4.87794711E-026  2.41758161E-026  2.46036550E-026
  3.199000E+02  4.69423402E-026  2.33102040E-026  2.36321363E-026
  3.236000E+02  4.51709689E-026  2.24700198E-026  2.27009490E-026
  3.273000E+02  4.34722784E-026  2.16548441E-026  2.18174343E-026
  3.311000E+02  4.17892044E-026  2.08431957E-026  2.09460088E-026
  3.350000E+02  4.01308151E-026  2.00365846E-026  2.00942305E-026
  3.388000E+02  3.85751990E-026  1.92758273E-026  1.92993717E-026
  3.428000E+02  3.70058636E-026  1.85012559E-026  1.85046076E-026
  3.467000E+02  3.55360288E-026  1.77713250E-026  1.77647038E-026
  3.508000E+02  3.40993318E-026  1.70762274E-026  1.70231044E-026
  3.548000E+02  3.28025054E-026  1.64697391E-026  1.63327662E-026
  3.589000E+02  3.15278618E-026  1.58685272E-026  1.56593346E-026
  3.631000E+02  3.02760672E-026  1.52735302E-026  1.50025370E-026
  3.673000E+02  2.90760178E-026  1.46990695E-026  1.43769483E-026
  3.715000E+02  2.79274227E-026  1.41445472E-026  1.37828756E-026
  3.758000E+02  2.67971802E-026  1.35968568E-026  1.32003234E-026
  3.802000E+02  2.56935999E-026  1.30567574E-026  1.26368425E-026
  3.846000E+02  2.46353753E-026  1.25365545E-026  1.20988208E-026
  3.890000E+02  2.36244288E-026  1.20355879E-026  1.15888409E-026
  3.935000E+02  2.26341439E-026  1.15424567E-026  1.10916872E-026
  3.981000E+02  2.16681671E-026  1.10577540E-026  1.06104131E-026
  4.027000E+02  2.07852707E-026  1.06335366E-026  1.01517341E-026
  4.074000E+02  1.99296455E-026  1.02222712E-026  9.70737432E-027
  4.121000E+02  1.91122942E-026  9.82667891E-027  9.28561528E-027
  4.169000E+02  1.83154287E-026  9.43824840E-027  8.87718028E-027
  4.217000E+02  1.75543911E-026  9.06496873E-027  8.48942240E-027
  4.266000E+02  1.68115247E-026  8.69893935E-027  8.11258536E-027
  4.315000E+02  1.61045248E-026  8.34749988E-027  7.75702489E-027
  4.365000E+02  1.54149593E-026  8.00332942E-027  7.41162991E-027
  4.416000E+02  1.47456558E-026  7.66669378E-027  7.07896202E-027
  4.467000E+02  1.41066402E-026  7.34401770E-027  6.76262248E-027
  4.519000E+02  1.35024114E-026  7.04466164E-027  6.45774977E-027
  4.571000E+02  1.29344987E-026  6.76630323E-027  6.16819542E-027
  4.624000E+02  1.23836256E-026  6.49424988E-027  5.88937571E-027
  4.677000E+02  1.18578271E-026  6.23346591E-027  5.62436123E-027
  4.731000E+02  1.13485349E-026  5.97885231E-027  5.36968262E-027
  4.786000E+02  1.08541359E-026  5.73052795E-027  5.12360790E-027
  4.842000E+02  1.03752547E-026  5.48858994E-027  4.88666475E-027
  4.898000E+02  9.91982351E-027  5.25715471E-027  4.66266879E-027
  4.955000E+02  9.47849506E-027  5.03187928E-027  4.44661578E-027
  5.012000E+02  9.06218891E-027  4.81944923E-027  4.24273968E-027
  5.070000E+02  8.66919064E-027  4.62295819E-027  4.04623245E-027
  5.129000E+02  8.28898156E-027  4.43180041E-027  3.85718115E-027
  5.188000E+02  7.92794844E-027  4.24902757E-027  3.67892087E-027
  5.248000E+02  7.57830170E-027  4.07135068E-027  3.50695102E-027
  5.309000E+02  7.24106072E-027  3.89877957E-027  3.34228115E-027
  5.370000E+02  6.92031950E-027  3.73395129E-027  3.18636821E-027
  5.432000E+02  6.61063752E-027  3.57397047E-027  3.03666705E-027
  5.495000E+02  6.31390563E-027  3.42055206E-027  2.89335357E-027
  5.559000E+02  6.03357693E-027  3.27788529E-027  2.75569164E-027
  5.623000E+02  5.76726666E-027  3.14167096E-027  2.62559570E-027
  5.688000E+02  5.51053312E-027  3.00960554E-027  2.50092759E-027
  5.754000E+02  5.26320511E-027  2.88165806E-027  2.38154705E-027
  5.821000E+02  5.02499851E-027  2.75779028E-027  2.26720822E-027
  5.888000E+02  4.79890194E-027  2.63967801E-027  2.15922393E-027
  5.957000E+02  4.57801616E-027  2.52374684E-027  2.05426932E-027
  6.026000E+02  4.37110633E-027  2.41551330E-027  1.95559304E-027
  6.095000E+02  4.17572040E-027  2.31346739E-027  1.86225301E-027
  6.166000E+02  3.98510408E-027  2.21339093E-027  1.77171315E-027
  6.237000E+02  3.80534585E-027  2.11886666E-027  1.68647919E-027
  6.310000E+02  3.63076278E-027  2.02700978E-027  1.60375300E-027
  6.383000E+02  3.46554385E-027  1.93963419E-027  1.52590966E-027
  6.457000E+02  3.30809626E-027  1.85648975E-027  1.45160651E-027
  6.531000E+02  3.15865241E-027  1.77729639E-027  1.38135602E-027
  6.607000E+02  3.01369009E-027  1.70021567E-027  1.31347443E-027
  6.683000E+02  2.87689837E-027  1.62738727E-027  1.24951110E-027
  6.761000E+02  2.74397788E-027  1.55624996E-027  1.18772791E-027
  6.839000E+02  2.61889068E-027  1.48930714E-027  1.12958354E-027
  6.918000E+02  2.49904219E-027  1.42499670E-027  1.07404550E-027
  6.998000E+02  2.38418352E-027  1.36303517E-027  1.02114834E-027
  7.080000E+02  2.27393114E-027  1.30387529E-027  9.70055856E-028
  7.161000E+02  2.17089129E-027  1.24832167E-027  9.22569623E-028
  7.244000E+02  2.07090893E-027  1.19416340E-027  8.76745521E-028
  7.328000E+02  1.97520202E-027  1.14204690E-027  8.33155116E-028
  7.413000E+02  1.88352748E-027  1.09191530E-027  7.91612174E-028
  7.499000E+02  1.79576847E-027  1.04371178E-027  7.52056690E-028
  7.586000E+02  1.71272025E-027  9.98319077E-028  7.14401168E-028
  7.674000E+02  1.63334324E-027  9.54698675E-028  6.78644564E-028
  7.762000E+02  1.55819618E-027  9.13238799E-028  6.44957386E-028
  7.852000E+02  1.48550847E-027  8.72945218E-028  6.12563249E-028
  7.943000E+02  1.41602631E-027  8.34248962E-028  5.81777352E-028
  8.035000E+02  1.35009994E-027  7.97608107E-028  5.52491833E-028
  8.128000E+02  1.28733726E-027  7.62672583E-028  5.24664679E-028
  8.222000E+02  1.22735359E-027  7.29135249E-028  4.98218342E-028
  8.318000E+02  1.16942117E-027  6.96619036E-028  4.72802138E-028
  8.414000E+02  1.11473728E-027  6.65754538E-028  4.48982747E-028
  8.511000E+02  1.06246846E-027  6.36148991E-028  4.26319467E-028
  8.610000E+02  1.01207311E-027  6.07476022E-028  4.04597086E-028
  8.710000E+02  9.63992909E-028  5.80003454E-028  3.83989455E-028
  8.810000E+02  9.18544845E-028  5.53940728E-028  3.64604117E-028
  8.912000E+02  8.74779822E-028  5.28723952E-028  3.46055870E-028
  9.016000E+02  8.32719582E-028  5.04455880E-028  3.28263702E-028
  9.120000E+02  7.93457995E-028  4.81915512E-028  3.11542483E-028
  9.226000E+02  7.55706879E-028  4.60127686E-028  2.95579193E-028
  9.333000E+02  7.19698933E-028  4.39276679E-028  2.80422254E-028
  9.441000E+02  6.85383525E-028  4.19325416E-028  2.66058109E-028
  9.550000E+02  6.52670928E-028  4.00238017E-028  2.52432911E-028
  9.660000E+02  6.21530714E-028  3.81979789E-028  2.39550925E-028
  9.772000E+02  5.91560946E-028  3.64364091E-028  2.27196855E-028
  9.885000E+02  5.63042286E-028  3.47527721E-028  2.15514566E-028
  1.000000E+03  5.35669523E-028  3.31306946E-028  2.04362577E-028
  1.012000E+03  5.09275688E-028  3.15833906E-028  1.93441783E-028
  1.023000E+03  4.86429104E-028  3.02383702E-028  1.84045402E-028
  1.035000E+03  4.62877529E-028  2.88462773E-028  1.74414756E-028
  1.047000E+03  4.40639161E-028  2.75279824E-028  1.65359337E-028
  1.059000E+03  4.19676057E-028  2.62790034E-028  1.56886023E-028
  1.072000E+03  3.98263180E-028  2.49993285E-028  1.48269895E-028
  1.084000E+03  3.79638791E-028  2.38816767E-028  1.40822024E-028
  1.096000E+03  3.62040762E-028  2.28213539E-028  1.33827222E-028
  1.109000E+03  3.44023184E-028  2.17334656E-028  1.26688528E-028
  1.122000E+03  3.27066433E-028  2.07049252E-028  1.20017180E-028
  1.135000E+03  3.11079062E-028  1.97320295E-028  1.13758767E-028
  1.148000E+03  2.96003213E-028  1.88113358E-028  1.07889855E-028
  1.161000E+03  2.81773838E-028  1.79396418E-028  1.02377420E-028
  1.175000E+03  2.67335056E-028  1.70522783E-028  9.68122731E-029
  1.188000E+03  2.54700563E-028  1.62730627E-028  9.19699351E-029
  1.202000E+03  2.41883528E-028  1.54813220E-028  8.70703085E-029
  1.216000E+03  2.29960955E-028  1.47481771E-028  8.24791839E-029
  1.230000E+03  2.18729384E-028  1.40548685E-028  7.81806988E-029
  1.244000E+03  2.08187340E-028  1.34040620E-028  7.41467201E-029
  1.259000E+03  1.97660289E-028  1.27576300E-028  7.00839888E-029
  1.274000E+03  1.87775421E-028  1.21473068E-028  6.63023529E-029
  1.288000E+03  1.79064483E-028  1.16082009E-028  6.29824740E-029
  1.303000E+03  1.70265062E-028  1.10612589E-028  5.96524729E-029
  1.318000E+03  1.61972323E-028  1.05440870E-028  5.65314533E-029
  1.334000E+03  1.53639128E-028  1.00231540E-028  5.34075879E-029
  1.349000E+03  1.46290454E-028  9.56175274E-029  5.06729262E-029
  1.365000E+03  1.38890593E-028  9.09651947E-029  4.79253980E-029
  1.380000E+03  1.32360061E-028  8.68403812E-029  4.55196796E-029
  1.396000E+03  1.25784768E-028  8.26772164E-029  4.31075518E-029
  1.412000E+03  1.19589551E-028  7.87430879E-029  4.08464628E-029
  1.429000E+03  1.13399457E-028  7.47978834E-029  3.86015740E-029
  1.445000E+03  1.07910384E-028  7.12916472E-029  3.66187371E-029
  1.462000E+03  1.02421333E-028  6.77719293E-029  3.46494033E-029
  1.479000E+03  9.72555487E-029  6.44505711E-029  3.28049776E-029
  1.496000E+03  9.23893934E-029  6.13147731E-029  3.10746204E-029
  1.514000E+03  8.76697060E-029  5.83091806E-029  2.93605254E-029
  1.531000E+03  8.35023783E-029  5.56595312E-029  2.78428471E-029
  1.549000E+03  7.93450542E-029  5.30069863E-029  2.63380679E-029
  1.567000E+03  7.54329069E-029  5.05017793E-029  2.49311276E-029
  1.585000E+03  7.17500978E-029  4.81344613E-029  2.36156365E-029
  1.603000E+03  6.82755370E-029  4.58962717E-029  2.23792654E-029
  1.622000E+03  6.48214325E-029  4.36648538E-029  2.11565786E-029
  1.641000E+03  6.15745139E-029  4.15594009E-029  2.00151130E-029
  1.660000E+03  5.85177077E-029  3.95717146E-029  1.89459932E-029
  1.679000E+03  5.56391116E-029  3.76942021E-029  1.79449095E-029
  1.698000E+03  5.29249215E-029  3.59198266E-029  1.70050949E-029
  1.718000E+03  5.02372765E-029  3.41563170E-029  1.60809595E-029
  1.738000E+03  4.77078202E-029  3.24928065E-029  1.52150137E-029
  1.758000E+03  4.53281541E-029  3.09227694E-029  1.44053846E-029
  1.778000E+03  4.30868815E-029  2.94401633E-029  1.36467182E-029
  1.799000E+03  4.08715611E-029  2.79714029E-029  1.29001582E-029
  1.820000E+03  3.87899688E-029  2.65868649E-029  1.22031039E-029
  1.841000E+03  3.68315819E-029  2.52810010E-029  1.15505809E-029
  1.862000E+03  3.49873394E-029  2.40486773E-029  1.09386621E-029
  1.884000E+03  3.31706166E-029  2.28313723E-029  1.03392442E-029
  1.906000E+03  3.14640760E-029  2.16845064E-029  9.77956961E-030
  1.928000E+03  2.98585219E-029  2.06034060E-029  9.25511587E-030
  1.950000E+03  2.83473202E-029  1.95837490E-029  8.76357126E-030
  1.972000E+03  2.69252061E-029  1.86215347E-029  8.30367143E-030
  1.995000E+03  2.55260955E-029  1.76729831E-029  7.85311231E-030
  2.018000E+03  2.42498669E-029  1.68182262E-029  7.43164068E-030
  2.042000E+03  2.30088183E-029  1.59883391E-029  7.02047918E-030
  2.065000E+03  2.18896384E-029  1.52378548E-029  6.65178358E-030
  2.089000E+03  2.07897711E-029  1.44984473E-029  6.29132386E-030
  2.114000E+03  1.97136157E-029  1.37725741E-029  5.94104166E-030
  2.138000E+03  1.87421448E-029  1.31154935E-029  5.62665131E-030
  2.163000E+03  1.77890192E-029  1.24697044E-029  5.31931480E-030
  2.188000E+03  1.68934136E-029  1.18607852E-029  5.03262837E-030
  2.213000E+03  1.60499917E-029  1.12863083E-029  4.76368343E-030
  2.239000E+03  1.52252858E-029  1.07229761E-029  4.50230970E-030
  2.265000E+03  1.44502021E-029  1.01921326E-029  4.25806955E-030
  2.291000E+03  1.37211082E-029  9.69161970E-030  4.02948852E-030
  2.317000E+03  1.30346433E-029  9.21944214E-030  3.81520111E-030
  2.344000E+03  1.23644472E-029  8.75711715E-030  3.60733004E-030
  2.371000E+03  1.17340100E-029  8.32144700E-030  3.41256304E-030
  2.399000E+03  1.11198958E-029  7.89590700E-030  3.22398877E-030
  2.427000E+03  1.05430734E-029  7.49531385E-030  3.04775950E-030
  2.455000E+03  1.00009522E-029  7.11798806E-030  2.88296410E-030
  2.483000E+03  9.49294872E-030  6.76416063E-030  2.72878809E-030
  2.512000E+03  9.01124206E-030  6.43203385E-030  2.57920822E-030
  2.541000E+03  8.55845389E-030  6.11892322E-030  2.43953067E-030
  2.570000E+03  8.13238341E-030  5.82357014E-030  2.30881327E-030
  2.600000E+03  7.71796222E-030  5.53548106E-030  2.18248117E-030
  2.630000E+03  7.32808334E-030  5.26395947E-030  2.06412387E-030
  2.661000E+03  6.94946529E-030  4.99962444E-030  1.94984085E-030
  2.692000E+03  6.59369613E-030  4.75068491E-030  1.84301122E-030
  2.723000E+03  6.25934854E-030  4.51610654E-030  1.74324199E-030
  2.754000E+03  5.94472778E-030  4.29493397E-030  1.64979381E-030
  2.786000E+03  5.63937863E-030  4.07975251E-030  1.55962612E-030
  2.818000E+03  5.35240015E-030  3.87701741E-030  1.47538275E-030
  2.851000E+03  5.07414220E-030  3.68010584E-030  1.39403636E-030
  2.884000E+03  4.81278528E-030  3.49470987E-030  1.31807541E-030
  2.917000E+03  4.56705847E-030  3.32005478E-030  1.24700369E-030
  2.951000E+03  4.32906704E-030  3.15058558E-030  1.17848146E-030
  2.985000E+03  4.10551680E-030  2.99103614E-030  1.11448067E-030
  3.020000E+03  3.89370632E-030  2.84083972E-030  1.05286660E-030
  3.055000E+03  3.69784662E-030  2.70248929E-030  9.95357331E-031
  3.090000E+03  3.51351992E-030  2.57203564E-030  9.41484278E-031
  3.126000E+03  3.33536385E-030  2.44554347E-030  8.89820385E-031
  3.162000E+03  3.16772644E-030  2.32632853E-030  8.41397918E-031
  3.199000E+03  3.00580287E-030  2.21087582E-030  7.94927046E-031
  3.236000E+03  2.85360170E-030  2.10211260E-030  7.51489096E-031
  3.273000E+03  2.71052667E-030  1.99959049E-030  7.10936177E-031
  3.311000E+03  2.57224043E-030  1.90035914E-030  6.71881289E-031
  3.350000E+03  2.43898905E-030  1.80447308E-030  6.34515976E-031
  3.388000E+03  2.31687009E-030  1.71645891E-030  6.00411187E-031
  3.428000E+03  2.19613155E-030  1.62919361E-030  5.66937941E-031
  3.467000E+03  2.08548346E-030  1.54906752E-030  5.36415941E-031
  3.508000E+03  1.97617994E-030  1.46975109E-030  5.06428849E-031
  3.548000E+03  1.87593707E-030  1.39690066E-030  4.79036409E-031
  3.589000E+03  1.77941352E-030  1.32655892E-030  4.52854608E-031
  3.631000E+03  1.68651028E-030  1.25873932E-030  4.27770959E-031
  3.673000E+03  1.59925943E-030  1.19491695E-030  4.04342488E-031
  3.715000E+03  1.51726872E-030  1.13482059E-030  3.82448127E-031
  3.758000E+03  1.43834310E-030  1.07689224E-030  3.61450865E-031
  3.802000E+03  1.36252474E-030  1.02112954E-030  3.41395200E-031
  3.846000E+03  1.29135945E-030  9.68677135E-031  3.22682313E-031
  3.890000E+03  1.22447676E-030  9.19309261E-031  3.05167497E-031
  3.936000E+03  1.15880847E-030  8.70769549E-031  2.88038921E-031
  3.981000E+03  1.09853709E-030  8.26116233E-031  2.72420860E-031
  4.027000E+03  1.04203683E-030  7.84555965E-031  2.57480868E-031
  4.074000E+03  9.88734921E-031  7.45501944E-031  2.43232976E-031
  4.121000E+03  9.38642011E-031  7.08721238E-031  2.29920773E-031
  4.169000E+03  8.90510976E-031  6.73345169E-031  2.17165807E-031
  4.217000E+03  8.45349820E-031  6.40029897E-031  2.05319923E-031
  4.266000E+03  8.01997569E-031  6.08002021E-031  1.93995548E-031
  4.315000E+03  7.61249121E-031  5.77840724E-031  1.83408398E-031
  4.365000E+03  7.22168917E-031  5.48857552E-031  1.73311365E-031
  4.416000E+03  6.84713811E-031  5.21034329E-031  1.63679481E-031
  4.467000E+03  6.49534982E-031  4.94848185E-031  1.54686798E-031
  4.519000E+03  6.15849902E-031  4.69718945E-031  1.46130957E-031
  4.571000E+03  5.84206213E-031  4.46067376E-031  1.38138837E-031
  4.624000E+03  5.53900970E-031  4.23377798E-031  1.30523172E-031
  4.677000E+03  5.25426407E-031  4.02021341E-031  1.23405066E-031
  4.732000E+03  4.97669822E-031  3.81171957E-031  1.16497865E-031
  4.786000E+03  4.72086851E-031  3.61913927E-031  1.10172924E-031
  4.842000E+03  4.47160860E-031  3.43124121E-031  1.04036739E-031
  4.898000E+03  4.23764037E-031  3.25454935E-031  9.83091020E-032
  4.954000E+03  4.01785373E-031  3.08829527E-031  9.29558465E-032
  5.012000E+03  3.80564371E-031  2.92795425E-031  8.77689460E-032
  5.070000E+03  3.61197404E-031  2.78267787E-031  8.29296163E-032
  5.129000E+03  3.42691941E-031  2.64354709E-031  7.83372326E-032
  5.188000E+03  3.25299458E-031  2.51254762E-031  7.40446956E-032
  5.248000E+03  3.08669894E-031  2.38709988E-031  6.99599067E-032
  5.309000E+03  2.92791603E-031  2.26704903E-031  6.60867006E-032
  5.370000E+03  2.77867745E-031  2.15403375E-031  6.24643700E-032
  5.432000E+03  2.63615298E-031  2.04588429E-031  5.90268690E-032
  5.495000E+03  2.50009288E-031  1.94245578E-031  5.57637096E-032
  5.559000E+03  2.37027064E-031  1.84360164E-031  5.26669002E-032
  5.623000E+03  2.24829626E-031  1.75058351E-031  4.97712747E-032
  5.688000E+03  2.13197242E-031  1.66167647E-031  4.70295946E-032
  5.754000E+03  2.02099312E-031  1.57674662E-031  4.44246503E-032
  5.821000E+03  1.91523969E-031  1.49565996E-031  4.19579731E-032
  5.888000E+03  1.81587297E-031  1.41938662E-031  3.96486343E-032
  5.957000E+03  1.71987043E-031  1.34552024E-031  3.74350191E-032
  6.026000E+03  1.62970242E-031  1.27607872E-031  3.53623698E-032
  6.095000E+03  1.54504794E-031  1.21075706E-031  3.34290880E-032
  6.166000E+03  1.46326254E-031  1.14754661E-031  3.15715927E-032
  6.237000E+03  1.38759267E-031  1.08924389E-031  2.98348779E-032
  6.310000E+03  1.31552099E-031  1.03383755E-031  2.81683441E-032
  6.383000E+03  1.24781516E-031  9.81713505E-032  2.66101659E-032
  6.456000E+03  1.18418688E-031  9.32646991E-032  2.51539886E-032
  6.531000E+03  1.12280110E-031  8.85202829E-032  2.37598274E-032
  6.607000E+03  1.06435582E-031  8.39982961E-032  2.24372861E-032
  6.683000E+03  1.00948399E-031  7.97441212E-032  2.12042780E-032
  6.761000E+03  9.56586810E-032  7.56372829E-032  2.00213981E-032
  6.839000E+03  9.06920996E-032  7.17750366E-032  1.89170629E-032
  6.918000E+03  8.59673111E-032  6.80954049E-032  1.78719063E-032
  6.998000E+03  8.14752941E-032  6.45908831E-032  1.68844109E-032
  7.080000E+03  7.72728904E-032  6.13348602E-032  1.59380303E-032
  7.161000E+03  7.33767435E-032  5.83114359E-032  1.50653075E-032
  7.244000E+03  6.96250285E-032  5.53943997E-032  1.42306288E-032
  7.328000E+03  6.60567647E-032  5.26160617E-032  1.34407030E-032
  7.413000E+03  6.26647740E-032  4.99704580E-032  1.26943160E-032
  7.499000E+03  5.94420795E-032  4.74518204E-032  1.19902590E-032
  7.586000E+03  5.63789645E-032  4.50545763E-032  1.13243881E-032
  7.674000E+03  5.34690423E-032  4.27733469E-032  1.06956954E-032
  7.762000E+03  5.07351633E-032  4.06266041E-032  1.01085592E-032
  7.852000E+03  4.81082452E-032  3.85606312E-032  9.54761397E-033
  7.943000E+03  4.56131803E-032  3.65957639E-032  9.01741638E-033
  8.035000E+03  4.32448978E-032  3.47273724E-032  8.51752537E-033
  8.128000E+03  4.09960085E-032  3.29510077E-032  8.04500077E-033
  8.222000E+03  3.88620565E-032  3.12623971E-032  7.59965942E-033
  8.318000E+03  3.68157265E-032  2.96410642E-032  7.17466227E-033
  8.414000E+03  3.48947335E-032  2.81168057E-032  6.77792773E-033
  8.511000E+03  3.30721371E-032  2.66684431E-032  6.40369400E-033
  8.610000E+03  3.13254318E-032  2.52787593E-032  6.04667243E-033
  8.710000E+03  2.96698595E-032  2.39595439E-032  5.71031559E-033
  8.810000E+03  2.81153930E-032  2.27193686E-032  5.39602440E-033
  8.912000E+03  2.66264862E-032  2.15301732E-032  5.09631301E-033
  9.016000E+03  2.52090737E-032  2.03974916E-032  4.81158210E-033
  9.120000E+03  2.39067787E-032  1.93616398E-032  4.54513890E-033
  9.226000E+03  2.26607952E-032  1.83686815E-032  4.29211373E-033
  9.332000E+03  2.14904377E-032  1.74347665E-032  4.05567121E-033
  9.441000E+03  2.03604485E-032  1.65317311E-032  3.82871740E-033
  9.550000E+03  1.92994133E-032  1.56827893E-032  3.61662402E-033
  9.660000E+03  1.82939265E-032  1.48771015E-032  3.41682498E-033
  9.772000E+03  1.73326043E-032  1.41058047E-032  3.22679959E-033
  9.886000E+03  1.64143769E-032  1.33680216E-032  3.04635524E-033
  1.000000E+04  1.55520772E-032  1.26743337E-032  2.87774354E-033
  1.012000E+04  1.47406443E-032  1.19629840E-032  2.77766029E-033
  1.023000E+04  1.40403419E-032  1.13503872E-032  2.68995467E-033
  1.035000E+04  1.33205850E-032  1.07221478E-032  2.59843722E-033
  1.047000E+04  1.26438279E-032  1.01328026E-032  2.51102531E-033
  1.059000E+04  1.20071002E-032  9.57960898E-033  2.42749123E-033
  1.072000E+04  1.13593147E-032  9.01818908E-033  2.34112564E-033
  1.084000E+04  1.07974375E-032  8.53243426E-033  2.26500323E-033
  1.096000E+04  1.02678132E-032  8.07566710E-033  2.19214609E-033
  1.109000E+04  9.73846207E-033  7.62176047E-033  2.11670160E-033
  1.122000E+04  9.24566817E-033  7.20098790E-033  2.04468027E-033
  1.135000E+04  8.78213896E-033  6.80624886E-033  1.97589009E-033
  1.148000E+04  8.34585960E-033  6.43570774E-033  1.91015186E-033
  1.161000E+04  7.93497335E-033  6.08767519E-033  1.84729816E-033
  1.175000E+04  7.51891725E-033  5.73626110E-033  1.78265615E-033
  1.188000E+04  7.15544903E-033  5.43014420E-033  1.72530483E-033
  1.202000E+04  6.78694335E-033  5.12068281E-033  1.66626054E-033
  1.216000E+04  6.44057837E-033  4.83069803E-033  1.60988034E-033
  1.230000E+04  6.11481556E-033  4.55879993E-033  1.55601563E-033
  1.244000E+04  5.81258229E-033  4.30805462E-033  1.50452767E-033
  1.259000E+04  5.51864759E-033  4.06679529E-033  1.45185230E-033
  1.274000E+04  5.24239842E-033  3.84079065E-033  1.40160776E-033
  1.288000E+04  4.99942625E-033  3.64264267E-033  1.35678358E-033
  1.303000E+04  4.75393925E-033  3.44308540E-033  1.31085385E-033
  1.318000E+04  4.52277280E-033  3.25579855E-033  1.26697425E-033
  1.334000E+04  4.29088427E-033  3.06858256E-033  1.22230171E-033
  1.349000E+04  4.08631377E-033  2.90400490E-033  1.18230887E-033
  1.365000E+04  3.88083600E-033  2.73928597E-033  1.14155003E-033
  1.380000E+04  3.69933305E-033  2.59431012E-033  1.10502293E-033
  1.396000E+04  3.51679764E-033  2.44903925E-033  1.06775839E-033
  1.412000E+04  3.34491902E-033  2.31276812E-033  1.03215090E-033
  1.429000E+04  3.17316607E-033  2.17713428E-033  9.96031789E-034
  1.445000E+04  3.02104386E-033  2.05748295E-033  9.63560908E-034
  1.462000E+04  2.86883695E-033  1.93824811E-033  9.30588846E-034
  1.479000E+04  2.72567437E-033  1.82657009E-033  8.99104278E-034
  1.496000E+04  2.59093177E-033  1.72190752E-033  8.69024251E-034
  1.514000E+04  2.46396633E-033  1.62534662E-033  8.38619708E-034
  1.531000E+04  2.35276457E-033  1.54157147E-033  8.11193097E-034
  1.549000E+04  2.24166412E-033  1.45822276E-033  7.83441367E-034
  1.567000E+04  2.13693816E-033  1.37999684E-033  7.56941322E-034
  1.585000E+04  2.03815621E-033  1.30653304E-033  7.31623176E-034
  1.603000E+04  1.94492121E-033  1.23749944E-033  7.07421761E-034
  1.622000E+04  1.85211956E-033  1.16909945E-033  6.83020106E-034
  1.641000E+04  1.76469251E-033  1.10496449E-033  6.59728022E-034
  1.660000E+04  1.68227390E-033  1.04479075E-033  6.37483151E-034
  1.679000E+04  1.60452622E-033  9.88298930E-034  6.16227288E-034
  1.698000E+04  1.53113805E-033  9.35231979E-034  5.95906072E-034
  1.718000E+04  1.45828129E-033  8.82812056E-034  5.75469235E-034
  1.738000E+04  1.38962723E-033  8.33670839E-034  5.55956395E-034
  1.758000E+04  1.32489085E-033  7.87574937E-034  5.37315912E-034
  1.778000E+04  1.26380929E-033  7.44309720E-034  5.19499573E-034
  1.799000E+04  1.20334198E-033  7.01711832E-034  5.01630149E-034
  1.820000E+04  1.14637788E-033  6.61806867E-034  4.84571014E-034
  1.841000E+04  1.09267849E-033  6.24401741E-034  4.68276751E-034
  1.862000E+04  1.04202395E-033  5.89318985E-034  4.52704968E-034
  1.884000E+04  9.92002241E-034  5.54878786E-034  4.37123456E-034
  1.906000E+04  9.44884720E-034  5.22635805E-034  4.22248915E-034
  1.928000E+04  9.00473362E-034  4.92431663E-034  4.08041700E-034
  1.950000E+04  8.58585631E-034  4.64120832E-034  3.94464799E-034
  1.972000E+04  8.19053114E-034  4.37569474E-034  3.81483640E-034
  1.995000E+04  7.80073243E-034  4.11558896E-034  3.68514347E-034
  2.018000E+04  7.45185955E-034  3.89059583E-034  3.56126372E-034
  2.042000E+04  7.11353933E-034  3.67569179E-034  3.43784754E-034
  2.065000E+04  6.80722597E-034  3.48235782E-034  3.32486815E-034
  2.089000E+04  6.50504737E-034  3.29285387E-034  3.21219349E-034
  2.114000E+04  6.20797558E-034  3.10780227E-034  3.10017331E-034
  2.138000E+04  5.93864748E-034  2.94116567E-034  2.99748180E-034
  2.163000E+04  5.67351915E-034  2.77824099E-034  2.89527816E-034
  2.188000E+04  5.42309155E-034  2.62542279E-034  2.79766876E-034
  2.213000E+04  5.18639502E-034  2.48199668E-034  2.70439834E-034
  2.239000E+04  4.95383438E-034  2.34209065E-034  2.61174373E-034
  2.265000E+04  4.73422663E-034  2.21095268E-034  2.52327395E-034
  2.291000E+04  4.52671353E-034  2.08795816E-034  2.43875537E-034
  2.317000E+04  4.33050254E-034  1.97253270E-034  2.35796984E-034
  2.344000E+04  4.13792279E-034  1.86011284E-034  2.27780995E-034
  2.371000E+04  3.95598390E-034  1.75474108E-034  2.20124281E-034
  2.399000E+04  3.77779831E-034  1.65237636E-034  2.12542195E-034
  2.427000E+04  3.60958442E-034  1.55654066E-034  2.05304376E-034
  2.455000E+04  3.45067829E-034  1.46676325E-034  1.98391504E-034
  2.483000E+04  3.30122938E-034  1.38337394E-034  1.91785544E-034
  2.512000E+04  3.16054036E-034  1.30804788E-034  1.85249248E-034
  2.541000E+04  3.02742510E-034  1.23735871E-034  1.79006639E-034
  2.570000E+04  2.90139416E-034  1.17098012E-034  1.73041405E-034
  2.600000E+04  2.77799077E-034  1.10652926E-034  1.67146151E-034
  2.630000E+04  2.66122113E-034  1.04606431E-034  1.61515682E-034
  2.661000E+04  2.54707372E-034  9.87472778E-035  1.55960094E-034
  2.692000E+04  2.43911614E-034  9.32552038E-035  1.50656411E-034
  2.723000E+04  2.33694532E-034  8.81040178E-035  1.45590514E-034
  2.754000E+04  2.24018865E-034  8.32696398E-035  1.40749225E-034
  2.786000E+04  2.14562453E-034  7.85881393E-035  1.35974313E-034
  2.818000E+04  2.05611167E-034  7.41981946E-035  1.31412972E-034
  2.851000E+04  1.96874913E-034  6.99546284E-035  1.26920285E-034
  2.884000E+04  1.88608517E-034  6.59784350E-035  1.22630082E-034
  2.917000E+04  1.80781610E-034  6.22505257E-035  1.18531084E-034
  2.951000E+04  1.73147535E-034  5.86508010E-035  1.14496734E-034
  2.985000E+04  1.65921780E-034  5.52783650E-035  1.10643415E-034
  3.020000E+04  1.59098252E-034  5.22429790E-035  1.06855273E-034
  3.055000E+04  1.52785772E-034  4.95476631E-035  1.03238109E-034
  3.090000E+04  1.46795917E-034  4.70135351E-035  9.97823822E-035
  3.126000E+04  1.40950423E-034  4.45634563E-035  9.63869670E-035
  3.162000E+04  1.35404878E-034  4.22610012E-035  9.31438770E-035
  3.199000E+04  1.29998195E-034  4.00376427E-035  8.99605521E-035
  3.236000E+04  1.24869806E-034  3.79491532E-035  8.69206526E-035
  3.273000E+04  1.20002302E-034  3.59861116E-035  8.40161907E-035
  3.311000E+04  1.15257866E-034  3.40914894E-035  8.11663765E-035
  3.350000E+04  1.10640043E-034  3.22660208E-035  7.83740223E-035
  3.388000E+04  1.06370324E-034  3.05951928E-035  7.57751312E-035
  3.428000E+04  1.02105419E-034  2.89433020E-035  7.31621172E-035
  3.467000E+04  9.81597245E-035  2.74308821E-035  7.07288424E-035
  3.508000E+04  9.42237634E-035  2.59380182E-035  6.82857452E-035
  3.548000E+04  9.05802618E-035  2.45707757E-035  6.60094861E-035
  3.589000E+04  8.70344615E-035  2.32543476E-035  6.37801139E-035
  3.631000E+04  8.35880132E-035  2.19887583E-035  6.15992550E-035
  3.673000E+04  8.03178842E-035  2.08011814E-035  5.95167028E-035
  3.715000E+04  7.72130955E-035  1.96861154E-035  5.75269801E-035
  3.758000E+04  7.41950526E-035  1.86143380E-035  5.55807146E-035
  3.802000E+04  7.12646254E-035  1.75856097E-035  5.36790157E-035
  3.846000E+04  6.84838477E-035  1.66207541E-035  5.18630935E-035
  3.890000E+04  6.58434131E-035  1.57152473E-035  5.01281658E-035
  3.936000E+04  6.32236590E-035  1.48275244E-035  4.83961346E-035
  3.981000E+04  6.07913860E-035  1.40132673E-035  4.67781187E-035
