# Guillet et al. (2018) Model D model SED (this work), Mathis ISRF U =  1.00
# solver = heuristic
# columns: lambda[um]  lamI_total/NH  lamI_PAH0_MC10/NH  lamI_amCBE_0.3333x/NH  lamI_aSil2001BE6pctG_0.4x/NH
#          [erg s^-1 cm^-2 sr^-1 H^-1]
  9.033300E-02  2.12399147E-043  2.12399147E-043  0.00000000E+000  0.00000000E+000
  9.181700E-02  4.50509354E-043  4.50509354E-043  0.00000000E+000  0.00000000E+000
  9.332500E-02  9.45048622E-043  9.45048622E-043  0.00000000E+000  0.00000000E+000
  9.485800E-02  1.96054673E-042  1.96054673E-042  0.00000000E+000  0.00000000E+000
  9.641600E-02  4.02188717E-042  4.02188717E-042  0.00000000E+000  0.00000000E+000
  9.799900E-02  8.15662294E-042  8.15662294E-042  0.00000000E+000  0.00000000E+000
  9.960900E-02  1.63639322E-041  1.63639322E-041  0.00000000E+000  0.00000000E+000
  1.012500E-01  3.20930159E-041  3.20930159E-041  0.00000000E+000  0.00000000E+000
  1.029100E-01  6.20553958E-041  6.20553958E-041  0.00000000E+000  0.00000000E+000
  1.046000E-01  1.18521204E-040  1.18521204E-040  0.00000000E+000  0.00000000E+000
  1.063200E-01  2.23608654E-040  2.23608654E-040  0.00000000E+000  0.00000000E+000
  1.080600E-01  4.15133809E-040  4.15133809E-040  0.00000000E+000  0.00000000E+000
  1.098400E-01  7.64277178E-040  7.64277178E-040  2.42092166E-322  0.00000000E+000
  1.116400E-01  1.38536843E-039  1.38536843E-039  8.66925625E-318  0.00000000E+000
  1.134800E-01  2.49030909E-039  2.49030909E-039  2.77977342E-313  0.00000000E+000
  1.153400E-01  4.40883563E-039  4.40883563E-039  7.11833673E-309  0.00000000E+000
  1.172300E-01  7.71621440E-039  7.71621440E-039  1.54184652E-304  0.00000000E+000
  1.191600E-01  1.33956037E-038  1.33956037E-038  2.96935525E-300  0.00000000E+000
  1.211200E-01  2.29956105E-038  2.29956105E-038  4.82414749E-296  0.00000000E+000
  1.231100E-01  3.90462661E-038  3.90462661E-038  6.62124642E-292  0.00000000E+000
  1.251300E-01  6.56003126E-038  6.56003126E-038  7.68645663E-288  0.00000000E+000
  1.271800E-01  1.09099129E-037  1.09099129E-037  7.55663525E-284  0.00000000E+000
  1.292700E-01  1.80130541E-037  1.80130541E-037  6.55983296E-280  0.00000000E+000
  1.314000E-01  2.92590225E-037  2.92590225E-037  5.00129220E-276  0.00000000E+000
  1.335600E-01  4.79524939E-037  4.79524939E-037  3.22746341E-272  0.00000000E+000
  1.357500E-01  7.80443226E-037  7.80443226E-037  1.76691980E-268  0.00000000E+000
  1.379800E-01  1.26465282E-036  1.26465282E-036  8.53705611E-265  0.00000000E+000
  1.402500E-01  2.04078854E-036  2.04078854E-036  3.63557794E-261  0.00000000E+000
  1.425500E-01  3.27310814E-036  3.27310814E-036  1.30880028E-257  0.00000000E+000
  1.448900E-01  5.23030446E-036  5.23030446E-036  4.15368469E-254  0.00000000E+000
  1.472700E-01  8.32828800E-036  8.32828800E-036  1.16150364E-250  0.00000000E+000
  1.496900E-01  1.32171235E-035  1.32171235E-035  2.86084099E-247  0.00000000E+000
  1.521500E-01  2.09091474E-035  2.09091474E-035  6.20516186E-244  0.00000000E+000
  1.546500E-01  3.29761267E-035  3.29761267E-035  1.18463804E-240  0.00000000E+000
  1.571900E-01  5.18582568E-035  5.18582568E-035  1.99130267E-237  0.00000000E+000
  1.597700E-01  8.13391923E-035  8.13391923E-035  2.94939091E-234  0.00000000E+000
  1.623900E-01  1.27256290E-034  1.27256290E-034  3.85162710E-231  0.00000000E+000
  1.650600E-01  1.98956197E-034  1.98956197E-034  4.55455847E-228  0.00000000E+000
  1.677700E-01  3.10414468E-034  3.10414468E-034  4.79513701E-225  0.00000000E+000
  1.705300E-01  4.84085585E-034  4.84085585E-034  4.67068634E-222  0.00000000E+000
  1.733300E-01  7.52690709E-034  7.52690709E-034  4.01481985E-219  0.00000000E+000
  1.761800E-01  1.16898759E-033  1.16898759E-033  3.12062906E-216  1.00888205E-320
  1.790700E-01  1.81208497E-033  1.81208497E-033  2.14331896E-213  3.53811466E-316
  1.820100E-01  2.80940556E-033  2.80940556E-033  1.33114277E-210  1.05268938E-311
  1.850000E-01  4.35914752E-033  4.35914752E-033  7.58706822E-208  2.66247020E-307
  1.880400E-01  6.77169231E-033  6.77169231E-033  3.90783251E-205  5.71049978E-303
  1.911300E-01  1.05352891E-032  1.05352891E-032  1.81784649E-202  1.03829492E-298
  1.942700E-01  1.64097641E-032  1.64097641E-032  7.63776802E-200  1.60117412E-294
  1.974600E-01  2.55538343E-032  2.55538343E-032  2.89958066E-197  2.09842765E-290
  2.007000E-01  3.96852363E-032  3.96852363E-032  9.92393682E-195  2.34132983E-286
  2.040000E-01  6.12691921E-032  6.12691921E-032  3.11969844E-192  2.29537188E-282
  2.073500E-01  9.33335223E-032  9.33335223E-032  8.86305873E-190  1.92203316E-278
  2.107600E-01  1.39258249E-031  1.39258249E-031  2.31438002E-187  1.41933477E-274
  2.142200E-01  2.01627146E-031  2.01627146E-031  5.46547972E-185  9.04140087E-271
  2.177400E-01  2.81672475E-031  2.81672475E-031  1.18416894E-182  4.87001820E-267
  2.213100E-01  3.78383852E-031  3.78383852E-031  2.31423302E-180  2.28665391E-263
  2.249500E-01  4.91102541E-031  4.91102541E-031  4.21769653E-178  9.97563951E-260
  2.286400E-01  6.19024633E-031  6.19024633E-031  6.96553987E-176  3.81607978E-256
  2.324000E-01  7.65481991E-031  7.65481991E-031  1.07175432E-173  1.31294338E-252
  2.362200E-01  9.35219475E-031  9.35219475E-031  1.51538052E-171  3.93058495E-249
  2.401000E-01  1.13574927E-030  1.13574927E-030  1.97023010E-169  1.02891437E-245
  2.440400E-01  1.37671485E-030  1.37671485E-030  2.35543010E-167  2.35154433E-242
  2.480500E-01  1.67085723E-030  1.67085723E-030  2.62082083E-165  4.78596239E-239
  2.521200E-01  2.03128656E-030  2.03128656E-030  2.68268023E-163  8.51005290E-236
  2.562700E-01  2.47759691E-030  2.47759691E-030  2.58312306E-161  1.37091873E-232
  2.604700E-01  3.02558692E-030  3.02558692E-030  2.25425044E-159  1.89261994E-229
  2.647500E-01  3.70492943E-030  3.70492943E-030  1.84517312E-157  2.36156709E-226
  2.691000E-01  4.54333809E-030  4.54333809E-030  1.40554099E-155  2.62129187E-223
  2.735200E-01  5.57597187E-030  5.57597187E-030  9.96631516E-154  2.58844696E-220
  2.780200E-01  6.84956035E-030  6.84956035E-030  6.64122832E-152  2.30931573E-217
  2.825800E-01  8.40776407E-030  8.40776407E-030  4.07901239E-150  1.80481947E-214
  2.872200E-01  1.03173107E-029  1.03173107E-029  2.34877967E-148  1.27145904E-211
  2.919400E-01  1.26530673E-029  1.26530673E-029  1.27116588E-146  8.08709241E-209
  2.967400E-01  1.54997724E-029  1.54997724E-029  6.46598257E-145  4.64359125E-206
  3.016100E-01  1.89524711E-029  1.89524711E-029  3.06676645E-143  2.37576967E-203
  3.065700E-01  1.54343608E-029  1.54343608E-029  1.37817831E-141  1.11130862E-200
  3.116000E-01  1.64524992E-029  1.64524992E-029  5.76196206E-140  4.62126602E-198
  3.167200E-01  1.78744068E-029  1.78744068E-029  2.28227022E-138  1.75585186E-195
  3.219200E-01  2.00340231E-029  2.00340231E-029  8.50474633E-137  6.02528799E-193
  3.272100E-01  2.30490020E-029  2.30490020E-029  3.00246266E-135  1.88829377E-190
  3.325800E-01  2.68491776E-029  2.68491776E-029  9.97762262E-134  5.34736514E-188
  3.380500E-01  3.12300913E-029  3.12300913E-029  3.15914296E-132  1.39550816E-185
  3.436000E-01  3.57401725E-029  3.57401725E-029  9.41412140E-131  3.28974745E-183
  3.492400E-01  3.96452255E-029  3.96452255E-029  2.65926343E-129  7.08342164E-181
  3.549800E-01  4.18568505E-029  4.18568505E-029  7.16248198E-128  1.40619326E-178
  3.608100E-01  4.12650767E-029  4.12650767E-029  1.82891821E-126  2.54957444E-176
  3.667400E-01  3.78269835E-029  3.78269835E-029  4.45124960E-125  4.25865633E-174
  3.727600E-01  3.30081168E-029  3.30081168E-029  1.02696164E-123  6.49486065E-172
  3.788800E-01  2.84649364E-029  2.84649364E-029  2.25958273E-122  9.13052533E-170
  3.851100E-01  2.48426427E-029  2.48426427E-029  4.76484789E-121  1.19236167E-167
  3.914300E-01  2.20376112E-029  2.20376112E-029  9.53626039E-120  1.42413086E-165
  3.978600E-01  1.98017662E-029  1.98017662E-029  1.82955002E-118  1.57981104E-163
  4.044000E-01  1.80045504E-029  1.80045504E-029  3.36257914E-117  1.62627503E-161
  4.110400E-01  1.66673131E-029  1.66673131E-029  5.89871483E-116  1.54352468E-159
  4.177900E-01  1.58233853E-029  1.58233853E-029  9.92079418E-115  1.36041838E-157
  4.246600E-01  1.54529493E-029  1.54529493E-029  1.60669993E-113  1.12055659E-155
  4.316300E-01  1.54933593E-029  1.54933593E-029  2.48626996E-112  8.51697681E-154
  4.387200E-01  1.58830598E-029  1.58830598E-029  3.70431599E-111  6.04561967E-152
  4.459300E-01  1.65228891E-029  1.65228891E-029  5.31642394E-110  4.00829634E-150
  4.532500E-01  1.72617864E-029  1.72617864E-029  7.33083494E-109  2.46920826E-148
  4.607000E-01  1.79226989E-029  1.79226989E-029  9.78681087E-108  1.42926810E-146
  4.682600E-01  1.83523467E-029  1.83523467E-029  1.25695490E-106  7.69068085E-145
  4.759600E-01  1.85703350E-029  1.85703350E-029  1.56912683E-105  3.90634130E-143
  4.837700E-01  1.87668718E-029  1.87668718E-029  1.88490770E-104  1.84326956E-141
  4.917200E-01  1.91945141E-029  1.91945141E-029  2.20382689E-103  8.21166347E-140
  4.998000E-01  1.99551135E-029  1.99551135E-029  2.50098645E-102  3.43670226E-138
  5.080100E-01  2.10309632E-029  2.10309632E-029  2.75602679E-101  1.35140942E-136
  5.163500E-01  2.23222547E-029  2.23222547E-029  2.94994416E-100  4.99413454E-135
  5.248300E-01  2.36657901E-029  2.36657901E-029  3.07186069E-099  1.74003048E-133
  5.334500E-01  2.48162558E-029  2.48162558E-029  3.11502387E-098  5.72233120E-132
  5.422200E-01  2.55360405E-029  2.55360405E-029  3.08313072E-097  1.78343020E-130
  5.511200E-01  2.57818604E-029  2.57818604E-029  2.96150789E-096  5.22729231E-129
  5.601800E-01  2.58484050E-029  2.58484050E-029  2.78003465E-095  1.45752247E-127
  5.693800E-01  2.60737561E-029  2.60737561E-029  2.53519148E-094  3.83689008E-126
  5.787300E-01  2.66241910E-029  2.66241910E-029  2.24982342E-093  9.57332595E-125
  5.882400E-01  2.75162869E-029  2.75162869E-029  1.94591902E-092  2.27199370E-123
  5.979000E-01  2.87141153E-029  2.87141153E-029  1.63528536E-091  5.11208466E-122
  6.077200E-01  3.01864194E-029  3.01864194E-029  1.33718478E-090  1.09421404E-120
  6.177000E-01  3.19057420E-029  3.19057420E-029  1.06332222E-089  2.22837606E-119
  6.278500E-01  3.38596442E-029  3.38596442E-029  8.23617906E-089  4.33140499E-118
  6.381600E-01  3.60377389E-029  3.60377389E-029  6.19664984E-088  8.01137554E-117
  6.486400E-01  3.84397546E-029  3.84397546E-029  4.53596617E-087  1.41424508E-115
  6.593000E-01  4.10636329E-029  4.10636329E-029  3.23553979E-086  2.38923566E-114
  6.701300E-01  4.39160223E-029  4.39160223E-029  2.24446640E-085  3.85289857E-113
  6.811300E-01  4.70079628E-029  4.70079628E-029  1.51449464E-084  5.93238105E-112
  6.923200E-01  5.03412203E-029  5.03412203E-029  9.97549382E-084  8.76517920E-111
  7.036900E-01  5.39281238E-029  5.39281238E-029  6.40423643E-083  1.23983290E-109
  7.152500E-01  5.77891637E-029  5.77891637E-029  4.01558490E-082  1.68306406E-108
  7.270000E-01  6.19294091E-029  6.19294091E-029  2.46029982E-081  2.19281936E-107
  7.389400E-01  6.63448819E-029  6.63448819E-029  1.47317576E-080  2.74174678E-106
  7.510800E-01  7.10670142E-029  7.10670142E-029  8.63998421E-080  3.29752663E-105
  7.634200E-01  7.61070781E-029  7.61070781E-029  4.96754679E-079  3.81619457E-104
  7.759600E-01  8.14486096E-029  8.14486096E-029  2.80166488E-078  4.25071966E-103
  7.887000E-01  8.71186789E-029  8.71186789E-029  1.55080647E-077  4.55838199E-102
  8.016600E-01  9.31464777E-029  9.31464777E-029  8.44997314E-077  4.72482691E-101
  8.148300E-01  9.95281283E-029  9.95281283E-029  4.52607027E-076  4.72544021E-100
  8.282100E-01  1.06254375E-028  1.06254375E-028  2.38379537E-075  4.56285202E-099
  8.418100E-01  1.13361211E-028  1.13361211E-028  1.23575699E-074  4.26272313E-098
  8.556400E-01  1.20879066E-028  1.20879066E-028  6.30983943E-074  3.86077431E-097
  8.697000E-01  1.28780038E-028  1.28780038E-028  3.17103716E-073  3.39118511E-096
  8.839800E-01  1.37085322E-028  1.37085322E-028  1.57009044E-072  2.89203284E-095
  8.985000E-01  1.45832292E-028  1.45832292E-028  7.64888879E-072  2.39825887E-094
  9.132600E-01  1.55009179E-028  1.55009179E-028  3.66165760E-071  1.93449354E-093
  9.282600E-01  1.64605678E-028  1.64605678E-028  1.72077359E-070  1.51854562E-092
  9.435100E-01  1.74664242E-028  1.74664242E-028  7.93873685E-070  1.16205017E-091
  9.590100E-01  1.85199688E-028  1.85199688E-028  3.59576204E-069  8.67764366E-091
  9.747600E-01  1.96211972E-028  1.96211972E-028  1.59734053E-068  6.32396855E-090
  9.907700E-01  2.07704366E-028  2.07704366E-028  6.95534693E-068  4.50156059E-089
  1.007000E+00  2.19667048E-028  2.19667048E-028  2.95627212E-067  3.11539640E-088
  1.023600E+00  2.32230727E-028  2.32230727E-028  1.24200148E-066  2.13301312E-087
  1.040400E+00  2.45263009E-028  2.45263009E-028  5.07996185E-066  1.41617471E-086
  1.057500E+00  2.58848709E-028  2.58848709E-028  2.04032005E-065  9.22221805E-086
  1.074900E+00  2.72985040E-028  2.72985040E-028  8.03740213E-065  5.88366048E-085
  1.092500E+00  2.87569549E-028  2.87569549E-028  3.08103905E-064  3.63782674E-084
  1.110500E+00  3.02839176E-028  3.02839176E-028  1.16650876E-063  2.22375698E-083
  1.128700E+00  3.18520559E-028  3.18520559E-028  4.29682502E-063  1.31625133E-082
  1.147200E+00  3.34770988E-028  3.34770988E-028  1.55272575E-062  7.62096954E-082
  1.166100E+00  3.51750097E-028  3.51750097E-028  5.53525817E-062  4.35068731E-081
  1.185200E+00  3.69128803E-028  3.69128803E-028  1.92029866E-061  2.40274924E-080
  1.204700E+00  3.87193134E-028  3.87193134E-028  6.56815226E-061  1.30632824E-079
  1.224500E+00  4.05852071E-028  4.05852071E-028  2.20046026E-060  6.92613973E-079
  1.244600E+00  4.25053908E-028  4.25053908E-028  7.22026309E-060  3.58033877E-078
  1.265100E+00  4.44924542E-028  4.44924542E-028  2.33412843E-059  1.81881456E-077
  1.285800E+00  4.65172753E-028  4.65172753E-028  7.34991559E-059  8.93545201E-077
  1.307000E+00  4.86227351E-028  4.86227351E-028  2.29222792E-058  4.34304960E-076
  1.328400E+00  5.07631754E-028  5.07631754E-028  6.96734561E-058  2.04183450E-075
  1.350200E+00  5.29626855E-028  5.29626855E-028  2.08734328E-057  9.42591753E-075
  1.372400E+00  5.52310601E-028  5.52310601E-028  6.17228160E-057  4.27549441E-074
  1.395000E+00  5.75607215E-028  5.75607215E-028  1.79774937E-056  1.90267121E-073
  1.417900E+00  5.99310703E-028  5.99310703E-028  5.13364773E-056  8.25452269E-073
  1.441200E+00  6.23663111E-028  6.23663111E-028  1.44441985E-055  3.51445639E-072
  1.464800E+00  6.48486115E-028  6.48486115E-028  3.98811893E-055  1.46004052E-071
  1.488900E+00  6.74006597E-028  6.74006597E-028  1.09110303E-054  5.99534246E-071
  1.513400E+00  7.00089060E-028  7.00089060E-028  2.94364913E-054  2.41778835E-070
  1.538200E+00  7.26625711E-028  7.26625711E-028  7.80385236E-054  9.52643854E-070
  1.563500E+00  7.53870561E-028  7.53870561E-028  2.04961833E-053  3.70902547E-069
  1.589200E+00  7.81620404E-028  7.81620404E-028  5.31574698E-053  1.41977921E-068
  1.615300E+00  8.09951177E-028  8.09951177E-028  1.36225396E-052  5.34562716E-068
  1.641800E+00  8.38860231E-028  8.38860231E-028  3.45188725E-052  1.98047748E-067
  1.668800E+00  8.68406795E-028  8.68406795E-028  8.68400105E-052  7.25698092E-067
  1.696200E+00  8.98371716E-028  8.98371716E-028  2.16277429E-051  2.61800955E-066
  1.724000E+00  9.28810800E-028  9.28810800E-028  5.33645880E-051  9.29891048E-066
  1.752400E+00  9.59977753E-028  9.59977753E-028  1.31417714E-050  3.28234253E-065
  1.781100E+00  9.91312655E-028  9.91312655E-028  3.20458347E-050  1.13677386E-064
  1.810400E+00  1.02338264E-027  1.02338264E-027  7.80039052E-050  3.90870429E-064
  1.840100E+00  1.05580356E-027  1.05580356E-027  1.88371610E-049  1.32255592E-063
  1.870400E+00  1.08887388E-027  1.08887388E-027  4.54045037E-049  4.43802048E-063
  1.901100E+00  1.12220836E-027  1.12220836E-027  1.08548890E-048  1.46410705E-062
  1.932300E+00  1.15608108E-027  1.15608108E-027  2.57938286E-048  4.76439700E-062
  1.964100E+00  1.19055940E-027  1.19055940E-027  6.10751465E-048  1.53432691E-061
  1.996300E+00  1.22521165E-027  1.22521165E-027  1.43246773E-047  4.85211845E-061
  2.029100E+00  1.26051069E-027  1.26051069E-027  3.34280919E-047  1.51653349E-060
  2.062400E+00  1.29618451E-027  1.29618451E-027  7.73517743E-047  4.66651304E-060
  2.096300E+00  1.33242842E-027  1.33242842E-027  1.77935023E-046  1.41827181E-059
  2.130700E+00  1.36904169E-027  1.36904169E-027  4.05505996E-046  4.24106619E-059
  2.165700E+00  1.40608019E-027  1.40608019E-027  9.16477025E-046  1.25091230E-058
  2.201300E+00  1.44360062E-027  1.44360062E-027  2.05260797E-045  3.63724274E-058
  2.237500E+00  1.48173299E-027  1.48173299E-027  4.55264004E-045  1.04226098E-057
  2.274200E+00  1.52042259E-027  1.52042259E-027  9.97506596E-045  2.93434941E-057
  2.311600E+00  1.56008513E-027  1.56008513E-027  2.16869967E-044  8.16356721E-057
  2.349600E+00  1.60045714E-027  1.60045714E-027  4.66230508E-044  2.23632130E-056
  2.388100E+00  1.64136016E-027  1.64136016E-027  9.88864001E-044  6.01585454E-056
  2.427400E+00  1.68384097E-027  1.68384097E-027  2.08059189E-043  1.60119421E-055
  2.467200E+00  1.72712360E-027  1.72712360E-027  4.31687253E-043  4.18473734E-055
  2.507800E+00  1.77202445E-027  1.77202445E-027  8.89237889E-043  1.08259057E-054
  2.549000E+00  1.81804019E-027  1.81804019E-027  1.80938470E-042  2.75705111E-054
  2.590800E+00  1.86551238E-027  1.86551238E-027  3.63562067E-042  6.91195589E-054
  2.633400E+00  1.91572675E-027  1.91572675E-027  7.23678732E-042  1.71318794E-053
  2.676600E+00  1.96898642E-027  1.96898642E-027  1.42222071E-041  4.18062416E-053
  2.720600E+00  2.02652465E-027  2.02652465E-027  2.76828591E-041  1.00859957E-052
  2.765300E+00  2.09006794E-027  2.09006794E-027  5.32817829E-041  2.40100956E-052
  2.810700E+00  2.16243970E-027  2.16243970E-027  1.01385168E-040  5.64038233E-052
  2.856900E+00  2.24808861E-027  2.24808861E-027  1.90990545E-040  1.31023159E-051
  2.903800E+00  2.35398239E-027  2.35398239E-027  3.55684920E-040  3.00470601E-051
  2.951500E+00  2.49315336E-027  2.49315336E-027  6.56021763E-040  6.81796404E-051
  3.000000E+00  2.69054876E-027  2.69054876E-027  1.19996614E-039  1.53203089E-050
  3.015900E+00  2.77478915E-027  2.77478915E-027  1.45633730E-039  1.98754209E-050
  3.032000E+00  2.87367617E-027  2.87367617E-027  1.76802022E-039  2.58053816E-050
  3.048100E+00  2.99044204E-027  2.99044204E-027  2.14187696E-039  3.34224810E-050
  3.064300E+00  3.13069199E-027  3.13069199E-027  2.59251359E-039  4.32520971E-050
  3.080600E+00  3.30225383E-027  3.30225383E-027  3.13509476E-039  5.59271583E-050
  3.096900E+00  3.51541569E-027  3.51541569E-027  3.78341846E-039  7.21502336E-050
  3.113400E+00  3.78659713E-027  3.78659713E-027  4.56687162E-039  9.31578507E-050
  3.130000E+00  4.13975402E-027  4.13975402E-027  5.50753040E-039  1.20189423E-049
  3.146600E+00  4.61244615E-027  4.61244615E-027  6.62846601E-039  1.54715520E-049
  3.163300E+00  5.26738488E-027  5.26738488E-027  7.97024235E-039  1.99009377E-049
  3.180100E+00  6.21310230E-027  6.21310230E-027  9.57484566E-039  2.55795812E-049
  3.197000E+00  7.65068551E-027  7.65068551E-027  1.14920373E-038  3.28537846E-049
  3.214000E+00  9.98561695E-027  9.98561695E-027  1.37776446E-038  4.21628818E-049
  3.231100E+00  1.41285169E-026  1.41285169E-026  1.64945681E-038  5.40578388E-049
  3.248300E+00  2.24218002E-026  2.24218002E-026  1.97295444E-038  6.92557382E-049
  3.265500E+00  4.19736731E-026  4.19736731E-026  2.35521665E-038  8.85356151E-049
  3.282900E+00  9.52401354E-026  9.52401354E-026  2.81183396E-038  1.13254483E-048
  3.300300E+00  1.66626082E-025  1.66626082E-025  3.35052345E-038  1.44557440E-048
  3.317900E+00  9.40941027E-026  9.40941027E-026  3.99265052E-038  1.84638829E-048
  3.335500E+00  4.25383741E-026  4.25383741E-026  4.74871888E-038  2.35343932E-048
  3.353200E+00  2.33309039E-026  2.33309039E-026  5.64265922E-038  2.99767170E-048
  3.371100E+00  1.50440155E-026  1.50440155E-026  6.70512648E-038  3.82080525E-048
  3.389000E+00  1.08476675E-026  1.08476675E-026  7.95244355E-038  4.86023752E-048
  3.407000E+00  8.45899861E-027  8.45899861E-027  9.42335100E-038  6.17787378E-048
  3.425100E+00  6.97921228E-027  6.97921228E-027  1.11556146E-037  7.84790069E-048
  3.443300E+00  6.00309310E-027  6.00309310E-027  1.31942429E-037  9.96262110E-048
  3.461600E+00  5.32756509E-027  5.32756509E-027  1.55906442E-037  1.26391642E-047
  3.480000E+00  4.84227790E-027  4.84227789E-027  1.84051801E-037  1.60244508E-047
  3.498500E+00  4.48329550E-027  4.48329550E-027  2.17075365E-037  2.03034149E-047
  3.517100E+00  4.21126278E-027  4.21126278E-027  2.55886258E-037  2.57134639E-047
  3.535800E+00  4.00126824E-027  4.00126824E-027  3.01379370E-037  3.25447642E-047
  3.554600E+00  3.83658763E-027  3.83658763E-027  3.54619284E-037  4.11658432E-047
  3.573500E+00  3.70583816E-027  3.70583816E-027  4.16869363E-037  5.20360064E-047
  3.592500E+00  3.60111234E-027  3.60111234E-027  4.89601527E-037  6.57363584E-047
  3.611500E+00  3.51632863E-027  3.51632863E-027  5.73997334E-037  8.28889870E-047
  3.630700E+00  3.44760650E-027  3.44760650E-027  6.72890923E-037  1.04577731E-046
  3.650000E+00  3.39165528E-027  3.39165528E-027  7.88077421E-037  1.31858123E-046
  3.669400E+00  3.34608748E-027  3.34608748E-027  9.22127026E-037  1.66149186E-046
  3.688900E+00  3.30905036E-027  3.30905036E-027  1.07798448E-036  2.09220797E-046
  3.708500E+00  3.27921275E-027  3.27921275E-027  1.25900034E-036  2.63280151E-046
  3.728300E+00  3.25544440E-027  3.25544440E-027  1.47018775E-036  3.31483055E-046
  3.748100E+00  3.23641126E-027  3.23641126E-027  1.71388280E-036  4.16587972E-046
  3.768000E+00  3.22199739E-027  3.22199739E-027  1.99611081E-036  5.23178330E-046
  3.788000E+00  3.21124834E-027  3.21124834E-027  2.32263592E-036  6.56617200E-046
  3.808100E+00  3.20377507E-027  3.20377507E-027  2.70009829E-036  8.23502841E-046
  3.828400E+00  3.19944919E-027  3.19944918E-027  3.13709997E-036  1.03306263E-045
  3.848700E+00  3.19736401E-027  3.19736401E-027  3.63740495E-036  1.29336186E-045
  3.869200E+00  3.19764415E-027  3.19764415E-027  4.21660864E-036  1.61992420E-045
  3.889700E+00  3.19977343E-027  3.19977343E-027  4.87997982E-036  2.02515337E-045
  3.910400E+00  3.20376426E-027  3.20376425E-027  5.64667592E-036  2.53278641E-045
  3.931200E+00  3.20933628E-027  3.20933627E-027  6.52753053E-036  3.16514456E-045
  3.952100E+00  3.21652842E-027  3.21652841E-027  7.53895234E-036  3.95231087E-045
  3.973100E+00  3.22494208E-027  3.22494208E-027  8.69909244E-036  4.93127919E-045
  3.994200E+00  3.23454976E-027  3.23454975E-027  1.00283434E-035  6.14762232E-045
  4.015400E+00  3.24526642E-027  3.24526641E-027  1.15503646E-035  7.65776752E-045
  4.036800E+00  3.25715751E-027  3.25715749E-027  1.32998234E-035  9.54085178E-045
  4.058200E+00  3.26994990E-027  3.26994988E-027  1.52900607E-035  1.18643550E-044
  4.079800E+00  3.28398775E-027  3.28398773E-027  1.75735865E-035  1.47561540E-044
  4.101500E+00  3.29890550E-027  3.29890548E-027  2.01797301E-035  1.83364248E-044
  4.123300E+00  3.31483251E-027  3.31483249E-027  2.31506095E-035  2.27644259E-044
  4.145200E+00  3.33163161E-027  3.33163158E-027  2.65353394E-035  2.82331530E-044
  4.167200E+00  3.34922252E-027  3.34922249E-027  3.03919024E-035  3.49854280E-044
  4.189400E+00  3.36796892E-027  3.36796888E-027  3.48420391E-035  4.33763621E-044
  4.211700E+00  3.38747861E-027  3.38747857E-027  3.99089504E-035  5.37289869E-044
  4.234000E+00  3.40764436E-027  3.40764432E-027  4.56437153E-035  6.64246437E-044
  4.256500E+00  3.42883074E-027  3.42883069E-027  5.21865692E-035  8.21211073E-044
  4.279200E+00  3.45099191E-027  3.45099185E-027  5.96485381E-035  1.01519283E-043
  4.301900E+00  3.47384183E-027  3.47384176E-027  6.80772053E-035  1.25260158E-043
  4.324800E+00  3.49783628E-027  3.49783621E-027  7.76716783E-035  1.54536188E-043
  4.347700E+00  3.52262178E-027  3.52262169E-027  8.84902622E-035  1.90291000E-043
  4.370900E+00  3.54855221E-027  3.54855211E-027  1.00839201E-034  2.34499727E-043
  4.394100E+00  3.57548040E-027  3.57548028E-027  1.14743308E-034  2.88418733E-043
  4.417400E+00  3.60341590E-027  3.60341577E-027  1.30451839E-034  3.54366755E-043
  4.440900E+00  3.63249354E-027  3.63249340E-027  1.48259035E-034  4.35348516E-043
  4.464500E+00  3.66295363E-027  3.66295346E-027  1.68346798E-034  5.34256196E-043
  4.488200E+00  3.69471153E-027  3.69471134E-027  1.90991185E-034  6.54975865E-043
  4.512100E+00  3.72785739E-027  3.72785717E-027  2.16602776E-034  8.02774438E-043
  4.536100E+00  3.76254746E-027  3.76254721E-027  2.45430581E-034  9.82859523E-043
  4.560200E+00  3.79865552E-027  3.79865525E-027  2.77678889E-034  1.20172194E-042
  4.584400E+00  3.83630392E-027  3.83630361E-027  3.13818289E-034  1.46756208E-042
  4.608800E+00  3.87587613E-027  3.87587578E-027  3.54523241E-034  1.79170679E-042
  4.633300E+00  3.91719491E-027  3.91719451E-027  4.00161317E-034  2.18496936E-042
  4.657900E+00  3.96047363E-027  3.96047318E-027  4.51275243E-034  2.66157297E-042
  4.682700E+00  4.00630750E-027  4.00630699E-027  5.08727347E-034  3.24101733E-042
  4.707600E+00  4.05456486E-027  4.05456429E-027  5.72985099E-034  3.94219900E-042
  4.732600E+00  4.10554910E-027  4.10554845E-027  6.44825806E-034  4.78945742E-042
  4.757700E+00  4.15990417E-027  4.15990344E-027  7.25020991E-034  5.81240367E-042
  4.783000E+00  4.21782603E-027  4.21782522E-027  8.14893678E-034  7.05104410E-042
  4.808400E+00  4.27978541E-027  4.27978450E-027  9.15111204E-034  8.54456967E-042
  4.834000E+00  4.34665262E-027  4.34665159E-027  1.02724509E-033  1.03500512E-041
  4.859700E+00  4.41889772E-027  4.41889657E-027  1.15214493E-033  1.25226716E-041
  4.885500E+00  4.49763732E-027  4.49763603E-027  1.29111414E-033  1.51334680E-041
  4.911500E+00  4.58464073E-027  4.58463929E-027  1.44622175E-033  1.82808781E-041
  4.937600E+00  4.68135114E-027  4.68134952E-027  1.61865419E-033  2.20569851E-041
  4.963800E+00  4.79043903E-027  4.79043722E-027  1.81030591E-033  2.65829537E-041
  4.990200E+00  4.91549544E-027  4.91549342E-027  2.02436481E-033  3.20280532E-041
  5.016700E+00  5.06139187E-027  5.06138960E-027  2.26186668E-033  3.85431164E-041
  5.043400E+00  5.23570134E-027  5.23569881E-027  2.52620246E-033  4.63643079E-041
  5.070200E+00  5.45029507E-027  5.45029225E-027  2.81903677E-033  5.57056175E-041
  5.097100E+00  5.72252862E-027  5.72252548E-027  3.14316711E-033  6.68565495E-041
  5.124200E+00  6.07996733E-027  6.07996383E-027  3.50321623E-033  8.01971932E-041
  5.151500E+00  6.56359951E-027  6.56359560E-027  3.90274093E-033  9.61566013E-041
  5.178800E+00  7.22622930E-027  7.22622496E-027  4.34251772E-033  1.15078004E-040
  5.206400E+00  8.10576593E-027  8.10576109E-027  4.83166203E-033  1.37748849E-040
  5.234000E+00  9.10975516E-027  9.10974979E-027  5.36939157E-033  1.64588301E-040
  5.261800E+00  9.85021454E-027  9.85020858E-027  5.96446019E-033  1.96554143E-040
  5.289800E+00  9.87259682E-027  9.87259019E-027  6.62242464E-033  2.34615725E-040
  5.317900E+00  9.30775554E-027  9.30774820E-027  7.34713180E-033  2.79710512E-040
  5.346200E+00  8.65917376E-027  8.65916561E-027  8.14761249E-033  3.33308785E-040
  5.374600E+00  8.20102283E-027  8.20101380E-027  9.02789566E-033  3.96699740E-040
  5.403200E+00  7.97068522E-027  7.97067523E-027  9.99891817E-033  4.71909296E-040
  5.431900E+00  7.93494531E-027  7.93493421E-027  1.10939477E-032  5.61237937E-040
  5.460800E+00  8.06504993E-027  8.06503762E-027  1.23090293E-032  6.67229305E-040
  5.489800E+00  8.35238220E-027  8.35236855E-027  1.36460933E-032  7.92275217E-040
  5.519000E+00  8.81314839E-027  8.81313326E-027  1.51217029E-032  9.40325663E-040
  5.548300E+00  9.49068294E-027  9.49066620E-027  1.67438967E-032  1.11471434E-039
  5.577800E+00  1.04579971E-026  1.04579786E-026  1.85323546E-032  1.32072398E-039
  5.607400E+00  1.18056646E-026  1.18056441E-026  2.04954847E-032  1.56298285E-039
  5.637200E+00  1.35632913E-026  1.35632686E-026  2.26570517E-032  1.84869355E-039
  5.667200E+00  1.54494936E-026  1.54494686E-026  2.50353200E-032  2.18540399E-039
  5.697300E+00  1.66646620E-026  1.66646343E-026  2.76421480E-032  2.58038453E-039
  5.727600E+00  1.65553106E-026  1.65552801E-026  3.05065445E-032  3.04514589E-039
  5.758000E+00  1.55818086E-026  1.55817749E-026  3.36422229E-032  3.58924399E-039
  5.788600E+00  1.46236661E-026  1.46236290E-026  3.70847005E-032  4.22839346E-039
  5.819400E+00  1.41009491E-026  1.41009083E-026  4.08593356E-032  4.97786779E-039
  5.850300E+00  1.40728017E-026  1.40727567E-026  4.49860072E-032  5.85390779E-039
  5.881400E+00  1.45101394E-026  1.45100899E-026  4.95067646E-032  6.87954628E-039
  5.912700E+00  1.54098294E-026  1.54097749E-026  5.44811301E-032  8.08125009E-039
  5.944100E+00  1.68295162E-026  1.68294562E-026  5.99439571E-032  9.48295720E-039
  5.975700E+00  1.89111496E-026  1.89110837E-026  6.59242609E-032  1.11209683E-038
  6.007400E+00  2.19132856E-026  2.19132131E-026  7.24438392E-032  1.30263125E-038
  6.039400E+00  2.62862751E-026  2.62861955E-026  7.95957884E-032  1.52552888E-038
  6.071500E+00  3.27851705E-026  3.27850831E-026  8.73873375E-032  1.78453509E-038
  6.103700E+00  4.26118636E-026  4.26117677E-026  9.58694249E-032  2.08503608E-038
  6.136200E+00  5.72955673E-026  5.72954622E-026  1.05156924E-031  2.43563691E-038
  6.168800E+00  7.70063814E-026  7.70062662E-026  1.15254031E-031  2.84181113E-038
  6.201600E+00  9.51606419E-026  9.51605157E-026  1.26262484E-031  3.31241935E-038
  6.234500E+00  9.75109420E-026  9.75108037E-026  1.38219665E-031  3.85649257E-038
  6.267700E+00  8.23654067E-026  8.23652555E-026  1.51281779E-031  4.48687143E-038
  6.301000E+00  6.35526710E-026  6.35525056E-026  1.65455145E-031  5.21393770E-038
  6.334500E+00  4.91496923E-026  4.91495114E-026  1.80867206E-031  6.05334747E-038
  6.368100E+00  3.96867190E-026  3.96865215E-026  1.97576347E-031  7.01927563E-038
  6.402000E+00  3.37813996E-026  3.37811838E-026  2.15780545E-031  8.13554740E-038
  6.436000E+00  3.02224233E-026  3.02221878E-026  2.35465445E-031  9.41644748E-038
  6.470200E+00  2.82287192E-026  2.82284627E-026  2.56413910E-031  1.08848746E-037
  6.504600E+00  2.73139745E-026  2.73136954E-026  2.79085962E-031  1.25710275E-037
  6.539200E+00  2.71624372E-026  2.71621336E-026  3.03638698E-031  1.45071126E-037
  6.573900E+00  2.75300468E-026  2.75297167E-026  3.30111208E-031  1.67193514E-037
  6.608900E+00  2.81879349E-026  2.81875761E-026  3.58811777E-031  1.92623246E-037
  6.644000E+00  2.88961072E-026  2.88957175E-026  3.89725651E-031  2.21633923E-037
  6.679300E+00  2.94306362E-026  2.94302131E-026  4.23119330E-031  2.54825850E-037
  6.714800E+00  2.96552892E-026  2.96548301E-026  4.59170039E-031  2.92674652E-037
  6.750500E+00  2.95683778E-026  2.95678798E-026  4.98042073E-031  3.35888299E-037
  6.786400E+00  2.92865335E-026  2.92859935E-026  5.39966109E-031  3.85211549E-037
  6.822400E+00  2.89806516E-026  2.89800665E-026  5.85026405E-031  4.41297359E-037
  6.858700E+00  2.88018457E-026  2.88012120E-026  6.33695316E-031  5.05399318E-037
  6.895100E+00  2.88535813E-026  2.88528954E-026  6.85933421E-031  5.78175222E-037
  6.931800E+00  2.91954664E-026  2.91947242E-026  7.42296026E-031  6.61326263E-037
  6.968600E+00  2.98530830E-026  2.98522802E-026  8.02782415E-031  7.55832880E-037
  7.005700E+00  3.08411825E-026  3.08403145E-026  8.67955406E-031  8.63795141E-037
  7.042900E+00  3.21640428E-026  3.21631047E-026  9.38092101E-031  9.87284348E-037
  7.080300E+00  3.38314727E-026  3.38304591E-026  1.01361352E-030  1.12764638E-036
  7.118000E+00  3.58546611E-026  3.58535662E-026  1.09489350E-030  1.28867571E-036
  7.155800E+00  3.82488324E-026  3.82476506E-026  1.18189063E-030  1.47112648E-036
  7.193800E+00  4.10463704E-026  4.10450952E-026  1.27520653E-030  1.68616743E-036
  7.232000E+00  4.42918099E-026  4.42904346E-026  1.37525111E-030  1.93288544E-036
  7.270500E+00  4.80642714E-026  4.80627886E-026  1.48275299E-030  2.22104732E-036
  7.309100E+00  5.24902126E-026  5.24886151E-026  1.59753414E-030  2.55293403E-036
  7.348000E+00  5.77729348E-026  5.77712140E-026  1.72080555E-030  2.94583443E-036
  7.387000E+00  6.42073115E-026  6.42054592E-026  1.85229524E-030  3.40975937E-036
  7.426300E+00  7.21729899E-026  7.21709966E-026  1.99330148E-030  3.95999369E-036
  7.465700E+00  8.19859914E-026  8.19838478E-026  2.14363159E-030  4.62690832E-036
  7.505400E+00  9.34630059E-026  9.34607012E-026  2.30467099E-030  5.41693193E-036
  7.545300E+00  1.05140734E-025  1.05138258E-025  2.47657684E-030  6.39955244E-036
  7.585400E+00  1.14008441E-025  1.14005781E-025  2.66016653E-030  7.56119217E-036
  7.625700E+00  1.17531585E-025  1.17528729E-025  2.85595114E-030  9.03366275E-036
  7.666300E+00  1.16566761E-025  1.16563699E-025  3.06280417E-030  1.08016216E-035
  7.707000E+00  1.14421625E-025  1.14418348E-025  3.27664990E-030  1.29760856E-035
  7.748000E+00  1.13403298E-025  1.13399793E-025  3.50434503E-030  1.56199569E-035
  7.789100E+00  1.13296940E-025  1.13293194E-025  3.74567452E-030  1.88673413E-035
  7.830500E+00  1.12063415E-025  1.12059412E-025  4.00241756E-030  2.28544847E-035
  7.872200E+00  1.07625199E-025  1.07620923E-025  4.27542974E-030  2.77210379E-035
  7.914000E+00  9.96650355E-026  9.96604710E-026  4.56441756E-030  3.36372494E-035
  7.956100E+00  8.97306766E-026  8.97258051E-026  4.87144854E-030  4.08321450E-035
  7.998300E+00  7.97958789E-026  7.97906829E-026  5.19596792E-030  4.95099198E-035
  8.040900E+00  7.11658708E-026  7.11603294E-026  5.54129539E-030  6.00717788E-035
  8.083600E+00  6.43516499E-026  6.43457435E-026  5.90624849E-030  7.26719730E-035
  8.126500E+00  5.94006661E-026  5.93943738E-026  6.29223921E-030  8.78949668E-035
  8.169700E+00  5.61682581E-026  5.61615564E-026  6.70161999E-030  1.05818465E-034
  8.213200E+00  5.44329251E-026  5.44257896E-026  7.13536823E-030  1.27382790E-034
  8.256800E+00  5.39083265E-026  5.39007333E-026  7.59301640E-030  1.51869054E-034
  8.300700E+00  5.42693477E-026  5.42612704E-026  8.07713812E-030  1.80628978E-034
  8.344800E+00  5.53102131E-026  5.53016241E-026  8.58874833E-030  2.12835278E-034
  8.389200E+00  5.72190904E-026  5.72099690E-026  9.12115625E-030  2.49363691E-034
  8.433700E+00  6.06090029E-026  6.05993226E-026  9.67994571E-030  2.90586128E-034
  8.478600E+00  6.61097003E-026  6.60994285E-026  1.02714932E-029  3.36813519E-034
  8.523600E+00  7.34622419E-026  7.34513487E-026  1.08928333E-029  3.89714389E-034
  8.568900E+00  8.02559015E-026  8.02443527E-026  1.15483157E-029  4.49891189E-034
  8.614500E+00  8.20205008E-026  8.20082606E-026  1.22397069E-029  5.19260625E-034
  8.660300E+00  7.64448521E-026  7.64318847E-026  1.29667377E-029  5.99791933E-034
  8.706300E+00  6.64175056E-026  6.64037739E-026  1.37310444E-029  6.92391920E-034
  8.752600E+00  5.61540906E-026  5.61395536E-026  1.45361257E-029  8.00842747E-034
  8.799100E+00  4.76889219E-026  4.76735391E-026  1.53818000E-029  9.25881468E-034
  8.845800E+00  4.12714358E-026  4.12551651E-026  1.62696081E-029  1.07060545E-033
  8.892800E+00  3.65230691E-026  3.65058636E-026  1.72043176E-029  1.23771992E-033
  8.940100E+00  3.30042207E-026  3.29860325E-026  1.81867350E-029  1.42884896E-033
  8.987600E+00  3.03666869E-026  3.03474683E-026  1.92169686E-029  1.64687777E-033
  9.035400E+00  2.83632016E-026  2.83429002E-026  2.02995146E-029  1.89324676E-033
  9.083400E+00  2.68212362E-026  2.67998000E-026  2.14340639E-029  2.16827126E-033
  9.131700E+00  2.56228341E-026  2.56002157E-026  2.26159337E-029  2.47710485E-033
  9.180200E+00  2.46853234E-026  2.46614802E-026  2.38403888E-029  2.81191490E-033
  9.229000E+00  2.39507210E-026  2.39255945E-026  2.51233403E-029  3.18720666E-033
  9.278100E+00  2.33766700E-026  2.33501993E-026  2.64671438E-029  3.58219632E-033
  9.327400E+00  2.29324570E-026  2.29045808E-026  2.78721254E-029  4.02147301E-033
  9.376900E+00  2.25958900E-026  2.25665478E-026  2.93377303E-029  4.47807945E-033
  9.426800E+00  2.23502257E-026  2.23193445E-026  3.08761610E-029  4.97960707E-033
  9.476900E+00  2.21822242E-026  2.21497376E-026  3.24811014E-029  5.50527847E-033
  9.527200E+00  2.20824017E-026  2.20482405E-026  3.41551153E-029  6.07010829E-033
  9.577900E+00  2.20437649E-026  2.20078480E-026  3.59101329E-029  6.67086157E-033
  9.628800E+00  2.20603670E-026  2.20226219E-026  3.77378147E-029  7.30856531E-033
  9.680000E+00  2.21290791E-026  2.20894230E-026  3.96480840E-029  7.99369272E-033
  9.731400E+00  2.22467757E-026  2.22051314E-026  4.16356245E-029  8.72121677E-033
  9.783100E+00  2.24122097E-026  2.23684888E-026  4.37113691E-029  9.50970959E-033
  9.835100E+00  2.26251919E-026  2.25793047E-026  4.58768500E-029  1.03642319E-032
  9.887400E+00  2.28860325E-026  2.28378867E-026  4.81344942E-029  1.12898266E-032
  9.939900E+00  2.31963188E-026  2.31458062E-026  5.05003512E-029  1.22969414E-032
  9.992800E+00  2.35598533E-026  2.35067238E-026  5.31161594E-029  1.33895995E-032
  1.004600E+01  2.39791381E-026  2.39232709E-026  5.58526661E-029  1.45903254E-032
  1.009900E+01  2.44590320E-026  2.44003317E-026  5.86843711E-029  1.58799988E-032
  1.015300E+01  2.50096595E-026  2.49479575E-026  6.16846475E-029  1.72962626E-032
  1.020700E+01  2.56380279E-026  2.55732104E-026  6.47986716E-029  1.88202032E-032
  1.026100E+01  2.63570709E-026  2.62890154E-026  6.80350448E-029  2.04344284E-032
  1.031600E+01  2.71869437E-026  2.71154649E-026  7.14566372E-029  2.21743858E-032
  1.037100E+01  2.81491406E-026  2.80741082E-026  7.50083652E-029  2.39993334E-032
  1.042600E+01  2.92774921E-026  2.91987732E-026  7.86930456E-029  2.58738621E-032
  1.048100E+01  3.06243553E-026  3.05418130E-026  8.25144237E-029  2.78456284E-032
  1.053700E+01  3.22752658E-026  3.21886838E-026  8.65521269E-029  2.98580676E-032
  1.059300E+01  3.43523541E-026  3.42615884E-026  9.07337249E-029  3.19886270E-032
  1.064900E+01  3.69172029E-026  3.68220969E-026  9.50718688E-029  3.41514638E-032
  1.070600E+01  3.96513522E-026  3.95516708E-026  9.96449017E-029  3.64721437E-032
  1.076300E+01  4.27012790E-026  4.25968568E-026  1.04383206E-028  3.89437196E-032
  1.082000E+01  4.68617003E-026  4.67523701E-026  1.09288663E-028  4.15510964E-032
  1.087700E+01  5.27078480E-026  5.25933762E-026  1.14427472E-028  4.43381181E-032
  1.093500E+01  6.10602344E-026  6.09403159E-026  1.19871113E-028  4.73497293E-032
  1.099300E+01  7.35039360E-026  7.33783755E-026  1.25510038E-028  5.05327092E-032
  1.105200E+01  9.33918786E-026  9.32603702E-026  1.31454369E-028  5.39512960E-032
  1.111000E+01  1.28882715E-025  1.28745163E-025  1.37493937E-028  5.74712460E-032
  1.116900E+01  2.02106036E-025  2.01962120E-025  1.43854799E-028  6.11822345E-032
  1.122900E+01  3.04240871E-025  3.04090255E-025  1.50551267E-028  6.51474344E-032
  1.128800E+01  2.71989556E-025  2.71832133E-025  1.57353890E-028  6.92391866E-032
  1.134800E+01  2.31542632E-025  2.31378049E-025  1.64510091E-028  7.36044936E-032
  1.140900E+01  1.92627146E-025  1.92455031E-025  1.72036789E-028  7.82907585E-032
  1.146900E+01  1.54290517E-025  1.54110756E-025  1.79678532E-028  8.31284212E-032
  1.153000E+01  1.25684970E-025  1.25497171E-025  1.87710214E-028  8.83381102E-032
  1.159200E+01  1.07771805E-025  1.07575563E-025  1.96148894E-028  9.39063338E-032
  1.165300E+01  9.82035352E-026  9.79987240E-026  2.04711622E-028  9.95956615E-032
  1.171500E+01  9.48645820E-026  9.46507743E-026  2.13702082E-028  1.05607480E-031
  1.177700E+01  9.63043218E-026  9.60812239E-026  2.22986023E-028  1.11794895E-031
  1.184000E+01  1.01260850E-025  1.01027954E-025  2.32776978E-028  1.18218004E-031
  1.190300E+01  1.07781561E-025  1.07538420E-025  2.43016118E-028  1.24872051E-031
  1.196600E+01  1.12904009E-025  1.12650302E-025  2.53575668E-028  1.31664660E-031
  1.203000E+01  1.14166617E-025  1.13901811E-025  2.64667306E-028  1.38818072E-031
  1.209400E+01  1.12005965E-025  1.11729723E-025  2.76095286E-028  1.46092245E-031
  1.215800E+01  1.09385114E-025  1.09097056E-025  2.87903870E-028  1.53635834E-031
  1.222300E+01  1.09259875E-025  1.08959448E-025  3.00265685E-028  1.61898682E-031
  1.228800E+01  1.13463272E-025  1.13150077E-025  3.13024781E-028  1.70495842E-031
  1.235300E+01  1.23040253E-025  1.22713908E-025  3.26164854E-028  1.79430109E-031
  1.241900E+01  1.38391775E-025  1.38051660E-025  3.39925396E-028  1.88834436E-031
  1.248500E+01  1.58283754E-025  1.57929458E-025  3.54096754E-028  1.98468386E-031
  1.255100E+01  1.78079914E-025  1.77710979E-025  3.68727029E-028  2.08343072E-031
  1.261800E+01  1.90745396E-025  1.90361187E-025  3.83990817E-028  2.18628058E-031
  1.268500E+01  1.89853303E-025  1.89453333E-025  3.99741223E-028  2.29117591E-031
  1.275200E+01  1.64761335E-025  1.64345148E-025  4.15946391E-028  2.39913255E-031
  1.282000E+01  1.37169636E-025  1.36736525E-025  4.32859272E-028  2.51135139E-031
  1.288800E+01  1.15950428E-025  1.15499864E-025  4.50301829E-028  2.62748955E-031
  1.295600E+01  1.00484506E-025  1.00017285E-025  4.66946075E-028  2.75079371E-031
  1.302500E+01  8.96569192E-026  8.91725491E-026  4.84082097E-028  2.87969842E-031
  1.309500E+01  8.24538160E-026  8.19515831E-026  5.01931207E-028  3.01690484E-031
  1.316400E+01  7.81463634E-026  7.76261374E-026  5.19910371E-028  3.15675884E-031
  1.323400E+01  7.62686487E-026  7.57296926E-026  5.38625916E-028  3.30173637E-031
  1.330400E+01  7.63885582E-026  7.58304598E-026  5.57753414E-028  3.45025910E-031
  1.337500E+01  7.76608285E-026  7.70828097E-026  5.77658113E-028  3.60686911E-031
  1.344600E+01  7.83779509E-026  7.77795910E-026  5.97982956E-028  3.76907014E-031
  1.351800E+01  7.67045043E-026  7.60850281E-026  6.19082206E-028  3.93965463E-031
  1.359000E+01  7.25604674E-026  7.19193445E-026  6.40711199E-028  4.11765766E-031
  1.366200E+01  6.75767822E-026  6.69135626E-026  6.62789288E-028  4.30377021E-031
  1.373400E+01  6.31735742E-026  6.24877341E-026  6.85389472E-028  4.50659194E-031
  1.380700E+01  5.98741882E-026  5.91648898E-026  7.08826413E-028  4.72048924E-031
  1.388100E+01  5.77190551E-026  5.69854731E-026  7.33084813E-028  4.97142567E-031
  1.395500E+01  5.66827185E-026  5.59243332E-026  7.57862032E-028  5.23263121E-031
  1.402900E+01  5.68333196E-026  5.60495374E-026  7.83228941E-028  5.53272837E-031
  1.410300E+01  5.80718219E-026  5.72615038E-026  8.09732988E-028  5.85108963E-031
  1.417800E+01  5.89551838E-026  5.81165475E-026  8.38014468E-028  6.21813395E-031
  1.425400E+01  5.73097385E-026  5.64417680E-026  8.67308205E-028  6.62250417E-031
  1.432900E+01  5.43593577E-026  5.34617536E-026  8.96897746E-028  7.06311023E-031
  1.440500E+01  5.20071213E-026  5.10788545E-026  9.27511442E-028  7.55330247E-031
  1.448200E+01  5.04779354E-026  4.95178242E-026  9.59302181E-028  8.09038098E-031
  1.455900E+01  4.95068168E-026  4.85141680E-026  9.91780650E-028  8.68151100E-031
  1.463600E+01  4.88773159E-026  4.78513906E-026  1.02499388E-027  9.31453249E-031
  1.471400E+01  4.84657830E-026  4.74053723E-026  1.05940845E-027  1.00224342E-030
  1.479200E+01  4.81982805E-026  4.71026977E-026  1.09450514E-027  1.07768359E-030
  1.487100E+01  4.80330513E-026  4.69009695E-026  1.13092248E-027  1.15938153E-030
  1.495000E+01  4.79443245E-026  4.67750018E-026  1.16807626E-027  1.24650645E-030
  1.502900E+01  4.79145876E-026  4.67072101E-026  1.20603809E-027  1.33941442E-030
  1.510900E+01  4.79387132E-026  4.66919620E-026  1.24531162E-027  1.43962621E-030
  1.519000E+01  4.80096992E-026  4.67223020E-026  1.28584849E-027  1.54872122E-030
  1.527000E+01  4.81229454E-026  4.67944590E-026  1.32682224E-027  1.66409052E-030
  1.535200E+01  4.82884626E-026  4.69170141E-026  1.36965789E-027  1.79066561E-030
  1.543300E+01  4.85053668E-026  4.70900309E-026  1.41341146E-027  1.92443051E-030
  1.551500E+01  4.87905315E-026  4.73298314E-026  1.45863112E-027  2.06896759E-030
  1.559800E+01  4.91711827E-026  4.76635905E-026  1.50536679E-027  2.22542494E-030
  1.568100E+01  4.96912052E-026  4.81357647E-026  1.55304808E-027  2.39238125E-030
  1.576400E+01  5.04309808E-026  4.88267161E-026  1.60169424E-027  2.57046746E-030
  1.584800E+01  5.14119024E-026  4.97571858E-026  1.65195399E-027  2.76258258E-030
  1.593200E+01  5.22339643E-026  5.05278192E-026  1.70317858E-027  2.96658195E-030
  1.601700E+01  5.28614508E-026  5.11021954E-026  1.75606920E-027  3.18621440E-030
  1.610200E+01  5.39812715E-026  5.21678727E-026  1.80997931E-027  3.41940455E-030
  1.618700E+01  5.60970264E-026  5.42283863E-026  1.86497323E-027  3.66691129E-030
  1.627300E+01  6.02207144E-026  5.82950952E-026  1.92168591E-027  3.93330301E-030
  1.636000E+01  6.89541593E-026  6.69698009E-026  1.98013885E-027  4.21957000E-030
  1.644700E+01  7.93996461E-026  7.73554420E-026  2.03968103E-027  4.52311127E-030
  1.653400E+01  7.32163231E-026  7.11110927E-026  2.10038625E-027  4.84417967E-030
  1.662200E+01  6.74061674E-026  6.52380598E-026  2.16291977E-027  5.18779845E-030
  1.671000E+01  6.63980470E-026  6.41659076E-026  2.22659051E-027  5.54888156E-030
  1.679900E+01  6.73183215E-026  6.50202051E-026  2.29218164E-027  5.93470479E-030
  1.688800E+01  6.87081473E-026  6.63428445E-026  2.35896641E-027  6.33633988E-030
  1.697800E+01  6.97351098E-026  6.73006230E-026  2.42772120E-027  6.76559001E-030
  1.706800E+01  6.99261328E-026  6.74212422E-026  2.49767761E-027  7.21291260E-030
  1.715900E+01  6.93127764E-026  6.67353824E-026  2.56970380E-027  7.69025496E-030
  1.725000E+01  6.87201913E-026  6.60690540E-026  2.64294515E-027  8.19214172E-030
  1.734200E+01  6.94847197E-026  6.67577250E-026  2.71826865E-027  8.72607693E-030
  1.743400E+01  6.59772596E-026  6.31730894E-026  2.79488705E-027  9.28309971E-030
  1.752700E+01  6.08537901E-026  5.79702411E-026  2.87367696E-027  9.87200994E-030
  1.762000E+01  5.79069988E-026  5.49427303E-026  2.95378340E-027  1.04850793E-029
  1.771400E+01  5.62730704E-026  5.32258363E-026  3.03610659E-027  1.11275543E-029
  1.780800E+01  5.57136168E-026  5.25820829E-026  3.11973766E-027  1.17962617E-029
  1.790200E+01  5.46486174E-026  5.14312980E-026  3.20483708E-027  1.24823128E-029
  1.799800E+01  5.22765454E-026  4.89703061E-026  3.29302512E-027  1.32142701E-029
  1.809300E+01  5.04906661E-026  4.70949519E-026  3.38175771E-027  1.39564999E-029
  1.818900E+01  4.93011468E-026  4.58135776E-026  3.47282928E-027  1.47398521E-029
  1.828600E+01  4.84290729E-026  4.48474792E-026  3.56604072E-027  1.55529548E-029
  1.838300E+01  4.77399843E-026  4.40635329E-026  3.66005203E-027  1.63993765E-029
  1.848100E+01  4.71709634E-026  4.33972059E-026  3.75648537E-027  1.72722194E-029
  1.857900E+01  4.66838205E-026  4.28113235E-026  3.85432304E-027  1.81739868E-029
  1.867800E+01  4.62546733E-026  4.22809001E-026  3.95466815E-027  1.91051131E-029
  1.877700E+01  4.58646288E-026  4.17880599E-026  4.05650988E-027  2.00589939E-029
  1.887700E+01  4.55017041E-026  4.13197979E-026  4.16086336E-027  2.10428698E-029
  1.897700E+01  4.51538210E-026  4.08651545E-026  4.26662880E-027  2.20377231E-029
  1.907800E+01  4.48181758E-026  4.04200500E-026  4.37505625E-027  2.30695400E-029
  1.918000E+01  4.44925857E-026  3.99823439E-026  4.48612086E-027  2.41209318E-029
  1.928100E+01  4.41735783E-026  3.95508207E-026  4.59756424E-027  2.51933760E-029
  1.938400E+01  4.38688770E-026  3.91297214E-026  4.71286597E-027  2.62896032E-029
  1.948700E+01  4.35761200E-026  3.87190439E-026  4.82965751E-027  2.74185953E-029
  1.959100E+01  4.32989226E-026  3.83211962E-026  4.94916700E-027  2.85594481E-029
  1.969500E+01  4.30354313E-026  3.79353515E-026  5.07035212E-027  2.97276528E-029
  1.979900E+01  4.27863947E-026  3.75624442E-026  5.19304815E-027  3.09023532E-029
  1.990500E+01  4.25554348E-026  3.72035411E-026  5.31977181E-027  3.21218978E-029
  2.001000E+01  4.23395344E-026  3.68559555E-026  5.45023731E-027  3.33416004E-029
  2.011700E+01  4.21415198E-026  3.65212693E-026  5.58565289E-027  3.45976207E-029
  2.022400E+01  4.19563778E-026  3.61977332E-026  5.72276321E-027  3.58813762E-029
  2.033100E+01  4.17822428E-026  3.58832627E-026  5.86178854E-027  3.71915996E-029
  2.043900E+01  4.16212200E-026  3.55786443E-026  6.00401941E-027  3.85562993E-029
  2.054800E+01  4.14721951E-026  3.52827767E-026  6.14940569E-027  4.00126838E-029
  2.065700E+01  4.13326464E-026  3.49945364E-026  6.29660334E-027  4.15066901E-029
  2.076700E+01  4.12038099E-026  3.47137119E-026  6.44704026E-027  4.30576462E-029
  2.087700E+01  4.10822081E-026  3.44381426E-026  6.59941954E-027  4.46459560E-029
  2.098800E+01  4.09712691E-026  3.41699293E-026  6.75507955E-027  4.62602330E-029
  2.110000E+01  4.08696614E-026  3.39076785E-026  6.91405920E-027  4.79237693E-029
  2.121200E+01  4.07752332E-026  3.36506075E-026  7.07501275E-027  4.96129382E-029
  2.132400E+01  4.06888580E-026  3.33996578E-026  7.23786659E-027  5.13336638E-029
  2.143800E+01  4.06123279E-026  3.31535453E-026  7.40563253E-027  5.31500544E-029
  2.155200E+01  4.05432228E-026  3.29128524E-026  7.57533671E-027  5.50337187E-029
  2.166600E+01  4.04810562E-026  3.26769937E-026  7.74709438E-027  5.69681113E-029
  2.178100E+01  4.04269638E-026  3.24459324E-026  7.92204741E-027  5.89839204E-029
  2.189700E+01  4.03806104E-026  3.22193742E-026  8.10017830E-027  6.10578409E-029
  2.201400E+01  4.03411932E-026  3.19961619E-026  8.28184911E-027  6.31822447E-029
  2.213100E+01  4.03075692E-026  3.17767104E-026  8.46550549E-027  6.53532895E-029
  2.224800E+01  4.02795072E-026  3.15608113E-026  8.65123590E-027  6.74599303E-029
  2.236600E+01  4.02591142E-026  3.13490109E-026  8.84048042E-027  6.96229327E-029
  2.248500E+01  4.02463700E-026  3.11411755E-026  9.03335810E-027  7.18363680E-029
  2.260500E+01  4.02414557E-026  3.09373855E-026  9.22996342E-027  7.41068550E-029
  2.272500E+01  4.02422565E-026  3.07372098E-026  9.42859081E-027  7.64558888E-029
  2.284600E+01  4.02502880E-026  3.05405107E-026  9.63088701E-027  7.88902172E-029
  2.296700E+01  4.02641219E-026  3.03473591E-026  9.83535005E-027  8.14127914E-029
  2.308900E+01  4.02850837E-026  3.01577221E-026  1.00433047E-026  8.40568750E-029
  2.321200E+01  4.03128441E-026  2.99709362E-026  1.02551265E-026  8.67814161E-029
  2.333500E+01  4.03444002E-026  2.97857913E-026  1.04690349E-026  8.95739780E-029
  2.345900E+01  4.03824171E-026  2.96032351E-026  1.06867442E-026  9.24377782E-029
  2.358400E+01  4.04269900E-026  2.94233529E-026  1.09083103E-026  9.53268170E-029
  2.370900E+01  4.04762576E-026  2.92466196E-026  1.11313651E-026  9.82729226E-029
  2.383500E+01  4.05272640E-026  2.90728408E-026  1.13531293E-026  1.01293941E-028
  2.396200E+01  4.05845388E-026  2.89015329E-026  1.15786121E-026  1.04393726E-028
  2.408900E+01  4.06460746E-026  2.87327574E-026  1.18057452E-026  1.07572056E-028
  2.421700E+01  4.07141670E-026  2.85666414E-026  1.20366816E-026  1.10843916E-028
  2.434600E+01  4.07884067E-026  2.84029639E-026  1.22712316E-026  1.14211161E-028
  2.447600E+01  4.08687967E-026  2.82417287E-026  1.25094037E-026  1.17664351E-028
  2.460600E+01  4.09517527E-026  2.80811753E-026  1.27493967E-026  1.21180745E-028
  2.473600E+01  4.10375307E-026  2.79214917E-026  1.29912838E-026  1.24755293E-028
  2.486800E+01  4.11300202E-026  2.77630316E-026  1.32385560E-026  1.28432593E-028
  2.500000E+01  4.12260609E-026  2.76062921E-026  1.34876346E-026  1.32134188E-028
  2.659600E+01  4.26778696E-026  2.58647455E-026  1.66318291E-026  1.81294941E-028
  2.829500E+01  4.46072073E-026  2.41590094E-026  2.02043749E-026  2.43823038E-028
  3.010100E+01  4.68744693E-026  2.23783486E-026  2.41743769E-026  3.21743813E-028
  3.202300E+01  4.94405217E-026  2.04905059E-026  2.85340017E-026  4.16014062E-028
  3.406800E+01  5.23859222E-026  1.85363576E-026  3.33184436E-026  5.31120963E-028
  3.624300E+01  5.59695964E-026  1.65959173E-026  3.87008693E-026  6.72809830E-028
  3.855700E+01  6.00332535E-026  1.47510077E-026  4.44370627E-026  8.45183106E-028
  4.101900E+01  6.47454890E-026  1.30653771E-026  5.06242216E-026  1.05589019E-027
  4.363800E+01  7.02307317E-026  1.15781566E-026  5.73296723E-026  1.32290283E-027
  4.642500E+01  7.63840055E-026  1.03088838E-026  6.43936312E-026  1.68149054E-027
  4.938900E+01  8.34374926E-026  9.25969551E-027  7.19858003E-026  2.19199674E-027
  5.254300E+01  9.15347478E-026  8.41753440E-027  8.01708076E-026  2.94640584E-027
  5.589800E+01  1.00924523E-025  7.75726245E-027  8.90820466E-026  4.08521380E-027
  5.946700E+01  1.11636203E-025  7.23822662E-027  9.86007412E-026  5.79723530E-027
  6.326400E+01  1.23631287E-025  6.80274538E-027  1.08518475E-025  8.31006713E-027
  6.730300E+01  1.36871346E-025  6.37931252E-027  1.18602707E-025  1.18893264E-026
  7.160100E+01  1.52053220E-025  5.89781049E-027  1.29362032E-025  1.67933778E-026
  7.617300E+01  1.68088578E-025  5.31968426E-027  1.39556266E-025  2.32126276E-026
  8.103600E+01  1.85000079E-025  4.65745971E-027  1.49094950E-025  3.12476688E-026
  8.621100E+01  2.03465382E-025  3.96529280E-027  1.58611877E-025  4.08882118E-026
  9.171500E+01  2.21581359E-025  3.30566268E-027  1.66397874E-025  5.18778225E-026
  9.757200E+01  2.39443325E-025  2.72121648E-027  1.72862790E-025  6.38593188E-026
  1.038000E+02  2.56596352E-025  2.22923813E-027  1.78087447E-025  7.62796673E-026
  1.104300E+02  2.70952122E-025  1.82789196E-027  1.80632115E-025  8.84921151E-026
  1.174800E+02  2.83562803E-025  1.50631174E-027  1.82210813E-025  9.98456779E-026
  1.249800E+02  2.92475657E-025  1.25040310E-027  1.81497451E-025  1.09727803E-025
  1.329600E+02  2.92471378E-025  1.04641983E-027  1.74284205E-025  1.17140754E-025
  1.414500E+02  2.90573777E-025  8.81504633E-028  1.67420023E-025  1.22272249E-025
  1.504800E+02  2.84598828E-025  7.46257928E-028  1.59091695E-025  1.24760875E-025
  1.600900E+02  2.73879379E-025  6.35368586E-028  1.48758017E-025  1.24485994E-025
  1.703100E+02  2.58760266E-025  5.44676849E-028  1.36670958E-025  1.21544631E-025
  1.811900E+02  2.41669091E-025  4.69967174E-028  1.24663502E-025  1.16535621E-025
  1.927600E+02  2.22902983E-025  4.07857409E-028  1.12697814E-025  1.09797311E-025
  2.050700E+02  2.01664523E-025  3.55681487E-028  9.98270492E-026  1.01481792E-025
  2.181600E+02  1.80659605E-025  3.11474759E-028  8.79434595E-026  9.24046709E-026
  2.320900E+02  1.60084707E-025  2.73702191E-028  7.68738519E-026  8.29371524E-026
  2.469100E+02  1.40346555E-025  2.41199274E-028  6.66576750E-026  7.34476808E-026
  2.626800E+02  1.21530244E-025  2.13053546E-028  5.71595361E-026  6.41576547E-026
  2.794500E+02  1.04272344E-025  1.88563225E-028  4.86809687E-026  5.54028118E-026
  2.972900E+02  8.87254213E-026  1.67146588E-028  4.12185916E-026  4.73396831E-026
  3.162700E+02  7.50053153E-026  1.48344325E-028  3.47741370E-026  4.00828340E-026
  3.364700E+02  6.25266692E-026  1.31775944E-028  2.88572393E-026  3.35376540E-026
  3.579500E+02  5.15825472E-026  1.17148876E-028  2.36901056E-026  2.77752928E-026
  3.808100E+02  4.21989040E-026  1.04196621E-028  1.93066086E-026  2.27880988E-026
  4.051200E+02  3.49042173E-026  9.27135587E-029  1.61056367E-026  1.87058670E-026
  4.309900E+02  2.86254416E-026  8.25112409E-029  1.33014085E-026  1.52415218E-026
  4.585100E+02  2.32235895E-026  7.34387484E-029  1.08349343E-026  1.23152165E-026
  4.877900E+02  1.86144427E-026  6.53626392E-029  8.69006784E-027  9.85901222E-027
  5.189300E+02  1.48628224E-026  5.81691701E-029  6.95367104E-027  7.85098216E-027
  5.520700E+02  1.18296688E-026  5.17539249E-029  5.55476572E-027  6.22314915E-027
  5.873200E+02  9.40428265E-027  4.60324395E-029  4.44137037E-027  4.91687983E-027
  6.248200E+02  7.46685078E-027  4.09258087E-029  3.55235603E-027  3.87356895E-027
  6.647100E+02  5.90965985E-027  3.63665392E-029  2.83270524E-027  3.04058807E-027
  7.071600E+02  4.66094812E-027  3.22921985E-029  2.25061512E-027  2.37804080E-027
  7.523100E+02  3.65790725E-027  2.86520926E-029  1.77725662E-027  1.85199853E-027
  8.003500E+02  2.85645583E-027  2.53972709E-029  1.39490260E-027  1.43615596E-027
  8.514500E+02  2.22138992E-027  2.24872366E-029  1.08941592E-027  1.10948676E-027
  9.058200E+02  1.73234073E-027  1.98849918E-029  8.55587312E-028  8.56868430E-028
  9.636600E+02  1.34465623E-027  1.75582198E-029  6.67870186E-028  6.59227825E-028
  1.025200E+03  1.04169077E-027  1.54784651E-029  5.20269581E-028  5.05942721E-028
  1.090600E+03  8.05792412E-028  1.36223669E-029  4.04629041E-028  3.87541004E-028
  1.160300E+03  6.22048772E-028  1.19631356E-029  3.13992953E-028  2.96092684E-028
  1.234400E+03  4.79616061E-028  1.04854480E-029  2.43296163E-028  2.25834450E-028
  1.313200E+03  3.69369928E-028  9.17070448E-030  1.88243294E-028  1.71955929E-028
  1.397000E+03  2.84178754E-028  8.00309020E-030  1.45447428E-028  1.30728235E-028
  1.486200E+03  2.18393197E-028  6.96747822E-030  1.12209450E-028  9.92162688E-029
  1.581100E+03  1.67696594E-028  6.05141350E-030  8.64536783E-029  7.51915019E-029
  1.682100E+03  1.28667854E-028  5.24301730E-030  6.65232003E-029  5.69016363E-029
  1.789500E+03  9.86793930E-029  4.53208886E-030  5.11346804E-029  4.30126237E-029
  1.903800E+03  7.56415790E-029  3.90812725E-030  3.92602562E-029  3.24731956E-029
  2.025300E+03  5.79772676E-029  3.36261159E-030  3.01197087E-029  2.44949473E-029
  2.154600E+03  4.44263173E-029  2.88653435E-030  2.30831623E-029  1.84566206E-029
  2.292200E+03  3.40381476E-029  2.47226240E-030  1.76734618E-029  1.38924234E-029
  2.438600E+03  2.60803234E-029  2.11287432E-030  1.35199841E-029  1.04474650E-029
  2.594300E+03  1.99886118E-029  1.80208935E-030  1.03354466E-029  7.85107589E-030
  2.759900E+03  1.53255940E-029  1.53403221E-030  7.89569109E-030  5.89587067E-030
  2.936200E+03  1.17532602E-029  1.30320144E-030  6.02661310E-030  4.42344564E-030
  3.123600E+03  9.02058741E-030  1.10521597E-030  4.59802129E-030  3.31735015E-030
  3.323100E+03  6.92667908E-030  9.35552249E-031  3.50533238E-030  2.48579445E-030
  3.535300E+03  5.32325304E-030  7.90635587E-031  2.67091154E-030  1.86170591E-030
  3.761000E+03  4.09489070E-030  6.67098601E-031  2.03416630E-030  1.39362580E-030
  4.001200E+03  3.15282827E-030  5.61950495E-031  1.54828872E-030  1.04258906E-030
  4.256600E+03  2.43049924E-030  4.72693309E-031  1.17808614E-030  7.79719783E-031
  4.528400E+03  1.87573574E-030  3.97011810E-031  8.95911774E-031  5.82812157E-031
  4.817600E+03  1.44941208E-030  3.32964556E-031  6.81019135E-031  4.35428388E-031
  5.125200E+03  1.12157249E-030  2.78869308E-031  5.17495890E-031  3.25207292E-031
  5.452400E+03  8.69170844E-031  2.33252183E-031  3.93111159E-031  2.42807501E-031
  5.800600E+03  6.74525056E-031  1.94826950E-031  2.98492365E-031  1.81205742E-031
  6.171000E+03  5.24295352E-031  1.62522057E-031  2.26580893E-031  1.35192402E-031
  6.565000E+03  4.08191527E-031  1.35405322E-031  1.71948769E-031  1.00837436E-031
  6.984200E+03  3.18306980E-031  1.12669293E-031  1.30448940E-031  7.51887471E-032
  7.430100E+03  2.48632343E-031  9.36390363E-032  9.89413139E-032  5.60519933E-032
  7.904600E+03  1.94519437E-031  7.77271078E-032  7.50205609E-032  4.17717679E-032
  8.409300E+03  1.52442631E-031  6.44462968E-032  5.68720144E-032  3.11243196E-032
  8.946200E+03  1.19667748E-031  5.33762427E-032  4.31053284E-032  2.31861768E-032
  9.517400E+03  9.40917172E-032  4.41591177E-032  3.26638442E-032  1.72687553E-032
  1.012500E+04  7.41042191E-032  3.64972324E-032  2.47475500E-032  1.28594367E-032
  1.077200E+04  5.84434593E-032  3.01300378E-032  1.87416999E-032  9.57172156E-033
  1.145900E+04  4.61853789E-032  2.48597477E-032  1.41982679E-032  7.12736336E-033
  1.219100E+04  3.65413928E-032  2.04875673E-032  1.07499529E-032  5.30387259E-033
  1.297000E+04  2.89534494E-032  1.68702985E-032  8.13714055E-033  3.94601035E-033
  1.379800E+04  2.29801892E-032  1.38839656E-032  6.16007735E-033  2.93614620E-033
  1.467900E+04  1.82653191E-032  1.14184493E-032  4.66253449E-033  2.18433528E-033
  1.561600E+04  1.45396175E-032  9.38579634E-033  3.52887341E-033  1.62494779E-033
  1.661300E+04  1.15899959E-032  7.71093440E-033  2.67044402E-033  1.20861745E-033
  1.767400E+04  9.25086855E-033  6.33170473E-033  2.02039502E-033  8.98768808E-034
  1.880200E+04  7.39493518E-033  5.19779955E-033  1.52872112E-033  6.68414510E-034
  2.000300E+04  5.91821573E-033  4.26497506E-033  1.15630661E-033  4.96934062E-034
  2.128000E+04  4.74299279E-033  3.49884272E-033  8.74675908E-034  3.69474157E-034
  2.263900E+04  3.80561249E-033  2.86944327E-033  6.61513885E-034  2.74655334E-034
  2.408400E+04  3.05744044E-033  2.35291832E-033  5.00339219E-034  2.04182901E-034
  2.562200E+04  2.45883313E-033  1.92871977E-033  3.78351387E-034  1.51761968E-034
  2.725800E+04  1.97954743E-033  1.58065559E-033  2.86096374E-034  1.12795462E-034
  2.899900E+04  1.59508492E-033  1.29496157E-033  2.16302582E-034  8.38207747E-035
  3.085000E+04  1.28656164E-033  1.06071052E-033  1.63554222E-034  6.22969009E-035
  3.282000E+04  1.03839451E-033  8.68456491E-034  1.23646888E-034  4.62911274E-035
  3.491600E+04  8.38614574E-034  7.10749503E-034  9.34697505E-035  3.43953207E-035
  3.714500E+04  6.77670349E-034  5.81451369E-034  7.06611493E-035  2.55578314E-035
  3.951700E+04  5.47785754E-034  4.75386379E-034  5.34109572E-035  1.89884177E-035
  4.204000E+04  4.42932781E-034  3.88452214E-034  4.03726339E-035  1.41079329E-035
  4.472500E+04  3.58176818E-034  3.17183862E-034  3.05127236E-035  1.04802331E-035
  4.758000E+04  2.89677067E-034  2.58827530E-034  2.30632821E-035  7.78625471E-036
  5.061800E+04  2.34247348E-034  2.11032470E-034  1.74307422E-035  5.78413575E-036
  5.385000E+04  1.89390030E-034  1.71920222E-034  1.31731439E-035  4.29666404E-036
  5.728900E+04  1.53078681E-034  1.39932485E-034  9.95474049E-036  3.19145459E-036
  6.094700E+04  1.23691399E-034  1.13798103E-034  7.52273662E-036  2.37055919E-036
  6.483800E+04  9.99125885E-035  9.24668168E-035  5.68492875E-036  1.76084292E-036
  6.897800E+04  8.06695202E-035  7.50658297E-035  4.29583009E-036  1.30786037E-036
  7.338300E+04  6.51047142E-035  6.08874599E-035  3.24591847E-036  9.71335873E-037
  7.806800E+04  5.25245992E-035  4.93504087E-035  2.45274454E-036  7.21445903E-037
  8.305300E+04  4.23582450E-035  3.99691964E-035  1.85324206E-036  5.35806625E-037
  8.835600E+04  3.41498539E-035  3.23516472E-035  1.40027702E-036  3.97929668E-037
  9.399800E+04  2.75248844E-035  2.61713800E-035  1.05798369E-036  2.95520739E-037
  1.000000E+05  2.21815546E-035  2.11627407E-035  7.99345743E-037  2.19468178E-037
