# Zubko/ZDA BARE-GR-S model SED (this work), Mathis ISRF U =  1.00
# solver = heuristic
# columns: lambda[um]  lamI_total/NH  lamI_PAH/NH  lamI_GRA/NH  lamI_SIL/NH
#          [erg s^-1 cm^-2 sr^-1 H^-1]
  8.998430E-02  7.24579450E-043  4.79547148E-043  2.63436867E-045  2.42397933E-043
  9.120110E-02  1.31615791E-042  8.73218576E-043  4.86426611E-045  4.38075073E-043
  9.243430E-02  2.35426405E-042  1.57909861E-042  8.78192449E-045  7.66383517E-043
  9.368430E-02  4.17853556E-042  2.83580465E-042  1.56375051E-044  1.32709340E-042
  9.495110E-02  7.35653361E-042  5.05637411E-042  2.73670641E-044  2.27279244E-042
  9.623510E-02  1.28534919E-041  8.95173471E-042  4.63275862E-044  3.85542958E-042
  9.753640E-02  2.22930669E-041  1.57339577E-041  7.68136016E-044  6.48229560E-042
  9.885530E-02  3.83820306E-041  2.74560325E-041  1.26302585E-043  1.07996955E-041
  1.001920E-01  6.42243460E-041  4.61849450E-041  2.06379665E-043  1.78330214E-041
  1.015470E-01  1.08080158E-040  7.86543297E-041  3.39127128E-043  2.90867013E-041
  1.029200E-01  1.80176034E-040  1.32727987E-040  5.46645324E-043  4.69014015E-041
  1.043120E-01  2.97383450E-040  2.22031317E-040  8.54409421E-043  7.44977238E-041
  1.057220E-01  4.87563321E-040  3.68084687E-040  1.30975526E-042  1.18168878E-040
  1.071520E-01  7.94457340E-040  6.05206886E-040  1.98240027E-042  1.87268054E-040
  1.086010E-01  1.28496629E-039  9.86638621E-040  2.97507316E-042  2.95352594E-040
  1.100690E-01  2.06276728E-039  1.59494883E-039  4.39531629E-042  4.63423124E-040
  1.115580E-01  3.28808018E-039  2.55850075E-039  6.64744435E-042  7.22931984E-040
  1.130660E-01  5.20283451E-039  4.07036713E-039  1.05302307E-041  1.12193715E-039
  1.145950E-01  8.17134505E-039  6.42689537E-039  1.61703712E-041  1.72827930E-039
  1.161450E-01  1.27473036E-038  1.00722131E-038  2.51783652E-041  2.64991222E-039
  1.177150E-01  1.97373627E-038  1.56648918E-038  3.87309591E-041  4.03373995E-039
  1.193070E-01  3.03626672E-038  2.41939008E-038  5.94794746E-041  6.10928689E-039
  1.209210E-01  4.63936984E-038  3.71116019E-038  9.01226449E-041  9.19197389E-039
  1.225560E-01  7.04111406E-038  5.65308114E-038  1.36666566E-040  1.37436626E-038
  1.242130E-01  1.06175862E-037  8.55499559E-038  2.06670982E-040  2.04192352E-038
  1.258930E-01  1.59143513E-037  1.28674648E-037  3.12084972E-040  3.01567796E-038
  1.275950E-01  2.37075745E-037  1.92346607E-037  4.70928636E-040  4.42582094E-038
  1.293200E-01  3.51132607E-037  2.85884034E-037  7.16059637E-040  6.45325138E-038
  1.310690E-01  5.35849233E-037  4.41254313E-037  1.08794474E-039  9.35069753E-038
  1.328410E-01  7.91288967E-037  6.54984637E-037  1.65986361E-039  1.34644466E-037
  1.346380E-01  1.16407346E-036  9.68955830E-037  2.54068615E-039  1.92576943E-037
  1.364580E-01  1.70556274E-036  1.42817976E-036  3.88052388E-039  2.73502457E-037
  1.383040E-01  2.49061879E-036  2.09900007E-036  5.94055435E-039  3.85678173E-037
  1.401740E-01  3.62365976E-036  3.07516480E-036  9.06738620E-039  5.39427570E-037
  1.420690E-01  5.25197360E-036  4.49266511E-036  1.38467420E-038  7.45461752E-037
  1.439900E-01  7.57809218E-036  6.54728294E-036  2.11881410E-038  1.00962110E-036
  1.459370E-01  1.08895353E-035  9.51904525E-036  3.25248172E-038  1.33796528E-036
  1.479110E-01  1.56093541E-035  1.38111674E-035  5.02393707E-038  1.74794724E-036
  1.499110E-01  2.23357149E-035  1.99958512E-035  7.74805169E-038  2.26238319E-036
  1.519380E-01  3.19139500E-035  2.88966889E-035  1.19389843E-037  2.89787124E-036
  1.539930E-01  4.55294080E-035  4.16940137E-035  1.82735310E-037  3.65265897E-036
  1.560750E-01  6.49326310E-035  6.00594099E-035  2.78860622E-037  4.59436057E-036
  1.581860E-01  9.25993569E-035  8.64093648E-035  4.24134851E-037  5.76585730E-036
  1.603250E-01  1.31933931E-034  1.24159471E-034  6.41724798E-037  7.13273461E-036
  1.624930E-01  1.88100211E-034  1.78218761E-034  9.73826225E-037  8.90762372E-036
  1.646900E-01  2.67964724E-034  2.55579831E-034  1.46677293E-036  1.09181198E-035
  1.669170E-01  3.81953834E-034  3.66285136E-034  2.21285045E-036  1.34558476E-035
  1.691740E-01  5.44457062E-034  5.24671198E-034  3.32486681E-036  1.64609976E-035
  1.714620E-01  7.76350868E-034  7.51051471E-034  5.00284075E-036  2.02965566E-035
  1.737800E-01  1.10626692E-033  1.07371093E-033  7.50950182E-036  2.50464854E-035
  1.761300E-01  1.57563862E-033  1.53400267E-033  1.11995551E-035  3.04363880E-035
  1.785120E-01  2.24394981E-033  2.19102458E-033  1.66064329E-035  3.63187972E-035
  1.809260E-01  3.19778906E-033  3.12977958E-033  2.46375940E-035  4.33718830E-035
  1.833720E-01  4.56252757E-033  4.47293134E-033  3.67039396E-035  5.28922917E-035
  1.858520E-01  6.51757730E-033  6.39950206E-033  5.44397229E-035  6.36355170E-035
  1.883650E-01  9.32257748E-033  9.16678556E-033  8.04381558E-035  7.53537613E-035
  1.909120E-01  1.33567558E-032  1.31491900E-032  1.18494465E-034  8.90713383E-035
  1.934940E-01  1.91678422E-032  1.88872754E-032  1.73647147E-034  1.06919613E-034
  1.961100E-01  2.75258796E-032  2.71465886E-032  2.52620182E-034  1.26670827E-034
  1.987620E-01  3.95207970E-032  3.90084613E-032  3.64497930E-034  1.47837764E-034
  2.014500E-01  5.66266081E-032  5.59344466E-032  5.17771072E-034  1.74390394E-034
  2.041740E-01  8.07400693E-032  7.98104441E-032  7.21274055E-034  2.08351128E-034
  2.069350E-01  1.14139703E-031  1.12906171E-031  9.87211947E-034  2.46320541E-034
  2.097330E-01  1.59249897E-031  1.57637520E-031  1.32459617E-033  2.87780475E-034
  2.125690E-01  2.18242467E-031  2.16172621E-031  1.72661005E-033  3.43235787E-034
  2.154430E-01  2.92482707E-031  2.89886608E-031  2.18471954E-033  4.11379932E-034
  2.183570E-01  3.82284445E-031  3.79115353E-031  2.67438028E-033  4.94711943E-034
  2.213090E-01  4.86930076E-031  4.83165518E-031  3.16496762E-033  5.99591033E-034
  2.243020E-01  6.05759480E-031  6.01339632E-031  3.68596524E-033  7.33882307E-034
  2.273350E-01  7.38752222E-031  7.33577533E-031  4.27155282E-033  9.03136487E-034
  2.304090E-01  8.87416348E-031  8.81370455E-031  4.93152935E-033  1.11436389E-033
  2.335250E-01  1.05497298E-030  1.04794663E-030  5.64950166E-033  1.37684479E-033
  2.366830E-01  1.24626908E-030  1.23814267E-030  6.42307280E-033  1.70332855E-033
  2.398830E-01  1.46770985E-030  1.45828530E-030  7.32044149E-033  2.10410353E-033
  2.431270E-01  1.72726171E-030  1.71624639E-030  8.41211800E-033  2.60320287E-033
  2.464150E-01  2.03415269E-030  2.02124096E-030  9.70010688E-033  3.21161531E-033
  2.497470E-01  2.39925766E-030  2.38409328E-030  1.12137840E-032  3.95059685E-033
  2.531240E-01  2.83553996E-030  2.81763939E-030  1.30905830E-032  4.80998860E-033
  2.565470E-01  3.35814469E-030  3.33703042E-030  1.52782217E-032  5.83604752E-033
  2.600160E-01  3.98498761E-030  3.96001666E-030  1.79139501E-032  7.05700031E-033
  2.635320E-01  4.73728522E-030  4.70773357E-030  2.10468342E-032  8.50481625E-033
  2.670960E-01  5.64014838E-030  5.60530438E-030  2.46219371E-032  1.02220654E-032
  2.707070E-01  6.72268981E-030  6.68174659E-030  2.86907210E-032  1.22524950E-032
  2.743680E-01  8.02070362E-030  7.97268111E-030  3.33757324E-032  1.46467779E-032
  2.780780E-01  9.57544640E-030  9.51874207E-030  3.92593883E-032  1.74449424E-032
  2.818380E-01  1.14351723E-029  1.13685418E-029  4.59062643E-032  2.07242887E-032
  2.856490E-01  1.36573111E-029  1.35792856E-029  5.34682452E-032  2.45572550E-032
  2.895120E-01  1.63097113E-029  1.62181631E-029  6.25266826E-032  2.90215330E-032
  2.934270E-01  1.94704347E-029  1.93632818E-029  7.29464318E-032  3.42064625E-032
  2.973950E-01  2.32317997E-029  2.31065727E-029  8.50166969E-032  4.02103171E-032
  3.014160E-01  2.76999302E-029  2.75540801E-029  9.86957331E-032  4.71542684E-032
  3.054920E-01  3.17535854E-029  3.15842827E-029  1.14133068E-031  5.51696731E-032
  3.096230E-01  3.72245201E-029  3.70286508E-029  1.31470485E-031  6.43988001E-032
  3.138100E-01  4.35119974E-029  4.32849926E-029  1.52067740E-031  7.49369905E-032
  3.180530E-01  5.07106083E-029  5.04481828E-029  1.75429753E-031  8.69957037E-032
  3.223540E-01  5.89252092E-029  5.86227151E-029  2.01719794E-031  1.00774318E-031
  3.267130E-01  6.82614991E-029  6.79136695E-029  2.31349078E-031  1.16480440E-031
  3.311310E-01  7.88314190E-029  7.84308235E-029  2.66262441E-031  1.34333062E-031
  3.356090E-01  9.07400570E-029  9.02798532E-029  3.05606585E-031  1.54597237E-031
  3.401470E-01  1.04084975E-028  1.03557630E-028  3.49798835E-031  1.77546744E-031
  3.447470E-01  1.18948195E-028  1.18345038E-028  3.99682831E-031  2.03474466E-031
  3.494080E-01  1.35367810E-028  1.34677355E-028  4.57852489E-031  2.32602330E-031
  3.541330E-01  1.53324139E-028  1.52535492E-028  5.23265612E-031  2.65382166E-031
  3.589220E-01  1.72677149E-028  1.71778330E-028  5.96628786E-031  3.02190269E-031
  3.637750E-01  1.93094070E-028  1.92071947E-028  6.78686319E-031  3.43436046E-031
  3.686950E-01  2.13956298E-028  2.12796277E-028  7.70489709E-031  3.89531101E-031
  3.736800E-01  2.34193054E-028  2.32879258E-028  8.72847246E-031  4.40948567E-031
  3.787330E-01  2.52329145E-028  2.50844181E-028  9.86718743E-031  4.98245410E-031
  3.838550E-01  2.66978534E-028  2.65303473E-028  1.11314507E-030  5.61915878E-031
  3.890450E-01  2.78245013E-028  2.76359337E-028  1.25318355E-030  6.32492905E-031
  3.943060E-01  2.88750422E-028  2.86631690E-028  1.40803428E-030  7.10698188E-031
  3.996380E-01  3.02088520E-028  2.99712445E-028  1.57888430E-030  7.97190410E-031
  4.050420E-01  3.20353823E-028  3.17696168E-028  1.76538694E-030  8.92268489E-031
  4.105190E-01  3.43582909E-028  3.40615959E-028  1.96997197E-030  9.96978229E-031
  4.160700E-01  3.70510266E-028  3.67204089E-028  2.19404674E-030  1.11212967E-030
  4.216970E-01  3.99611151E-028  3.95933521E-028  2.43904975E-030  1.23858045E-030
  4.273990E-01  4.29914094E-028  4.25830643E-028  2.70628946E-030  1.37716144E-030
  4.331780E-01  4.60604976E-028  4.56078871E-028  2.99728886E-030  1.52881617E-030
  4.390360E-01  4.89556936E-028  4.84544706E-028  3.31761046E-030  1.69461934E-030
  4.449730E-01  5.12651580E-028  5.07104310E-028  3.67233724E-030  1.87493246E-030
  4.509900E-01  5.24561190E-028  5.18430998E-028  4.05903828E-030  2.07115425E-030
  4.570880E-01  5.21143798E-028  5.14380783E-028  4.47853963E-030  2.28447521E-030
  4.632690E-01  5.03182215E-028  4.95733263E-028  4.93287577E-030  2.51607612E-030
  4.695340E-01  4.77439192E-028  4.69248022E-028  5.42402608E-030  2.76714383E-030
  4.758830E-01  4.51434078E-028  4.42441331E-028  5.95386648E-030  3.03887985E-030
  4.823180E-01  4.27801507E-028  4.17944403E-028  6.52451145E-030  3.33259296E-030
  4.888400E-01  4.04233534E-028  3.93431035E-028  7.15306307E-030  3.64943631E-030
  4.954500E-01  3.76693684E-028  3.64851165E-028  7.85186633E-030  3.99065284E-030
  5.021500E-01  3.43235231E-028  3.30271244E-028  8.60607743E-030  4.35790934E-030
  5.089400E-01  3.06356807E-028  2.92185607E-028  9.41862708E-030  4.75257294E-030
  5.158220E-01  2.70951293E-028  2.55482267E-028  1.02928583E-029  5.17616862E-030
  5.227970E-01  2.40271308E-028  2.23409167E-028  1.12319462E-029  5.63019459E-030
  5.298670E-01  2.14708020E-028  1.96352396E-028  1.22393472E-029  6.11627749E-030
  5.370320E-01  1.93128916E-028  1.73174889E-028  1.33181200E-029  6.63590640E-030
  5.442940E-01  1.74398000E-028  1.52735578E-028  1.44717245E-029  7.19069746E-030
  5.516540E-01  1.58138857E-028  1.34642925E-028  1.57139767E-029  7.78195558E-030
  5.591140E-01  1.44466905E-028  1.18974764E-028  1.70819809E-029  8.41016054E-030
  5.666740E-01  1.33303981E-028  1.05680248E-028  1.85456388E-029  9.07809361E-030
  5.743370E-01  1.24323413E-028  9.44258333E-029  2.01099560E-029  9.78762356E-030
  5.821030E-01  1.17114248E-028  8.47944470E-029  2.17795982E-029  1.05402027E-029
  5.899750E-01  1.11355701E-028  7.64581464E-029  2.35597795E-029  1.13377753E-029
  5.979530E-01  1.06857848E-028  6.92208886E-029  2.54551890E-029  1.21817707E-029
  6.060380E-01  1.03483978E-028  6.29395491E-029  2.74705929E-029  1.30738364E-029
  6.142330E-01  1.01098890E-028  5.74713856E-029  2.96116349E-029  1.40158691E-029
  6.225390E-01  9.95732679E-029  5.26804948E-029  3.18833616E-029  1.50094115E-029
  6.309570E-01  9.87974147E-029  4.84507829E-029  3.42906256E-029  1.60560062E-029
  6.394890E-01  9.86862521E-029  4.46900748E-029  3.68387511E-029  1.71574261E-029
  6.481370E-01  9.91731160E-029  4.13246152E-029  3.95331718E-029  1.83153290E-029
  6.569010E-01  1.00207145E-028  3.82949436E-029  4.23812619E-029  1.95309391E-029
  6.657840E-01  1.01792906E-028  3.55511068E-029  4.54351395E-029  2.08066599E-029
  6.747870E-01  1.03855693E-028  3.30529120E-029  4.86594214E-029  2.21433597E-029
  6.839120E-01  1.06370495E-028  3.07674726E-029  5.20605494E-029  2.35424732E-029
  6.931600E-01  1.09317740E-028  2.86680058E-029  5.56442852E-029  2.50054495E-029
  7.025330E-01  1.12687534E-028  2.67321397E-029  5.94216634E-029  2.65337305E-029
  7.120330E-01  1.16480929E-028  2.49412400E-029  6.34106562E-029  2.81290331E-029
  7.216610E-01  1.20676531E-028  2.32797879E-029  6.76047000E-029  2.97920436E-029
  7.314200E-01  1.25269438E-028  2.17345684E-029  7.20107121E-029  3.15241574E-029
  7.413100E-01  1.30255572E-028  2.02947600E-029  7.66348169E-029  3.33259955E-029
  7.513350E-01  1.35633578E-028  1.89506442E-029  8.14839405E-029  3.51989934E-029
  7.614940E-01  1.41401014E-028  1.76945127E-029  8.65628991E-029  3.71436019E-029
  7.717920E-01  1.47560688E-028  1.65190492E-029  9.18803414E-029  3.91612973E-029
  7.822280E-01  1.54110422E-028  1.54186431E-029  9.74397045E-029  4.12520742E-029
  7.928060E-01  1.61053771E-028  1.43877639E-029  1.03248897E-028  4.34171095E-029
  8.035260E-01  1.68406069E-028  1.34220983E-029  1.09331015E-028  4.56529555E-029
  8.143920E-01  1.76192176E-028  1.25174398E-029  1.15717804E-028  4.79569323E-029
  8.254040E-01  1.84385607E-028  1.16703719E-029  1.22380569E-028  5.03346660E-029
  8.365660E-01  1.92992187E-028  1.08776175E-029  1.29327625E-028  5.27869450E-029
  8.478780E-01  2.02012539E-028  1.01364602E-029  1.36562893E-028  5.53131862E-029
  8.593430E-01  2.11452060E-028  9.44431245E-030  1.44093918E-028  5.79138291E-029
  8.709640E-01  2.21314505E-028  8.79878866E-030  1.51927146E-028  6.05885703E-029
  8.827410E-01  2.31600550E-028  8.19791973E-030  1.60066162E-028  6.33364684E-029
  8.946780E-01  2.42315662E-028  7.63968230E-030  1.68517915E-028  6.61580641E-029
  9.067760E-01  2.53508521E-028  7.12232476E-030  1.77339858E-028  6.90463379E-029
  9.190380E-01  2.65180144E-028  6.64424564E-030  1.86534027E-028  7.20018717E-029
  9.314650E-01  2.77300513E-028  6.20389219E-030  1.96069834E-028  7.50267866E-029
  9.440610E-01  2.89875887E-028  5.79987035E-030  2.05954337E-028  7.81216790E-029
  9.568270E-01  3.02907278E-028  5.43086559E-030  2.16192403E-028  8.12840098E-029
  9.697650E-01  3.16395335E-028  5.09568115E-030  2.26786717E-028  8.45129369E-029
  9.828790E-01  3.30346974E-028  4.79308286E-030  2.37746756E-028  8.78071354E-029
  9.961700E-01  3.44759386E-028  4.52209798E-030  2.49071756E-028  9.11655329E-029
  1.009640E+00  3.59799604E-028  4.28168678E-030  2.60926209E-028  9.45917085E-029
  1.023290E+00  3.75386454E-028  4.07095654E-030  2.73235121E-028  9.80803768E-029
  1.037130E+00  3.91475974E-028  3.88894604E-030  2.85956245E-028  1.01630783E-028
  1.051150E+00  4.08050757E-028  3.73501698E-030  2.99079993E-028  1.05235747E-028
  1.065370E+00  4.25139734E-028  3.60826446E-030  3.12632032E-028  1.08899438E-028
  1.079780E+00  4.42723251E-028  3.50817047E-030  3.26599490E-028  1.12615591E-028
  1.094380E+00  4.60796143E-028  3.43414434E-030  3.40981395E-028  1.16380604E-028
  1.109170E+00  4.79355453E-028  3.38564922E-030  3.55778352E-028  1.20191452E-028
  1.124170E+00  4.98430495E-028  3.36218718E-030  3.71016692E-028  1.24051616E-028
  1.139380E+00  5.18524219E-028  3.36343179E-030  3.87211097E-028  1.27949691E-028
  1.154780E+00  5.39264599E-028  3.38905552E-030  4.03994917E-028  1.31880627E-028
  1.170400E+00  5.60587102E-028  3.43887697E-030  4.21296225E-028  1.35852000E-028
  1.186220E+00  5.82448298E-028  3.51266866E-030  4.39081835E-028  1.39853794E-028
  1.202260E+00  6.04883659E-028  3.61043592E-030  4.57383959E-028  1.43889264E-028
  1.218520E+00  6.27887659E-028  3.73219148E-030  4.76201379E-028  1.47954088E-028
  1.235000E+00  6.51452168E-028  3.87801736E-030  4.95530795E-028  1.52043356E-028
  1.251700E+00  6.75694578E-028  4.04805958E-030  5.15392972E-028  1.56253547E-028
  1.268630E+00  7.00745010E-028  4.24266940E-030  5.35998060E-028  1.60504280E-028
  1.285780E+00  7.26361526E-028  4.46203421E-030  5.57124410E-028  1.64775082E-028
  1.303170E+00  7.52580655E-028  4.70682679E-030  5.78805261E-028  1.69068567E-028
  1.320790E+00  7.79537780E-028  4.97741331E-030  6.01167176E-028  1.73393191E-028
  1.338650E+00  8.07116546E-028  5.27453493E-030  6.24107110E-028  1.77734900E-028
  1.356750E+00  8.35288195E-028  5.59886797E-030  6.47602106E-028  1.82087220E-028
  1.375100E+00  8.64065733E-028  5.95140378E-030  6.71664811E-028  1.86449518E-028
  1.393690E+00  8.93682038E-028  6.33281575E-030  6.96542537E-028  1.90806685E-028
  1.412540E+00  9.23974509E-028  6.74449628E-030  7.22062620E-028  1.95167393E-028
  1.431640E+00  9.54866250E-028  7.18735476E-030  7.48154989E-028  1.99523906E-028
  1.451000E+00  9.86370184E-028  7.66281269E-030  7.74832137E-028  2.03875235E-028
  1.470620E+00  1.01894789E-027  8.17219052E-030  8.02561525E-028  2.08214173E-028
  1.490500E+00  1.05246564E-027  8.71692549E-030  8.31211234E-028  2.12537483E-028
  1.510660E+00  1.08667215E-027  9.29916337E-030  8.60524242E-028  2.16848746E-028
  1.531090E+00  1.12152541E-027  9.92032595E-030  8.90465866E-028  2.21139214E-028
  1.551790E+00  1.15706576E-027  1.05822680E-029  9.21081979E-028  2.25401510E-028
  1.572780E+00  1.19380138E-027  1.12876279E-029  9.52907770E-028  2.29605986E-028
  1.594040E+00  1.23118168E-027  1.20378944E-029  9.85368647E-028  2.33775138E-028
  1.615600E+00  1.26927485E-027  1.28364571E-029  1.01852414E-027  2.37914249E-028
  1.637440E+00  1.30800864E-027  1.36851207E-029  1.05231096E-027  2.42012557E-028
  1.659590E+00  1.34746037E-027  1.45877555E-029  1.08678462E-027  2.46087999E-028
  1.682030E+00  1.38756037E-027  1.55465425E-029  1.12187878E-027  2.50135055E-028
  1.704770E+00  1.42830960E-027  1.65650370E-029  1.15760853E-027  2.54136037E-028
  1.727830E+00  1.46974792E-027  1.76476116E-029  1.19400765E-027  2.58092656E-028
  1.751190E+00  1.51179687E-027  1.87970562E-029  1.23100472E-027  2.61995099E-028
  1.774870E+00  1.55462210E-027  2.00183815E-029  1.26873368E-027  2.65870038E-028
  1.798870E+00  1.59880816E-027  2.13160224E-029  1.30766382E-027  2.69828316E-028
  1.823200E+00  1.64368805E-027  2.26953018E-029  1.34725739E-027  2.73735356E-028
  1.847850E+00  1.68920758E-027  2.41609132E-029  1.38746214E-027  2.77584525E-028
  1.872840E+00  1.73541072E-027  2.57197260E-029  1.42831322E-027  2.81377773E-028
  1.898160E+00  1.78224021E-027  2.73774343E-029  1.46975392E-027  2.85108857E-028
  1.923830E+00  1.83046348E-027  2.91422482E-029  1.51252361E-027  2.88797620E-028
  1.949840E+00  1.87977187E-027  3.10211203E-029  1.55631968E-027  2.92431070E-028
  1.976210E+00  1.92980788E-027  3.30240088E-029  1.60078326E-027  2.96000611E-028
  2.002930E+00  1.98051545E-027  3.51595520E-029  1.64585557E-027  2.99500320E-028
  2.030020E+00  2.03193708E-027  3.74399303E-029  1.69156502E-027  3.02932136E-028
  2.057470E+00  2.08401974E-027  3.98760923E-029  1.73785299E-027  3.06290653E-028
  2.085290E+00  2.13714974E-027  4.24821316E-029  1.78510015E-027  3.09567465E-028
  2.113490E+00  2.19116775E-027  4.52742432E-029  1.83312739E-027  3.12766114E-028
  2.142070E+00  2.24590497E-027  4.82693817E-029  1.88167533E-027  3.15960250E-028
  2.171030E+00  2.30132845E-027  5.14872034E-029  1.93073355E-027  3.19107697E-028
  2.200390E+00  2.35748744E-027  5.49525601E-029  1.98035580E-027  3.22179077E-028
  2.230150E+00  2.41470944E-027  5.86916676E-029  2.03089394E-027  3.25123832E-028
  2.260300E+00  2.47282972E-027  6.27338110E-029  2.08210802E-027  3.27987892E-028
  2.290870E+00  2.53261611E-027  6.71181880E-029  2.13471281E-027  3.30785106E-028
  2.321850E+00  2.59321242E-027  7.18862485E-029  2.18782705E-027  3.33499122E-028
  2.353240E+00  2.65462142E-027  7.70875852E-029  2.24140603E-027  3.36127801E-028
  2.385060E+00  2.71692906E-027  8.27862784E-029  2.29546933E-027  3.38673453E-028
  2.417320E+00  2.78019461E-027  8.90569349E-029  2.35000180E-027  3.41135872E-028
  2.450000E+00  2.84589917E-027  9.59854120E-029  2.40637968E-027  3.43534082E-028
  2.483130E+00  2.91311541E-027  1.03687476E-028  2.46356597E-027  3.45861966E-028
  2.516710E+00  2.98104516E-027  1.12301330E-028  2.52057655E-027  3.48167279E-028
  2.550740E+00  3.05033946E-027  1.22000656E-028  2.57795162E-027  3.50387178E-028
  2.585230E+00  3.12119580E-027  1.33009730E-028  2.63566349E-027  3.52522585E-028
  2.620190E+00  3.19388455E-027  1.45620304E-028  2.69369059E-027  3.54573656E-028
  2.655620E+00  3.26872800E-027  1.60211155E-028  2.75197734E-027  3.56539500E-028
  2.691530E+00  3.34621288E-027  1.77294029E-028  2.81049835E-027  3.58420501E-028
  2.727930E+00  3.42700951E-027  1.97566768E-028  2.86922527E-027  3.60217479E-028
  2.764820E+00  3.51236935E-027  2.21995167E-028  2.92842174E-027  3.61952438E-028
  2.802210E+00  3.60434852E-027  2.51965027E-028  2.98871522E-027  3.63668276E-028
  2.840100E+00  3.70393422E-027  2.89498587E-028  3.04913424E-027  3.65301399E-028
  2.878500E+00  3.81418247E-027  3.37672426E-028  3.10965710E-027  3.66852943E-028
  2.917430E+00  3.93994973E-027  4.01349193E-028  3.17027598E-027  3.68324554E-028
  2.956880E+00  4.08908847E-027  4.88485584E-028  3.23088748E-027  3.69715407E-028
  2.996860E+00  4.27547979E-027  6.12988407E-028  3.29146480E-027  3.71026578E-028
  3.037390E+00  4.52518043E-027  8.00919885E-028  3.35200054E-027  3.72260002E-028
  3.078460E+00  4.89125516E-027  1.10545041E-027  3.41239004E-027  3.73414705E-028
  3.120090E+00  5.49851420E-027  1.64992338E-027  3.47388014E-027  3.74710683E-028
  3.162280E+00  6.68686094E-027  2.77418605E-027  3.53651511E-027  3.76159791E-028
  3.205040E+00  9.68724131E-027  5.71072391E-027  3.59897912E-027  3.77538286E-028
  3.248380E+00  2.17870446E-026  1.77469665E-026  3.66123040E-027  3.78847634E-028
  3.292300E+00  1.26576674E-025  1.22473667E-025  3.72316653E-027  3.79840283E-028
  3.336820E+00  3.66219260E-026  3.24564809E-026  3.78480224E-027  3.80642878E-028
  3.381950E+00  1.25706295E-026  8.34316032E-027  3.84609186E-027  3.81377352E-028
  3.427680E+00  8.05157750E-027  3.76199087E-027  3.90772373E-027  3.81862905E-028
  3.474030E+00  6.54958917E-027  2.19791574E-027  3.96952771E-027  3.82145724E-028
  3.521010E+00  5.90359368E-027  1.49035770E-027  4.03087306E-027  3.82362924E-028
  3.568620E+00  5.58911692E-027  1.11492245E-027  4.09167831E-027  3.82516150E-028
  3.616870E+00  5.42932772E-027  8.94829751E-028  4.15189134E-027  3.82606624E-028
  3.665780E+00  5.35234162E-027  7.57195609E-028  4.21254297E-027  3.82603040E-028
  3.715350E+00  5.32430987E-027  6.67620177E-028  4.27420331E-027  3.82486379E-028
  3.765590E+00  5.32565079E-027  6.08115469E-028  4.33522145E-027  3.82313871E-028
  3.816510E+00  5.34617960E-027  5.68563720E-028  4.39552889E-027  3.82086994E-028
  3.868120E+00  5.37981807E-027  5.42935602E-028  4.45507432E-027  3.81808155E-028
  3.920430E+00  5.42452069E-027  5.27475241E-028  4.51556524E-027  3.81480211E-028
  3.973440E+00  5.47629943E-027  5.19762578E-028  4.57543216E-027  3.81104684E-028
  4.027170E+00  5.53329900E-027  5.18199787E-028  4.63441494E-027  3.80684277E-028
  4.081630E+00  5.59439410E-027  5.21723173E-028  4.69244940E-027  3.80221522E-028
  4.136820E+00  5.65880729E-027  5.29626926E-028  4.74949148E-027  3.79688885E-028
  4.192760E+00  5.72614532E-027  5.41459628E-028  4.80593896E-027  3.78746738E-028
  4.249460E+00  5.79601717E-027  5.56960159E-028  4.86128835E-027  3.77768666E-028
  4.306920E+00  5.86824508E-027  5.76014176E-028  4.91547447E-027  3.76756429E-028
  4.365160E+00  5.94280000E-027  5.98647846E-028  4.96843887E-027  3.75713285E-028
  4.424190E+00  6.01980192E-027  6.25013611E-028  5.02014677E-027  3.74641544E-028
  4.484010E+00  6.10204831E-027  6.55398178E-028  5.07274892E-027  3.73901209E-028
  4.544650E+00  6.18764703E-027  6.90275303E-028  5.12420852E-027  3.73163207E-028
  4.606100E+00  6.27701458E-027  7.30325655E-028  5.17428425E-027  3.72404674E-028
  4.668390E+00  6.37116768E-027  7.76587840E-028  5.22295075E-027  3.71629086E-028
  4.731510E+00  6.47155642E-027  8.30601665E-028  5.27011699E-027  3.70837760E-028
  4.795490E+00  6.58276100E-027  8.94842926E-028  5.31763056E-027  3.70287516E-028
  4.860340E+00  6.70980615E-027  9.73471316E-028  5.36625396E-027  3.70080881E-028
  4.926060E+00  6.85726541E-027  1.07412112E-027  5.41327637E-027  3.69867918E-028
  4.992680E+00  7.04094364E-027  1.21257397E-027  5.45871819E-027  3.69651491E-028
  5.060190E+00  7.29587765E-027  1.42598924E-027  5.50004222E-027  3.69846185E-028
  5.128610E+00  7.72565598E-027  1.81625427E-027  5.53931324E-027  3.70088476E-028
  5.197970E+00  8.60194692E-027  2.65441266E-027  5.57675835E-027  3.70775903E-028
  5.268250E+00  9.68759855E-027  3.70335780E-027  5.61225022E-027  3.71990526E-028
  5.339490E+00  9.11887212E-027  3.09975149E-027  5.64590175E-027  3.73218882E-028
  5.411700E+00  8.69369788E-027  2.64158599E-027  5.67764842E-027  3.74463463E-028
  5.484870E+00  8.87554432E-027  2.79240682E-027  5.70741107E-027  3.75726436E-028
  5.559040E+00  9.62763213E-027  3.51332272E-027  5.73671810E-027  3.77591304E-028
  5.634210E+00  1.13691392E-026  5.22450370E-027  5.76484501E-027  3.79790444E-028
  5.710400E+00  1.30050478E-026  6.83026896E-027  5.79195707E-027  3.82821746E-028
  5.787620E+00  1.19526433E-026  5.74965446E-027  5.81707974E-027  3.85909099E-028
  5.865880E+00  1.17344177E-026  5.50520382E-027  5.84017362E-027  3.89040306E-028
  5.945200E+00  1.29745154E-026  6.71849817E-027  5.86342917E-027  3.92588025E-028
  6.025600E+00  1.63834950E-026  1.01002303E-026  5.88672855E-027  3.96536138E-028
  6.107080E+00  2.55296244E-026  1.92211530E-026  5.90792545E-027  4.00546034E-028
  6.189660E+00  4.66548301E-026  4.03231798E-026  5.92702815E-027  4.04622187E-028
  6.273360E+00  4.15146134E-026  3.51716241E-026  5.93496020E-027  4.08029147E-028
  6.358190E+00  2.43428904E-026  1.79918090E-026  5.93966629E-027  4.11415099E-028
  6.444170E+00  1.85950550E-026  1.22220917E-026  5.95901899E-027  4.13944362E-028
  6.531310E+00  1.74138765E-026  1.10214180E-026  5.97594850E-027  4.16510037E-028
  6.619620E+00  1.79314517E-026  1.15257780E-026  5.98711303E-027  4.18560715E-028
  6.709140E+00  1.84297311E-026  1.20129204E-026  5.99614600E-027  4.20664656E-028
  6.799860E+00  1.81614919E-026  1.17362624E-026  6.00271473E-027  4.22514748E-028
  6.891810E+00  1.79613344E-026  1.15297296E-026  6.00715596E-027  4.24448834E-028
  6.985000E+00  1.85357678E-026  1.20952431E-026  6.01196166E-027  4.28563101E-028
  7.079460E+00  2.00419472E-026  1.35932596E-026  6.01533735E-027  4.33350308E-028
  7.175190E+00  2.25517278E-026  1.60867755E-026  6.01705212E-027  4.47900200E-028
  7.272210E+00  2.62601072E-026  1.97799895E-026  6.01672818E-027  4.63389501E-028
  7.370550E+00  3.19131228E-026  2.53927828E-026  6.01666321E-027  5.03676833E-028
  7.470220E+00  4.13565047E-026  3.47893581E-026  6.01519503E-027  5.51951508E-028
  7.571230E+00  5.35233529E-026  4.68664806E-026  6.01352950E-027  6.43342787E-028
  7.673620E+00  5.55300986E-026  4.87479352E-026  6.01128957E-027  7.70873855E-028
  7.777380E+00  5.42685609E-026  4.73301517E-026  6.00711214E-027  9.31297055E-028
  7.882550E+00  5.10913111E-026  4.39152968E-026  6.00114244E-027  1.17487183E-027
  7.989140E+00  4.06879702E-026  3.32673502E-026  5.99316840E-027  1.42745163E-027
  8.097170E+00  3.23042639E-026  2.45315238E-026  5.98138689E-027  1.79135328E-027
  8.206660E+00  2.85111485E-026  2.03667449E-026  5.96755315E-027  2.17685043E-027
  8.317640E+00  2.78401480E-026  1.93270642E-026  5.95235173E-027  2.56073212E-027
  8.430110E+00  2.92446004E-026  2.03945992E-026  5.93626211E-027  2.91373906E-027
  8.544110E+00  3.41297206E-026  2.49685938E-026  5.91879399E-027  3.24233274E-027
  8.659640E+00  3.40922901E-026  2.45975145E-026  5.90039392E-027  3.59438160E-027
  8.776740E+00  2.67785217E-026  1.68820086E-026  5.88170826E-027  4.01480490E-027
  8.895420E+00  2.25888002E-026  1.22108112E-026  5.86210901E-027  4.51587997E-027
  9.015710E+00  2.09016969E-026  9.98843856E-027  5.84230164E-027  5.07095668E-027
  9.137630E+00  2.03097841E-026  8.86805733E-027  5.82239060E-027  5.61933619E-027
  9.261190E+00  2.01632364E-026  8.28407847E-027  5.80240230E-027  6.07675564E-027
  9.386420E+00  2.01496487E-026  8.00201865E-027  5.78347235E-027  6.36415773E-027
  9.513350E+00  2.01339601E-026  7.91605517E-027  5.76332575E-027  6.45457915E-027
  9.641990E+00  2.01232783E-026  7.97609896E-027  5.74364527E-027  6.40353408E-027
  9.772370E+00  2.01564938E-026  8.16041398E-027  5.72460943E-027  6.27147039E-027
  9.904520E+00  2.03032238E-026  8.46539866E-027  5.70618991E-027  6.13163520E-027
  1.003850E+01  2.05984364E-026  8.90355699E-027  5.68806535E-027  6.00681406E-027
  1.017420E+01  2.10722258E-026  9.50684562E-027  5.67072341E-027  5.89465675E-027
  1.031180E+01  2.17498726E-026  1.03425764E-026  5.65314178E-027  5.75415438E-027
  1.045120E+01  2.27052500E-026  1.15526886E-026  5.63567462E-027  5.51688671E-027
  1.059250E+01  2.43631700E-026  1.35180912E-026  5.61882998E-027  5.22624884E-027
  1.073580E+01  2.70255137E-026  1.64908613E-026  5.60314594E-027  4.93150646E-027
  1.088090E+01  3.19079963E-026  2.16490412E-026  5.58901601E-027  4.66993901E-027
  1.102810E+01  4.50700747E-026  3.50372404E-026  5.57838608E-027  4.45444827E-027
  1.117720E+01  1.02001140E-025  9.21836076E-026  5.57738563E-027  4.24014644E-027
  1.132840E+01  1.14220368E-025  1.04588175E-025  5.59477809E-027  4.03741528E-027
  1.148150E+01  7.35513000E-026  6.34915855E-026  6.20848065E-027  3.85123384E-027
  1.163680E+01  5.23190155E-026  4.31457955E-026  5.48578401E-027  3.68743608E-027
  1.179420E+01  5.15779577E-026  4.25914169E-026  5.47410623E-027  3.51243460E-027
  1.195360E+01  5.84980153E-026  4.96938150E-026  5.47154825E-027  3.33265205E-027
  1.211530E+01  5.66228184E-026  4.79979746E-026  5.46933744E-027  3.15550640E-027
  1.227910E+01  5.41671175E-026  4.56964146E-026  5.46974178E-027  3.00096105E-027
  1.244510E+01  6.38454571E-026  5.55158402E-026  5.46786553E-027  2.86175133E-027
  1.261340E+01  7.84234980E-026  7.02417977E-026  5.46198879E-027  2.71971150E-027
  1.278400E+01  6.52112395E-026  5.71700339E-026  5.45849180E-027  2.58271383E-027
  1.295690E+01  4.82173659E-026  4.03082808E-026  5.45637648E-027  2.45270856E-027
  1.313210E+01  4.19151749E-026  3.41141055E-026  5.45578666E-027  2.34528271E-027
  1.330970E+01  4.24691932E-026  3.47657147E-026  5.45905196E-027  2.24442652E-027
  1.348960E+01  4.45389981E-026  3.69281813E-026  5.46486722E-027  2.14594958E-027
  1.367200E+01  3.96520932E-026  3.21056073E-026  5.47388172E-027  2.07260409E-027
  1.385690E+01  3.56406913E-026  2.81316228E-026  5.48661526E-027  2.02245331E-027
  1.404430E+01  3.55145842E-026  2.80035736E-026  5.50405795E-027  2.00695259E-027
  1.423420E+01  3.66119844E-026  2.90427529E-026  5.52535654E-027  2.04387495E-027
  1.442670E+01  3.34772014E-026  2.58256668E-026  5.54908814E-027  2.10244654E-027
  1.462180E+01  3.25395214E-026  2.47503088E-026  5.57892392E-027  2.21028867E-027
  1.481950E+01  3.25484640E-026  2.46081697E-026  5.61237876E-027  2.32791554E-027
  1.501990E+01  3.29270049E-026  2.48147816E-026  5.65258608E-027  2.45963722E-027
  1.522300E+01  3.35261804E-026  2.52208237E-026  5.70034400E-027  2.60501276E-027
  1.542880E+01  3.43276826E-026  2.58115566E-026  5.75241686E-027  2.76370909E-027
  1.563750E+01  3.54451100E-026  2.66974197E-026  5.81181519E-027  2.93587504E-027
  1.584890E+01  3.73072040E-026  2.83119651E-026  5.87610815E-027  3.11913073E-027
  1.606320E+01  3.91844135E-026  2.99209039E-026  5.94906141E-027  3.31444811E-027
  1.628050E+01  4.46674204E-026  3.51213250E-026  6.02650416E-027  3.51959125E-027
  1.650060E+01  5.61732270E-026  4.63275123E-026  6.11420124E-027  3.73151344E-027
  1.672370E+01  5.00741254E-026  3.99174254E-026  6.20641953E-027  3.95028039E-027
  1.694990E+01  5.30028928E-026  4.25322446E-026  6.31054606E-027  4.16010220E-027
  1.717910E+01  5.36245324E-026  4.28323493E-026  6.41977169E-027  4.37241141E-027
  1.741140E+01  5.32994911E-026  4.21806337E-026  6.54421831E-027  4.57463908E-027
  1.764680E+01  4.67269427E-026  3.52766662E-026  6.67540243E-027  4.77487406E-027
  1.788550E+01  4.57010751E-026  3.39327770E-026  6.82389835E-027  4.94439973E-027
  1.812730E+01  4.25838037E-026  3.05009666E-026  6.98242150E-027  5.10041563E-027
  1.837240E+01  4.14466081E-026  2.90627784E-026  7.15428781E-027  5.22954192E-027
  1.862090E+01  4.09312525E-026  2.82577659E-026  7.33798596E-027  5.33550059E-027
  1.887270E+01  4.06196948E-026  2.76690085E-026  7.53450449E-027  5.41618190E-027
  1.912790E+01  4.03385646E-026  2.71333263E-026  7.75051341E-027  5.45472483E-027
  1.938650E+01  4.00686501E-026  2.66069127E-026  7.97460741E-027  5.48712995E-027
  1.964870E+01  3.97995336E-026  2.61069166E-026  8.22427144E-027  5.46834559E-027
  1.991440E+01  3.95791085E-026  2.56485992E-026  8.48243214E-027  5.44807716E-027
  2.018370E+01  3.94019703E-026  2.52302104E-026  8.76167720E-027  5.41008274E-027
  2.045660E+01  3.92885819E-026  2.48431425E-026  9.06464865E-027  5.38079080E-027
  2.073320E+01  3.92378751E-026  2.44785198E-026  9.39094244E-027  5.36841291E-027
  2.101360E+01  3.92235910E-026  2.41296021E-026  9.74064775E-027  5.35334109E-027
  2.129770E+01  3.92473324E-026  2.37919030E-026  1.01215889E-026  5.33384057E-027
  2.158570E+01  3.93191096E-026  2.34620708E-026  1.05307889E-026  5.32624993E-027
  2.187760E+01  3.94302539E-026  2.31381317E-026  1.09692140E-026  5.32290817E-027
  2.217350E+01  3.95732676E-026  2.28187281E-026  1.14379800E-026  5.31655952E-027
  2.247330E+01  3.97365260E-026  2.25031695E-026  1.19439074E-026  5.28944912E-027
  2.277720E+01  3.99521626E-026  2.21907886E-026  1.24864337E-026  5.27494024E-027
  2.308520E+01  4.02175595E-026  2.18813741E-026  1.30641970E-026  5.27198839E-027
  2.339740E+01  4.05335234E-026  2.15746514E-026  1.36783145E-026  5.28055758E-027
  2.371370E+01  4.08891167E-026  2.12707307E-026  1.43405694E-026  5.27781651E-027
  2.403440E+01  4.12913035E-026  2.09692942E-026  1.50410758E-026  5.28093355E-027
  2.435940E+01  4.17401085E-026  2.06705241E-026  1.57809352E-026  5.28864922E-027
  2.468880E+01  4.22444166E-026  2.03743624E-026  1.65700471E-026  5.30000712E-027
  2.502270E+01  4.27756946E-026  2.00808039E-026  1.73924663E-026  5.30242449E-027
  2.536100E+01  4.33847751E-026  1.97899681E-026  1.82846929E-026  5.31011408E-027
  2.570400E+01  4.40261180E-026  1.95016692E-026  1.92064837E-026  5.31796508E-027
  2.605150E+01  4.47013720E-026  1.92161237E-026  2.01594141E-026  5.32583422E-027
  2.640380E+01  4.54123235E-026  1.89331260E-026  2.11453851E-026  5.33381240E-027
  2.676090E+01  4.61607010E-026  1.86527036E-026  2.21661489E-026  5.34184858E-027
  2.712270E+01  4.69482559E-026  1.83749635E-026  2.32234430E-026  5.34984943E-027
  2.748950E+01  4.77766698E-026  1.80996942E-026  2.43190682E-026  5.35790739E-027
  2.786120E+01  4.85754521E-026  1.78269697E-026  2.53743629E-026  5.37411954E-027
  2.823800E+01  4.93778454E-026  1.75566651E-026  2.64290730E-026  5.39210724E-027
  2.861980E+01  5.01933881E-026  1.72888391E-026  2.74944218E-026  5.41012715E-027
  2.900680E+01  5.10184291E-026  1.70233538E-026  2.85668539E-026  5.42822141E-027
  2.939910E+01  5.18483674E-026  1.67601479E-026  2.96418185E-026  5.44640094E-027
  2.979660E+01  5.26774172E-026  1.64992795E-026  3.07135596E-026  5.46457807E-027
  3.019950E+01  5.33564989E-026  1.62406074E-026  3.16287152E-026  5.48717626E-027
  3.060790E+01  5.38569514E-026  1.59840681E-026  3.23586128E-026  5.51427045E-027
  3.102180E+01  5.43092012E-026  1.57296686E-026  3.30381381E-026  5.54139446E-027
  3.144130E+01  5.47061941E-026  1.54773200E-026  3.36603250E-026  5.56854900E-027
  3.186640E+01  5.50411084E-026  1.52270352E-026  3.42183676E-026  5.59570561E-027
  3.229730E+01  5.53077811E-026  1.49787131E-026  3.47061549E-026  5.62291309E-027
  3.273410E+01  5.55006761E-026  1.47322794E-026  3.51182117E-026  5.65018498E-027
  3.317670E+01  5.56150114E-026  1.44878327E-026  3.54497212E-026  5.67745742E-027
  3.362530E+01  5.55824852E-026  1.42452398E-026  3.56274375E-026  5.70980793E-027
  3.408000E+01  5.52952275E-026  1.40044918E-026  3.55337302E-026  5.75700544E-027
  3.454090E+01  5.49534560E-026  1.37655203E-026  3.53831748E-026  5.80476096E-027
  3.500800E+01  5.45624236E-026  1.35283796E-026  3.51809582E-026  5.85308574E-027
  3.548130E+01  5.41282833E-026  1.32930943E-026  3.49332079E-026  5.90198106E-027
  3.596110E+01  5.36583212E-026  1.30595209E-026  3.46472090E-026  5.95159139E-027
  3.644740E+01  5.31600512E-026  1.28277196E-026  3.43303878E-026  6.00194379E-027
  3.694030E+01  5.26414955E-026  1.25976699E-026  3.39907017E-026  6.05312385E-027
  3.743980E+01  5.21107254E-026  1.23694044E-026  3.36361547E-026  6.10516625E-027
  3.794610E+01  5.15488081E-026  1.21428875E-026  3.32472263E-026  6.15869428E-027
  3.845920E+01  5.10009950E-026  1.19181529E-026  3.28693464E-026  6.21349572E-027
  3.897920E+01  5.04864163E-026  1.16952185E-026  3.25216414E-026  6.26955637E-027
  3.950630E+01  5.00112334E-026  1.14740411E-026  3.22101325E-026  6.32705981E-027
  4.004050E+01  4.95808290E-026  1.12546836E-026  3.19400149E-026  6.38613048E-027
  4.058200E+01  4.92005617E-026  1.10371023E-026  3.17164564E-026  6.44700295E-027
  4.113080E+01  4.88748957E-026  1.08213834E-026  3.15436719E-026  6.50984038E-027
  4.168690E+01  4.86378555E-026  1.06075699E-026  3.14521924E-026  6.57809316E-027
  4.225060E+01  4.84871244E-026  1.03955957E-026  3.14408898E-026  6.65063891E-027
  4.282200E+01  4.84105700E-026  1.01855278E-026  3.14991029E-026  6.72593923E-027
  4.340100E+01  4.84101278E-026  9.97742911E-027  3.16284804E-026  6.80421824E-027
  4.398790E+01  4.84886378E-026  9.77126624E-027  3.18314825E-026  6.88588912E-027
  4.458270E+01  4.86477519E-026  9.56710956E-027  3.21093799E-026  6.97126247E-027
  4.518560E+01  4.89037202E-026  9.36495707E-027  3.24762939E-026  7.06246921E-027
  4.579660E+01  4.93184558E-026  9.16489517E-027  3.29866548E-026  7.16690587E-027
  4.641590E+01  4.98242235E-026  8.96688753E-027  3.35806432E-026  7.27669281E-027
  4.704350E+01  5.04217290E-026  8.77100700E-027  3.42584310E-026  7.39229103E-027
  4.767970E+01  5.11126188E-026  8.57725298E-027  3.50210349E-026  7.51433093E-027
  4.832440E+01  5.18966200E-026  8.38571086E-027  3.58676295E-026  7.64327962E-027
  4.897790E+01  5.27748128E-026  8.19635369E-027  3.67986185E-026  7.77984058E-027
  4.964020E+01  5.37466519E-026  8.00923891E-027  3.78128277E-026  7.92458528E-027
  5.031140E+01  5.48513868E-026  7.82442384E-027  3.89438679E-026  8.08309502E-027
  5.099180E+01  5.60976251E-026  7.64185973E-027  4.01986204E-026  8.25714495E-027
  5.168130E+01  5.74421958E-026  7.46165979E-027  4.15383748E-026  8.44216124E-027
  5.238010E+01  5.89323700E-026  7.28382842E-027  4.30034841E-026  8.64505742E-027
  5.308840E+01  6.05208943E-026  7.10835488E-027  4.45517884E-026  8.86075107E-027
  5.380630E+01  6.22059906E-026  6.93529572E-027  4.61806472E-026  9.09004765E-027
  5.453390E+01  6.40376490E-026  6.76467221E-027  4.79334672E-026  9.33950968E-027
  5.527130E+01  6.59729854E-026  6.59651069E-027  4.97709461E-026  9.60552865E-027
  5.601870E+01  6.80015297E-026  6.43082587E-027  5.16825931E-026  9.88811075E-027
  5.677620E+01  7.01612469E-026  6.26764006E-027  5.36995900E-026  1.01940168E-026
  5.754400E+01  7.24448170E-026  6.10695165E-027  5.58142376E-026  1.05236278E-026
  5.832210E+01  7.48147508E-026  5.94881233E-027  5.79929226E-026  1.08730158E-026
  5.911080E+01  7.72750133E-026  5.79320246E-027  6.02374752E-026  1.12443355E-026
  5.991010E+01  7.98926742E-026  5.64017788E-027  6.26021051E-026  1.16503913E-026
  6.072020E+01  8.25878584E-026  5.48972303E-027  6.50184319E-026  1.20797035E-026
  6.154130E+01  8.53549776E-026  5.34184024E-027  6.74802077E-026  1.25329296E-026
  6.237350E+01  8.82206372E-026  5.19654698E-027  7.00089544E-026  1.30151359E-026
  6.321690E+01  9.11875045E-026  5.05386249E-027  7.26053621E-026  1.35282800E-026
  6.407180E+01  9.42438801E-026  4.91376248E-027  7.52548942E-026  1.40752235E-026
  6.493820E+01  9.73757183E-026  4.77627186E-027  7.79442928E-026  1.46551536E-026
  6.581630E+01  1.00590067E-025  4.64138031E-027  8.06801947E-026  1.52684922E-026
  6.670630E+01  1.03864895E-025  4.50909191E-027  8.34421697E-026  1.59136336E-026
  6.760830E+01  1.07207643E-025  4.37940381E-027  8.62343893E-026  1.65938498E-026
  6.852250E+01  1.10594173E-025  4.25230726E-027  8.90351698E-026  1.73066958E-026
  6.944910E+01  1.14038105E-025  4.12778866E-027  9.18490162E-026  1.80613001E-026
  7.038820E+01  1.17523353E-025  4.00585058E-027  9.46671447E-026  1.88503579E-026
  7.134000E+01  1.21053342E-025  3.88647756E-027  9.74906349E-026  1.96762290E-026
  7.230470E+01  1.24609967E-025  3.76965636E-027  1.00296277E-025  2.05440342E-026
  7.328250E+01  1.28177255E-025  3.65536695E-027  1.03075635E-025  2.14462534E-026
  7.427340E+01  1.31768622E-025  3.54361821E-027  1.05838332E-025  2.23866713E-026
  7.527780E+01  1.35336629E-025  3.43436608E-027  1.08545350E-025  2.33569135E-026
  7.629570E+01  1.38935698E-025  3.32760946E-027  1.11239592E-025  2.43684969E-026
  7.732740E+01  1.42481035E-025  3.22331934E-027  1.13852513E-025  2.54052021E-026
  7.837300E+01  1.46049077E-025  3.12148191E-027  1.16437712E-025  2.64898838E-026
  7.943280E+01  1.49562075E-025  3.02206488E-027  1.18937887E-025  2.76021230E-026
  8.050690E+01  1.53044770E-025  2.92505159E-027  1.21373677E-025  2.87460419E-026
  8.159560E+01  1.56495790E-025  2.83040822E-027  1.23743757E-025  2.99216246E-026
  8.269900E+01  1.59851289E-025  2.73811691E-027  1.25998791E-025  3.11143806E-026
  8.381720E+01  1.63220421E-025  2.64815951E-027  1.28218292E-025  3.23539696E-026
  8.495060E+01  1.66474987E-025  2.56048883E-027  1.30309074E-025  3.36054249E-026
  8.609940E+01  1.69677871E-025  2.47507941E-027  1.32320763E-025  3.48820295E-026
  8.726360E+01  1.72819658E-025  2.39191416E-027  1.34247029E-025  3.61807144E-026
  8.844370E+01  1.75823039E-025  2.31094175E-027  1.36030474E-025  3.74816237E-026
  8.963960E+01  1.78811726E-025  2.23215254E-027  1.37755353E-025  3.88242210E-026
  9.085180E+01  1.81664104E-025  2.15549402E-027  1.39340064E-025  4.01685460E-026
  9.208030E+01  1.84382258E-025  2.08094880E-027  1.40789229E-025  4.15120806E-026
  9.332540E+01  1.87047515E-025  2.00847589E-027  1.42162277E-025  4.28767625E-026
  9.458740E+01  1.89540537E-025  1.93803810E-027  1.43376173E-025  4.42263264E-026
  9.586650E+01  1.91919034E-025  1.86960017E-027  1.44470092E-025  4.55793421E-026
  9.716280E+01  1.94219761E-025  1.80313655E-027  1.45468067E-025  4.69485576E-026
  9.847670E+01  1.96331807E-025  1.73860293E-027  1.46301882E-025  4.82913218E-026
  9.980830E+01  1.98246872E-025  1.67596636E-027  1.46969481E-025  4.96014250E-026
  1.011580E+02  2.00143710E-025  1.61518752E-027  1.47597154E-025  5.09313681E-026
  1.025260E+02  2.01871537E-025  1.55622965E-027  1.48084087E-025  5.22312205E-026
  1.039120E+02  2.03545876E-025  1.49907917E-027  1.48520334E-025  5.35264624E-026
  1.053170E+02  2.05236896E-025  1.44366815E-027  1.48960299E-025  5.48329286E-026
  1.067420E+02  2.06746897E-025  1.38993356E-027  1.49263730E-025  5.60932331E-026
  1.081850E+02  2.08062242E-025  1.33792228E-027  1.49427047E-025  5.72972729E-026
  1.096480E+02  2.09190127E-025  1.28753298E-027  1.49459799E-025  5.84427951E-026
  1.111310E+02  2.10128248E-025  1.23874092E-027  1.49365812E-025  5.95236955E-026
  1.126330E+02  2.10871062E-025  1.19154914E-027  1.49147246E-025  6.05322673E-026
  1.141560E+02  2.11866654E-025  1.14586466E-027  1.49140900E-025  6.15798887E-026
  1.157000E+02  2.12728160E-025  1.10166270E-027  1.49064344E-025  6.25621539E-026
  1.172650E+02  2.13434940E-025  1.05891606E-027  1.48908280E-025  6.34677432E-026
  1.188500E+02  2.14133141E-025  1.01762195E-027  1.48776294E-025  6.43392251E-026
  1.204570E+02  2.14848854E-025  9.77699775E-028  1.48687922E-025  6.51832320E-026
  1.220860E+02  2.15431245E-025  9.39121414E-028  1.48547957E-025  6.59441667E-026
  1.237370E+02  2.15884042E-025  9.01860840E-028  1.48364520E-025  6.66176608E-026
  1.254100E+02  2.16434066E-025  8.65888972E-028  1.48258910E-025  6.73092678E-026
  1.271060E+02  2.16849542E-025  8.31156773E-028  1.48085133E-025  6.79332520E-026
  1.288250E+02  2.17074968E-025  7.97638282E-028  1.47809668E-025  6.84676618E-026
  1.305670E+02  2.17094976E-025  7.65304535E-028  1.47420504E-025  6.89091682E-026
  1.323330E+02  2.16894191E-025  7.34111638E-028  1.46903667E-025  6.92564126E-026
  1.341220E+02  2.16449696E-025  7.04049818E-028  1.46240060E-025  6.95055860E-026
  1.359360E+02  2.15545921E-025  6.75057677E-028  1.45109373E-025  6.97614903E-026
  1.377740E+02  2.14098513E-025  6.47125913E-028  1.43429221E-025  7.00221660E-026
  1.396370E+02  2.12270037E-025  6.20214207E-028  1.41459214E-025  7.01906084E-026
  1.415250E+02  2.10065099E-025  5.94296438E-028  1.39205439E-025  7.02653636E-026
  1.434390E+02  2.07496409E-025  5.69333369E-028  1.36680658E-025  7.02464179E-026
  1.453780E+02  2.04578395E-025  5.45314109E-028  1.33900974E-025  7.01321069E-026
  1.473440E+02  2.01335379E-025  5.22188495E-028  1.30889222E-025  6.99239695E-026
  1.493370E+02  1.97792668E-025  4.99933722E-028  1.27670839E-025  6.96218959E-026
  1.513560E+02  1.94070760E-025  4.78537673E-028  1.24191203E-025  6.94010200E-026
  1.534030E+02  1.90265761E-025  4.57954734E-028  1.20628080E-025  6.91797261E-026
  1.554770E+02  1.86370946E-025  4.38173433E-028  1.17059067E-025  6.88737052E-026
  1.575800E+02  1.82403131E-025  4.19152793E-028  1.13498862E-025  6.84851170E-026
  1.597100E+02  1.78373827E-025  4.00887333E-028  1.09959332E-025  6.80136081E-026
  1.618700E+02  1.74297301E-025  3.83331049E-028  1.06451658E-025  6.74623119E-026
  1.640590E+02  1.70182998E-025  3.66471697E-028  1.02984536E-025  6.68319903E-026
  1.662770E+02  1.66040179E-025  3.50287908E-028  9.95654447E-026  6.61244459E-026
  1.685260E+02  1.61878398E-025  3.34746009E-028  9.62009906E-026  6.53426618E-026
  1.708050E+02  1.57704062E-025  3.19832963E-028  9.28960489E-026  6.44881806E-026
  1.731140E+02  1.53523847E-025  3.05529415E-028  8.96547435E-026  6.35635744E-026
  1.754550E+02  1.49446332E-025  2.91803991E-028  8.65316245E-026  6.26229032E-026
  1.778280E+02  1.45784605E-025  2.78639725E-028  8.36772578E-026  6.18287074E-026
  1.802330E+02  1.42117599E-025  2.66018794E-028  8.08757607E-026  6.09758196E-026
  1.826700E+02  1.38448890E-025  2.53923702E-028  7.81282220E-026  6.00667444E-026
  1.851400E+02  1.34782207E-025  2.42332370E-028  7.54356144E-026  5.91042603E-026
  1.876430E+02  1.31121218E-025  2.31228326E-028  7.27989123E-026  5.80910775E-026
  1.901810E+02  1.27469797E-025  2.20587150E-028  7.02187719E-026  5.70304377E-026
  1.927530E+02  1.23831181E-025  2.10398128E-028  6.76959243E-026  5.59248587E-026
  1.953590E+02  1.20209055E-025  2.00645424E-028  6.52310507E-026  5.47773590E-026
  1.980010E+02  1.16607002E-025  1.91307207E-028  6.28244501E-026  5.35912449E-026
  2.006780E+02  1.13114048E-025  1.82372943E-028  6.05159674E-026  5.24157080E-026
  2.033920E+02  1.09896206E-025  1.73821915E-028  5.83755546E-026  5.13468292E-026
  2.061420E+02  1.06693068E-025  1.65644438E-028  5.62798308E-026  5.02475924E-026
  2.089300E+02  1.03508342E-025  1.57821320E-028  5.42296763E-026  4.91208444E-026
  2.117550E+02  1.00345671E-025  1.50342949E-028  5.22261260E-026  4.79692021E-026
  2.146180E+02  9.72084211E-026  1.43194358E-028  5.02697687E-026  4.67954580E-026
  2.175200E+02  9.40997653E-026  1.36361378E-028  4.83610797E-026  4.56023242E-026
  2.204620E+02  9.10227758E-026  1.29830338E-028  4.65004848E-026  4.43924607E-026
  2.234430E+02  8.79805528E-026  1.23592558E-028  4.46884757E-026  4.31684845E-026
  2.264640E+02  8.50319989E-026  1.17635007E-028  4.29251825E-026  4.19891814E-026
  2.295270E+02  8.21834235E-026  1.11943775E-028  4.12105278E-026  4.08609519E-026
  2.326310E+02  7.93754328E-026  1.06510668E-028  3.95446501E-026  3.97242720E-026
  2.357760E+02  7.66101990E-026  1.01326043E-028  3.79275632E-026  3.85813098E-026
  2.389640E+02  7.38893917E-026  9.63771114E-029  3.63588042E-026  3.74342104E-026
  2.421960E+02  7.12163408E-026  9.16536630E-029  3.48380430E-026  3.62866441E-026
  2.454710E+02  6.85923909E-026  8.71485354E-029  3.33650655E-026  3.51401768E-026
  2.487900E+02  6.60139871E-026  8.28517834E-029  3.19394520E-026  3.39916834E-026
  2.521540E+02  6.34905432E-026  7.87541712E-029  3.06016600E-026  3.28101290E-026
  2.555640E+02  6.10249058E-026  7.48467785E-029  2.93286315E-026  3.16214276E-026
  2.590200E+02  5.86076508E-026  7.11221459E-029  2.80951772E-026  3.04413515E-026
  2.625230E+02  5.62843580E-026  6.75720385E-029  2.69009128E-026  2.93158731E-026
  2.660730E+02  5.40270301E-026  6.41895550E-029  2.57454979E-026  2.82173426E-026
  2.696700E+02  5.18197205E-026  6.09678708E-029  2.46285827E-026  2.71301699E-026
  2.733170E+02  4.96628033E-026  5.78979370E-029  2.35493571E-026  2.60555482E-026
  2.770130E+02  4.76109601E-026  5.49745282E-029  2.25074322E-026  2.50485533E-026
  2.807590E+02  4.56522776E-026  5.21908742E-029  2.15021920E-026  2.40978947E-026
  2.845550E+02  4.37427594E-026  4.95412358E-029  2.05330236E-026  2.31601945E-026
  2.884030E+02  4.18824710E-026  4.70187296E-029  1.95991310E-026  2.22363213E-026
  2.923030E+02  4.00716563E-026  4.46181397E-029  1.86998562E-026  2.13271819E-026
  2.962560E+02  3.83103824E-026  4.23338048E-029  1.78344261E-026  2.04336225E-026
  3.002620E+02  3.66080497E-026  4.01608970E-029  1.70039231E-026  1.95639658E-026
  3.043220E+02  3.50786513E-026  3.80941748E-029  1.62286489E-026  1.88119082E-026
  3.084370E+02  3.35919655E-026  3.61286305E-029  1.54824123E-026  1.80734246E-026
  3.126080E+02  3.21477618E-026  3.42594903E-029  1.47645063E-026  1.73489961E-026
  3.168350E+02  3.07459654E-026  3.24827386E-029  1.40743445E-026  1.66391382E-026
  3.211200E+02  2.93861337E-026  3.07935164E-029  1.34111260E-026  1.59442143E-026
  3.254620E+02  2.80681286E-026  2.91884729E-029  1.27742976E-026  1.52646425E-026
  3.298630E+02  2.67914452E-026  2.76632442E-029  1.21630705E-026  1.46007115E-026
  3.343230E+02  2.55556840E-026  2.62143390E-029  1.15767690E-026  1.39527007E-026
  3.388440E+02  2.43602430E-026  2.48377980E-029  1.10146297E-026  1.33207756E-026
  3.434260E+02  2.32046343E-026  2.35304556E-029  1.04759653E-026  1.27051385E-026
  3.480700E+02  2.20882781E-026  2.22889729E-029  9.96006491E-027  1.21059242E-026
  3.527770E+02  2.10739296E-026  2.11102016E-029  9.46620338E-027  1.15866160E-026
  3.575470E+02  2.01150972E-026  1.99913502E-029  9.00157730E-027  1.10935286E-026
  3.623820E+02  1.91925689E-026  1.89292459E-029  8.56007842E-027  1.06135612E-026
  3.672820E+02  1.83021063E-026  1.79213828E-029  8.13742583E-027  1.01467591E-026
  3.722490E+02  1.74430515E-026  1.69649078E-029  7.73297738E-027  9.69310918E-027
  3.772830E+02  1.66148233E-026  1.60574848E-029  7.34615601E-027  9.25260981E-027
  3.823840E+02  1.58168429E-026  1.51969074E-029  6.97640378E-027  8.82524219E-027
  3.875550E+02  1.50483091E-026  1.43805292E-029  6.62305890E-027  8.41086967E-027
  3.927960E+02  1.43086103E-026  1.36063397E-029  6.28557300E-027  8.00943094E-027
  3.981070E+02  1.35971237E-026  1.28724016E-029  5.96340341E-027  7.62084789E-027
  4.034910E+02  1.29471562E-026  1.21764377E-029  5.65594055E-027  7.27903925E-027
  4.089470E+02  1.23260460E-026  1.15168487E-029  5.36267973E-027  6.95184940E-027
  4.144770E+02  1.17304133E-026  1.08916752E-029  5.08443500E-027  6.63508663E-027
  4.200810E+02  1.11628722E-026  1.02993165E-029  4.82391759E-027  6.32865526E-027
  4.257620E+02  1.06174306E-026  9.73793775E-030  4.57533593E-027  6.03235671E-027
  4.315190E+02  1.00935870E-026  9.20618565E-030  4.33828032E-027  5.74610050E-027
  4.373540E+02  9.59069012E-027  8.70246878E-030  4.11229453E-027  5.46969311E-027
  4.432680E+02  9.10814767E-027  8.22538260E-030  3.89694023E-027  5.20298206E-027
  4.492620E+02  8.64766491E-027  7.77358482E-030  3.69180131E-027  4.94809002E-027
  4.553370E+02  8.22347813E-027  7.34579415E-030  3.49646970E-027  4.71966264E-027
  4.614950E+02  7.81671324E-027  6.94073666E-030  3.31053071E-027  4.49924179E-027
  4.677350E+02  7.42690109E-027  6.55737434E-030  3.13363210E-027  4.28671162E-027
  4.740600E+02  7.05343634E-027  6.19449098E-030  2.96536647E-027  4.08187539E-027
  4.804700E+02  6.69581875E-027  5.85109614E-030  2.80538753E-027  3.88458012E-027
  4.869680E+02  6.35347223E-027  5.52609826E-030  2.65331675E-027  3.69462938E-027
  4.935520E+02  6.02596288E-027  5.21867991E-030  2.50885008E-027  3.51189412E-027
  5.002260E+02  5.71336001E-027  4.92782582E-030  2.37180536E-027  3.33662682E-027
  5.069910E+02  5.42825344E-027  4.65266292E-030  2.24542887E-027  3.17817191E-027
  5.138460E+02  5.15539579E-027  4.39248379E-030  2.12525362E-027  3.02574969E-027
  5.207950E+02  4.89431140E-027  4.14638541E-030  2.01098831E-027  2.87917671E-027
  5.278370E+02  4.64462880E-027  3.91372392E-030  1.90239676E-027  2.73831832E-027
  5.349750E+02  4.40591254E-027  3.69372245E-030  1.79921508E-027  2.60300374E-027
  5.422090E+02  4.17779158E-027  3.48576503E-030  1.70121678E-027  2.47308903E-027
  5.495410E+02  3.96108922E-027  3.28919252E-030  1.60816448E-027  2.34963554E-027
  5.569720E+02  3.75906906E-027  3.10341022E-030  1.51983717E-027  2.23612848E-027
  5.645040E+02  3.56609733E-027  2.92783335E-030  1.43601725E-027  2.12715225E-027
  5.721370E+02  3.38185496E-027  2.76194643E-030  1.35650800E-027  2.02258502E-027
  5.798740E+02  3.20598290E-027  2.60520076E-030  1.28109879E-027  1.92227891E-027
  5.877150E+02  3.03817628E-027  2.45713475E-030  1.20960752E-027  1.82611163E-027
  5.956620E+02  2.87811356E-027  2.31727127E-030  1.14184750E-027  1.73394879E-027
  6.037170E+02  2.72736183E-027  2.18516291E-030  1.07763902E-027  1.64753765E-027
  6.118810E+02  2.58441570E-027  2.06039972E-030  1.01681568E-027  1.56553961E-027
  6.201550E+02  2.44819187E-027  1.94259489E-030  9.59217801E-028  1.48703148E-027
  6.285410E+02  2.31955056E-027  1.83136127E-030  9.04684880E-028  1.41303432E-027
  6.370400E+02  2.19697726E-027  1.72635174E-030  8.53071352E-028  1.34217956E-027
  6.456540E+02  2.08115742E-027  1.62722178E-030  8.04231760E-028  1.27529843E-027
  6.543850E+02  1.97092684E-027  1.53364616E-030  7.58028707E-028  1.21136449E-027
  6.632340E+02  1.86641872E-027  1.44533178E-030  7.14332424E-028  1.15064096E-027
  6.722020E+02  1.76719673E-027  1.36199274E-030  6.73018790E-028  1.09281595E-027
  6.812920E+02  1.67304285E-027  1.28334700E-030  6.33964728E-028  1.03779477E-027
  6.905050E+02  1.58391340E-027  1.20914255E-030  5.97057034E-028  9.85647223E-028
  6.998420E+02  1.49911256E-027  1.13913946E-030  5.62188864E-028  9.35784553E-028
  7.093060E+02  1.42052324E-027  1.07309814E-030  5.30352991E-028  8.89097154E-028
  7.188970E+02  1.34574568E-027  1.01081030E-030  5.00250454E-028  8.44484414E-028
  7.286180E+02  1.27455798E-027  9.52060978E-031  4.71764115E-028  8.01841801E-028
  7.384710E+02  1.20680373E-027  8.96652961E-031  4.44813404E-028  7.61093668E-028
  7.484570E+02  1.14233810E-027  8.44405068E-031  4.19322583E-028  7.22171113E-028
  7.585780E+02  1.08165918E-027  7.95140507E-031  3.95217589E-028  6.85646452E-028
  7.688350E+02  1.02405911E-027  7.48696905E-031  3.72429755E-028  6.50880662E-028
  7.792320E+02  9.69272904E-028  7.04907512E-031  3.50888785E-028  6.17679211E-028
  7.897690E+02  9.17184083E-028  6.63631809E-031  3.30534215E-028  5.85986236E-028
  8.004480E+02  8.67848396E-028  6.24728484E-031  3.11303716E-028  5.55919951E-028
  8.112720E+02  8.21376329E-028  5.88060686E-031  2.93138523E-028  5.27649745E-028
  8.222430E+02  7.77206257E-028  5.53502790E-031  2.75983286E-028  5.00669468E-028
  8.333610E+02  7.35237890E-028  5.20942178E-031  2.59787173E-028  4.74929775E-028
  8.446300E+02  6.95366625E-028  4.90260530E-031  2.44498192E-028  4.50378173E-028
  8.560520E+02  6.57495520E-028  4.61351618E-031  2.30068317E-028  4.26965851E-028
  8.676280E+02  6.21535031E-028  4.34118256E-031  2.16452995E-028  4.04647918E-028
  8.793600E+02  5.87396512E-028  4.08465021E-031  2.03609062E-028  3.83378985E-028
  8.912510E+02  5.54993126E-028  3.84301018E-031  1.91494666E-028  3.63114159E-028
  9.033030E+02  5.24381991E-028  3.61541510E-031  1.80070685E-028  3.43949764E-028
  9.155180E+02  4.95654651E-028  3.40107001E-031  1.69300165E-028  3.26014379E-028
  9.278980E+02  4.68395035E-028  3.19922267E-031  1.59147579E-028  3.08927534E-028
  9.404450E+02  4.42534626E-028  3.00915813E-031  1.49579754E-028  2.92653956E-028
  9.531620E+02  4.18005276E-028  2.83020197E-031  1.40564228E-028  2.77158027E-028
  9.660510E+02  3.94743471E-028  2.66171377E-031  1.32070899E-028  2.62406400E-028
  9.791140E+02  3.72688806E-028  2.50309833E-031  1.24071313E-028  2.48367183E-028
  9.923540E+02  3.51782333E-028  2.35378098E-031  1.16537803E-028  2.35009153E-028
  1.005770E+03  3.32235221E-028  2.21326297E-031  1.09521931E-028  2.22491964E-028
  1.019370E+03  3.14023982E-028  2.08098266E-031  1.03003844E-028  2.10812039E-028
  1.033160E+03  2.96744759E-028  1.95643200E-031  9.68571685E-029  1.99691948E-028
  1.047130E+03  2.80361758E-028  1.83927708E-031  9.10647543E-029  1.89113076E-028
  1.061290E+03  2.64826173E-028  1.72902584E-031  8.56054329E-029  1.79047838E-028
  1.075640E+03  2.50098759E-028  1.62529498E-031  8.04615399E-029  1.69474690E-028
  1.090180E+03  2.36141261E-028  1.52772361E-031  7.56160883E-029  1.60372400E-028
  1.104930E+03  2.22906844E-028  1.43584486E-031  7.10495345E-029  1.51713725E-028
  1.119870E+03  2.10371942E-028  1.34946652E-031  6.67504414E-029  1.43486554E-028
  1.135010E+03  1.98498121E-028  1.26822228E-031  6.27025017E-029  1.35668797E-028
  1.150360E+03  1.87249541E-028  1.19177554E-031  5.88907636E-029  1.28239600E-028
  1.165910E+03  1.76600384E-028  1.11990768E-031  5.53036847E-029  1.21184708E-028
  1.181680E+03  1.66514250E-028  1.05227477E-031  5.19265201E-029  1.14482502E-028
  1.197660E+03  1.56967662E-028  9.88683740E-032  4.87489474E-029  1.08119846E-028
  1.213850E+03  1.48072528E-028  9.28906466E-032  4.57838414E-029  1.02195796E-028
  1.230270E+03  1.39672662E-028  8.72659056E-032  4.29962153E-029  9.65891809E-029
  1.246900E+03  1.31795175E-028  8.19810797E-032  4.03852217E-029  9.13279726E-029
  1.263770E+03  1.24424950E-028  7.70079435E-032  3.79410410E-029  8.64069014E-029
  1.280860E+03  1.17446553E-028  7.23347489E-032  3.56404844E-029  8.17337341E-029
  1.298180E+03  1.10838327E-028  6.79419338E-032  3.34749109E-029  7.72954742E-029
  1.315730E+03  1.04582384E-028  6.38134899E-032  3.14369043E-029  7.30816658E-029
  1.333520E+03  9.86594891E-029  5.99322931E-032  2.95187939E-029  6.90807628E-029
  1.351550E+03  9.30534089E-029  5.62844349E-032  2.77140413E-029  6.52830831E-029
  1.369830E+03  8.77469960E-029  5.28548219E-032  2.60158103E-029  6.16783309E-029
  1.388350E+03  8.27272564E-029  4.96328960E-032  2.44187535E-029  5.82588700E-029
  1.407130E+03  7.79768276E-029  4.66036205E-032  2.29162694E-029  5.50139546E-029
  1.426150E+03  7.34854793E-029  4.37591180E-032  2.15039917E-029  5.19377285E-029
  1.445440E+03  6.92361476E-029  4.10845122E-032  2.01756260E-029  4.90194371E-029
  1.464990E+03  6.52182272E-029  3.85716973E-032  1.89269023E-029  4.62527532E-029
  1.484800E+03  6.14201833E-029  3.62113158E-032  1.77533095E-029  4.36306625E-029
  1.504870E+03  5.78676676E-029  3.39946336E-032  1.66562918E-029  4.11773812E-029
  1.525220E+03  5.46161737E-029  3.19113318E-032  1.56412557E-029  3.89430066E-029
  1.545850E+03  5.15383221E-029  2.99538485E-032  1.46860868E-029  3.68222814E-029
  1.566750E+03  4.86264941E-029  2.81159845E-032  1.37877388E-029  3.48106392E-029
  1.587940E+03  4.58707157E-029  2.63890955E-032  1.29425534E-029  3.29017732E-029
  1.609410E+03  4.32640956E-029  2.47676194E-032  1.21478038E-029  3.10915242E-029
  1.631170E+03  4.07984111E-029  2.32447824E-032  1.14004391E-029  2.93747271E-029
  1.653230E+03  3.84660478E-029  2.18142828E-032  1.06976403E-029  2.77465932E-029
  1.675590E+03  3.62603289E-029  2.04708072E-032  1.00369056E-029  2.62029525E-029
  1.698240E+03  3.41754858E-029  1.92099334E-032  9.41602185E-030  2.47402540E-029
  1.721210E+03  3.22037901E-029  1.80252866E-032  8.83227133E-030  2.33534935E-029
  1.744480E+03  3.03405560E-029  1.69134543E-032  8.28385031E-030  2.20397922E-029
  1.768070E+03  2.85793658E-029  1.58693342E-032  7.76848115E-030  2.07950153E-029
  1.791980E+03  2.69150583E-029  1.48890020E-032  7.28429164E-030  1.96158776E-029
  1.816210E+03  2.53426924E-029  1.39688042E-032  6.82950609E-030  1.84992175E-029
  1.840770E+03  2.38572133E-029  1.31048540E-032  6.40232759E-030  1.74417809E-029
  1.865660E+03  2.24541909E-029  1.22939256E-032  6.00118439E-030  1.64407125E-029
  1.890890E+03  2.11290468E-029  1.15326221E-032  5.62448479E-030  1.54930294E-029
  1.916460E+03  1.98778171E-029  1.08180700E-032  5.27082608E-030  1.45961729E-029
  1.942380E+03  1.86964011E-029  1.01473036E-032  4.93880189E-030  1.37474519E-029
  1.968640E+03  1.75814537E-029  9.51800324E-033  4.62722859E-030  1.29447071E-029
  1.995260E+03  1.65290213E-029  8.92728446E-033  4.33478337E-030  1.21853107E-029
  2.022240E+03  1.55883970E-029  8.37291551E-033  4.07988289E-030  1.15001412E-029
  2.049590E+03  1.47095237E-029  7.85258801E-033  3.84360337E-030  1.08580678E-029
  2.077300E+03  1.38780803E-029  7.36449295E-033  3.62071665E-030  1.02499991E-029
  2.105390E+03  1.30913358E-029  6.90640284E-033  3.41041376E-030  9.67401562E-030
  2.133860E+03  1.23470787E-029  6.47657580E-033  3.21202653E-030  9.12857559E-030
  2.162720E+03  1.16430366E-029  6.07321226E-033  3.02487809E-030  8.61208531E-030
  2.191960E+03  1.09773374E-029  5.69490468E-033  2.84840449E-030  8.12323797E-030
  2.221600E+03  1.03477726E-029  5.33992245E-033  2.68195731E-030  7.66047536E-030
  2.251650E+03  9.75241216E-030  5.00679590E-033  2.52497160E-030  7.22243377E-030
  2.282090E+03  9.18977131E-030  4.69445740E-033  2.37700025E-030  6.80807660E-030
  2.312950E+03  8.65784394E-030  4.40137610E-033  2.23746587E-030  6.41597670E-030
  2.344230E+03  8.15509094E-030  4.12643566E-033  2.10591273E-030  6.04505177E-030
  2.375930E+03  7.68003263E-030  3.86856388E-033  1.98191637E-030  5.69424770E-030
  2.408060E+03  7.23116396E-030  3.62668053E-033  1.86503958E-030  5.36249770E-030
  2.440620E+03  6.80715355E-030  3.39984310E-033  1.75489637E-030  5.04885733E-030
  2.473620E+03  6.40664346E-030  3.18709326E-033  1.65110130E-030  4.75235506E-030
  2.507070E+03  6.03815716E-030  2.98754112E-033  1.55329088E-030  4.48187874E-030
  2.540970E+03  5.69199738E-030  2.80041008E-033  1.46113720E-030  4.22805977E-030
  2.575330E+03  5.36480008E-030  2.62491191E-033  1.37431646E-030  3.98785871E-030
  2.610160E+03  5.05554516E-030  2.46031082E-033  1.29252270E-030  3.76056215E-030
  2.645450E+03  4.76337250E-030  2.30601136E-033  1.21549482E-030  3.54557167E-030
  2.681230E+03  4.48725438E-030  2.16127357E-033  1.14293122E-030  3.34216189E-030
  2.717480E+03  4.22646156E-030  2.02561093E-033  1.07461055E-030  3.14982540E-030
  2.754230E+03  3.98007440E-030  1.89837691E-033  1.01026542E-030  2.96791060E-030
  2.791470E+03  3.74739338E-030  1.77910504E-033  9.49688269E-031  2.79592600E-030
  2.829220E+03  3.52763766E-030  1.66725970E-033  8.92651467E-031  2.63331894E-030
  2.867480E+03  3.32013903E-030  1.56240469E-033  8.38958974E-031  2.47961765E-030
  2.906250E+03  3.12425942E-030  1.46412025E-033  7.88423750E-031  2.33437155E-030
  2.945550E+03  2.93933536E-030  1.37197004E-033  7.40856913E-031  2.19710647E-030
  2.985380E+03  2.76479819E-030  1.28558608E-033  6.96093114E-031  2.06741949E-030
  3.025750E+03  2.60395222E-030  1.20460671E-033  6.53968661E-031  1.94877895E-030
  3.066670E+03  2.45412942E-030  1.12869054E-033  6.14330720E-031  1.83867001E-030
  3.108140E+03  2.31260020E-030  1.05753754E-033  5.77040337E-031  1.73450232E-030
  3.150170E+03  2.17891579E-030  9.90845645E-034  5.41961519E-031  1.63596342E-030
  3.192760E+03  2.05266676E-030  9.28347243E-034  5.08968854E-031  1.54276956E-030
  3.235940E+03  1.93341304E-030  8.69751052E-034  4.77931315E-031  1.45461198E-030
  3.279690E+03  1.82082734E-030  8.14849492E-034  4.48747934E-031  1.37126456E-030
  3.324040E+03  1.71451390E-030  7.63385248E-034  4.21302185E-031  1.29244833E-030
  3.368990E+03  1.61414532E-030  7.15154388E-034  3.95495910E-031  1.21793425E-030
  3.414550E+03  1.51939997E-030  6.69951959E-034  3.71233323E-031  1.14749670E-030
  3.460720E+03  1.42998180E-030  6.27596797E-034  3.48426365E-031  1.08092783E-030
  3.507520E+03  1.34558814E-030  5.87901956E-034  3.26986974E-031  1.01801326E-030
  3.554950E+03  1.26595388E-030  5.50706198E-034  3.06836844E-031  9.58566325E-031
  3.603020E+03  1.19082031E-030  5.15853019E-034  2.87900746E-031  9.02403715E-031
  3.651740E+03  1.11993994E-030  4.83195123E-034  2.70106582E-031  8.49350163E-031
  3.701120E+03  1.05307841E-030  4.52593684E-034  2.53386850E-031  7.99238970E-031
  3.751170E+03  9.90015466E-031  4.23919544E-034  2.37678297E-031  7.51913250E-031
  3.801890E+03  9.30549484E-031  3.97056942E-034  2.22922787E-031  7.07229641E-031
  3.853300E+03  8.74474912E-031  3.71886747E-034  2.09061944E-031  6.65041081E-031
  3.905410E+03  8.21605215E-031  3.48302264E-034  1.96042970E-031  6.25213943E-031
  3.958220E+03  7.71769641E-031  3.26208536E-034  1.83817237E-031  5.87626196E-031
  4.011750E+03  7.25230101E-031  3.05507918E-034  1.72336228E-031  5.52588365E-031
  4.065990E+03  6.82773233E-031  2.86119504E-034  1.61557919E-031  5.20929194E-031
  4.120980E+03  6.42702316E-031  2.67951273E-034  1.51437128E-031  4.90997237E-031
  4.176700E+03  6.04900137E-031  2.50935337E-034  1.41937643E-031  4.62711558E-031
  4.233180E+03  5.69233544E-031  2.34993607E-034  1.33020464E-031  4.35978086E-031
  4.290420E+03  5.35589379E-031  2.20061473E-034  1.24651568E-031  4.10717749E-031
  4.348440E+03  5.03852970E-031  2.06072297E-034  1.16797252E-031  3.86849645E-031
  4.407240E+03  4.73922635E-031  1.92970196E-034  1.09427440E-031  3.64302225E-031
  4.466840E+03  4.45696014E-031  1.80696516E-034  1.02512295E-031  3.43003023E-031
  4.527240E+03  4.19081930E-031  1.69201470E-034  9.60250862E-032  3.22887642E-031
  4.588460E+03  3.93988724E-031  1.58434253E-034  8.99394971E-032  3.03890792E-031
  4.650500E+03  3.70334780E-031  1.48350751E-034  8.42317522E-032  2.85954677E-031
  4.713390E+03  3.48035680E-031  1.38904828E-034  7.88779895E-032  2.69018786E-031
  4.777130E+03  3.27019178E-031  1.30058029E-034  7.38573778E-032  2.53031743E-031
  4.841720E+03  3.07215618E-031  1.21774157E-034  6.91500591E-032  2.37943785E-031
  4.907200E+03  2.88552397E-031  1.14014022E-034  6.47359166E-032  2.23702467E-031
  4.973550E+03  2.70971154E-031  1.06748255E-034  6.05981939E-032  2.10266212E-031
  5.040810E+03  2.54763089E-031  9.99424904E-035  5.67190497E-032  1.97944096E-031
  5.108970E+03  2.39699813E-031  9.35699347E-035  5.30834160E-032  1.86522827E-031
  5.178060E+03  2.25494576E-031  8.76016564E-035  4.96758141E-032  1.75731160E-031
  5.248070E+03  2.12102544E-031  8.20137691E-035  4.64828493E-032  1.65537680E-031
  5.319040E+03  1.99475183E-031  7.67800983E-035  4.34906512E-032  1.55907752E-031
  5.390970E+03  1.87571397E-031  7.18792985E-035  4.06871560E-032  1.46812362E-031
  5.463870E+03  1.76351166E-031  6.72904424E-035  3.80608122E-032  1.38223063E-031
  5.537750E+03  1.65776728E-031  6.29938322E-035  3.56007227E-032  1.30113011E-031
  5.612630E+03  1.55811047E-031  5.89706593E-035  3.32964848E-032  1.22455592E-031
  5.688530E+03  1.46419701E-031  5.52032449E-035  3.11383299E-032  1.15226168E-031
  5.765450E+03  1.37571565E-031  5.16759965E-035  2.91174019E-032  1.08402488E-031
  5.843410E+03  1.29235600E-031  4.83734391E-035  2.72250601E-032  1.01962167E-031
  5.922430E+03  1.21382779E-031  4.52810756E-035  2.54532834E-032  9.58842141E-032
  6.002520E+03  1.13986050E-031  4.23857141E-035  2.37945543E-032  9.01491097E-032
  6.083680E+03  1.07020532E-031  3.96753796E-035  2.22419796E-032  8.47388767E-032
  6.165950E+03  1.00460564E-031  3.71374427E-035  2.07886827E-032  7.96347435E-032
  6.249330E+03  9.43867379E-032  3.47614501E-035  1.94285622E-032  7.49234142E-032
  6.333830E+03  8.87310517E-032  3.25372030E-035  1.81558228E-032  7.05426917E-032
  6.419480E+03  8.34015542E-032  3.04547014E-035  1.69648394E-032  6.64062601E-032
  6.506290E+03  7.83801118E-032  2.85050632E-035  1.58505364E-032  6.25010703E-032
  6.594270E+03  7.36495644E-032  2.66799727E-035  1.48080860E-032  5.88147985E-032
  6.683440E+03  6.91934857E-032  2.49714111E-035  1.38329556E-032  5.53355587E-032
  6.773820E+03  6.49960748E-032  2.33718941E-035  1.29208545E-032  5.20518484E-032
  6.865410E+03  6.10432537E-032  2.18747355E-035  1.20678546E-032  4.89535243E-032
  6.958250E+03  5.73205565E-032  2.04730728E-035  1.12701241E-032  4.60299594E-032
  7.052340E+03  5.38706529E-032  1.91610514E-035  1.05242062E-032  4.33272856E-032
  7.147710E+03  5.06645546E-032  1.79328021E-035  9.82675615E-033  4.08198657E-032
  7.244360E+03  4.76433547E-032  1.67831967E-035  9.17475711E-033  3.84518144E-032
  7.342320E+03  4.47964355E-032  1.57070664E-035  8.56525627E-033  3.62154721E-032
  7.441610E+03  4.21139244E-032  1.46997130E-035  7.99552906E-033  3.41036956E-032
  7.542230E+03  3.95868280E-032  1.37569216E-035  7.46309643E-033  3.21099746E-032
  7.644220E+03  3.72059790E-032  1.28743768E-035  6.96548530E-033  3.02276193E-032
  7.747590E+03  3.49632711E-032  1.20483057E-035  6.50049678E-033  2.84507260E-032
  7.852360E+03  3.28508467E-032  1.12750991E-035  6.06602572E-033  2.67735459E-032
  7.958540E+03  3.08614050E-032  1.05514342E-035  5.66012881E-033  2.51907247E-032
  8.066160E+03  2.89878682E-032  9.87409315E-036  5.28093666E-033  2.36970574E-032
  8.175230E+03  2.72237147E-032  9.24015928E-036  4.92674738E-033  2.22877272E-032
  8.285780E+03  2.55626339E-032  8.64681291E-036  4.59592238E-033  2.09580647E-032
  8.397820E+03  2.39988367E-032  8.09150253E-036  4.28696499E-033  1.97037802E-032
  8.511380E+03  2.25267090E-032  7.57175343E-036  3.99844297E-033  1.85206943E-032
  8.626470E+03  2.11410802E-032  7.08534417E-036  3.72903972E-033  1.74049552E-032
  8.743120E+03  1.98369416E-032  6.63009936E-036  3.47750416E-033  1.63528073E-032
  8.861350E+03  1.86096424E-032  6.20403714E-036  3.24267149E-033  1.53607668E-032
  8.981180E+03  1.74547751E-032  5.80529085E-036  3.02345344E-033  1.44255164E-032
  9.102630E+03  1.63928386E-032  5.43212722E-036  2.81883229E-033  1.35685741E-032
  9.225710E+03  1.53967467E-032  5.08293115E-036  2.62786533E-033  1.27637985E-032
  9.350470E+03  1.44588449E-032  4.75609846E-036  2.44962990E-033  1.20044589E-032
  9.476910E+03  1.35759107E-032  4.45025674E-036  2.28331349E-033  1.12881470E-032
  9.605060E+03  1.27447671E-032  4.16404598E-036  2.12812592E-033  1.06124771E-032
  9.734940E+03  1.19624693E-032  3.89621163E-036  1.98333552E-033  9.97523761E-033
  9.866580E+03  1.12261945E-032  3.64556527E-036  1.84825578E-033  9.37429318E-033
  1.000000E+04  1.05331036E-032  3.41101435E-036  1.72224661E-033  8.80744599E-033
