# DH21 astrodust SED for Mathis ISRF, U = 1.585
# Enthalpy stage: S1
# columns: lambda[um]    lambda*I_lambda / N_H [erg s^-1 cm^-2 sr^-1 H^-1]
  9.120000E-02  3.04285185E-062
  9.226000E-02  8.09637911E-062
  9.332000E-02  3.51243701E-061
  9.441000E-02  9.24548952E-061
  9.550000E-02  2.37851482E-060
  9.661000E-02  6.46046400E-060
  9.772000E-02  1.61990105E-059
  9.886000E-02  4.10526727E-059
  1.000000E-01  1.01018013E-058
  1.012000E-01  2.54700499E-058
  1.023000E-01  5.83287311E-058
  1.035000E-01  1.40876365E-057
  1.047000E-01  3.32961488E-057
  1.059000E-01  7.70848966E-057
  1.072000E-01  1.87032537E-056
  1.084000E-01  4.15372588E-056
  1.097000E-01  9.64932236E-056
  1.109000E-01  2.06142149E-055
  1.122000E-01  4.60025016E-055
  1.135000E-01  1.00722854E-054
  1.148000E-01  2.16543869E-054
  1.161000E-01  4.56450638E-054
  1.175000E-01  9.97022974E-054
  1.189000E-01  2.13347526E-053
  1.202000E-01  4.24896989E-053
  1.216000E-01  8.75907862E-053
  1.230000E-01  1.77325531E-052
  1.244000E-01  3.52999021E-052
  1.259000E-01  7.25080329E-052
  1.274000E-01  1.46131108E-051
  1.288000E-01  2.76445369E-051
  1.303000E-01  5.38091578E-051
  1.318000E-01  1.03097707E-050
  1.333000E-01  1.94213909E-050
  1.349000E-01  3.74455389E-050
  1.365000E-01  7.08703602E-050
  1.380000E-01  1.26609603E-049
  1.396000E-01  2.29637710E-049
  1.412000E-01  4.09389755E-049
  1.429000E-01  7.42697722E-049
  1.445000E-01  1.27801602E-048
  1.462000E-01  2.23226247E-048
  1.479000E-01  3.82873666E-048
  1.496000E-01  6.46576396E-048
  1.514000E-01  1.10670160E-047
  1.531000E-01  1.80765773E-047
  1.549000E-01  2.98410600E-047
  1.567000E-01  4.87078367E-047
  1.585000E-01  7.84471986E-047
  1.603000E-01  1.24635852E-046
  1.622000E-01  2.00390381E-046
  1.641000E-01  3.17526906E-046
  1.660000E-01  5.00145713E-046
  1.679000E-01  7.88497636E-046
  1.698000E-01  1.23186058E-045
  1.718000E-01  1.95269249E-045
  1.738000E-01  3.07144997E-045
  1.758000E-01  4.80181714E-045
  1.778000E-01  7.40443711E-045
  1.799000E-01  1.13875221E-044
  1.820000E-01  1.73377273E-044
  1.841000E-01  2.61634833E-044
  1.862000E-01  3.91678161E-044
  1.884000E-01  5.93645103E-044
  1.905000E-01  8.78067408E-044
  1.928000E-01  1.37714385E-043
  1.950000E-01  2.11378159E-043
  1.972000E-01  3.23037139E-043
  1.995000E-01  5.01194742E-043
  2.018000E-01  7.74481284E-043
  2.042000E-01  1.21437223E-042
  2.065000E-01  1.86122138E-042
  2.089000E-01  2.83153907E-042
  2.113000E-01  4.26269260E-042
  2.138000E-01  6.46488820E-042
  2.163000E-01  9.71138335E-042
  2.188000E-01  1.44544549E-041
  2.213000E-01  2.13233329E-041
  2.239000E-01  3.16631439E-041
  2.265000E-01  4.65960616E-041
  2.291000E-01  6.79953312E-041
  2.317000E-01  9.84101824E-041
  2.344000E-01  1.43204359E-040
  2.371000E-01  2.06605396E-040
  2.399000E-01  2.99323535E-040
  2.427000E-01  4.29817577E-040
  2.455000E-01  6.12155418E-040
  2.483000E-01  8.64745762E-040
  2.512000E-01  1.22714466E-039
  2.541000E-01  1.72702889E-039
  2.570000E-01  2.41097209E-039
  2.600000E-01  3.37708334E-039
  2.630000E-01  4.69197029E-039
  2.661000E-01  6.53744723E-039
  2.691000E-01  8.94178712E-039
  2.723000E-01  1.23909916E-038
  2.754000E-01  1.68663112E-038
  2.786000E-01  2.30107342E-038
  2.818000E-01  3.11655741E-038
  2.851000E-01  4.22835798E-038
  2.884000E-01  5.69507618E-038
  2.917000E-01  7.61681296E-038
  2.951000E-01  1.02018631E-037
  2.985000E-01  1.35718989E-037
  3.020000E-01  1.80755732E-037
  3.055000E-01  2.39089508E-037
  3.090000E-01  3.14136111E-037
  3.126000E-01  4.13132698E-037
  3.162000E-01  5.39750208E-037
  3.199000E-01  7.05895681E-037
  3.236000E-01  9.17112752E-037
  3.273000E-01  1.18387568E-036
  3.311000E-01  1.52951616E-036
  3.350000E-01  1.97670688E-036
  3.388000E-01  2.52258194E-036
  3.428000E-01  3.24091376E-036
  3.467000E-01  4.11326556E-036
  3.507000E-01  5.22214398E-036
  3.548000E-01  6.63007027E-036
  3.589000E-01  8.36880904E-036
  3.631000E-01  1.05636466E-035
  3.673000E-01  1.32563989E-035
  3.715000E-01  1.65485114E-035
  3.758000E-01  2.06519185E-035
  3.802000E-01  2.57690016E-035
  3.846000E-01  3.19749442E-035
  3.891000E-01  3.96618465E-035
  3.936000E-01  4.89454322E-035
  3.981000E-01  6.00858275E-035
  4.027000E-01  7.37337339E-035
  4.074000E-01  9.04208242E-035
  4.121000E-01  1.10329012E-034
  4.169000E-01  1.34544085E-034
  4.217000E-01  1.63289361E-034
  4.266000E-01  1.98032945E-034
  4.315000E-01  2.39057075E-034
  4.365000E-01  2.88283256E-034
  4.416000E-01  3.47421309E-034
  4.467000E-01  4.16773289E-034
  4.519000E-01  4.99454339E-034
  4.571000E-01  5.95985340E-034
  4.624000E-01  7.10373199E-034
  4.677000E-01  8.43280827E-034
  4.732000E-01  1.00303350E-033
  4.786000E-01  1.18438575E-033
  4.842000E-01  1.40144069E-033
  4.898000E-01  1.65131208E-033
  4.954000E-01  1.93804887E-033
  5.012000E-01  2.27825838E-033
  5.070000E-01  2.66807213E-033
  5.129000E-01  3.12053840E-033
  5.188000E-01  3.63558227E-033
  5.248000E-01  4.23030988E-033
  5.309000E-01  4.91659758E-033
  5.370000E-01  5.69291149E-033
  5.433000E-01  6.59952419E-033
  5.495000E-01  7.60552499E-033
  5.559000E-01  8.77307522E-033
  5.623000E-01  1.00852612E-032
  5.688000E-01  1.15789017E-032
  5.754000E-01  1.32762899E-032
  5.821000E-01  1.52019953E-032
  5.888000E-01  1.73492242E-032
  5.957000E-01  1.98114143E-032
  6.026000E-01  2.25471904E-032
  6.095000E-01  2.55814311E-032
  6.166000E-01  2.90353882E-032
  6.237000E-01  3.28472001E-032
  6.310000E-01  3.71805678E-032
  6.383000E-01  4.19468287E-032
  6.457000E-01  4.72588271E-032
  6.531000E-01  5.30867995E-032
  6.607000E-01  5.96552221E-032
  6.683000E-01  6.68476409E-032
  6.761000E-01  7.49086356E-032
  6.839000E-01  8.37100060E-032
  6.918000E-01  9.34108245E-032
  6.998000E-01  1.04100412E-031
  7.079000E-01  1.15844882E-031
  7.161000E-01  1.28736219E-031
  7.244000E-01  1.42899389E-031
  7.328000E-01  1.58361901E-031
  7.413000E-01  1.75254427E-031
  7.499000E-01  1.93680402E-031
  7.586000E-01  2.13763666E-031
  7.674000E-01  2.35586729E-031
  7.763000E-01  2.59301156E-031
  7.852000E-01  2.84742071E-031
  7.943000E-01  3.12555318E-031
  8.035000E-01  3.42653535E-031
  8.128000E-01  3.75105704E-031
  8.222000E-01  4.10049925E-031
  8.318000E-01  4.48060367E-031
  8.414000E-01  4.88524867E-031
  8.511000E-01  5.31904652E-031
  8.610000E-01  5.78912072E-031
  8.710000E-01  6.29191327E-031
  8.810000E-01  6.82544980E-031
  8.913000E-01  7.40521098E-031
  9.016000E-01  8.01868790E-031
  9.120000E-01  8.67332691E-031
  9.226000E-01  9.37470655E-031
  9.333000E-01  1.01222140E-030
  9.441000E-01  1.09127542E-030
  9.550000E-01  1.17529748E-030
  9.661000E-01  1.26482618E-030
  9.772000E-01  1.35812731E-030
  9.886000E-01  1.45614723E-030
  1.000000E+00  1.56040446E-030
  1.012000E+00  1.68411785E-030
  1.023000E+00  1.80338243E-030
  1.035000E+00  1.93974790E-030
  1.047000E+00  2.08335484E-030
  1.059000E+00  2.23390871E-030
  1.071000E+00  2.39138636E-030
  1.084000E+00  2.57089118E-030
  1.097000E+00  2.75879142E-030
  1.109000E+00  2.94014650E-030
  1.122000E+00  3.14554145E-030
  1.135000E+00  3.36050269E-030
  1.148000E+00  3.58438061E-030
  1.161000E+00  3.81811406E-030
  1.175000E+00  4.08024008E-030
  1.189000E+00  4.35375815E-030
  1.202000E+00  4.61659099E-030
  1.216000E+00  4.91061396E-030
  1.230000E+00  5.21465586E-030
  1.245000E+00  5.55183648E-030
  1.259000E+00  5.87610762E-030
  1.273000E+00  6.20914735E-030
  1.288000E+00  6.57714580E-030
  1.303000E+00  6.95440187E-030
  1.318000E+00  7.34245426E-030
  1.334000E+00  7.76843226E-030
  1.349000E+00  8.17596000E-030
  1.365000E+00  8.62254582E-030
  1.380000E+00  9.05003143E-030
  1.396000E+00  9.51689274E-030
  1.413000E+00  1.00246573E-029
  1.429000E+00  1.05125290E-029
  1.445000E+00  1.10090381E-029
  1.462000E+00  1.15471186E-029
  1.479000E+00  1.20958068E-029
  1.496000E+00  1.26555617E-029
  1.514000E+00  1.32590281E-029
  1.531000E+00  1.38415755E-029
  1.549000E+00  1.44673889E-029
  1.567000E+00  1.51023052E-029
  1.585000E+00  1.57495319E-029
  1.603000E+00  1.64102452E-029
  1.622000E+00  1.71173287E-029
  1.641000E+00  1.78365038E-029
  1.660000E+00  1.85695102E-029
  1.679000E+00  1.93148312E-029
  1.698000E+00  2.00725167E-029
  1.718000E+00  2.08842101E-029
  1.738000E+00  2.17116651E-029
  1.758000E+00  2.25518957E-029
  1.778000E+00  2.34103520E-029
  1.799000E+00  2.43265023E-029
  1.820000E+00  2.52605211E-029
  1.841000E+00  2.62124680E-029
  1.862000E+00  2.71818349E-029
  1.884000E+00  2.82180725E-029
  1.906000E+00  2.92716999E-029
  1.928000E+00  3.03491353E-029
  1.950000E+00  3.14464321E-029
  1.972000E+00  3.25622208E-029
  1.995000E+00  3.37501979E-029
  2.018000E+00  3.49589711E-029
  2.042000E+00  3.62445257E-029
  2.065000E+00  3.74955417E-029
  2.089000E+00  3.88189896E-029
  2.114000E+00  4.02169189E-029
  2.138000E+00  4.15714323E-029
  2.163000E+00  4.30015342E-029
  2.188000E+00  4.44338734E-029
  2.213000E+00  4.58870420E-029
  2.239000E+00  4.73983368E-029
  2.265000E+00  4.89227671E-029
  2.291000E+00  5.04577858E-029
  2.317000E+00  5.19993244E-029
  2.344000E+00  5.35995782E-029
  2.371000E+00  5.52545925E-029
  2.399000E+00  5.69682196E-029
  2.427000E+00  5.86833867E-029
  2.455000E+00  6.03935302E-029
  2.483000E+00  6.21020510E-029
  2.512000E+00  6.39269372E-029
  2.541000E+00  6.57422738E-029
  2.570000E+00  6.75511638E-029
  2.600000E+00  6.94819596E-029
  2.630000E+00  7.14007223E-029
  2.661000E+00  7.34422026E-029
  2.691000E+00  7.53442241E-029
  2.723000E+00  7.74951280E-029
  2.754000E+00  7.95043011E-029
  2.786000E+00  8.16298837E-029
  2.818000E+00  8.38107039E-029
  2.851000E+00  8.60366033E-029
  2.884000E+00  8.83233135E-029
  2.917000E+00  9.05876356E-029
  2.951000E+00  9.29673106E-029
  2.985000E+00  9.53291640E-029
  3.020000E+00  9.77973453E-029
  3.055000E+00  1.00173629E-028
  3.090000E+00  1.02447925E-028
  3.126000E+00  1.04763086E-028
  3.162000E+00  1.06906963E-028
  3.199000E+00  1.09088015E-028
  3.236000E+00  1.11183974E-028
  3.273000E+00  1.13208992E-028
  3.311000E+00  1.15510268E-028
  3.350000E+00  1.20457411E-028
  3.388000E+00  1.28636194E-028
  3.428000E+00  1.30466248E-028
  3.467000E+00  1.31967894E-028
  3.507000E+00  1.30613275E-028
  3.548000E+00  1.30165881E-028
  3.589000E+00  1.28447334E-028
  3.631000E+00  1.28642262E-028
  3.673000E+00  1.30078796E-028
  3.715000E+00  1.31587583E-028
  3.758000E+00  1.33066492E-028
  3.802000E+00  1.34624319E-028
  3.846000E+00  1.36212801E-028
  3.891000E+00  1.37734480E-028
  3.935000E+00  1.39257040E-028
  3.981000E+00  1.40894172E-028
  4.027000E+00  1.42494896E-028
  4.074000E+00  1.44102882E-028
  4.121000E+00  1.45752614E-028
  4.169000E+00  1.47398443E-028
  4.217000E+00  1.49087182E-028
  4.266000E+00  1.50853927E-028
  4.315000E+00  1.52580866E-028
  4.365000E+00  1.54396667E-028
  4.416000E+00  1.56197087E-028
  4.467000E+00  1.58048191E-028
  4.519000E+00  1.59965934E-028
  4.571000E+00  1.61851794E-028
  4.624000E+00  1.63814539E-028
  4.677000E+00  1.65721207E-028
  4.732000E+00  1.67739277E-028
  4.786000E+00  1.69676944E-028
  4.842000E+00  1.71641762E-028
  4.898000E+00  1.73638982E-028
  4.955000E+00  1.75614372E-028
  5.012000E+00  1.77544386E-028
  5.070000E+00  1.79459729E-028
  5.129000E+00  1.81372863E-028
  5.188000E+00  1.83229135E-028
  5.248000E+00  1.85068021E-028
  5.309000E+00  1.86904037E-028
  5.370000E+00  1.88679095E-028
  5.432000E+00  1.90452176E-028
  5.495000E+00  1.92291125E-028
  5.559000E+00  1.94042220E-028
  5.623000E+00  1.95732911E-028
  5.688000E+00  1.97433800E-028
  5.754000E+00  1.99102774E-028
  5.821000E+00  2.00683248E-028
  5.888000E+00  2.02317914E-028
  5.957000E+00  2.03955215E-028
  6.026000E+00  2.05566055E-028
  6.095000E+00  2.07053584E-028
  6.166000E+00  2.08655691E-028
  6.237000E+00  2.10135435E-028
  6.310000E+00  2.11630419E-028
  6.383000E+00  2.13118901E-028
  6.457000E+00  2.14604117E-028
  6.531000E+00  2.15985424E-028
  6.607000E+00  2.17416455E-028
  6.683000E+00  2.18777955E-028
  6.761000E+00  2.20432610E-028
  6.839000E+00  2.26327565E-028
  6.918000E+00  2.23778454E-028
  6.998000E+00  2.24193669E-028
  7.080000E+00  2.25444904E-028
  7.161000E+00  2.26745106E-028
  7.244000E+00  2.28018550E-028
  7.328000E+00  2.29183924E-028
  7.413000E+00  2.30422386E-028
  7.499000E+00  2.31669901E-028
  7.586000E+00  2.32780103E-028
  7.674000E+00  2.33969970E-028
  7.762000E+00  2.34428602E-028
  7.852000E+00  2.35921578E-028
  7.943000E+00  2.39610853E-028
  8.035000E+00  2.45904137E-028
  8.128000E+00  2.54785762E-028
  8.222000E+00  2.66947463E-028
  8.318000E+00  2.85921605E-028
  8.414000E+00  3.03685448E-028
  8.511000E+00  3.20619446E-028
  8.610000E+00  3.30954869E-028
  8.710000E+00  3.49276396E-028
  8.811000E+00  3.84124502E-028
  8.913000E+00  4.19827147E-028
  9.016000E+00  4.53201149E-028
  9.120000E+00  4.89403355E-028
  9.226000E+00  5.27463491E-028
  9.333000E+00  5.62619395E-028
  9.441000E+00  5.91167119E-028
  9.550000E+00  6.12444363E-028
  9.660000E+00  6.26488631E-028
  9.772000E+00  6.33589712E-028
  9.885000E+00  6.33584213E-028
  1.000000E+01  6.26719772E-028
  1.012000E+01  6.13081961E-028
  1.023000E+01  5.97150498E-028
  1.035000E+01  5.78991144E-028
  1.047000E+01  5.61682553E-028
  1.059000E+01  5.45172960E-028
  1.072000E+01  5.27992931E-028
  1.084000E+01  5.12469344E-028
  1.097000E+01  4.95363910E-028
  1.109000E+01  4.78886316E-028
  1.122000E+01  4.59562825E-028
  1.135000E+01  4.38604520E-028
  1.148000E+01  4.20285328E-028
  1.161000E+01  4.04228683E-028
  1.175000E+01  3.88350381E-028
  1.189000E+01  3.72684375E-028
  1.202000E+01  3.57709561E-028
  1.216000E+01  3.41968061E-028
  1.230000E+01  3.27996237E-028
  1.244000E+01  3.17145667E-028
  1.259000E+01  3.10503878E-028
  1.273000E+01  3.08815472E-028
  1.288000E+01  3.09605610E-028
  1.303000E+01  3.09556594E-028
  1.318000E+01  3.10205985E-028
  1.334000E+01  3.11004875E-028
  1.349000E+01  3.11735851E-028
  1.365000E+01  3.12889317E-028
  1.380000E+01  3.14395843E-028
  1.396000E+01  3.16631526E-028
  1.412000E+01  3.19563870E-028
  1.429000E+01  3.23500594E-028
  1.445000E+01  3.28131553E-028
  1.462000E+01  3.34139773E-028
  1.479000E+01  3.41437031E-028
  1.496000E+01  3.50046412E-028
  1.514000E+01  3.60377727E-028
  1.531000E+01  3.71197572E-028
  1.549000E+01  3.83636240E-028
  1.567000E+01  3.96799333E-028
  1.585000E+01  4.10464632E-028
  1.603000E+01  4.24530447E-028
  1.622000E+01  4.39433419E-028
  1.641000E+01  4.54202128E-028
  1.660000E+01  4.68485729E-028
  1.679000E+01  4.82052932E-028
  1.698000E+01  4.94562432E-028
  1.718000E+01  5.06446305E-028
  1.738000E+01  5.17000776E-028
  1.758000E+01  5.26262351E-028
  1.778000E+01  5.34141202E-028
  1.799000E+01  5.41031914E-028
  1.820000E+01  5.46504539E-028
  1.841000E+01  5.50446446E-028
  1.862000E+01  5.53005917E-028
  1.884000E+01  5.54130108E-028
  1.906000E+01  5.53687021E-028
  1.927000E+01  5.52471230E-028
  1.950000E+01  5.49964146E-028
  1.972000E+01  5.47026165E-028
  1.995000E+01  5.43667581E-028
  2.018000E+01  5.42034695E-028
  2.042000E+01  5.40894676E-028
  2.065000E+01  5.40629209E-028
  2.089000E+01  5.41209672E-028
  2.114000E+01  5.42436888E-028
  2.138000E+01  5.43803591E-028
  2.163000E+01  5.45446910E-028
  2.188000E+01  5.47125429E-028
  2.213000E+01  5.48500571E-028
  2.239000E+01  5.49332728E-028
  2.265000E+01  5.50287149E-028
  2.291000E+01  5.51073544E-028
  2.317000E+01  5.51617308E-028
  2.344000E+01  5.53350115E-028
  2.371000E+01  5.55504209E-028
  2.399000E+01  5.58757108E-028
  2.427000E+01  5.62860770E-028
  2.455000E+01  5.68173711E-028
  2.483000E+01  5.74146606E-028
  2.512000E+01  5.81295661E-028
  2.541000E+01  5.90008017E-028
  2.570000E+01  5.99767780E-028
  2.600000E+01  6.10707540E-028
  2.630000E+01  6.22914029E-028
  2.661000E+01  6.36834606E-028
  2.692000E+01  6.52494571E-028
  2.723000E+01  6.68901655E-028
  2.754000E+01  6.87180763E-028
  2.786000E+01  7.07254747E-028
  2.818000E+01  7.29002661E-028
  2.851000E+01  7.53145124E-028
  2.884000E+01  7.79043796E-028
  2.917000E+01  8.07103309E-028
  2.951000E+01  8.37425672E-028
  2.985000E+01  8.70375393E-028
  3.020000E+01  9.06600229E-028
  3.055000E+01  9.44789026E-028
  3.090000E+01  9.85377768E-028
  3.126000E+01  1.02974083E-027
  3.162000E+01  1.07707087E-027
  3.199000E+01  1.12865843E-027
  3.236000E+01  1.18240857E-027
  3.273000E+01  1.24015661E-027
  3.311000E+01  1.30373127E-027
  3.350000E+01  1.37110375E-027
  3.388000E+01  1.44032744E-027
  3.428000E+01  1.51829603E-027
  3.467000E+01  1.59841238E-027
  3.508000E+01  1.68637374E-027
  3.548000E+01  1.77761978E-027
  3.589000E+01  1.87638754E-027
  3.631000E+01  1.98292052E-027
  3.673000E+01  2.09349115E-027
  3.715000E+01  2.21168915E-027
  3.758000E+01  2.33840796E-027
  3.802000E+01  2.47339869E-027
  3.846000E+01  2.61703978E-027
  3.890000E+01  2.76791099E-027
  3.935000E+01  2.92991007E-027
  3.981000E+01  3.10380664E-027
  4.027000E+01  3.28878824E-027
  4.074000E+01  3.48284026E-027
  4.121000E+01  3.69113426E-027
  4.169000E+01  3.91479386E-027
  4.217000E+01  4.14685844E-027
  4.266000E+01  4.39557952E-027
  4.315000E+01  4.65940263E-027
  4.365000E+01  4.94195446E-027
  4.416000E+01  5.24450454E-027
  4.467000E+01  5.56594571E-027
  4.519000E+01  5.90191589E-027
  4.571000E+01  6.26219456E-027
  4.624000E+01  6.64776233E-027
  4.677000E+01  7.05199136E-027
  4.731000E+01  7.48374569E-027
  4.786000E+01  7.94474044E-027
  4.842000E+01  8.43085859E-027
  4.898000E+01  8.95847474E-027
  4.954000E+01  9.49812463E-027
  5.012000E+01  1.00851607E-026
  5.070000E+01  1.07069289E-026
  5.129000E+01  1.13677969E-026
  5.188000E+01  1.20597720E-026
  5.248000E+01  1.27938281E-026
  5.309000E+01  1.35745139E-026
  5.370000E+01  1.43972302E-026
  5.433000E+01  1.52849406E-026
  5.495000E+01  1.61946742E-026
  5.559000E+01  1.71739061E-026
  5.623000E+01  1.81929619E-026
  5.688000E+01  1.92797425E-026
  5.754000E+01  2.04167116E-026
  5.821000E+01  2.16268795E-026
  5.888000E+01  2.28840763E-026
  5.957000E+01  2.42254365E-026
  6.026000E+01  2.56305998E-026
  6.095000E+01  2.70689271E-026
  6.166000E+01  2.86157256E-026
  6.237000E+01  3.01914483E-026
  6.310000E+01  3.18849413E-026
  6.383000E+01  3.36277375E-026
  6.457000E+01  3.54715746E-026
  6.531000E+01  3.73399058E-026
  6.607000E+01  3.93373748E-026
  6.683000E+01  4.13564725E-026
  6.761000E+01  4.35085871E-026
  6.839000E+01  4.57076179E-026
  6.918000E+01  4.79841621E-026
  6.998000E+01  5.03319023E-026
  7.079000E+01  5.27553272E-026
  7.161000E+01  5.52907616E-026
  7.244000E+01  5.78556694E-026
  7.328000E+01  6.05316204E-026
  7.413000E+01  6.32709972E-026
  7.499000E+01  6.60337412E-026
  7.586000E+01  6.89046087E-026
  7.674000E+01  7.18372947E-026
  7.762000E+01  7.48333101E-026
  7.852000E+01  7.78595219E-026
  7.943000E+01  8.09456613E-026
  8.035000E+01  8.41220006E-026
  8.128000E+01  8.72718825E-026
  8.222000E+01  9.05293248E-026
  8.318000E+01  9.37803351E-026
  8.414000E+01  9.70842323E-026
  8.511000E+01  1.00396513E-025
  8.610000E+01  1.03758407E-025
  8.710000E+01  1.07133795E-025
  8.811000E+01  1.10493832E-025
  8.912000E+01  1.13834376E-025
  9.016000E+01  1.17295214E-025
  9.120000E+01  1.20612947E-025
  9.226000E+01  1.23941536E-025
  9.332000E+01  1.27292490E-025
  9.441000E+01  1.30590131E-025
  9.550000E+01  1.33882626E-025
  9.661000E+01  1.37158132E-025
  9.772000E+01  1.40265941E-025
  9.886000E+01  1.43440249E-025
  1.000000E+02  1.46522625E-025
  1.012000E+02  1.49651775E-025
  1.023000E+02  1.52422561E-025
  1.035000E+02  1.55336704E-025
  1.047000E+02  1.58108478E-025
  1.059000E+02  1.60792321E-025
  1.072000E+02  1.63531866E-025
  1.084000E+02  1.65937868E-025
  1.097000E+02  1.68500332E-025
  1.109000E+02  1.70660780E-025
  1.122000E+02  1.72832241E-025
  1.135000E+02  1.74867594E-025
  1.148000E+02  1.76887557E-025
  1.161000E+02  1.78639262E-025
  1.175000E+02  1.80476409E-025
  1.188000E+02  1.81971772E-025
  1.202000E+02  1.83489573E-025
  1.216000E+02  1.84736023E-025
  1.230000E+02  1.85990814E-025
  1.244000E+02  1.87044790E-025
  1.259000E+02  1.87945951E-025
  1.273000E+02  1.88729761E-025
  1.288000E+02  1.89403502E-025
  1.303000E+02  1.89942757E-025
  1.318000E+02  1.90234573E-025
  1.334000E+02  1.90488211E-025
  1.349000E+02  1.90610448E-025
  1.365000E+02  1.90582169E-025
  1.380000E+02  1.90430930E-025
  1.396000E+02  1.90127837E-025
  1.412000E+02  1.89718510E-025
  1.429000E+02  1.89133959E-025
  1.445000E+02  1.88478810E-025
  1.462000E+02  1.87646630E-025
  1.479000E+02  1.86723507E-025
  1.496000E+02  1.85668608E-025
  1.514000E+02  1.84471381E-025
  1.531000E+02  1.83219950E-025
  1.549000E+02  1.81832770E-025
  1.567000E+02  1.80330500E-025
  1.585000E+02  1.78769707E-025
  1.603000E+02  1.77234184E-025
  1.622000E+02  1.75394024E-025
  1.641000E+02  1.73511227E-025
  1.660000E+02  1.71594319E-025
  1.679000E+02  1.69552540E-025
  1.698000E+02  1.67647288E-025
  1.718000E+02  1.65413204E-025
  1.738000E+02  1.63165107E-025
  1.758000E+02  1.60908126E-025
  1.778000E+02  1.58711183E-025
  1.799000E+02  1.56251262E-025
  1.820000E+02  1.53799694E-025
  1.841000E+02  1.51407914E-025
  1.862000E+02  1.48897407E-025
  1.884000E+02  1.46291209E-025
  1.906000E+02  1.43748875E-025
  1.928000E+02  1.41168786E-025
  1.950000E+02  1.38565853E-025
  1.972000E+02  1.36050682E-025
  1.995000E+02  1.33372424E-025
  2.018000E+02  1.30700807E-025
  2.042000E+02  1.28006281E-025
  2.065000E+02  1.25390989E-025
  2.089000E+02  1.22766540E-025
  2.114000E+02  1.19970335E-025
  2.138000E+02  1.17422227E-025
  2.163000E+02  1.14717198E-025
  2.188000E+02  1.12038915E-025
  2.213000E+02  1.09507798E-025
  2.239000E+02  1.06834057E-025
  2.265000E+02  1.04268110E-025
  2.291000E+02  1.01709938E-025
  2.317000E+02  9.92589143E-026
  2.344000E+02  9.66873633E-026
  2.371000E+02  9.42259043E-026
  2.399000E+02  9.16960656E-026
  2.427000E+02  8.92769351E-026
  2.455000E+02  8.68794456E-026
  2.483000E+02  8.45570338E-026
  2.512000E+02  8.21825180E-026
  2.541000E+02  7.99153671E-026
  2.570000E+02  7.76801169E-026
  2.600000E+02  7.54433915E-026
  2.630000E+02  7.32437799E-026
  2.661000E+02  7.10798847E-026
  2.691000E+02  6.90258756E-026
  2.723000E+02  6.69043681E-026
  2.754000E+02  6.49372016E-026
  2.786000E+02  6.29193816E-026
  2.818000E+02  6.10299000E-026
  2.851000E+02  5.90965452E-026
  2.884000E+02  5.72329355E-026
  2.917000E+02  5.54142536E-026
  2.951000E+02  5.36622952E-026
  2.985000E+02  5.19053681E-026
  3.020000E+02  5.02129680E-026
  3.055000E+02  4.85755922E-026
  3.090000E+02  4.69611895E-026
  3.126000E+02  4.54105907E-026
  3.162000E+02  4.38600104E-026
  3.199000E+02  4.23737005E-026
  3.236000E+02  4.09111349E-026
  3.273000E+02  3.95273880E-026
  3.311000E+02  3.81760652E-026
  3.350000E+02  3.68140694E-026
  3.388000E+02  3.55419923E-026
  3.428000E+02  3.42470574E-026
  3.467000E+02  3.30725076E-026
  3.508000E+02  3.18657427E-026
  3.548000E+02  3.07294261E-026
  3.589000E+02  2.96129931E-026
  3.631000E+02  2.85115250E-026
  3.673000E+02  2.74724417E-026
  3.715000E+02  2.64896457E-026
  3.758000E+02  2.54903649E-026
  3.802000E+02  2.45415617E-026
  3.846000E+02  2.36014303E-026
  3.890000E+02  2.27287542E-026
  3.935000E+02  2.18728887E-026
  3.981000E+02  2.10331350E-026
  4.027000E+02  2.02301084E-026
  4.074000E+02  1.94433834E-026
  4.121000E+02  1.87032674E-026
  4.169000E+02  1.79683819E-026
  4.217000E+02  1.72641391E-026
  4.266000E+02  1.65988934E-026
  4.315000E+02  1.59523317E-026
  4.365000E+02  1.53109527E-026
  4.416000E+02  1.47064403E-026
  4.467000E+02  1.41186476E-026
  4.519000E+02  1.35559256E-026
  4.571000E+02  1.30186312E-026
  4.624000E+02  1.24873561E-026
  4.677000E+02  1.19882181E-026
  4.731000E+02  1.15106699E-026
  4.786000E+02  1.10314826E-026
  4.842000E+02  1.05813160E-026
  4.898000E+02  1.01451610E-026
  4.955000E+02  9.72883297E-027
  5.012000E+02  9.33182831E-027
  5.070000E+02  8.94079703E-027
  5.129000E+02  8.56796410E-027
  5.188000E+02  8.21894070E-027
  5.248000E+02  7.86941945E-027
  5.309000E+02  7.54232286E-027
  5.370000E+02  7.23079729E-027
  5.432000E+02  6.92463505E-027
  5.495000E+02  6.63322956E-027
  5.559000E+02  6.34734905E-027
  5.623000E+02  6.07964680E-027
  5.688000E+02  5.82568638E-027
  5.754000E+02  5.57210663E-027
  5.821000E+02  5.33556269E-027
  5.888000E+02  5.10651487E-027
  5.957000E+02  4.88316762E-027
  6.026000E+02  4.67428003E-027
  6.095000E+02  4.47576590E-027
  6.166000E+02  4.27875175E-027
  6.237000E+02  4.09451413E-027
  6.310000E+02  3.91477434E-027
  6.383000E+02  3.74461313E-027
  6.457000E+02  3.58049960E-027
  6.531000E+02  3.42745117E-027
  6.607000E+02  3.27324715E-027
  6.683000E+02  3.13183871E-027
  6.761000E+02  2.99207120E-027
  6.839000E+02  2.86154644E-027
  6.918000E+02  2.73610026E-027
  6.998000E+02  2.61383373E-027
  7.080000E+02  2.49687453E-027
  7.161000E+02  2.38722691E-027
  7.244000E+02  2.28132556E-027
  7.328000E+02  2.17919977E-027
  7.413000E+02  2.08324272E-027
  7.499000E+02  1.98800120E-027
  7.586000E+02  1.89985112E-027
  7.674000E+02  1.81538729E-027
  7.762000E+02  1.73420204E-027
  7.852000E+02  1.65506092E-027
  7.943000E+02  1.58087404E-027
  8.035000E+02  1.50882189E-027
  8.128000E+02  1.44173841E-027
  8.222000E+02  1.37681252E-027
  8.318000E+02  1.31343581E-027
  8.414000E+02  1.25444265E-027
  8.511000E+02  1.19801034E-027
  8.610000E+02  1.14272255E-027
  8.710000E+02  1.09088411E-027
  8.810000E+02  1.04181476E-027
  8.912000E+02  9.93880946E-028
  9.016000E+02  9.48327851E-028
  9.120000E+02  9.05418257E-028
  9.226000E+02  8.63382534E-028
  9.333000E+02  8.24005900E-028
  9.441000E+02  7.86397278E-028
  9.550000E+02  7.50106697E-028
  9.660000E+02  7.15951990E-028
  9.772000E+02  6.83143573E-028
  9.885000E+02  6.51475935E-028
  1.000000E+03  6.21451264E-028
  1.012000E+03  5.91845207E-028
  1.023000E+03  5.65955135E-028
  1.035000E+03  5.39606334E-028
  1.047000E+03  5.14710908E-028
  1.059000E+03  4.90955246E-028
  1.072000E+03  4.66979303E-028
  1.084000E+03  4.46100789E-028
  1.096000E+03  4.26129748E-028
  1.109000E+03  4.05957487E-028
  1.122000E+03  3.86966705E-028
  1.135000E+03  3.68832836E-028
  1.148000E+03  3.51938448E-028
  1.161000E+03  3.35964596E-028
  1.175000E+03  3.19549215E-028
  1.188000E+03  3.05351484E-028
  1.202000E+03  2.90933021E-028
  1.216000E+03  2.77173355E-028
  1.230000E+03  2.64363780E-028
  1.244000E+03  2.52258077E-028
  1.259000E+03  2.39892584E-028
  1.274000E+03  2.28398970E-028
  1.288000E+03  2.18290135E-028
  1.303000E+03  2.07911007E-028
  1.318000E+03  1.98276323E-028
  1.334000E+03  1.88609060E-028
  1.349000E+03  1.79917126E-028
  1.365000E+03  1.71315422E-028
  1.380000E+03  1.63714722E-028
  1.396000E+03  1.55948373E-028
  1.412000E+03  1.48722385E-028
  1.429000E+03  1.41497535E-028
  1.445000E+03  1.34994055E-028
  1.462000E+03  1.28579170E-028
  1.479000E+03  1.22530616E-028
  1.496000E+03  1.16760116E-028
  1.514000E+03  1.11080743E-028
  1.531000E+03  1.06021548E-028
  1.549000E+03  1.00910860E-028
  1.567000E+03  9.61584743E-029
  1.585000E+03  9.16874229E-029
  1.603000E+03  8.73946413E-029
  1.622000E+03  8.32047226E-029
  1.641000E+03  7.92459943E-029
  1.660000E+03  7.54722304E-029
  1.679000E+03  7.19714800E-029
  1.698000E+03  6.86655702E-029
  1.718000E+03  6.53384191E-029
  1.738000E+03  6.22454374E-029
  1.758000E+03  5.93368668E-029
  1.778000E+03  5.65535700E-029
  1.799000E+03  5.38444786E-029
  1.820000E+03  5.12913769E-029
  1.841000E+03  4.88516037E-029
  1.862000E+03  4.65880174E-029
  1.884000E+03  4.43515362E-029
  1.906000E+03  4.22168200E-029
  1.928000E+03  4.02374607E-029
  1.950000E+03  3.83696377E-029
  1.972000E+03  3.65815081E-029
  1.995000E+03  3.48487088E-029
  2.018000E+03  3.31664426E-029
  2.042000E+03  3.15308824E-029
  2.065000E+03  3.00537639E-029
  2.089000E+03  2.85861583E-029
  2.114000E+03  2.71625983E-029
  2.138000E+03  2.58797197E-029
  2.163000E+03  2.46038882E-029
  2.188000E+03  2.34185919E-029
  2.213000E+03  2.23015734E-029
  2.239000E+03  2.11931564E-029
  2.265000E+03  2.01671441E-029
  2.291000E+03  1.92000577E-029
  2.317000E+03  1.82772071E-029
  2.344000E+03  1.73862187E-029
  2.371000E+03  1.65471919E-029
  2.399000E+03  1.57202722E-029
  2.427000E+03  1.49526147E-029
  2.455000E+03  1.42298510E-029
  2.483000E+03  1.35398192E-029
  2.512000E+03  1.28759587E-029
  2.541000E+03  1.22510690E-029
  2.570000E+03  1.16565575E-029
  2.600000E+03  1.10854449E-029
  2.630000E+03  1.05477408E-029
  2.661000E+03  1.00182289E-029
  2.692000E+03  9.52667957E-030
  2.723000E+03  9.06558799E-030
  2.754000E+03  8.62553022E-030
  2.786000E+03  8.20339469E-030
  2.818000E+03  7.80606241E-030
  2.851000E+03  7.42036273E-030
  2.884000E+03  7.05282664E-030
  2.917000E+03  6.71264863E-030
  2.951000E+03  6.38268471E-030
  2.985000E+03  6.06805913E-030
  3.020000E+03  5.76742603E-030
  3.055000E+03  5.48459546E-030
  3.090000E+03  5.21834952E-030
  3.126000E+03  4.95826843E-030
  3.162000E+03  4.71676764E-030
  3.199000E+03  4.48323858E-030
  3.236000E+03  4.26067383E-030
  3.273000E+03  4.05398622E-030
  3.311000E+03  3.85417199E-030
  3.350000E+03  3.66192053E-030
  3.388000E+03  3.48360922E-030
  3.428000E+03  3.30861709E-030
  3.467000E+03  3.14869834E-030
  3.508000E+03  2.98914755E-030
  3.548000E+03  2.84409712E-030
  3.589000E+03  2.70470186E-030
  3.631000E+03  2.56984548E-030
  3.673000E+03  2.44189637E-030
  3.715000E+03  2.32307406E-030
  3.758000E+03  2.20859566E-030
  3.802000E+03  2.09844658E-030
  3.846000E+03  1.99394633E-030
  3.890000E+03  1.89652531E-030
  3.936000E+03  1.80114072E-030
  3.981000E+03  1.71338498E-030
  4.027000E+03  1.62787987E-030
  4.074000E+03  1.54681942E-030
  4.121000E+03  1.47058190E-030
  4.169000E+03  1.39767830E-030
  4.217000E+03  1.32820562E-030
  4.266000E+03  1.26210963E-030
  4.315000E+03  1.20021252E-030
  4.365000E+03  1.14079381E-030
  4.416000E+03  1.08308501E-030
  4.467000E+03  1.02978274E-030
  4.519000E+03  9.78434211E-031
  4.571000E+03  9.30365459E-031
  4.624000E+03  8.83483689E-031
  4.677000E+03  8.40163200E-031
  4.732000E+03  7.97904759E-031
  4.786000E+03  7.58872906E-031
  4.842000E+03  7.20507154E-031
  4.898000E+03  6.84744635E-031
  4.954000E+03  6.51264114E-031
  5.012000E+03  6.18501418E-031
  5.070000E+03  5.87840566E-031
  5.129000E+03  5.58162930E-031
  5.188000E+03  5.30611801E-031
  5.248000E+03  5.04261783E-031
  5.309000E+03  4.79199108E-031
  5.370000E+03  4.55209727E-031
  5.432000E+03  4.32694091E-031
  5.495000E+03  4.11181523E-031
  5.559000E+03  3.90535731E-031
  5.623000E+03  3.71224518E-031
  5.688000E+03  3.52545129E-031
  5.754000E+03  3.35037592E-031
  5.821000E+03  3.18245418E-031
  5.888000E+03  3.02458734E-031
  5.957000E+03  2.87065635E-031
  6.026000E+03  2.72788622E-031
  6.095000E+03  2.59360067E-031
  6.166000E+03  2.46367803E-031
  6.237000E+03  2.34154861E-031
  6.310000E+03  2.22204603E-031
  6.383000E+03  2.11119955E-031
  6.456000E+03  2.00753226E-031
  6.531000E+03  1.90681894E-031
  6.607000E+03  1.81144300E-031
  6.683000E+03  1.72062741E-031
  6.761000E+03  1.63417505E-031
  6.839000E+03  1.55292388E-031
  6.918000E+03  1.47555058E-031
  6.998000E+03  1.40189283E-031
  7.080000E+03  1.33006730E-031
  7.161000E+03  1.26463173E-031
  7.244000E+03  1.20120850E-031
  7.328000E+03  1.14123493E-031
  7.413000E+03  1.08419516E-031
  7.499000E+03  1.02926557E-031
  7.586000E+03  9.77731005E-032
  7.674000E+03  9.28741321E-032
  7.762000E+03  8.82687996E-032
  7.852000E+03  8.38407867E-032
  7.943000E+03  7.96589400E-032
  8.035000E+03  7.56101408E-032
  8.128000E+03  7.18377266E-032
  8.222000E+03  6.82535007E-032
  8.318000E+03  6.48133674E-032
  8.414000E+03  6.15810282E-032
  8.511000E+03  5.84720558E-032
  8.610000E+03  5.55291016E-032
  8.710000E+03  5.27363603E-032
  8.810000E+03  5.01275073E-032
  8.912000E+03  4.76101219E-032
  9.016000E+03  4.52138239E-032
  9.120000E+03  4.29336273E-032
  9.226000E+03  4.07643541E-032
  9.332000E+03  3.87387699E-032
  9.441000E+03  3.67816161E-032
  9.550000E+03  3.49424642E-032
  9.660000E+03  3.32094943E-032
  9.772000E+03  3.15188425E-032
  9.886000E+03  2.99234337E-032
  1.000000E+04  2.84342053E-032
  1.012000E+04  2.69535616E-032
  1.023000E+04  2.56846556E-032
  1.035000E+04  2.43825318E-032
  1.047000E+04  2.31438509E-032
  1.059000E+04  2.19872945E-032
  1.072000E+04  2.08255482E-032
  1.084000E+04  1.98143159E-032
  1.096000E+04  1.88610128E-032
  1.109000E+04  1.78901184E-032
  1.122000E+04  1.69739823E-032
  1.135000E+04  1.61184572E-032
  1.148000E+04  1.53201535E-032
  1.161000E+04  1.45636020E-032
  1.175000E+04  1.38043556E-032
  1.188000E+04  1.31418122E-032
  1.202000E+04  1.24624700E-032
  1.216000E+04  1.18328719E-032
  1.230000E+04  1.12412765E-032
  1.244000E+04  1.06850262E-032
  1.259000E+04  1.01295787E-032
  1.274000E+04  9.60488112E-033
  1.288000E+04  9.13882290E-033
  1.303000E+04  8.67820656E-033
  1.318000E+04  8.24578824E-033
  1.334000E+04  7.81008519E-033
  1.349000E+04  7.42867385E-033
  1.365000E+04  7.04673351E-033
  1.380000E+04  6.71023310E-033
  1.396000E+04  6.36807322E-033
  1.412000E+04  6.05074622E-033
  1.429000E+04  5.73426379E-033
  1.445000E+04  5.45651428E-033
  1.462000E+04  5.17722484E-033
  1.479000E+04  4.91479185E-033
  1.496000E+04  4.66737206E-033
  1.514000E+04  4.42418550E-033
  1.531000E+04  4.20696889E-033
  1.549000E+04  3.99253382E-033
  1.567000E+04  3.79121308E-033
  1.585000E+04  3.60207711E-033
  1.603000E+04  3.42418298E-033
  1.622000E+04  3.24565850E-033
  1.641000E+04  3.08022437E-033
  1.660000E+04  2.92506680E-033
  1.679000E+04  2.78025514E-033
  1.698000E+04  2.64293569E-033
  1.718000E+04  2.50719472E-033
  1.738000E+04  2.38069048E-033
  1.758000E+04  2.26059688E-033
  1.778000E+04  2.14807108E-033
  1.799000E+04  2.03801433E-033
  1.820000E+04  1.93473748E-033
  1.841000E+04  1.83775207E-033
  1.862000E+04  1.74660912E-033
  1.884000E+04  1.65573912E-033
  1.906000E+04  1.57156498E-033
  1.928000E+04  1.49262346E-033
  1.950000E+04  1.41831038E-033
  1.972000E+04  1.34845636E-033
  1.995000E+04  1.28040990E-033
  2.018000E+04  1.21512869E-033
  2.042000E+04  1.15257645E-033
  2.065000E+04  1.09572702E-033
  2.089000E+04  1.04047693E-033
  2.114000E+04  9.86516467E-034
  2.138000E+04  9.37831746E-034
  2.163000E+04  8.89583890E-034
  2.188000E+04  8.44454448E-034
  2.213000E+04  8.02446164E-034
  2.239000E+04  7.61796724E-034
  2.265000E+04  7.23280743E-034
  2.291000E+04  6.86607029E-034
  2.317000E+04  6.52576190E-034
  2.344000E+04  6.19719176E-034
  2.371000E+04  5.88518995E-034
  2.399000E+04  5.58151254E-034
  2.427000E+04  5.29595787E-034
  2.455000E+04  5.03117978E-034
  2.483000E+04  4.77954460E-034
  2.512000E+04  4.53739950E-034
  2.541000E+04  4.30988296E-034
  2.570000E+04  4.09341114E-034
  2.600000E+04  3.88572371E-034
  2.630000E+04  3.69064255E-034
  2.661000E+04  3.49903499E-034
  2.692000E+04  3.32148098E-034
  2.723000E+04  3.15470168E-034
  2.754000E+04  2.99777267E-034
  2.786000E+04  2.84569217E-034
  2.818000E+04  2.70443167E-034
  2.851000E+04  2.56440010E-034
  2.884000E+04  2.43603709E-034
  2.917000E+04  2.31385704E-034
  2.951000E+04  2.19566301E-034
  2.985000E+04  2.08727630E-034
  3.020000E+04  1.96101211E-034
  3.055000E+04  1.74826266E-034
  3.090000E+04  1.46339302E-034
  3.126000E+04  1.17982093E-034
  3.162000E+04  9.45597067E-035
  3.199000E+04  7.62597442E-035
  3.236000E+04  6.26021911E-035
  3.273000E+04  5.22992285E-035
  3.311000E+04  4.42652691E-035
  3.350000E+04  3.78978705E-035
  3.388000E+04  3.29746327E-035
  3.428000E+04  2.88298060E-035
  3.467000E+04  2.55169616E-035
  3.508000E+04  2.26595247E-035
  3.548000E+04  2.03106210E-035
  3.589000E+04  1.82882797E-035
  3.631000E+04  1.65038853E-035
  3.673000E+04  1.49704727E-035
  3.715000E+04  1.36505331E-035
  3.758000E+04  1.24568799E-035
  3.802000E+04  1.13861355E-035
  3.846000E+04  1.04520703E-035
  3.890000E+04  9.61723810E-036
  3.936000E+04  8.84153064E-036
  3.981000E+04  8.16051444E-036
