# DH21 astrodust SED for Mathis ISRF, U = 1.585
# Enthalpy stage: S2
# columns: lambda[um]    lambda*I_lambda / N_H [erg s^-1 cm^-2 sr^-1 H^-1]
  1.000000E-04  0.00000000E+000
  1.007967E-04  0.00000000E+000
  1.016230E-04  0.00000000E+000
  1.033167E-04  0.00000000E+000
  1.078087E-04  0.00000000E+000
  1.127091E-04  0.00000000E+000
  1.180762E-04  0.00000000E+000
  1.239800E-04  0.00000000E+000
  1.271590E-04  0.00000000E+000
  1.305053E-04  0.00000000E+000
  1.340324E-04  0.00000000E+000
  1.377556E-04  0.00000000E+000
  1.416914E-04  0.00000000E+000
  1.458588E-04  0.00000000E+000
  1.475952E-04  0.00000000E+000
  1.484790E-04  0.00000000E+000
  1.484968E-04  0.00000000E+000
  1.485057E-04  0.00000000E+000
  1.485111E-04  0.00000000E+000
  1.485128E-04  0.00000000E+000
  1.485137E-04  0.00000000E+000
  1.485143E-04  0.00000000E+000
  1.485144E-04  0.00000000E+000
  1.485148E-04  0.00000000E+000
  1.485150E-04  0.00000000E+000
  1.485155E-04  0.00000000E+000
  1.485164E-04  0.00000000E+000
  1.485182E-04  0.00000000E+000
  1.485235E-04  0.00000000E+000
  1.485680E-04  0.00000000E+000
  1.486571E-04  0.00000000E+000
  1.493735E-04  0.00000000E+000
  1.549750E-04  0.00000000E+000
  1.599742E-04  0.00000000E+000
  1.653067E-04  0.00000000E+000
  1.710069E-04  0.00000000E+000
  1.733986E-04  0.00000000E+000
  1.738850E-04  0.00000000E+000
  1.740070E-04  0.00000000E+000
  1.740192E-04  0.00000000E+000
  1.740266E-04  0.00000000E+000
  1.740290E-04  0.00000000E+000
  1.740302E-04  0.00000000E+000
  1.740310E-04  0.00000000E+000
  1.740312E-04  0.00000000E+000
  1.740317E-04  0.00000000E+000
  1.740319E-04  0.00000000E+000
  1.740327E-04  0.00000000E+000
  1.740339E-04  0.00000000E+000
  1.740363E-04  0.00000000E+000
  1.740437E-04  0.00000000E+000
  1.740559E-04  0.00000000E+000
  1.741292E-04  0.00000000E+000
  1.743741E-04  0.00000000E+000
  1.746197E-04  0.00000000E+000
  1.771143E-04  0.00000000E+000
  1.836741E-04  0.00000000E+000
  1.907385E-04  0.00000000E+000
  1.983680E-04  0.00000000E+000
  2.066333E-04  0.00000000E+000
  2.137586E-04  0.00000000E+000
  2.213929E-04  0.00000000E+000
  2.295926E-04  0.00000000E+000
  2.384231E-04  0.00000000E+000
  2.479600E-04  0.00000000E+000
  2.582917E-04  0.00000000E+000
  2.695217E-04  0.00000000E+000
  2.817727E-04  0.00000000E+000
  2.951905E-04  0.00000000E+000
  3.023902E-04  0.00000000E+000
  3.061235E-04  0.00000000E+000
  3.065776E-04  0.00000000E+000
  3.066156E-04  0.00000000E+000
  3.066383E-04  0.00000000E+000
  3.066459E-04  0.00000000E+000
  3.066497E-04  0.00000000E+000
  3.066520E-04  0.00000000E+000
  3.066527E-04  0.00000000E+000
  3.066542E-04  0.00000000E+000
  3.066550E-04  0.00000000E+000
  3.066573E-04  0.00000000E+000
  3.066611E-04  0.00000000E+000
  3.066686E-04  0.00000000E+000
  3.066914E-04  0.00000000E+000
  3.067293E-04  0.00000000E+000
  3.099500E-04  0.00000000E+000
  3.178974E-04  0.00000000E+000
  3.262632E-04  0.00000000E+000
  3.350811E-04  0.00000000E+000
  3.443889E-04  0.00000000E+000
  3.542286E-04  0.00000000E+000
  3.646471E-04  0.00000000E+000
  3.756970E-04  0.00000000E+000
  3.874375E-04  0.00000000E+000
  3.999355E-04  0.00000000E+000
  4.132667E-04  0.00000000E+000
  4.275172E-04  0.00000000E+000
  4.427857E-04  0.00000000E+000
  4.508364E-04  0.00000000E+000
  4.591852E-04  0.00000000E+000
  4.678491E-04  0.00000000E+000
  4.768462E-04  0.00000000E+000
  4.861961E-04  0.00000000E+000
  4.959200E-04  0.00000000E+000
  4.999194E-04  0.00000000E+000
  5.003228E-04  0.00000000E+000
  5.004238E-04  0.00000000E+000
  5.004844E-04  0.00000000E+000
  5.005046E-04  0.00000000E+000
  5.005147E-04  0.00000000E+000
  5.005208E-04  0.00000000E+000
  5.005228E-04  0.00000000E+000
  5.005268E-04  0.00000000E+000
  5.005289E-04  0.00000000E+000
  5.005349E-04  0.00000000E+000
  5.005450E-04  0.00000000E+000
  5.005652E-04  0.00000000E+000
  5.006259E-04  0.00000000E+000
  5.007270E-04  0.00000000E+000
  5.019433E-04  0.00000000E+000
  5.060408E-04  0.00000000E+000
  5.165833E-04  0.00000000E+000
  5.275745E-04  0.00000000E+000
  5.390435E-04  0.00000000E+000
  5.510222E-04  0.00000000E+000
  5.635455E-04  0.00000000E+000
  6.047805E-04  0.00000000E+000
  6.199000E-04  0.00000000E+000
  6.525263E-04  0.00000000E+000
  6.594681E-04  0.00000000E+000
  6.665591E-04  0.00000000E+000
  6.701622E-04  0.00000000E+000
  6.708874E-04  0.00000000E+000
  6.712507E-04  0.00000000E+000
  6.714324E-04  0.00000000E+000
  6.715415E-04  0.00000000E+000
  6.715779E-04  0.00000000E+000
  6.715961E-04  0.00000000E+000
  6.716070E-04  0.00000000E+000
  6.716107E-04  0.00000000E+000
  6.716179E-04  0.00000000E+000
  6.716216E-04  0.00000000E+000
  6.716325E-04  0.00000000E+000
  6.716507E-04  0.00000000E+000
  6.716871E-04  0.00000000E+000
  6.717963E-04  0.00000000E+000
  6.719783E-04  0.00000000E+000
  6.723427E-04  0.00000000E+000
  6.738043E-04  0.00000000E+000
  6.887778E-04  0.00000000E+000
  7.084571E-04  0.00000000E+000
  7.292941E-04  0.00000000E+000
  7.513939E-04  0.00000000E+000
  7.748750E-04  0.00000000E+000
  7.896815E-04  0.00000000E+000
  7.906888E-04  0.00000000E+000
  7.909410E-04  0.00000000E+000
  7.910419E-04  0.00000000E+000
  7.910924E-04  0.00000000E+000
  7.911176E-04  0.00000000E+000
  7.911328E-04  0.00000000E+000
  7.911378E-04  0.00000000E+000
  7.911984E-04  0.00000000E+000
  7.912035E-04  0.00000000E+000
  7.912186E-04  0.00000000E+000
  7.912439E-04  0.00000000E+000
  7.912944E-04  0.00000000E+000
  7.914459E-04  0.00000000E+000
  7.916986E-04  0.00000000E+000
  7.922045E-04  0.00000000E+000
  7.998710E-04  0.00000000E+000
  8.265333E-04  0.00000000E+000
  8.550345E-04  0.00000000E+000
  8.855714E-04  0.00000000E+000
  9.183704E-04  0.00000000E+000
  9.321805E-04  0.00000000E+000
  9.356981E-04  0.00000000E+000
  9.385314E-04  0.00000000E+000
  9.428137E-04  0.00000000E+000
  9.449695E-04  0.00000000E+000
  9.453298E-04  0.00000000E+000
  9.455461E-04  0.00000000E+000
  9.456182E-04  0.00000000E+000
  9.456542E-04  0.00000000E+000
  9.456759E-04  0.00000000E+000
  9.456831E-04  0.00000000E+000
  9.456975E-04  0.00000000E+000
  9.457047E-04  0.00000000E+000
  9.457264E-04  0.00000000E+000
  9.457625E-04  0.00000000E+000
  9.458346E-04  0.00000000E+000
  9.460511E-04  0.00000000E+000
  9.464122E-04  0.00000000E+000
  9.500383E-04  0.00000000E+000
  9.536923E-04  0.00000000E+000
  9.918400E-04  0.00000000E+000
  1.033167E-03  0.00000000E+000
  1.078087E-03  0.00000000E+000
  1.127091E-03  0.00000000E+000
  1.147963E-03  0.00000000E+000
  1.169623E-03  0.00000000E+000
  1.192115E-03  0.00000000E+000
  1.203689E-03  0.00000000E+000
  1.209561E-03  0.00000000E+000
  1.210151E-03  0.00000000E+000
  1.210506E-03  0.00000000E+000
  1.210624E-03  0.00000000E+000
  1.210683E-03  0.00000000E+000
  1.210719E-03  0.00000000E+000
  1.210730E-03  0.00000000E+000
  1.210754E-03  0.00000000E+000
  1.210766E-03  0.00000000E+000
  1.210801E-03  0.00000000E+000
  1.210860E-03  0.00000000E+000
  1.210979E-03  0.00000000E+000
  1.211334E-03  0.00000000E+000
  1.211926E-03  0.00000000E+000
  1.215490E-03  0.00000000E+000
  1.239800E-03  0.00000000E+000
  1.265102E-03  0.00000000E+000
  1.291458E-03  0.00000000E+000
  1.318936E-03  0.00000000E+000
  1.347609E-03  0.00000000E+000
  1.377556E-03  0.00000000E+000
  1.408864E-03  0.00000000E+000
  1.413683E-03  0.00000000E+000
  1.414489E-03  0.00000000E+000
  1.414974E-03  0.00000000E+000
  1.415135E-03  0.00000000E+000
  1.415216E-03  0.00000000E+000
  1.415264E-03  0.00000000E+000
  1.415281E-03  0.00000000E+000
  1.415313E-03  0.00000000E+000
  1.415329E-03  0.00000000E+000
  1.415378E-03  0.00000000E+000
  1.415458E-03  0.00000000E+000
  1.415620E-03  0.00000000E+000
  1.416105E-03  0.00000000E+000
  1.416914E-03  0.00000000E+000
  1.425057E-03  0.00000000E+000
  1.441628E-03  0.00000000E+000
  1.444988E-03  0.00000000E+000
  1.445831E-03  0.00000000E+000
  1.446337E-03  0.00000000E+000
  1.446506E-03  0.00000000E+000
  1.446590E-03  0.00000000E+000
  1.446641E-03  0.00000000E+000
  1.446658E-03  0.00000000E+000
  1.446691E-03  0.00000000E+000
  1.446708E-03  0.00000000E+000
  1.446759E-03  0.00000000E+000
  1.446843E-03  0.00000000E+000
  1.447012E-03  0.00000000E+000
  1.447519E-03  0.00000000E+000
  1.448364E-03  0.00000000E+000
  1.458588E-03  0.00000000E+000
  1.475952E-03  0.00000000E+000
  1.511951E-03  0.00000000E+000
  1.549750E-03  0.00000000E+000
  1.589487E-03  0.00000000E+000
  1.631316E-03  0.00000000E+000
  1.653067E-03  0.00000000E+000
  1.675405E-03  0.00000000E+000
  1.686803E-03  0.00000000E+000
  1.698356E-03  0.00000000E+000
  1.703022E-03  0.00000000E+000
  1.707713E-03  0.00000000E+000
  1.710069E-03  0.00000000E+000
  1.711249E-03  0.00000000E+000
  1.711958E-03  0.00000000E+000
  1.712194E-03  0.00000000E+000
  1.712313E-03  0.00000000E+000
  1.712384E-03  0.00000000E+000
  1.712407E-03  0.00000000E+000
  1.712455E-03  0.00000000E+000
  1.712478E-03  0.00000000E+000
  1.712549E-03  0.00000000E+000
  1.712667E-03  0.00000000E+000
  1.712904E-03  0.00000000E+000
  1.713614E-03  0.00000000E+000
  1.714799E-03  0.00000000E+000
  1.717175E-03  0.00000000E+000
  1.721944E-03  0.00000000E+000
  1.746197E-03  0.00000000E+000
  1.771143E-03  0.00000000E+000
  1.823235E-03  0.00000000E+000
  1.878485E-03  0.00000000E+000
  1.937188E-03  0.00000000E+000
  1.999677E-03  0.00000000E+000
  2.066333E-03  0.00000000E+000
  2.137586E-03  0.00000000E+000
  2.213929E-03  0.00000000E+000
  2.254182E-03  0.00000000E+000
  2.274862E-03  0.00000000E+000
  2.287454E-03  0.00000000E+000
  2.295926E-03  0.00000000E+000
  2.300186E-03  0.00000000E+000
  2.302321E-03  0.00000000E+000
  2.303605E-03  0.00000000E+000
  2.304033E-03  0.00000000E+000
  2.304247E-03  0.00000000E+000
  2.304375E-03  0.00000000E+000
  2.304418E-03  0.00000000E+000
  2.304504E-03  0.00000000E+000
  2.304547E-03  0.00000000E+000
  2.304675E-03  0.00000000E+000
  2.304889E-03  0.00000000E+000
  2.305318E-03  0.00000000E+000
  2.306605E-03  0.00000000E+000
  2.308752E-03  0.00000000E+000
  2.313060E-03  0.00000000E+000
  2.317383E-03  0.00000000E+000
  2.339245E-03  0.00000000E+000
  2.361524E-03  0.00000000E+000
  2.384231E-03  0.00000000E+000
  2.479600E-03  0.00000000E+000
  2.582917E-03  0.00000000E+000
  2.695217E-03  0.00000000E+000
  2.755111E-03  0.00000000E+000
  2.786067E-03  0.00000000E+000
  2.798646E-03  0.00000000E+000
  2.800542E-03  0.00000000E+000
  2.801175E-03  0.00000000E+000
  2.801491E-03  0.00000000E+000
  2.801681E-03  0.00000000E+000
  2.801745E-03  0.00000000E+000
  2.801871E-03  0.00000000E+000
  2.801935E-03  0.00000000E+000
  2.802125E-03  0.00000000E+000
  2.802441E-03  0.00000000E+000
  2.803075E-03  0.00000000E+000
  2.804977E-03  0.00000000E+000
  2.817727E-03  0.00000000E+000
  2.951905E-03  0.00000000E+000
  3.099500E-03  0.00000000E+000
  3.178974E-03  0.00000000E+000
  3.262632E-03  0.00000000E+000
  3.350811E-03  0.00000000E+000
  3.443889E-03  0.00000000E+000
  3.492394E-03  0.00000000E+000
  3.502260E-03  0.00000000E+000
  3.512181E-03  0.00000000E+000
  3.517163E-03  0.00000000E+000
  3.518161E-03  0.00000000E+000
  3.518660E-03  0.00000000E+000
  3.518960E-03  0.00000000E+000
  3.519060E-03  0.00000000E+000
  3.519260E-03  0.00000000E+000
  3.519360E-03  0.00000000E+000
  3.519659E-03  0.00000000E+000
  3.520159E-03  0.00000000E+000
  3.521159E-03  0.00000000E+000
  3.522159E-03  0.00000000E+000
  3.532194E-03  0.00000000E+000
  3.542286E-03  0.00000000E+000
  3.593623E-03  0.00000000E+000
  3.646471E-03  0.00000000E+000
  3.874375E-03  0.00000000E+000
  4.132667E-03  2.85075878E-321
  4.202712E-03  3.02910007E-316
  4.231399E-03  3.10428221E-314
  4.245890E-03  3.14092891E-313
  4.253173E-03  9.99072981E-313
  4.257555E-03  2.00002306E-312
  4.259018E-03  2.52123817E-312
  4.259749E-03  2.83036786E-312
  4.260188E-03  3.03457885E-312
  4.260335E-03  3.10559824E-312
  4.260628E-03  2.51034080E-312
  4.260774E-03  2.56867436E-312
  4.261213E-03  2.75234155E-312
  4.261946E-03  3.09093107E-312
  4.263411E-03  3.89710703E-312
  4.267814E-03  7.80148235E-312
  4.275172E-03  2.48286910E-311
  4.289965E-03  2.51291321E-310
  4.427857E-03  2.80083586E-301
  4.591852E-03  3.14656343E-291
  4.768462E-03  3.52478471E-281
  4.959200E-03  3.93357019E-271
  5.165833E-03  4.37018932E-261
  5.209244E-03  4.46124207E-259
  5.253390E-03  4.55281618E-257
  5.264544E-03  1.44715780E-256
  5.271259E-03  2.89603373E-256
  5.273501E-03  3.64896153E-256
  5.274622E-03  4.09639980E-256
  5.275296E-03  4.39097771E-256
  5.275520E-03  4.49291097E-256
  5.276194E-03  4.77569631E-256
  5.278440E-03  6.01721394E-256
  5.279114E-03  6.44928756E-256
  5.280239E-03  7.24132117E-256
  5.286994E-03  1.44907546E-255
  5.298291E-03  4.60699542E-255
  5.390435E-03  4.79348752E-251
  5.635455E-03  5.27781346E-241
  5.903810E-03  5.77552405E-231
  6.199000E-03  6.27786270E-221
  6.525263E-03  6.77147162E-211
  6.887778E-03  7.23618642E-201
  7.084571E-03  7.45090659E-196
  7.208140E-03  7.57250839E-193
  7.250292E-03  7.60941249E-192
  7.271554E-03  2.41148930E-191
  7.284371E-03  4.82107894E-191
  7.288654E-03  6.07101147E-191
  7.290797E-03  6.81312179E-191
  7.292083E-03  7.29781721E-191
  7.292512E-03  7.47261009E-191
  7.293370E-03  7.34404985E-191
  7.293799E-03  7.52025233E-191
  7.295087E-03  8.05564653E-191
  7.297234E-03  9.04088389E-191
  7.301531E-03  1.13890830E-190
  7.314454E-03  2.27609930E-190
  7.336095E-03  7.22266238E-190
  7.379762E-03  7.25618609E-189
  7.513939E-03  7.36720018E-186
  7.748750E-03  7.52487160E-181
  7.846835E-03  7.58417511E-179
  7.896815E-03  7.60814839E-178
  7.922045E-03  2.41009373E-177
  7.937260E-03  4.81422053E-177
  7.942345E-03  6.06325386E-177
  7.944889E-03  6.80251915E-177
  7.946417E-03  7.29076942E-177
  7.946926E-03  7.45947019E-177
  7.947945E-03  7.59384848E-177
  7.948455E-03  7.76983113E-177
  7.949984E-03  8.32859378E-177
  7.952534E-03  9.34466670E-177
  7.957638E-03  1.17726004E-176
  7.972990E-03  2.35172956E-176
  7.998710E-03  7.44986649E-176
  8.265333E-03  7.56492480E-171
  8.855714E-03  7.69534842E-161
  9.536923E-03  7.65512161E-151
  9.762205E-03  7.60037374E-148
  9.839683E-03  7.58046705E-147
  9.855326E-03  1.20086398E-146
  9.863166E-03  1.51085216E-146
  9.867091E-03  1.69596849E-146
  9.869448E-03  1.81613060E-146
  9.870233E-03  1.85940110E-146
  9.871805E-03  1.94180614E-146
  9.872591E-03  1.98810932E-146
  9.874950E-03  2.12892963E-146
  9.878884E-03  2.38793645E-146
  9.886762E-03  3.00662815E-146
  9.902556E-03  4.76275689E-146
  9.910472E-03  5.99212117E-146
  9.914434E-03  6.72600256E-146
  9.916813E-03  7.20237928E-146
  9.917607E-03  7.37422803E-146
  9.919194E-03  7.71266964E-146
  9.919987E-03  7.89047037E-146
  9.922369E-03  8.45572640E-146
  9.926341E-03  9.48432349E-146
  9.934295E-03  1.19411247E-145
  9.958233E-03  2.37951247E-145
  9.998387E-03  7.50948372E-145
  1.033167E-02  7.38852852E-141
  1.078087E-02  7.17189224E-136
  1.127091E-02  6.89563087E-131
  1.147963E-02  6.76550579E-129
  1.158692E-02  6.69045429E-128
  1.164131E-02  2.10332481E-127
  1.167420E-02  4.17846300E-127
  1.168520E-02  5.24351775E-127
  1.169071E-02  5.87789815E-127
  1.169402E-02  6.29648221E-127
  1.169512E-02  6.44432943E-127
  1.169733E-02  5.74895121E-127
  1.169843E-02  5.88439556E-127
  1.170175E-02  6.30474480E-127
  1.170727E-02  7.07230499E-127
  1.171834E-02  8.92012397E-127
  1.175166E-02  1.77896713E-126
  1.180762E-02  5.61708408E-126
  1.186411E-02  1.77173061E-125
  1.189827E-02  3.52953244E-125
  1.190970E-02  4.43823292E-125
  1.191543E-02  4.98199826E-125
  1.191886E-02  5.33607275E-125
  1.192001E-02  5.45920399E-125
  1.192230E-02  5.62798741E-125
  1.192345E-02  5.75777831E-125
  1.192689E-02  6.16769331E-125
  1.193263E-02  6.91850501E-125
  1.194412E-02  8.70954566E-125
  1.197874E-02  1.73585015E-124
  1.203689E-02  5.47256323E-124
  1.215490E-02  5.44122060E-123
  1.239800E-02  5.37354706E-121
  1.265102E-02  5.29729893E-119
  1.291458E-02  5.21168361E-117
  1.305053E-02  5.16625869E-116
  1.311958E-02  1.62612516E-115
  1.317535E-02  4.06696575E-115
  1.318235E-02  4.55914021E-115
  1.318656E-02  4.88504984E-115
  1.318796E-02  4.99688527E-115
  1.319076E-02  5.09760282E-115
  1.319217E-02  5.21508779E-115
  1.319638E-02  5.58742740E-115
  1.320341E-02  6.26796613E-115
  1.333118E-02  4.93892885E-114
  1.377556E-02  4.79469033E-111
  1.458588E-02  4.51214477E-106
  1.493735E-02  4.38659725E-104
  1.502788E-02  1.37718553E-103
  1.510110E-02  3.43806194E-103
  1.511030E-02  3.85337661E-103
  1.511583E-02  4.12826246E-103
  1.511767E-02  4.22395386E-103
  1.512136E-02  4.41473343E-103
  1.512320E-02  4.51699968E-103
  1.512874E-02  4.83753214E-103
  1.513797E-02  5.42164847E-103
  1.515648E-02  6.81602837E-103
  1.530617E-02  4.24621682E-102
  1.538213E-02  1.05981349E-101
  1.540124E-02  1.33161456E-101
  1.541081E-02  1.49280203E-101
  1.541656E-02  1.59858501E-101
  1.541848E-02  1.63571351E-101
  1.542232E-02  1.69635202E-101
  1.542423E-02  1.73552108E-101
  1.542999E-02  1.85850932E-101
  1.543960E-02  2.08440220E-101
  1.545885E-02  2.61979298E-101
  1.549750E-02  4.13986507E-101
  1.569367E-02  4.07451031E-100
  1.653067E-02  3.79229046E-096
  1.771143E-02  3.40999692E-091
  1.864361E-02  9.87539367E-088
  1.872810E-02  1.95299316E-087
  1.875643E-02  2.44996420E-087
  1.877063E-02  2.74111171E-087
  1.877916E-02  2.93481419E-087
  1.878200E-02  3.00202700E-087
  1.878770E-02  2.99036392E-087
  1.879054E-02  3.05881904E-087
  1.879909E-02  3.27359697E-087
  1.881335E-02  3.67292854E-087
  1.884195E-02  4.61151724E-087
  1.892824E-02  9.11352571E-087
  2.066333E-02  2.35112660E-081
  2.213929E-02  1.99157249E-077
  2.233874E-02  6.16223971E-077
  2.250091E-02  1.51915466E-076
  2.254182E-02  1.90358199E-076
  2.256233E-02  2.12775343E-076
  2.257465E-02  2.27698432E-076
  2.257877E-02  2.32846440E-076
  2.258699E-02  2.32705155E-076
  2.259111E-02  2.38050586E-076
  2.260346E-02  2.54875083E-076
  2.262409E-02  2.86281708E-076
  2.266545E-02  3.59642175E-076
  2.274862E-02  5.67000574E-076
  2.295926E-02  1.76861069E-075
  2.479600E-02  1.56259037E-071
  2.530204E-02  1.51001830E-070
  2.556289E-02  4.69311086E-070
  2.561570E-02  5.88771735E-070
  2.564219E-02  6.59466640E-070
  2.565811E-02  7.05965320E-070
  2.566342E-02  7.22412594E-070
  2.567405E-02  7.55209444E-070
  2.567937E-02  7.72280013E-070
  2.569534E-02  8.26739493E-070
  2.572199E-02  9.25800712E-070
  2.577547E-02  1.16157622E-069
  2.582917E-02  1.45726664E-069
  2.755111E-02  1.30398722E-066
  3.099500E-02  1.05409027E-061
  3.542286E-02  8.12954673E-057
  3.593623E-02  2.49392343E-056
  3.598839E-02  2.78681841E-056
  3.599884E-02  2.85212326E-056
  3.601976E-02  2.96348984E-056
  3.603022E-02  3.02880210E-056
  3.625146E-02  4.85783783E-056
  3.646471E-02  7.60960448E-056
  3.756970E-02  7.15329489E-055
  3.874375E-02  6.70167743E-054
  3.999355E-02  6.25813616E-053
  4.132667E-02  5.82148583E-052
  4.275172E-02  5.39688877E-051
  4.334965E-02  1.31326291E-050
  4.350175E-02  1.64025844E-050
  4.351702E-02  1.67759551E-050
  4.354759E-02  1.75316805E-050
  4.356290E-02  1.79308938E-050
  4.427857E-02  4.98314123E-050
  4.591852E-02  4.58567269E-049
  4.768462E-02  4.20416622E-048
  4.959200E-02  3.84738862E-047
  5.165833E-02  3.51936001E-046
  5.390435E-02  3.23974451E-045
  5.635455E-02  3.12752502E-044
  5.766512E-02  1.08253307E-043
  5.815197E-02  1.64849250E-043
  5.817926E-02  1.68729676E-043
  5.823391E-02  1.76803698E-043
  5.826128E-02  1.80917869E-043
  5.903810E-02  3.45015743E-043
  6.199000E-02  3.22344795E-042
  6.387429E-02  1.16080215E-041
  6.390722E-02  1.18632227E-041
  6.397317E-02  1.23817256E-041
  6.400620E-02  1.26562822E-041
  6.525263E-02  2.79378008E-041
  6.887778E-02  2.30124744E-040
  7.084571E-02  6.50242680E-040
  7.284371E-02  1.74733970E-039
  7.288654E-02  1.78325078E-039
  7.297234E-02  1.85746837E-039
  7.301531E-02  1.89578725E-039
  7.513939E-02  5.06129690E-039
  7.748750E-02  1.39601991E-038
  7.998710E-02  3.82359362E-038
  8.161949E-02  7.12088072E-038
  8.167325E-02  7.26738045E-038
  8.178100E-02  7.56330721E-038
  8.183498E-02  7.71487216E-038
  8.264782E-02  1.03974848E-037
  8.265884E-02  1.04375406E-037
  8.550345E-02  2.82380455E-037
  8.855714E-02  7.58657788E-037
  9.119088E-02  1.67608992E-036
  9.120000E-02  1.68055152E-036
  9.226000E-02  2.27923039E-036
  9.332000E-02  3.06628515E-036
  9.441000E-02  4.12853690E-036
  9.550000E-02  5.51716103E-036
  9.661000E-02  7.35183352E-036
  9.772000E-02  9.72699503E-036
  9.886000E-02  1.28747260E-035
  1.000000E-01  1.69145418E-035
  1.012000E-01  2.23683096E-035
  1.023000E-01  2.86982035E-035
  1.035000E-01  3.74000215E-035
  1.047000E-01  4.83745736E-035
  1.059000E-01  6.21193519E-035
  1.072000E-01  8.07981265E-035
  1.084000E-01  1.02265377E-034
  1.097000E-01  1.30992950E-034
  1.109000E-01  1.63547333E-034
  1.122000E-01  2.06615471E-034
  1.135000E-01  2.59454064E-034
  1.148000E-01  3.23957633E-034
  1.161000E-01  4.01439596E-034
  1.175000E-01  5.01378912E-034
  1.189000E-01  6.21569146E-034
  1.202000E-01  7.54214111E-034
  1.216000E-01  9.22702490E-034
  1.230000E-01  1.12180299E-033
  1.244000E-01  1.35655400E-033
  1.259000E-01  1.65363269E-033
  1.274000E-01  2.00222551E-033
  1.288000E-01  2.37953632E-033
  1.303000E-01  2.84602640E-033
  1.318000E-01  3.38796536E-033
  1.333000E-01  4.00796112E-033
  1.349000E-01  4.75853482E-033
  1.365000E-01  5.60917064E-033
  1.380000E-01  6.49292073E-033
  1.396000E-01  7.48948239E-033
  1.412000E-01  8.57889738E-033
  1.429000E-01  9.83320918E-033
  1.445000E-01  1.10922950E-032
  1.462000E-01  1.24958346E-032
  1.479000E-01  1.39632547E-032
  1.496000E-01  1.55127757E-032
  1.514000E-01  1.72183165E-032
  1.531000E-01  1.88572249E-032
  1.549000E-01  2.05834455E-032
  1.567000E-01  2.24270466E-032
  1.585000E-01  2.43336356E-032
  1.603000E-01  2.62773722E-032
  1.622000E-01  2.83692425E-032
  1.641000E-01  3.04642270E-032
  1.660000E-01  3.28106245E-032
  1.679000E-01  3.56751113E-032
  1.698000E-01  3.87602822E-032
  1.718000E-01  4.22853559E-032
  1.738000E-01  4.61709170E-032
  1.758000E-01  5.05254947E-032
  1.778000E-01  5.49751410E-032
  1.799000E-01  5.91193919E-032
  1.820000E-01  6.34614748E-032
  1.841000E-01  6.80611335E-032
  1.862000E-01  7.29743131E-032
  1.884000E-01  7.85912538E-032
  1.905000E-01  8.45144692E-032
  1.928000E-01  9.42369580E-032
  1.950000E-01  1.05162466E-031
  1.972000E-01  1.17681629E-031
  1.995000E-01  1.32790373E-031
  2.018000E-01  1.50326774E-031
  2.042000E-01  1.71641636E-031
  2.065000E-01  1.95464724E-031
  2.089000E-01  2.19645733E-031
  2.113000E-01  2.45931098E-031
  2.138000E-01  2.75958496E-031
  2.163000E-01  3.08854429E-031
  2.188000E-01  3.44823980E-031
  2.213000E-01  3.84067589E-031
  2.239000E-01  4.28633525E-031
  2.265000E-01  4.77223441E-031
  2.291000E-01  5.30219977E-031
  2.317000E-01  5.87885272E-031
  2.344000E-01  6.52778344E-031
  2.371000E-01  7.23099664E-031
  2.399000E-01  8.01565331E-031
  2.427000E-01  8.86181891E-031
  2.455000E-01  9.77571362E-031
  2.483000E-01  1.07582697E-030
  2.512000E-01  1.18579723E-030
  2.541000E-01  1.30376175E-030
  2.570000E-01  1.42992375E-030
  2.600000E-01  1.56946088E-030
  2.630000E-01  1.71825557E-030
  2.661000E-01  1.88229376E-030
  2.691000E-01  2.05083571E-030
  2.723000E-01  2.24220900E-030
  2.754000E-01  2.43878210E-030
  2.786000E-01  2.65350416E-030
  2.818000E-01  2.88107864E-030
  2.851000E-01  3.12840454E-030
  2.884000E-01  3.38968582E-030
  2.917000E-01  3.66525139E-030
  2.951000E-01  3.96339720E-030
  2.985000E-01  4.27788040E-030
  3.020000E-01  4.61712235E-030
  3.055000E-01  4.97336135E-030
  3.090000E-01  5.34643667E-030
  3.126000E-01  5.74733867E-030
  3.162000E-01  6.16627143E-030
  3.199000E-01  6.61731869E-030
  3.236000E-01  7.08711105E-030
  3.273000E-01  7.57501531E-030
  3.311000E-01  8.09811748E-030
  3.350000E-01  8.65630018E-030
  3.388000E-01  9.22073352E-030
  3.428000E-01  9.83784120E-030
  3.467000E-01  1.04609932E-029
  3.507000E-01  1.11231161E-029
  3.548000E-01  1.18249182E-029
  3.589000E-01  1.25499411E-029
  3.631000E-01  1.33183922E-029
  3.673000E-01  1.41085337E-029
  3.715000E-01  1.49256247E-029
  3.758000E-01  1.57848532E-029
  3.802000E-01  1.66929577E-029
  3.846000E-01  1.76231139E-029
  3.891000E-01  1.86023760E-029
  3.936000E-01  1.96097220E-029
  3.981000E-01  2.06386232E-029
  4.027000E-01  2.17181301E-029
  4.074000E-01  2.28464505E-029
  4.121000E-01  2.39990568E-029
  4.169000E-01  2.52054692E-029
  4.217000E-01  2.64382320E-029
  4.266000E-01  2.77235977E-029
  4.315000E-01  2.90354485E-029
  4.365000E-01  3.03929824E-029
  4.416000E-01  3.18116851E-029
  4.467000E-01  3.32543956E-029
  4.519000E-01  3.47477361E-029
  4.571000E-01  3.62699829E-029
  4.624000E-01  3.78401578E-029
  4.677000E-01  3.94412084E-029
  4.732000E-01  4.11205840E-029
  4.786000E-01  4.27927541E-029
  4.842000E-01  4.45547506E-029
  4.898000E-01  4.63350685E-029
  4.954000E-01  4.81372148E-029
  5.012000E-01  5.00219851E-029
  5.070000E-01  5.19365032E-029
  5.129000E-01  5.38994482E-029
  5.188000E-01  5.58778443E-029
  5.248000E-01  5.79041004E-029
  5.309000E-01  5.99863490E-029
  5.370000E-01  6.20810435E-029
  5.433000E-01  6.42654749E-029
  5.495000E-01  6.64305040E-029
  5.559000E-01  6.86748978E-029
  5.623000E-01  7.09377678E-029
  5.688000E-01  7.32486273E-029
  5.754000E-01  7.56067930E-029
  5.821000E-01  7.80114963E-029
  5.888000E-01  8.04258174E-029
  5.957000E-01  8.29209382E-029
  6.026000E-01  8.54173296E-029
  6.095000E-01  8.79261301E-029
  6.166000E-01  9.05062560E-029
  6.237000E-01  9.30741435E-029
  6.310000E-01  9.57388955E-029
  6.383000E-01  9.83830635E-029
  6.457000E-01  1.01062473E-028
  6.531000E-01  1.03739522E-028
  6.607000E-01  1.06504684E-028
  6.683000E-01  1.09274266E-028
  6.761000E-01  1.12103849E-028
  6.839000E-01  1.14935652E-028
  6.918000E-01  1.17787932E-028
  6.998000E-01  1.20676429E-028
  7.079000E-01  1.23582084E-028
  7.161000E-01  1.26512104E-028
  7.244000E-01  1.29496954E-028
  7.328000E-01  1.32471873E-028
  7.413000E-01  1.35466557E-028
  7.499000E-01  1.38479413E-028
  7.586000E-01  1.41519323E-028
  7.674000E-01  1.44564015E-028
  7.763000E-01  1.47633666E-028
  7.852000E-01  1.50695077E-028
  7.943000E-01  1.53787492E-028
  8.035000E-01  1.56904496E-028
  8.128000E-01  1.60013633E-028
  8.222000E-01  1.63116505E-028
  8.318000E-01  1.66255756E-028
  8.414000E-01  1.69376638E-028
  8.511000E-01  1.72485743E-028
  8.610000E-01  1.75638155E-028
  8.710000E-01  1.78776049E-028
  8.810000E-01  1.81920638E-028
  8.913000E-01  1.85092513E-028
  9.016000E-01  1.88256780E-028
  9.120000E-01  1.91445607E-028
  9.226000E-01  1.94622749E-028
  9.333000E-01  1.97836921E-028
  9.441000E-01  2.00990976E-028
  9.550000E-01  2.04178347E-028
  9.661000E-01  2.07344371E-028
  9.772000E-01  2.10392354E-028
  9.886000E-01  2.13152206E-028
  1.000000E+00  2.16139342E-028
  1.012000E+00  2.20425317E-028
  1.023000E+00  2.24377172E-028
  1.035000E+00  2.28679001E-028
  1.047000E+00  2.33037985E-028
  1.059000E+00  2.37401112E-028
  1.071000E+00  2.41753195E-028
  1.084000E+00  2.46549019E-028
  1.097000E+00  2.51325679E-028
  1.109000E+00  2.55749891E-028
  1.122000E+00  2.60576583E-028
  1.135000E+00  2.65446612E-028
  1.148000E+00  2.70296414E-028
  1.161000E+00  2.75188446E-028
  1.175000E+00  2.80447897E-028
  1.189000E+00  2.85730612E-028
  1.202000E+00  2.90563236E-028
  1.216000E+00  2.95779961E-028
  1.230000E+00  3.00924486E-028
  1.245000E+00  3.06378001E-028
  1.259000E+00  3.11358259E-028
  1.273000E+00  3.16218182E-028
  1.288000E+00  3.21374929E-028
  1.303000E+00  3.26375670E-028
  1.318000E+00  3.31306391E-028
  1.334000E+00  3.36503235E-028
  1.349000E+00  3.41192246E-028
  1.365000E+00  3.46147743E-028
  1.380000E+00  3.50664867E-028
  1.396000E+00  3.55416704E-028
  1.413000E+00  3.60378911E-028
  1.429000E+00  3.64941248E-028
  1.445000E+00  3.69376773E-028
  1.462000E+00  3.74001523E-028
  1.479000E+00  3.78539526E-028
  1.496000E+00  3.83016026E-028
  1.514000E+00  3.87661438E-028
  1.531000E+00  3.92039947E-028
  1.549000E+00  3.96551831E-028
  1.567000E+00  4.00947455E-028
  1.585000E+00  4.05323769E-028
  1.603000E+00  4.09715738E-028
  1.622000E+00  4.14251061E-028
  1.641000E+00  4.18747178E-028
  1.660000E+00  4.23251519E-028
  1.679000E+00  4.27733946E-028
  1.698000E+00  4.32201445E-028
  1.718000E+00  4.36909833E-028
  1.738000E+00  4.41653868E-028
  1.758000E+00  4.46375991E-028
  1.778000E+00  4.51187242E-028
  1.799000E+00  4.56241137E-028
  1.820000E+00  4.61351542E-028
  1.841000E+00  4.66519711E-028
  1.862000E+00  4.71736810E-028
  1.884000E+00  4.77289838E-028
  1.906000E+00  4.82867658E-028
  1.928000E+00  4.88576403E-028
  1.950000E+00  4.94349127E-028
  1.972000E+00  5.00164584E-028
  1.995000E+00  5.06316994E-028
  2.018000E+00  5.12526081E-028
  2.042000E+00  5.19095736E-028
  2.065000E+00  5.25418428E-028
  2.089000E+00  5.32021758E-028
  2.114000E+00  5.38907415E-028
  2.138000E+00  5.45449070E-028
  2.163000E+00  5.52279552E-028
  2.188000E+00  5.58912325E-028
  2.213000E+00  5.65592924E-028
  2.239000E+00  5.72325955E-028
  2.265000E+00  5.79012640E-028
  2.291000E+00  5.85630349E-028
  2.317000E+00  5.92140589E-028
  2.344000E+00  5.98714403E-028
  2.371000E+00  6.05718959E-028
  2.399000E+00  6.12765833E-028
  2.427000E+00  6.19652928E-028
  2.455000E+00  6.26324584E-028
  2.483000E+00  6.32830320E-028
  2.512000E+00  6.39977296E-028
  2.541000E+00  6.46874546E-028
  2.570000E+00  6.53568095E-028
  2.600000E+00  6.60922855E-028
  2.630000E+00  6.68018244E-028
  2.661000E+00  6.75751389E-028
  2.691000E+00  6.82426297E-028
  2.723000E+00  6.90513073E-028
  2.754000E+00  6.97549794E-028
  2.786000E+00  7.05141528E-028
  2.818000E+00  7.13078424E-028
  2.851000E+00  7.20933612E-028
  2.884000E+00  7.29167146E-028
  2.917000E+00  7.37088451E-028
  2.951000E+00  7.45502698E-028
  2.985000E+00  7.53649535E-028
  3.020000E+00  7.62203576E-028
  3.055000E+00  7.69929585E-028
  3.090000E+00  7.76787100E-028
  3.126000E+00  7.83588216E-028
  3.162000E+00  7.89061528E-028
  3.199000E+00  7.94495755E-028
  3.236000E+00  7.99295889E-028
  3.273000E+00  8.03587154E-028
  3.311000E+00  8.09554866E-028
  3.350000E+00  8.33537798E-028
  3.388000E+00  8.79411366E-028
  3.428000E+00  8.80885913E-028
  3.467000E+00  8.80528483E-028
  3.507000E+00  8.61208463E-028
  3.548000E+00  8.48126478E-028
  3.589000E+00  8.27281371E-028
  3.631000E+00  8.18984295E-028
  3.673000E+00  8.18805546E-028
  3.715000E+00  8.19191866E-028
  3.758000E+00  8.19285372E-028
  3.802000E+00  8.19763531E-028
  3.846000E+00  8.20527264E-028
  3.891000E+00  8.20789906E-028
  3.935000E+00  8.21351613E-028
  3.981000E+00  8.22299610E-028
  4.027000E+00  8.23124921E-028
  4.074000E+00  8.23900634E-028
  4.121000E+00  8.25001896E-028
  4.169000E+00  8.25990388E-028
  4.217000E+00  8.27300125E-028
  4.266000E+00  8.28948847E-028
  4.315000E+00  8.30449469E-028
  4.365000E+00  8.32340749E-028
  4.416000E+00  8.34058024E-028
  4.467000E+00  8.36109888E-028
  4.519000E+00  8.38420571E-028
  4.571000E+00  8.40619499E-028
  4.624000E+00  8.43125075E-028
  4.677000E+00  8.45393554E-028
  4.732000E+00  8.48000999E-028
  4.786000E+00  8.50388927E-028
  4.842000E+00  8.52693799E-028
  4.898000E+00  8.55210153E-028
  4.955000E+00  8.57538079E-028
  5.012000E+00  8.59696051E-028
  5.070000E+00  8.61710568E-028
  5.129000E+00  8.63646513E-028
  5.188000E+00  8.65368420E-028
  5.248000E+00  8.66947793E-028
  5.309000E+00  8.68457336E-028
  5.370000E+00  8.69745119E-028
  5.432000E+00  8.70973725E-028
  5.495000E+00  8.72454053E-028
  5.559000E+00  8.73489653E-028
  5.623000E+00  8.74319325E-028
  5.688000E+00  8.75156481E-028
  5.754000E+00  8.75816899E-028
  5.821000E+00  8.76058866E-028
  5.888000E+00  8.76608586E-028
  5.957000E+00  8.77044893E-028
  6.026000E+00  8.77437327E-028
  6.095000E+00  8.77374883E-028
  6.166000E+00  8.77685708E-028
  6.237000E+00  8.77553728E-028
  6.310000E+00  8.77383360E-028
  6.383000E+00  8.77259887E-028
  6.457000E+00  8.77110900E-028
  6.531000E+00  8.76611144E-028
  6.607000E+00  8.76223928E-028
  6.683000E+00  8.75632483E-028
  6.761000E+00  8.76125228E-028
  6.839000E+00  8.93416493E-028
  6.918000E+00  8.77358093E-028
  6.998000E+00  8.73051794E-028
  7.080000E+00  8.71957355E-028
  7.161000E+00  8.71203327E-028
  7.244000E+00  8.70281419E-028
  7.328000E+00  8.68957352E-028
  7.413000E+00  8.67924464E-028
  7.499000E+00  8.66937609E-028
  7.586000E+00  8.65451805E-028
  7.674000E+00  8.64281874E-028
  7.762000E+00  8.60506882E-028
  7.852000E+00  8.60492891E-028
  7.943000E+00  8.68446249E-028
  8.035000E+00  8.85686108E-028
  8.128000E+00  9.11983502E-028
  8.222000E+00  9.49638524E-028
  8.318000E+00  1.01086890E-027
  8.414000E+00  1.06717953E-027
  8.511000E+00  1.11993833E-027
  8.610000E+00  1.14911028E-027
  8.710000E+00  1.20552724E-027
  8.811000E+00  1.31802390E-027
  8.913000E+00  1.43216474E-027
  9.016000E+00  1.53714141E-027
  9.120000E+00  1.65052558E-027
  9.226000E+00  1.76883302E-027
  9.333000E+00  1.87622675E-027
  9.441000E+00  1.96061924E-027
  9.550000E+00  2.02021266E-027
  9.660000E+00  2.05557259E-027
  9.772000E+00  2.06794376E-027
  9.885000E+00  2.05724886E-027
  1.000000E+01  2.02460131E-027
  1.012000E+01  1.97036032E-027
  1.023000E+01  1.91038733E-027
  1.035000E+01  1.84338809E-027
  1.047000E+01  1.78000837E-027
  1.059000E+01  1.71999396E-027
  1.072000E+01  1.65812362E-027
  1.084000E+01  1.60285567E-027
  1.097000E+01  1.54287758E-027
  1.109000E+01  1.48613153E-027
  1.122000E+01  1.42087851E-027
  1.135000E+01  1.35136792E-027
  1.148000E+01  1.29077413E-027
  1.161000E+01  1.23781231E-027
  1.175000E+01  1.18576538E-027
  1.189000E+01  1.13504253E-027
  1.202000E+01  1.08719880E-027
  1.216000E+01  1.03738295E-027
  1.230000E+01  9.93485967E-028
  1.244000E+01  9.59521687E-028
  1.259000E+01  9.38653546E-028
  1.273000E+01  9.33234746E-028
  1.288000E+01  9.35718191E-028
  1.303000E+01  9.36095248E-028
  1.318000E+01  9.39082767E-028
  1.334000E+01  9.43146548E-028
  1.349000E+01  9.47406413E-028
  1.365000E+01  9.53715898E-028
  1.380000E+01  9.61532375E-028
  1.396000E+01  9.72434500E-028
  1.412000E+01  9.86265258E-028
  1.429000E+01  1.00439092E-027
  1.445000E+01  1.02526081E-027
  1.462000E+01  1.05196392E-027
  1.479000E+01  1.08399736E-027
  1.496000E+01  1.12164755E-027
  1.514000E+01  1.16722600E-027
  1.531000E+01  1.21560115E-027
  1.549000E+01  1.27230046E-027
  1.567000E+01  1.33401685E-027
  1.585000E+01  1.40024862E-027
  1.603000E+01  1.47095423E-027
  1.622000E+01  1.54948444E-027
  1.641000E+01  1.63154926E-027
  1.660000E+01  1.71617285E-027
  1.679000E+01  1.80265229E-027
  1.698000E+01  1.88980928E-027
  1.718000E+01  1.98178606E-027
  1.738000E+01  2.07382875E-027
  1.758000E+01  2.16600619E-027
  1.778000E+01  2.25782333E-027
  1.799000E+01  2.35396593E-027
  1.820000E+01  2.44957506E-027
  1.841000E+01  2.54378335E-027
  1.862000E+01  2.63671116E-027
  1.884000E+01  2.73176586E-027
  1.906000E+01  2.82413859E-027
  1.927000E+01  2.91226080E-027
  1.950000E+01  3.00673043E-027
  1.972000E+01  3.09806533E-027
  1.995000E+01  3.19529129E-027
  2.018000E+01  3.30632524E-027
  2.042000E+01  3.43023268E-027
  2.065000E+01  3.55826554E-027
  2.089000E+01  3.70207245E-027
  2.114000E+01  3.86161037E-027
  2.138000E+01  4.02042578E-027
  2.163000E+01  4.19264993E-027
  2.188000E+01  4.36986003E-027
  2.213000E+01  4.54795574E-027
  2.239000E+01  4.73203218E-027
  2.265000E+01  4.91995002E-027
  2.291000E+01  5.10752509E-027
  2.317000E+01  5.29427226E-027
  2.344000E+01  5.50023669E-027
  2.371000E+01  5.70970601E-027
  2.399000E+01  5.93765706E-027
  2.427000E+01  6.17427908E-027
  2.455000E+01  6.42226317E-027
  2.483000E+01  6.67643449E-027
  2.512000E+01  6.94908951E-027
  2.541000E+01  7.23674476E-027
  2.570000E+01  7.53426464E-027
  2.600000E+01  7.84904100E-027
  2.630000E+01  8.17413518E-027
  2.661000E+01  8.52121633E-027
  2.692000E+01  8.88536579E-027
  2.723000E+01  9.25087148E-027
  2.754000E+01  9.63349512E-027
  2.786000E+01  1.00361125E-026
  2.818000E+01  1.04501933E-026
  2.851000E+01  1.08890699E-026
  2.884000E+01  1.13401027E-026
  2.917000E+01  1.18064625E-026
  2.951000E+01  1.22907039E-026
  2.985000E+01  1.27962110E-026
  3.020000E+01  1.33295130E-026
  3.055000E+01  1.38698413E-026
  3.090000E+01  1.44229485E-026
  3.126000E+01  1.50045822E-026
  3.162000E+01  1.56031817E-026
  3.199000E+01  1.62318795E-026
  3.236000E+01  1.68617528E-026
  3.273000E+01  1.75164747E-026
  3.311000E+01  1.82150824E-026
  3.350000E+01  1.89241595E-026
  3.388000E+01  1.96271027E-026
  3.428000E+01  2.03947656E-026
  3.467000E+01  2.11567397E-026
  3.508000E+01  2.19608761E-026
  3.548000E+01  2.27689164E-026
  3.589000E+01  2.36152533E-026
  3.631000E+01  2.44960957E-026
  3.673000E+01  2.53716228E-026
  3.715000E+01  2.62832770E-026
  3.758000E+01  2.72244279E-026
  3.802000E+01  2.81855130E-026
  3.846000E+01  2.91787985E-026
  3.890000E+01  3.01850905E-026
  3.935000E+01  3.12265175E-026
  3.981000E+01  3.23032995E-026
  4.027000E+01  3.34163714E-026
  4.074000E+01  3.45227971E-026
  4.121000E+01  3.56850270E-026
  4.169000E+01  3.68877258E-026
  4.217000E+01  3.80782040E-026
  4.266000E+01  3.93060978E-026
  4.315000E+01  4.05708654E-026
  4.365000E+01  4.18748060E-026
  4.416000E+01  4.32175867E-026
  4.467000E+01  4.46040570E-026
  4.519000E+01  4.59692012E-026
  4.571000E+01  4.74066060E-026
  4.624000E+01  4.88875409E-026
  4.677000E+01  5.03811850E-026
  4.731000E+01  5.19166696E-026
  4.786000E+01  5.34941973E-026
  4.842000E+01  5.50754577E-026
  4.898000E+01  5.67873447E-026
  4.954000E+01  5.84341265E-026
  5.012000E+01  6.01664093E-026
  5.070000E+01  6.19562262E-026
  5.129000E+01  6.37878758E-026
  5.188000E+01  6.56411708E-026
  5.248000E+01  6.75359738E-026
  5.309000E+01  6.94856569E-026
  5.370000E+01  7.14922823E-026
  5.433000E+01  7.35886186E-026
  5.495000E+01  7.56650400E-026
  5.559000E+01  7.78327424E-026
  5.623000E+01  8.00184282E-026
  5.688000E+01  8.23028447E-026
  5.754000E+01  8.46009521E-026
  5.821000E+01  8.70011528E-026
  5.888000E+01  8.94283238E-026
  5.957000E+01  9.19459035E-026
  6.026000E+01  9.45427219E-026
  6.095000E+01  9.71049791E-026
  6.166000E+01  9.98232104E-026
  6.237000E+01  1.02488795E-025
  6.310000E+01  1.05324791E-025
  6.383000E+01  1.08173141E-025
  6.457000E+01  1.11159849E-025
  6.531000E+01  1.14080552E-025
  6.607000E+01  1.17178915E-025
  6.683000E+01  1.20205833E-025
  6.761000E+01  1.23410654E-025
  6.839000E+01  1.26618555E-025
  6.918000E+01  1.29879423E-025
  6.998000E+01  1.33175915E-025
  7.079000E+01  1.36520633E-025
  7.161000E+01  1.40005854E-025
  7.244000E+01  1.43421774E-025
  7.328000E+01  1.46974382E-025
  7.413000E+01  1.50546188E-025
  7.499000E+01  1.54046593E-025
  7.586000E+01  1.57677576E-025
  7.674000E+01  1.61331875E-025
  7.762000E+01  1.65048917E-025
  7.852000E+01  1.68692380E-025
  7.943000E+01  1.72365163E-025
  8.035000E+01  1.76133534E-025
  8.128000E+01  1.79756156E-025
  8.222000E+01  1.83515505E-025
  8.318000E+01  1.87151439E-025
  8.414000E+01  1.90848884E-025
  8.511000E+01  1.94493175E-025
  8.610000E+01  1.98140392E-025
  8.710000E+01  2.01753751E-025
  8.811000E+01  2.05284205E-025
  8.912000E+01  2.08756649E-025
  9.016000E+01  2.12350921E-025
  9.120000E+01  2.15671362E-025
  9.226000E+01  2.18952210E-025
  9.332000E+01  2.22266003E-025
  9.441000E+01  2.25411955E-025
  9.550000E+01  2.28550128E-025
  9.661000E+01  2.31617111E-025
  9.772000E+01  2.34409043E-025
  9.886000E+01  2.37259158E-025
  1.000000E+02  2.39970799E-025
  1.012000E+02  2.42653797E-025
  1.023000E+02  2.44973358E-025
  1.035000E+02  2.47351755E-025
  1.047000E+02  2.49529122E-025
  1.059000E+02  2.51595351E-025
  1.072000E+02  2.53604064E-025
  1.084000E+02  2.55300081E-025
  1.097000E+02  2.57104873E-025
  1.109000E+02  2.58491616E-025
  1.122000E+02  2.59776636E-025
  1.135000E+02  2.60898291E-025
  1.148000E+02  2.62037494E-025
  1.161000E+02  2.62820312E-025
  1.175000E+02  2.63637404E-025
  1.188000E+02  2.64131641E-025
  1.202000E+02  2.64576262E-025
  1.216000E+02  2.64678603E-025
  1.230000E+02  2.64841258E-025
  1.244000E+02  2.64765197E-025
  1.259000E+02  2.64413935E-025
  1.273000E+02  2.64054307E-025
  1.288000E+02  2.63487658E-025
  1.303000E+02  2.62785950E-025
  1.318000E+02  2.61793704E-025
  1.334000E+02  2.60712166E-025
  1.349000E+02  2.59590884E-025
  1.365000E+02  2.58231763E-025
  1.380000E+02  2.56837242E-025
  1.396000E+02  2.55209300E-025
  1.412000E+02  2.53489791E-025
  1.429000E+02  2.51517295E-025
  1.445000E+02  2.49571057E-025
  1.462000E+02  2.47374421E-025
  1.479000E+02  2.45109255E-025
  1.496000E+02  2.42720871E-025
  1.514000E+02  2.40139528E-025
  1.531000E+02  2.37592307E-025
  1.549000E+02  2.34863607E-025
  1.567000E+02  2.32034779E-025
  1.585000E+02  2.29177437E-025
  1.603000E+02  2.26396973E-025
  1.622000E+02  2.23228304E-025
  1.641000E+02  2.20052084E-025
  1.660000E+02  2.16877065E-025
  1.679000E+02  2.13587027E-025
  1.698000E+02  2.10509391E-025
  1.718000E+02  2.07024940E-025
  1.738000E+02  2.03564754E-025
  1.758000E+02  2.00133259E-025
  1.778000E+02  1.96814015E-025
  1.799000E+02  1.93177664E-025
  1.820000E+02  1.89589762E-025
  1.841000E+02  1.86111777E-025
  1.862000E+02  1.82522345E-025
  1.884000E+02  1.78826749E-025
  1.906000E+02  1.75243471E-025
  1.928000E+02  1.71646534E-025
  1.950000E+02  1.68053037E-025
  1.972000E+02  1.64595383E-025
  1.995000E+02  1.60951394E-025
  2.018000E+02  1.57344566E-025
  2.042000E+02  1.53722350E-025
  2.065000E+02  1.50238036E-025
  2.089000E+02  1.46753689E-025
  2.114000E+02  1.43076546E-025
  2.138000E+02  1.39733448E-025
  2.163000E+02  1.36214698E-025
  2.188000E+02  1.32751064E-025
  2.213000E+02  1.29483794E-025
  2.239000E+02  1.26058784E-025
  2.265000E+02  1.22782093E-025
  2.291000E+02  1.19534419E-025
  2.317000E+02  1.16431371E-025
  2.344000E+02  1.13196803E-025
  2.371000E+02  1.10109180E-025
  2.399000E+02  1.06951646E-025
  2.427000E+02  1.03940270E-025
  2.455000E+02  1.00970059E-025
  2.483000E+02  9.81021587E-026
  2.512000E+02  9.51824914E-026
  2.541000E+02  9.24014634E-026
  2.570000E+02  8.96706574E-026
  2.600000E+02  8.69461549E-026
  2.630000E+02  8.42770382E-026
  2.661000E+02  8.16567465E-026
  2.691000E+02  7.91782685E-026
  2.723000E+02  7.66255989E-026
  2.754000E+02  7.42639915E-026
  2.786000E+02  7.18509453E-026
  2.818000E+02  6.95941080E-026
  2.851000E+02  6.72934319E-026
  2.884000E+02  6.50811478E-026
  2.917000E+02  6.29283509E-026
  2.951000E+02  6.08567833E-026
  2.985000E+02  5.87873452E-026
  3.020000E+02  5.67962008E-026
  3.055000E+02  5.48743754E-026
  3.090000E+02  5.29851628E-026
  3.126000E+02  5.11724369E-026
  3.162000E+02  4.93658801E-026
  3.199000E+02  4.76359110E-026
  3.236000E+02  4.59382358E-026
  3.273000E+02  4.43342903E-026
  3.311000E+02  4.27703275E-026
  3.350000E+02  4.11980052E-026
  3.388000E+02  3.97320737E-026
  3.428000E+02  3.82427523E-026
  3.467000E+02  3.68930254E-026
  3.508000E+02  3.55093459E-026
  3.548000E+02  3.42088389E-026
  3.589000E+02  3.29331066E-026
  3.631000E+02  3.16766670E-026
  3.673000E+02  3.04927825E-026
  3.715000E+02  2.93743536E-026
  3.758000E+02  2.82398550E-026
  3.802000E+02  2.71634388E-026
  3.846000E+02  2.60992834E-026
  3.890000E+02  2.51121794E-026
  3.935000E+02  2.41454633E-026
  3.981000E+02  2.31983125E-026
  4.027000E+02  2.22937851E-026
  4.074000E+02  2.14088483E-026
  4.121000E+02  2.05771360E-026
  4.169000E+02  1.97526252E-026
  4.217000E+02  1.89635184E-026
  4.266000E+02  1.82185363E-026
  4.315000E+02  1.74955842E-026
  4.365000E+02  1.67794957E-026
  4.416000E+02  1.61049481E-026
  4.467000E+02  1.54500141E-026
  4.519000E+02  1.48235211E-026
  4.571000E+02  1.42259992E-026
  4.624000E+02  1.36359629E-026
  4.677000E+02  1.30820566E-026
  4.731000E+02  1.25525115E-026
  4.786000E+02  1.20219528E-026
  4.842000E+02  1.15237806E-026
  4.898000E+02  1.10417072E-026
  4.955000E+02  1.05818780E-026
  5.012000E+02  1.01438058E-026
  5.070000E+02  9.71281293E-027
  5.129000E+02  9.30216457E-027
  5.188000E+02  8.91798907E-027
  5.248000E+02  8.53377441E-027
  5.309000E+02  8.17435884E-027
  5.370000E+02  7.83234114E-027
  5.432000E+02  7.49655134E-027
  5.495000E+02  7.17714667E-027
  5.559000E+02  6.86410790E-027
  5.623000E+02  6.57114895E-027
  5.688000E+02  6.29337676E-027
  5.754000E+02  6.01634268E-027
  5.821000E+02  5.75801313E-027
  5.888000E+02  5.50810494E-027
  5.957000E+02  5.26458254E-027
  6.026000E+02  5.03694635E-027
  6.095000E+02  4.82076552E-027
  6.166000E+02  4.60639774E-027
  6.237000E+02  4.40603408E-027
  6.310000E+02  4.21068949E-027
  6.383000E+02  4.02587015E-027
  6.457000E+02  3.84773492E-027
  6.531000E+02  3.68168569E-027
  6.607000E+02  3.51453735E-027
  6.683000E+02  3.36130262E-027
  6.761000E+02  3.20995562E-027
  6.839000E+02  3.06868080E-027
  6.918000E+02  2.93298042E-027
  6.998000E+02  2.80081094E-027
  7.080000E+02  2.67443216E-027
  7.161000E+02  2.55601937E-027
  7.244000E+02  2.44170681E-027
  7.328000E+02  2.33153318E-027
  7.413000E+02  2.22805090E-027
  7.499000E+02  2.12542078E-027
  7.586000E+02  2.03045391E-027
  7.674000E+02  1.93950348E-027
  7.762000E+02  1.85213499E-027
  7.852000E+02  1.76701067E-027
  7.943000E+02  1.68724040E-027
  8.035000E+02  1.60980923E-027
  8.128000E+02  1.53773608E-027
  8.222000E+02  1.46801769E-027
  8.318000E+02  1.39999740E-027
  8.414000E+02  1.33670225E-027
  8.511000E+02  1.27618031E-027
  8.610000E+02  1.21691600E-027
  8.710000E+02  1.16136552E-027
  8.810000E+02  1.10880370E-027
  8.912000E+02  1.05748244E-027
  9.016000E+02  1.00872505E-027
  9.120000E+02  9.62813644E-028
  9.226000E+02  9.17858685E-028
  9.333000E+02  8.75758708E-028
  9.441000E+02  8.35563952E-028
  9.550000E+02  7.96794322E-028
  9.660000E+02  7.60316602E-028
  9.772000E+02  7.25288602E-028
  9.885000E+02  6.91492433E-028
  1.000000E+03  6.59458157E-028
  1.012000E+03  6.27881455E-028
  1.023000E+03  6.00278315E-028
  1.035000E+03  5.72192991E-028
  1.047000E+03  5.45665402E-028
  1.059000E+03  5.20361440E-028
  1.072000E+03  4.94829405E-028
  1.084000E+03  4.72602630E-028
  1.096000E+03  4.51349119E-028
  1.109000E+03  4.29886422E-028
  1.122000E+03  4.09686569E-028
  1.135000E+03  3.90404748E-028
  1.148000E+03  3.72444832E-028
  1.161000E+03  3.55468183E-028
  1.175000E+03  3.38027952E-028
  1.188000E+03  3.22947035E-028
  1.202000E+03  3.07635542E-028
  1.216000E+03  2.93028219E-028
  1.230000E+03  2.79432269E-028
  1.244000E+03  2.66586655E-028
  1.259000E+03  2.53469255E-028
  1.274000E+03  2.41279243E-028
  1.288000E+03  2.30560402E-028
  1.303000E+03  2.19558116E-028
  1.318000E+03  2.09346764E-028
  1.334000E+03  1.99103236E-028
  1.349000E+03  1.89895871E-028
  1.365000E+03  1.80785593E-028
  1.380000E+03  1.72737217E-028
  1.396000E+03  1.64515588E-028
  1.412000E+03  1.56867280E-028
  1.429000E+03  1.49221783E-028
  1.445000E+03  1.42341427E-028
  1.462000E+03  1.35555831E-028
  1.479000E+03  1.29159055E-028
  1.496000E+03  1.23057785E-028
  1.514000E+03  1.17053819E-028
  1.531000E+03  1.11706530E-028
  1.549000E+03  1.06306029E-028
  1.567000E+03  1.01284910E-028
  1.585000E+03  9.65618770E-029
  1.603000E+03  9.20282137E-029
  1.622000E+03  8.76037454E-029
  1.641000E+03  8.34242053E-029
  1.660000E+03  7.94407808E-029
  1.679000E+03  7.57460090E-029
  1.698000E+03  7.22574688E-029
  1.718000E+03  6.87472369E-029
  1.738000E+03  6.54844962E-029
  1.758000E+03  6.24167709E-029
  1.778000E+03  5.94817529E-029
  1.799000E+03  5.66253218E-029
  1.820000E+03  5.39337973E-029
  1.841000E+03  5.13622342E-029
  1.862000E+03  4.89766428E-029
  1.884000E+03  4.66199776E-029
  1.906000E+03  4.43709578E-029
  1.928000E+03  4.22858421E-029
  1.950000E+03  4.03185067E-029
  1.972000E+03  3.84354367E-029
  1.995000E+03  3.66108192E-029
  2.018000E+03  3.48397763E-029
  2.042000E+03  3.31181056E-029
  2.065000E+03  3.15634304E-029
  2.089000E+03  3.00190047E-029
  2.114000E+03  2.85210998E-029
  2.138000E+03  2.71713919E-029
  2.163000E+03  2.58293055E-029
  2.188000E+03  2.45825818E-029
  2.213000E+03  2.34078203E-029
  2.239000E+03  2.22422783E-029
  2.265000E+03  2.11634864E-029
  2.291000E+03  2.01467744E-029
  2.317000E+03  1.91767038E-029
  2.344000E+03  1.82402120E-029
  2.371000E+03  1.73584373E-029
  2.399000E+03  1.64895011E-029
  2.427000E+03  1.56829112E-029
  2.455000E+03  1.49235762E-029
  2.483000E+03  1.41987242E-029
  2.512000E+03  1.35014233E-029
  2.541000E+03  1.28451261E-029
  2.570000E+03  1.22208091E-029
  2.600000E+03  1.16211126E-029
  2.630000E+03  1.10565547E-029
  2.661000E+03  1.05006655E-029
  2.692000E+03  9.98467160E-030
  2.723000E+03  9.50069488E-030
  2.754000E+03  9.03884928E-030
  2.786000E+03  8.59584670E-030
  2.818000E+03  8.17891250E-030
  2.851000E+03  7.77422253E-030
  2.884000E+03  7.38863308E-030
  2.917000E+03  7.03176917E-030
  2.951000E+03  6.68565120E-030
  2.985000E+03  6.35565758E-030
  3.020000E+03  6.04036176E-030
  3.055000E+03  5.74376241E-030
  3.090000E+03  5.46457860E-030
  3.126000E+03  5.19188521E-030
  3.162000E+03  4.93868978E-030
  3.199000E+03  4.69387209E-030
  3.236000E+03  4.46057138E-030
  3.273000E+03  4.24392721E-030
  3.311000E+03  4.03450386E-030
  3.350000E+03  3.83302195E-030
  3.388000E+03  3.64616630E-030
  3.428000E+03  3.46280077E-030
  3.467000E+03  3.29524163E-030
  3.508000E+03  3.12808201E-030
  3.548000E+03  2.97612374E-030
  3.589000E+03  2.83009963E-030
  3.631000E+03  2.68884089E-030
  3.673000E+03  2.55482803E-030
  3.715000E+03  2.43038127E-030
  3.758000E+03  2.31049210E-030
  3.802000E+03  2.19514464E-030
  3.846000E+03  2.08572089E-030
  3.890000E+03  1.98371556E-030
  3.936000E+03  1.88384856E-030
  3.981000E+03  1.79197478E-030
  4.027000E+03  1.70246396E-030
  4.074000E+03  1.61761022E-030
  4.121000E+03  1.53781000E-030
  4.169000E+03  1.46150379E-030
  4.217000E+03  1.38879388E-030
  4.266000E+03  1.31962150E-030
  4.315000E+03  1.25484693E-030
  4.365000E+03  1.19266954E-030
  4.416000E+03  1.13228557E-030
  4.467000E+03  1.07651468E-030
  4.519000E+03  1.02279120E-030
  4.571000E+03  9.72501746E-031
  4.624000E+03  9.23457459E-031
  4.677000E+03  8.78140471E-031
  4.732000E+03  8.33936797E-031
  4.786000E+03  7.93110369E-031
  4.842000E+03  7.52982975E-031
  4.898000E+03  7.15580005E-031
  4.954000E+03  6.80565315E-031
  5.012000E+03  6.46303156E-031
  5.070000E+03  6.14240500E-031
  5.129000E+03  5.83207791E-031
  5.188000E+03  5.54399788E-031
  5.248000E+03  5.26848974E-031
  5.309000E+03  5.00645292E-031
  5.370000E+03  4.75565230E-031
  5.432000E+03  4.52026678E-031
  5.495000E+03  4.29537766E-031
  5.559000E+03  4.07955999E-031
  5.623000E+03  3.87770122E-031
  5.688000E+03  3.68245691E-031
  5.754000E+03  3.49946685E-031
  5.821000E+03  3.32396177E-031
  5.888000E+03  3.15897252E-031
  5.957000E+03  2.99810406E-031
  6.026000E+03  2.84890431E-031
  6.095000E+03  2.70857682E-031
  6.166000E+03  2.57281387E-031
  6.237000E+03  2.44519943E-031
  6.310000E+03  2.32033556E-031
  6.383000E+03  2.20451968E-031
  6.456000E+03  2.09620852E-031
  6.531000E+03  1.99098789E-031
  6.607000E+03  1.89134684E-031
  6.683000E+03  1.79647420E-031
  6.761000E+03  1.70616227E-031
  6.839000E+03  1.62128673E-031
  6.918000E+03  1.54046486E-031
  6.998000E+03  1.46352677E-031
  7.080000E+03  1.38850557E-031
  7.161000E+03  1.32016026E-031
  7.244000E+03  1.25391915E-031
  7.328000E+03  1.19128284E-031
  7.413000E+03  1.13171252E-031
  7.499000E+03  1.07434820E-031
  7.586000E+03  1.02053075E-031
  7.674000E+03  9.69372507E-032
  7.762000E+03  9.21282079E-032
  7.852000E+03  8.75044686E-032
  7.943000E+03  8.31378952E-032
  8.035000E+03  7.89104092E-032
  8.128000E+03  7.49715870E-032
  8.222000E+03  7.12293628E-032
  8.318000E+03  6.76376866E-032
  8.414000E+03  6.42630536E-032
  8.511000E+03  6.10173265E-032
  8.610000E+03  5.79449882E-032
  8.710000E+03  5.50295464E-032
  8.810000E+03  5.23061382E-032
  8.912000E+03  4.96782904E-032
  9.016000E+03  4.71769029E-032
  9.120000E+03  4.47967826E-032
  9.226000E+03  4.25324988E-032
  9.332000E+03  4.04182455E-032
  9.441000E+03  3.83754693E-032
  9.550000E+03  3.64559051E-032
  9.660000E+03  3.46472048E-032
  9.772000E+03  3.28827272E-032
  9.886000E+03  3.12176837E-032
  1.000000E+04  2.96634880E-032
  1.012000E+04  2.81182914E-032
  1.023000E+04  2.67940911E-032
  1.035000E+04  2.54352555E-032
  1.047000E+04  2.41426610E-032
  1.059000E+04  2.29357895E-032
  1.072000E+04  2.17235247E-032
  1.084000E+04  2.06683437E-032
  1.096000E+04  1.96736303E-032
  1.109000E+04  1.86605827E-032
  1.122000E+04  1.77046928E-032
  1.135000E+04  1.68120611E-032
  1.148000E+04  1.59791475E-032
  1.161000E+04  1.51898140E-032
  1.175000E+04  1.43976826E-032
  1.188000E+04  1.37064564E-032
  1.202000E+04  1.29977204E-032
  1.216000E+04  1.23408912E-032
  1.230000E+04  1.17237200E-032
  1.244000E+04  1.11434328E-032
  1.259000E+04  1.05639927E-032
  1.274000E+04  1.00166423E-032
  1.288000E+04  9.53047330E-033
  1.303000E+04  9.04998680E-033
  1.318000E+04  8.59892260E-033
  1.334000E+04  8.14444096E-033
  1.349000E+04  7.74659733E-033
  1.365000E+04  7.34820858E-033
  1.380000E+04  6.99722243E-033
  1.396000E+04  6.64034019E-033
  1.412000E+04  6.30936366E-033
  1.429000E+04  5.97927348E-033
  1.445000E+04  5.68958577E-033
  1.462000E+04  5.39829700E-033
  1.479000E+04  5.12459328E-033
  1.496000E+04  4.86655177E-033
  1.514000E+04  4.61292850E-033
  1.531000E+04  4.38639354E-033
  1.549000E+04  4.16276235E-033
  1.567000E+04  3.95281103E-033
  1.585000E+04  3.75556970E-033
  1.603000E+04  3.57005463E-033
  1.622000E+04  3.38388537E-033
  1.641000E+04  3.21136904E-033
  1.660000E+04  3.04957142E-033
  1.679000E+04  2.89856431E-033
  1.698000E+04  2.75537211E-033
  1.718000E+04  2.61382779E-033
  1.738000E+04  2.48191667E-033
  1.758000E+04  2.35669210E-033
  1.778000E+04  2.23936009E-033
  1.799000E+04  2.12460387E-033
  1.820000E+04  2.01691844E-033
  1.841000E+04  1.91579427E-033
  1.862000E+04  1.82076304E-033
  1.884000E+04  1.72601781E-033
  1.906000E+04  1.63825485E-033
  1.928000E+04  1.55594858E-033
  1.950000E+04  1.47846895E-033
  1.972000E+04  1.40563922E-033
  1.995000E+04  1.33469475E-033
  2.018000E+04  1.26663431E-033
  2.042000E+04  1.20141954E-033
  2.065000E+04  1.14215107E-033
  2.089000E+04  1.08455052E-033
  2.114000E+04  1.02829509E-033
  2.138000E+04  9.77540330E-034
  2.163000E+04  9.27241648E-034
  2.188000E+04  8.80194398E-034
  2.213000E+04  8.36401328E-034
  2.239000E+04  7.94025203E-034
  2.265000E+04  7.53873627E-034
  2.291000E+04  7.15643015E-034
  2.317000E+04  6.80167752E-034
  2.344000E+04  6.45916410E-034
  2.371000E+04  6.13392579E-034
  2.399000E+04  5.81736808E-034
  2.427000E+04  5.51970472E-034
  2.455000E+04  5.24370102E-034
  2.483000E+04  4.98140025E-034
  2.512000E+04  4.72899371E-034
  2.541000E+04  4.49183777E-034
  2.570000E+04  4.26619690E-034
  2.600000E+04  4.04971401E-034
  2.630000E+04  3.84637303E-034
  2.661000E+04  3.64665479E-034
  2.692000E+04  3.46158626E-034
  2.723000E+04  3.28774991E-034
  2.754000E+04  3.12418203E-034
  2.786000E+04  2.96566904E-034
  2.818000E+04  2.81843468E-034
  2.851000E+04  2.67248281E-034
  2.884000E+04  2.53869351E-034
  2.917000E+04  2.41134973E-034
  2.951000E+04  2.28816137E-034
  2.985000E+04  2.17519529E-034
  3.020000E+04  2.04360012E-034
  3.055000E+04  1.82187979E-034
  3.090000E+04  1.52500571E-034
  3.126000E+04  1.22948724E-034
  3.162000E+04  9.85397700E-035
  3.199000E+04  7.94690936E-035
  3.236000E+04  6.52364013E-035
  3.273000E+04  5.44996038E-035
  3.311000E+04  4.61273775E-035
  3.350000E+04  3.94919019E-035
  3.388000E+04  3.43614049E-035
  3.428000E+04  3.00421010E-035
  3.467000E+04  2.65898135E-035
  3.508000E+04  2.36121108E-035
  3.548000E+04  2.11643539E-035
  3.589000E+04  1.90569090E-035
  3.631000E+04  1.71974316E-035
  3.673000E+04  1.55995025E-035
  3.715000E+04  1.42240326E-035
  3.758000E+04  1.29801673E-035
  3.802000E+04  1.18643855E-035
  3.846000E+04  1.08910352E-035
  3.890000E+04  1.00210953E-035
  3.936000E+04  9.21276986E-036
  3.981000E+04  8.50312056E-036
