# DL07 model SED (this work), smc, Mathis ISRF U =  1.00
# silicate (D03) + carbonaceous (DL07 PAH Nc=470 + D03 graphite blend)
# PAH ionization computed via WD01b grain charging (pah_ionfrac)
# columns: lambda[um]  lamI_total/NH  lamI_sil/NH  lamI_carb/NH
#          [erg s^-1 cm^-2 sr^-1 H^-1]
  9.120000E-02  1.42585057E-040  1.42585057E-040  7.96724679E-050
  9.226000E-02  2.10460210E-040  2.10460210E-040  1.49051243E-049
  9.332000E-02  3.07503054E-040  3.07503054E-040  2.77319546E-049
  9.441000E-02  4.48354181E-040  4.48354180E-040  5.21213721E-049
  9.550000E-02  6.47429482E-040  6.47429481E-040  9.70968142E-049
  9.661000E-02  9.31178461E-040  9.31178460E-040  1.81099051E-048
  9.772000E-02  1.32700936E-039  1.32700935E-039  3.34151548E-048
  9.886000E-02  1.89027746E-039  1.89027746E-039  6.19574863E-048
  1.000000E-01  2.66852874E-039  2.66852873E-039  1.13500908E-047
  1.012000E-01  3.78319545E-039  3.78319543E-039  2.09114231E-047
  1.023000E-01  5.16741785E-039  5.16741782E-039  3.63163266E-047
  1.035000E-01  7.14323324E-039  7.14323317E-039  6.53907365E-047
  1.047000E-01  9.77334051E-039  9.77334040E-039  1.16074236E-046
  1.059000E-01  1.33782309E-038  1.33782307E-038  2.03201101E-046
  1.072000E-01  1.86796084E-038  1.86796080E-038  3.67099569E-046
  1.084000E-01  2.52698338E-038  2.52698331E-038  6.25147568E-046
  1.097000E-01  3.48509803E-038  3.48509792E-038  1.09712274E-045
  1.109000E-01  4.65184488E-038  4.65184470E-038  1.82054993E-045
  1.122000E-01  6.33135821E-038  6.33135790E-038  3.11029758E-045
  1.135000E-01  8.54836485E-038  8.54836432E-038  5.24298919E-045
  1.148000E-01  1.14490151E-037  1.14490143E-037  8.72432491E-045
  1.161000E-01  1.52560374E-037  1.52560360E-037  1.43391020E-044
  1.175000E-01  2.06095907E-037  2.06095883E-037  2.41598497E-044
  1.189000E-01  2.76477518E-037  2.76477477E-037  4.01682611E-044
  1.202000E-01  3.60836056E-037  3.60835992E-037  6.36683887E-044
  1.216000E-01  4.77095603E-037  4.77095500E-037  1.03323408E-043
  1.230000E-01  6.26957741E-037  6.26957575E-037  1.65719033E-043
  1.244000E-01  8.17919876E-037  8.17919613E-037  2.62803124E-043
  1.259000E-01  1.07990212E-036  1.07990169E-036  4.25585612E-043
  1.274000E-01  1.41548372E-036  1.41548304E-036  6.81074391E-043
  1.288000E-01  1.81013244E-036  1.81013140E-036  1.04558037E-042
  1.303000E-01  2.33951518E-036  2.33951357E-036  1.61641506E-042
  1.318000E-01  3.00403831E-036  3.00403579E-036  2.51939008E-042
  1.333000E-01  3.83154903E-036  3.83154514E-036  3.89144360E-042
  1.349000E-01  4.92854601E-036  4.92853988E-036  6.12897177E-042
  1.365000E-01  6.29304521E-036  6.29303565E-036  9.56274128E-042
  1.380000E-01  7.85750892E-036  7.85749453E-036  1.43934390E-041
  1.396000E-01  9.88424434E-036  9.88422226E-036  2.20785455E-041
  1.412000E-01  1.23212183E-035  1.23211848E-035  3.35898115E-041
  1.429000E-01  1.53374975E-035  1.53374455E-035  5.20115425E-041
  1.445000E-01  1.85185176E-035  1.85184398E-035  7.78858632E-041
  1.462000E-01  2.22563658E-035  2.22562471E-035  1.18675740E-040
  1.479000E-01  2.64409387E-035  2.64407593E-035  1.79431511E-040
  1.496000E-01  3.11563004E-035  3.11560311E-035  2.69280979E-040
  1.514000E-01  3.67687713E-035  3.67683606E-035  4.10693812E-040
  1.531000E-01  4.24688180E-035  4.24682104E-035  6.07563901E-040
  1.549000E-01  4.87780054E-035  4.87770922E-035  9.13211843E-040
  1.567000E-01  5.66486426E-035  5.66472796E-035  1.36303781E-039
  1.585000E-01  6.49781422E-035  6.49761214E-035  2.02077432E-039
  1.603000E-01  7.37623060E-035  7.37593294E-035  2.97663900E-039
  1.622000E-01  8.51135599E-035  8.51091097E-035  4.45024786E-039
  1.641000E-01  9.67691003E-035  9.67624906E-035  6.60966172E-039
  1.660000E-01  1.09448662E-034  1.09438906E-034  9.75547429E-039
  1.679000E-01  1.24500683E-034  1.24486370E-034  1.43127498E-038
  1.698000E-01  1.39679333E-034  1.39658455E-034  2.08787003E-038
  1.718000E-01  1.60603085E-034  1.60572215E-034  3.08698484E-038
  1.738000E-01  1.83252557E-034  1.83207211E-034  4.53457685E-038
  1.758000E-01  2.06557736E-034  2.06491530E-034  6.62064602E-038
  1.778000E-01  2.29715524E-034  2.29619405E-034  9.61196239E-038
  1.799000E-01  2.52665211E-034  2.52523835E-034  1.41376024E-037
  1.820000E-01  2.87236423E-034  2.87029567E-034  2.06855236E-037
  1.841000E-01  3.23984216E-034  3.23683038E-034  3.01177535E-037
  1.862000E-01  3.61449414E-034  3.61012904E-034  4.36509744E-037
  1.884000E-01  4.00179600E-034  3.99538624E-034  6.40976021E-037
  1.905000E-01  4.39093574E-034  4.38172534E-034  9.21039599E-037
  1.928000E-01  4.95520805E-034  4.94157234E-034  1.36357113E-036
  1.950000E-01  5.50824032E-034  5.48848830E-034  1.97520199E-036
  1.972000E-01  6.06016317E-034  6.03169486E-034  2.84683078E-036
  1.995000E-01  6.61632864E-034  6.57486483E-034  4.14638129E-036
  2.018000E-01  7.38366178E-034  7.32371966E-034  5.99421232E-036
  2.042000E-01  8.29517797E-034  8.20796783E-034  8.72101403E-036
  2.065000E-01  9.20313921E-034  9.07962088E-034  1.23518330E-035
  2.089000E-01  1.01709669E-033  9.99585611E-034  1.75110763E-035
  2.113000E-01  1.13213791E-033  1.10773218E-033  2.44057270E-035
  2.138000E-01  1.27528968E-033  1.24150335E-033  3.37863375E-035
  2.163000E-01  1.44758855E-033  1.40186913E-033  4.57194130E-035
  2.188000E-01  1.64193271E-033  1.58149275E-033  6.04399607E-035
  2.213000E-01  1.87196453E-033  1.79384669E-033  7.81178478E-035
  2.239000E-01  2.15916358E-033  2.05934924E-033  9.98143416E-035
  2.265000E-01  2.49251235E-033  2.36737777E-033  1.25134577E-034
  2.291000E-01  2.88534442E-033  2.73087615E-033  1.54468270E-034
  2.317000E-01  3.33657526E-033  3.14818633E-033  1.88388931E-034
  2.344000E-01  3.87377499E-033  3.64445496E-033  2.29320031E-034
  2.371000E-01  4.49632453E-033  4.21914080E-033  2.77183727E-034
  2.399000E-01  5.23358127E-033  4.89793490E-033  3.35646368E-034
  2.427000E-01  6.09191328E-033  5.68696581E-033  4.04947479E-034
  2.455000E-01  7.06807302E-033  6.58079653E-033  4.87276493E-034
  2.483000E-01  8.17469369E-033  7.58949773E-033  5.85195963E-034
  2.512000E-01  9.44890541E-033  8.74266788E-033  7.06237525E-034
  2.541000E-01  1.08476012E-032  9.99655292E-033  8.51048317E-034
  2.570000E-01  1.24180394E-032  1.13939870E-032  1.02405247E-033
  2.600000E-01  1.42341079E-032  1.29959164E-032  1.23819155E-033
  2.630000E-01  1.62642741E-032  1.47696941E-032  1.49457996E-033
  2.661000E-01  1.86153206E-032  1.68034085E-032  1.81191210E-033
  2.691000E-01  2.11596148E-032  1.89809480E-032  2.17866681E-033
  2.723000E-01  2.41940977E-032  2.15481450E-032  2.64595268E-033
  2.754000E-01  2.74694717E-032  2.42829734E-032  3.18649829E-033
  2.786000E-01  3.12254135E-032  2.73746613E-032  3.85075219E-033
  2.818000E-01  3.54118108E-032  3.07709672E-032  4.64084358E-033
  2.851000E-01  4.02233613E-032  3.46140142E-032  5.60934712E-033
  2.884000E-01  4.55778106E-032  3.88180161E-032  6.75979445E-033
  2.917000E-01  5.15342683E-032  4.34129822E-032  8.12128612E-033
  2.951000E-01  5.83429645E-032  4.85629439E-032  9.78002065E-033
  2.985000E-01  6.59153764E-032  5.41763911E-032  1.17389853E-032
  3.020000E-01  7.45858338E-032  6.04679847E-032  1.41178491E-032
  3.055000E-01  8.33998032E-032  6.73101257E-032  1.60896775E-032
  3.090000E-01  9.36649237E-032  7.47337328E-032  1.89311909E-032
  3.126000E-01  1.05220105E-031  8.29598400E-032  2.22602648E-032
  3.162000E-01  1.17872578E-031  9.18387547E-032  2.60338234E-032
  3.199000E-01  1.32101703E-031  1.01696692E-031  3.04050107E-032
  3.236000E-01  1.47630772E-031  1.12333483E-031  3.52972881E-032
  3.273000E-01  1.64500371E-031  1.23782971E-031  4.07173999E-032
  3.311000E-01  1.83234951E-031  1.36420181E-031  4.68147707E-032
  3.350000E-01  2.03931237E-031  1.50365520E-031  5.35657175E-032
  3.388000E-01  2.25439552E-031  1.64945122E-031  6.04944303E-032
  3.428000E-01  2.49317078E-031  1.81394493E-031  6.79225859E-032
  3.467000E-01  2.73456918E-031  1.98502397E-031  7.49545215E-032
  3.507000E-01  2.98746177E-031  2.17212750E-031  8.15334266E-032
  3.548000E-01  3.25009747E-031  2.37688934E-031  8.73208133E-032
  3.589000E-01  3.51860343E-031  2.59526967E-031  9.23333763E-032
  3.631000E-01  3.80855852E-031  2.83359516E-031  9.74963367E-032
  3.673000E-01  4.12458371E-031  3.08693148E-031  1.03765222E-031
  3.715000E-01  4.47533616E-031  3.35576289E-031  1.11957326E-031
  3.758000E-01  4.87541728E-031  3.64777344E-031  1.22764385E-031
  3.802000E-01  5.32924577E-031  3.96467593E-031  1.36456984E-031
  3.846000E-01  5.82622829E-031  4.29978430E-031  1.52644399E-031
  3.891000E-01  6.37558628E-031  4.66214340E-031  1.71344288E-031
  3.936000E-01  6.96029817E-031  5.04513736E-031  1.91516081E-031
  3.981000E-01  7.57145621E-031  5.44928557E-031  2.12217064E-031
  4.027000E-01  8.20988601E-031  5.88332478E-031  2.32656123E-031
  4.074000E-01  8.85976359E-031  6.34938357E-031  2.51038001E-031
  4.121000E-01  9.48660417E-031  6.83972202E-031  2.64688215E-031
  4.169000E-01  1.00801803E-030  7.36605579E-031  2.71412455E-031
  4.217000E-01  1.06134867E-030  7.91871092E-031  2.69477580E-031
  4.266000E-01  1.11054529E-030  8.51051691E-031  2.59493597E-031
  4.315000E-01  1.15788962E-030  9.13071588E-031  2.44818032E-031
  4.365000E-01  1.20853941E-030  9.79347964E-031  2.29191444E-031
  4.416000E-01  1.26549058E-030  1.05000482E-030  2.15485758E-031
  4.467000E-01  1.32862815E-030  1.12362538E-030  2.05002773E-031
  4.519000E-01  1.39922984E-030  1.20199827E-030  1.97231571E-031
  4.571000E-01  1.47511371E-030  1.28374978E-030  1.91363932E-031
  4.624000E-01  1.55673034E-030  1.37058559E-030  1.86144755E-031
  4.677000E-01  1.64181428E-030  1.46099957E-030  1.80814704E-031
  4.732000E-01  1.73359090E-030  1.55864014E-030  1.74950767E-031
  4.786000E-01  1.82764331E-030  1.65831304E-030  1.69330270E-031
  4.842000E-01  1.93002093E-030  1.76568763E-030  1.64333296E-031
  4.898000E-01  2.03768537E-030  1.87704791E-030  1.60637464E-031
  4.954000E-01  2.15070650E-030  1.99245543E-030  1.58251063E-031
  5.012000E-01  2.27325354E-030  2.11632185E-030  1.56931687E-031
  5.070000E-01  2.40118269E-030  2.24461139E-030  1.56571296E-031
  5.129000E-01  2.53678630E-030  2.37965624E-030  1.57130054E-031
  5.188000E-01  2.67799965E-030  2.51928482E-030  1.58714830E-031
  5.248000E-01  2.82741575E-030  2.66597704E-030  1.61438708E-031
  5.309000E-01  2.98518690E-030  2.81996155E-030  1.65225345E-031
  5.370000E-01  3.14853723E-030  2.97882058E-030  1.69716650E-031
  5.433000E-01  3.32266251E-030  3.14798587E-030  1.74676642E-031
  5.495000E-01  3.49905650E-030  3.31949977E-030  1.79556736E-031
  5.559000E-01  3.68578408E-030  3.50113363E-030  1.84650449E-031
  5.623000E-01  3.87781532E-030  3.68789384E-030  1.89921477E-031
  5.688000E-01  4.07854577E-030  3.88283285E-030  1.95712911E-031
  5.754000E-01  4.28826928E-030  4.08614448E-030  2.02124795E-031
  5.821000E-01  4.50702793E-030  4.29801658E-030  2.09011350E-031
  5.888000E-01  4.73130721E-030  4.51534618E-030  2.15961031E-031
  5.957000E-01  4.96766392E-030  4.74479480E-030  2.22869121E-031
  6.026000E-01  5.20929537E-030  4.97987914E-030  2.29416231E-031
  6.095000E-01  5.45634270E-030  5.22051547E-030  2.35827224E-031
  6.166000E-01  5.71657793E-030  5.47382914E-030  2.42748794E-031
  6.237000E-01  5.98320613E-030  5.73282785E-030  2.50378274E-031
  6.310000E-01  6.26398299E-030  6.00494020E-030  2.59042792E-031
  6.383000E-01  6.55120876E-030  6.28283530E-030  2.68373462E-031
  6.457000E-01  6.84858520E-030  6.57031546E-030  2.78269743E-031
  6.531000E-01  7.15192445E-030  6.86348451E-030  2.88439941E-031
  6.607000E-01  7.46977490E-030  7.17045453E-030  2.99320367E-031
  6.683000E-01  7.79419071E-030  7.48322111E-030  3.10969596E-031
  6.761000E-01  8.13414973E-030  7.81001828E-030  3.24131446E-031
  6.839000E-01  8.48139230E-030  8.14252873E-030  3.38863564E-031
  6.918000E-01  8.84044725E-030  8.48495641E-030  3.55490843E-031
  6.998000E-01  9.21133413E-030  8.83733945E-030  3.73994681E-031
  7.079000E-01  9.59422449E-030  9.19990265E-030  3.94321842E-031
  7.161000E-01  9.98875536E-030  9.57248665E-030  4.16268714E-031
  7.244000E-01  1.03947521E-029  9.95508522E-030  4.39666898E-031
  7.328000E-01  1.08120431E-029  1.03476881E-029  4.64354964E-031
  7.413000E-01  1.12404756E-029  1.07502689E-029  4.90206750E-031
  7.499000E-01  1.16799820E-029  1.11627899E-029  5.17192148E-031
  7.586000E-01  1.21306371E-029  1.15852004E-029  5.45436682E-031
  7.674000E-01  1.25926293E-029  1.20174345E-029  5.75194831E-031
  7.763000E-01  1.30661414E-029  1.24594162E-029  6.06725260E-031
  7.852000E-01  1.35458236E-029  1.29060087E-029  6.39814983E-031
  7.943000E-01  1.40424441E-029  1.33671469E-029  6.75297190E-031
  8.035000E-01  1.45496793E-029  1.38367038E-029  7.12975455E-031
  8.128000E-01  1.50668769E-029  1.43138329E-029  7.53044000E-031
  8.222000E-01  1.55954558E-029  1.47999121E-029  7.95543682E-031
  8.318000E-01  1.61411560E-029  1.53000051E-029  8.41150921E-031
  8.414000E-01  1.66926502E-029  1.58035168E-029  8.89133385E-031
  8.511000E-01  1.72556740E-029  1.63154503E-029  9.40223685E-031
  8.610000E-01  1.78362809E-029  1.68409303E-029  9.95350665E-031
  8.710000E-01  1.84289699E-029  1.73744757E-029  1.05449419E-030
  8.810000E-01  1.90281570E-029  1.79104881E-029  1.11766889E-030
  8.913000E-01  1.96526020E-029  1.84648440E-029  1.18775804E-030
  9.016000E-01  2.02849223E-029  1.90207678E-029  1.26415443E-030
  9.120000E-01  2.09314537E-029  1.95818265E-029  1.34962716E-030
  9.226000E-01  2.16024960E-029  2.01549661E-029  1.44752998E-030
  9.333000E-01  2.22956777E-029  2.07345081E-029  1.56116961E-030
  9.441000E-01  2.30169801E-029  2.13201614E-029  1.69681875E-030
  9.550000E-01  2.37760320E-029  2.19116188E-029  1.86441322E-030
  9.661000E-01  2.45965024E-029  2.25139992E-029  2.08250325E-030
  9.772000E-01  2.54913801E-029  2.31161314E-029  2.37524877E-030
  9.886000E-01  2.65369948E-029  2.37339530E-029  2.80304175E-030
  1.000000E+00  2.78017901E-029  2.43508847E-029  3.45090539E-030
  1.012000E+00  2.95565752E-029  2.50010112E-029  4.55556397E-030
  1.023000E+00  3.18033133E-029  2.55955666E-029  6.20774664E-030
  1.035000E+00  3.51260605E-029  2.62423456E-029  8.88371486E-030
  1.047000E+00  3.83010937E-029  2.68869056E-029  1.14141881E-029
  1.059000E+00  3.89543043E-029  2.75289468E-029  1.14253575E-029
  1.071000E+00  3.76325251E-029  2.81681789E-029  9.46434616E-030
  1.084000E+00  3.63119344E-029  2.88571923E-029  7.45474213E-030
  1.097000E+00  3.57261681E-029  2.95422587E-029  6.18390942E-030
  1.109000E+00  3.56780503E-029  3.01708522E-029  5.50719812E-030
  1.122000E+00  3.59630317E-029  3.08474640E-029  5.11556774E-030
  1.135000E+00  3.64775083E-029  3.15180180E-029  4.95949027E-030
  1.148000E+00  3.71573848E-029  3.21826202E-029  4.97476460E-030
  1.161000E+00  3.79754901E-029  3.28418272E-029  5.13366295E-030
  1.175000E+00  3.90066804E-029  3.35454479E-029  5.46123257E-030
  1.189000E+00  4.02062609E-029  3.42422823E-029  5.96397861E-030
  1.202000E+00  4.14869976E-029  3.48830564E-029  6.60394127E-030
  1.216000E+00  4.30462908E-029  3.55661359E-029  7.48015493E-030
  1.230000E+00  4.47341389E-029  3.62417714E-029  8.49236744E-030
  1.245000E+00  4.65078988E-029  3.69677369E-029  9.54016187E-030
  1.259000E+00  4.78740389E-029  3.76526044E-029  1.02214344E-029
  1.273000E+00  4.87572817E-029  3.83280574E-029  1.04292243E-029
  1.288000E+00  4.91997228E-029  3.90435651E-029  1.01561577E-029
  1.303000E+00  4.93377384E-029  3.97504252E-029  9.58731322E-030
  1.318000E+00  4.93964491E-029  4.04516661E-029  8.94478295E-030
  1.334000E+00  4.95092150E-029  4.11904658E-029  8.31874917E-030
  1.349000E+00  4.97070919E-029  4.18738323E-029  7.83325954E-030
  1.365000E+00  5.00179473E-029  4.25927559E-029  7.42519140E-030
  1.380000E+00  5.03885079E-029  4.32570548E-029  7.13145314E-030
  1.396000E+00  5.08497000E-029  4.39542276E-029  6.89547245E-030
  1.413000E+00  5.13949702E-029  4.46833163E-029  6.71165387E-030
  1.429000E+00  5.19454503E-029  4.53584807E-029  6.58696962E-030
  1.445000E+00  5.25211294E-029  4.60228941E-029  6.49823528E-030
  1.462000E+00  5.31517803E-029  4.67168689E-029  6.43491142E-030
  1.479000E+00  5.37961954E-029  4.73980275E-029  6.39816783E-030
  1.496000E+00  5.44471432E-029  4.80669505E-029  6.38019269E-030
  1.514000E+00  5.51388599E-029  4.87618914E-029  6.37696852E-030
  1.531000E+00  5.57911350E-029  4.94056564E-029  6.38547859E-030
  1.549000E+00  5.64779071E-029  5.00740202E-029  6.40388687E-030
  1.567000E+00  5.71540271E-029  5.07217720E-029  6.43225510E-030
  1.585000E+00  5.78218123E-029  5.13555231E-029  6.46628920E-030
  1.603000E+00  5.84799587E-029  5.19756838E-029  6.50427497E-030
  1.622000E+00  5.91627899E-029  5.26156593E-029  6.54713064E-030
  1.641000E+00  5.98320920E-029  5.32407272E-029  6.59136481E-030
  1.660000E+00  6.04893819E-029  5.38539487E-029  6.63543320E-030
  1.679000E+00  6.11331194E-029  5.44552779E-029  6.67784146E-030
  1.698000E+00  6.17592240E-029  5.50422481E-029  6.71697590E-030
  1.718000E+00  6.23971154E-029  5.56447705E-029  6.75234493E-030
  1.738000E+00  6.30104045E-029  5.62317536E-029  6.77865091E-030
  1.758000E+00  6.35950677E-029  5.68034038E-029  6.79166389E-030
  1.778000E+00  6.41562424E-029  5.73698442E-029  6.78639816E-030
  1.799000E+00  6.47227065E-029  5.79691034E-029  6.75360304E-030
  1.820000E+00  6.52335774E-029  5.85526711E-029  6.68090630E-030
  1.841000E+00  6.56813455E-029  5.91207827E-029  6.56056273E-030
  1.862000E+00  6.60745013E-029  5.96736796E-029  6.40082166E-030
  1.884000E+00  6.64788637E-029  6.02368564E-029  6.24200729E-030
  1.906000E+00  6.69709738E-029  6.07838950E-029  6.18707881E-030
  1.928000E+00  6.76201624E-029  6.13199597E-029  6.30020274E-030
  1.950000E+00  6.83754631E-029  6.18408671E-029  6.53459604E-030
  1.972000E+00  6.91503848E-029  6.23465697E-029  6.80381514E-030
  1.995000E+00  6.99237871E-029  6.28593124E-029  7.06447475E-030
  2.018000E+00  7.06425952E-029  6.33560887E-029  7.28650647E-030
  2.042000E+00  7.13376135E-029  6.38577981E-029  7.47981542E-030
  2.065000E+00  7.19591366E-029  6.43229823E-029  7.63615430E-030
  2.089000E+00  7.25680591E-029  6.47905403E-029  7.77751878E-030
  2.114000E+00  7.31674690E-029  6.52605442E-029  7.90692487E-030
  2.138000E+00  7.37270687E-029  6.57080490E-029  8.01901977E-030
  2.163000E+00  7.42906141E-029  6.61644649E-029  8.12614926E-030
  2.188000E+00  7.48305106E-029  6.66050177E-029  8.22549297E-030
  2.213000E+00  7.53446826E-029  6.70255789E-029  8.31910374E-030
  2.239000E+00  7.58543104E-029  6.74426570E-029  8.41165339E-030
  2.265000E+00  7.63462564E-029  6.78448973E-029  8.50135913E-030
  2.291000E+00  7.68228590E-029  6.82332387E-029  8.58962031E-030
  2.317000E+00  7.72815866E-029  6.86065161E-029  8.67507056E-030
  2.344000E+00  7.77400171E-029  6.89786567E-029  8.76136042E-030
  2.371000E+00  7.81810839E-029  6.93354642E-029  8.84561968E-030
  2.399000E+00  7.86210716E-029  6.96897720E-029  8.93129957E-030
  2.427000E+00  7.90454547E-029  7.00291430E-029  9.01631164E-030
  2.455000E+00  7.94638441E-029  7.03581983E-029  9.10564576E-030
  2.483000E+00  7.98684102E-029  7.06741576E-029  9.19425265E-030
  2.512000E+00  8.02810348E-029  7.09973988E-029  9.28363600E-030
  2.541000E+00  8.06796291E-029  7.13060637E-029  9.37356543E-030
  2.570000E+00  8.10652779E-029  7.16006270E-029  9.46465090E-030
  2.600000E+00  8.14518414E-029  7.18909960E-029  9.56084539E-030
  2.630000E+00  8.18272211E-029  7.21672668E-029  9.65995432E-030
  2.661000E+00  8.22050691E-029  7.24384541E-029  9.76661490E-030
  2.691000E+00  8.25629016E-029  7.26875422E-029  9.87535931E-030
  2.723000E+00  8.29385995E-029  7.29392884E-029  9.99931114E-030
  2.754000E+00  8.32996364E-029  7.31699320E-029  1.01297044E-029
  2.786000E+00  8.36909864E-029  7.34093883E-029  1.02815981E-029
  2.818000E+00  8.40891777E-029  7.36365906E-029  1.04525871E-029
  2.851000E+00  8.45135499E-029  7.38579834E-029  1.06555665E-029
  2.884000E+00  8.49621520E-029  7.40667712E-029  1.08953807E-029
  2.917000E+00  8.54497912E-029  7.42634615E-029  1.11863297E-029
  2.951000E+00  8.60162243E-029  7.44539635E-029  1.15622608E-029
  2.985000E+00  8.66844736E-029  7.46326430E-029  1.20518306E-029
  3.020000E+00  8.75429688E-029  7.48047469E-029  1.27382218E-029
  3.055000E+00  8.86895105E-029  7.49653621E-029  1.37241484E-029
  3.090000E+00  9.03431727E-029  7.51149872E-029  1.52281855E-029
  3.126000E+00  9.31172823E-029  7.53141949E-029  1.78030874E-029
  3.162000E+00  9.81347933E-029  7.55229739E-029  2.26118193E-029
  3.199000E+00  1.09387652E-028  7.57266505E-029  3.36610015E-029
  3.236000E+00  1.43010806E-028  7.59197558E-029  6.70910502E-029
  3.273000E+00  3.20204718E-028  7.60854940E-029  2.44119224E-028
  3.311000E+00  6.08760629E-028  7.61997481E-029  5.32560881E-028
  3.350000E+00  1.82106430E-028  7.63073412E-029  1.05799088E-028
  3.388000E+00  1.21794418E-028  7.64032361E-029  4.53911815E-029
  3.428000E+00  1.04466709E-028  7.64584217E-029  2.80082871E-029
  3.467000E+00  9.77750903E-029  7.64859108E-029  2.12891796E-029
  3.507000E+00  9.43918884E-029  7.65063293E-029  1.78855592E-029
  3.548000E+00  9.24695696E-029  7.65195790E-029  1.59499906E-029
  3.589000E+00  9.13099968E-029  7.65255388E-029  1.47844580E-029
  3.631000E+00  9.05488083E-029  7.65245725E-029  1.40242357E-029
  3.673000E+00  9.00330236E-029  7.65073064E-029  1.35257172E-029
  3.715000E+00  8.96697492E-029  7.64782759E-029  1.31914733E-029
  3.758000E+00  8.94035490E-029  7.64427373E-029  1.29608117E-029
  3.802000E+00  8.92062363E-029  7.64007383E-029  1.28054980E-029
  3.846000E+00  8.90622548E-029  7.63534961E-029  1.27087587E-029
  3.891000E+00  8.89564651E-029  7.63002282E-029  1.26562370E-029
  3.935000E+00  8.88849745E-029  7.62437829E-029  1.26411917E-029
  3.981000E+00  8.88347965E-029  7.61805680E-029  1.26542285E-029
  4.027000E+00  8.88051388E-029  7.61134723E-029  1.26916666E-029
  4.074000E+00  8.87928858E-029  7.60413261E-029  1.27515596E-029
  4.121000E+00  8.87968911E-029  7.59659521E-029  1.28309390E-029
  4.169000E+00  8.87652726E-029  7.58340425E-029  1.29312301E-029
  4.217000E+00  8.87328738E-029  7.56832297E-029  1.30496441E-029
  4.266000E+00  8.87164396E-029  7.55277272E-029  1.31887124E-029
  4.315000E+00  8.87174197E-029  7.53710225E-029  1.33463971E-029
  4.365000E+00  8.87374966E-029  7.52102400E-029  1.35272566E-029
  4.416000E+00  8.87795307E-029  7.50456781E-029  1.37338526E-029
  4.467000E+00  8.88984830E-029  7.49308766E-029  1.39676064E-029
  4.519000E+00  8.90637959E-029  7.48291212E-029  1.42346747E-029
  4.571000E+00  8.92609311E-029  7.47272370E-029  1.45336941E-029
  4.624000E+00  8.95002774E-029  7.46235722E-029  1.48767052E-029
  4.677000E+00  8.97861209E-029  7.45203908E-029  1.52657301E-029
  4.732000E+00  9.01433864E-029  7.44141327E-029  1.57292537E-029
  4.786000E+00  9.06055893E-029  7.43438559E-029  1.62617333E-029
  4.842000E+00  9.12671905E-029  7.43438210E-029  1.69233695E-029
  4.898000E+00  9.20805862E-029  7.43446613E-029  1.77359249E-029
  4.955000E+00  9.31451347E-029  7.43467010E-029  1.87984337E-029
  5.012000E+00  9.46225384E-029  7.43675140E-029  2.02550244E-029
  5.070000E+00  9.69416044E-029  7.44518553E-029  2.24897491E-029
  5.129000E+00  1.00954458E-028  7.45391193E-029  2.64153390E-029
  5.188000E+00  1.08722283E-028  7.46891528E-029  3.40331307E-029
  5.248000E+00  1.20726208E-028  7.49473367E-029  4.57788717E-029
  5.309000E+00  1.20559654E-028  7.52110278E-029  4.53486262E-029
  5.370000E+00  1.13280212E-028  7.54762209E-029  3.78039915E-029
  5.432000E+00  1.11454630E-028  7.57475952E-029  3.57070349E-029
  5.495000E+00  1.14334327E-028  7.60255261E-029  3.83088005E-029
  5.559000E+00  1.22532130E-028  7.64276899E-029  4.61044397E-029
  5.623000E+00  1.39408031E-028  7.68691245E-029  6.25389060E-029
  5.688000E+00  1.61358122E-028  7.74335748E-029  8.39245476E-029
  5.754000E+00  1.57704837E-028  7.80368456E-029  7.96679918E-029
  5.821000E+00  1.48612816E-028  7.86518969E-029  6.99609189E-029
  5.888000E+00  1.52336126E-028  7.92699764E-029  7.30661498E-029
  5.957000E+00  1.69837398E-028  8.00065958E-029  8.98308018E-029
  6.026000E+00  2.09057716E-028  8.07762063E-029  1.28281509E-028
  6.095000E+00  2.98549674E-028  8.15500453E-029  2.16999629E-028
  6.166000E+00  5.07049041E-028  8.23511362E-029  4.24697905E-028
  6.237000E+00  6.34447728E-028  8.30802550E-029  5.51367473E-028
  6.310000E+00  4.15587279E-028  8.37671576E-029  3.31820121E-028
  6.383000E+00  2.85698519E-028  8.44062824E-029  2.01292236E-028
  6.457000E+00  2.40292182E-028  8.49538375E-029  1.55338345E-028
  6.531000E+00  2.31119740E-028  8.55026325E-029  1.45617107E-028
  6.607000E+00  2.37946167E-028  8.59715283E-029  1.51974639E-028
  6.683000E+00  2.46811534E-028  8.64513188E-029  1.60360215E-028
  6.761000E+00  2.48157248E-028  8.69055107E-029  1.61251737E-028
  6.839000E+00  2.45759009E-028  8.73554158E-029  1.58403593E-028
  6.918000E+00  2.48319983E-028  8.78636009E-029  1.60456382E-028
  6.998000E+00  2.60296188E-028  8.88177003E-029  1.71478488E-028
  7.080000E+00  2.82805733E-028  8.98104012E-029  1.92995332E-028
  7.161000E+00  3.17513462E-028  9.24893148E-029  2.25024147E-028
  7.244000E+00  3.66076715E-028  9.53782014E-029  2.70698514E-028
  7.328000E+00  4.35973605E-028  1.00616519E-028  3.35357087E-028
  7.413000E+00  5.42983481E-028  1.09290894E-028  4.33692587E-028
  7.499000E+00  7.05863002E-028  1.18221752E-028  5.87641250E-028
  7.586000E+00  8.84894381E-028  1.38405369E-028  7.46489012E-028
  7.674000E+00  9.27223351E-028  1.61653484E-028  7.65569868E-028
  7.762000E+00  9.38753814E-028  1.88132856E-028  7.50620958E-028
  7.852000E+00  9.64829156E-028  2.32089926E-028  7.32739229E-028
  7.943000E+00  8.88896503E-028  2.77580433E-028  6.11316069E-028
  8.035000E+00  7.93775708E-028  3.32553842E-028  4.61221866E-028
  8.128000E+00  7.61419345E-028  4.01689293E-028  3.59730052E-028
  8.222000E+00  7.81482122E-028  4.72880418E-028  3.08601705E-028
  8.318000E+00  8.35214267E-028  5.44025434E-028  2.91188833E-028
  8.414000E+00  9.07813787E-028  6.10020770E-028  2.97793017E-028
  8.511000E+00  1.01604438E-027  6.71271072E-028  3.44773304E-028
  8.610000E+00  1.12165836E-027  7.33124214E-028  3.88534141E-028
  8.710000E+00  1.11679059E-027  8.05588761E-028  3.11201825E-028
  8.811000E+00  1.11077756E-027  8.91360004E-028  2.19417552E-028
  8.913000E+00  1.15540885E-027  9.88786539E-028  1.66622313E-028
  9.016000E+00  1.23113126E-027  1.09368450E-027  1.37446755E-028
  9.120000E+00  1.31952164E-027  1.19941661E-027  1.20105034E-028
  9.226000E+00  1.39966793E-027  1.29065935E-027  1.09008576E-028
  9.333000E+00  1.45881653E-027  1.35711489E-027  1.01701644E-028
  9.441000E+00  1.49324313E-027  1.39640710E-027  9.68360302E-029
  9.550000E+00  1.50335694E-027  1.40967560E-027  9.36813484E-029
  9.660000E+00  1.49049301E-027  1.39866969E-027  9.18233142E-029
  9.772000E+00  1.46720062E-027  1.37617339E-027  9.10272305E-029
  9.885000E+00  1.44441287E-027  1.35322178E-027  9.11910936E-029
  1.000000E+01  1.42413056E-027  1.33183174E-027  9.22988242E-029
  1.012000E+01  1.40896603E-027  1.31445932E-027  9.45067111E-029
  1.023000E+01  1.39272047E-027  1.29510578E-027  9.76146966E-029
  1.035000E+01  1.37061878E-027  1.26809124E-027  1.02527531E-028
  1.047000E+01  1.33327196E-027  1.22349064E-027  1.09781322E-028
  1.059000E+01  1.29201599E-027  1.17074513E-027  1.21270865E-028
  1.072000E+01  1.25323106E-027  1.11369320E-027  1.39537861E-028
  1.084000E+01  1.23180706E-027  1.06742076E-027  1.64386298E-028
  1.097000E+01  1.24734906E-027  1.02496538E-027  2.22383674E-028
  1.109000E+01  1.35115133E-027  9.89010274E-028  3.62141055E-028
  1.122000E+01  1.86677185E-027  9.49930143E-028  9.16841706E-028
  1.135000E+01  1.64013465E-027  9.14347116E-028  7.25787535E-028
  1.148000E+01  1.35989234E-027  8.81238265E-028  4.78654071E-028
  1.161000E+01  1.19557420E-027  8.52471655E-028  3.43102546E-028
  1.175000E+01  1.13886718E-027  8.20520589E-028  3.18346587E-028
  1.189000E+01  1.14418726E-027  7.86407609E-028  3.57779654E-028
  1.202000E+01  1.13778515E-027  7.55497841E-028  3.82287306E-028
  1.216000E+01  1.07992875E-027  7.22954877E-028  3.56973876E-028
  1.230000E+01  1.05259984E-027  6.96358499E-028  3.56241339E-028
  1.244000E+01  1.09287907E-027  6.71288326E-028  4.21590744E-028
  1.259000E+01  1.16900258E-027  6.43991065E-028  5.25011516E-028
  1.273000E+01  1.11917250E-027  6.19374385E-028  4.99798111E-028
  1.288000E+01  9.57218052E-028  5.93325532E-028  3.63892520E-028
  1.303000E+01  8.69529866E-028  5.72297851E-028  2.97232015E-028
  1.318000E+01  8.29835452E-028  5.52221245E-028  2.77614207E-028
  1.334000E+01  8.26155894E-028  5.33411618E-028  2.92744276E-028
  1.349000E+01  8.22827918E-028  5.15678987E-028  3.07148931E-028
  1.365000E+01  7.79523155E-028  5.02241172E-028  2.77281984E-028
  1.380000E+01  7.39628796E-028  4.90651446E-028  2.48977350E-028
  1.396000E+01  7.29280757E-028  4.89627253E-028  2.39653504E-028
  1.412000E+01  7.43274388E-028  4.90762894E-028  2.52511494E-028
  1.429000E+01  7.51160525E-028  5.04671821E-028  2.46488704E-028
  1.445000E+01  7.48969872E-028  5.20137083E-028  2.28832790E-028
  1.462000E+01  7.69090806E-028  5.45499839E-028  2.23590967E-028
  1.479000E+01  7.96293921E-028  5.72420226E-028  2.23873695E-028
  1.496000E+01  8.28664807E-028  6.02214090E-028  2.26450717E-028
  1.514000E+01  8.66162378E-028  6.35569743E-028  2.30592635E-028
  1.531000E+01  9.05860204E-028  6.70290626E-028  2.35569578E-028
  1.549000E+01  9.50711413E-028  7.08581461E-028  2.42129953E-028
  1.567000E+01  1.00082303E-027  7.49826544E-028  2.50996484E-028
  1.585000E+01  1.05755015E-027  7.92655052E-028  2.64895094E-028
  1.603000E+01  1.11532641E-027  8.37611430E-028  2.77714977E-028
  1.622000E+01  1.19353796E-027  8.86853648E-028  3.06684316E-028
  1.641000E+01  1.35661772E-027  9.37464566E-028  4.19153150E-028
  1.660000E+01  1.36994036E-027  9.89110594E-028  3.80829766E-028
  1.679000E+01  1.42241225E-027  1.04121324E-027  3.81199008E-028
  1.698000E+01  1.49447974E-027  1.09105178E-027  4.03427957E-028
  1.718000E+01  1.55136775E-027  1.14431957E-027  4.07048181E-028
  1.738000E+01  1.60897100E-027  1.19514348E-027  4.13827517E-028
  1.758000E+01  1.60176584E-027  1.24527041E-027  3.56495433E-028
  1.778000E+01  1.63384841E-027  1.29214735E-027  3.41701059E-028
  1.799000E+01  1.65959858E-027  1.33444643E-027  3.25152149E-028
  1.820000E+01  1.68445211E-027  1.37621082E-027  3.08241288E-028
  1.841000E+01  1.71093385E-027  1.40896280E-027  3.01971049E-028
  1.862000E+01  1.73824935E-027  1.43912993E-027  2.99119425E-028
  1.884000E+01  1.76369930E-027  1.46617635E-027  2.97522955E-028
  1.906000E+01  1.77817877E-027  1.48196816E-027  2.96210613E-028
  1.927000E+01  1.79122123E-027  1.49637108E-027  2.94850153E-028
  1.950000E+01  1.79793881E-027  1.50453660E-027  2.93402212E-028
  1.972000E+01  1.79894686E-027  1.50665620E-027  2.92290659E-028
  1.995000E+01  1.80007601E-027  1.50856425E-027  2.91511756E-028
  2.018000E+01  1.79683662E-027  1.50571397E-027  2.91122648E-028
  2.042000E+01  1.79584431E-027  1.50477738E-027  2.91066935E-028
  2.065000E+01  1.80002039E-027  1.50873433E-027  2.91286070E-028
  2.089000E+01  1.80373114E-027  1.51198497E-027  2.91746170E-028
  2.114000E+01  1.80718353E-027  1.51475254E-027  2.92430989E-028
  2.138000E+01  1.81021034E-027  1.51695385E-027  2.93256494E-028
  2.163000E+01  1.81746075E-027  1.52317663E-027  2.94284118E-028
  2.188000E+01  1.82476085E-027  1.52929937E-027  2.95461477E-028
  2.213000E+01  1.83209033E-027  1.53530948E-027  2.96780858E-028
  2.239000E+01  1.83414117E-027  1.53584227E-027  2.98298908E-028
  2.265000E+01  1.83779653E-027  1.53783901E-027  2.99957518E-028
  2.291000E+01  1.84394244E-027  1.54218152E-027  3.01760917E-028
  2.317000E+01  1.85405026E-027  1.55033284E-027  3.03717418E-028
  2.344000E+01  1.86515040E-027  1.55924974E-027  3.05900665E-028
  2.371000E+01  1.87398256E-027  1.56573065E-027  3.08251905E-028
  2.399000E+01  1.88459516E-027  1.57373283E-027  3.10862325E-028
  2.427000E+01  1.89654312E-027  1.58289145E-027  3.13651673E-028
  2.455000E+01  1.90954062E-027  1.59292236E-027  3.16618268E-028
  2.483000E+01  1.92242425E-027  1.60265977E-027  3.19764482E-028
  2.512000E+01  1.93369938E-027  1.61049196E-027  3.23207418E-028
  2.541000E+01  1.94676387E-027  1.61992950E-027  3.26834368E-028
  2.570000E+01  1.95999489E-027  1.62933159E-027  3.30663301E-028
  2.600000E+01  1.97385955E-027  1.63901604E-027  3.34843515E-028
  2.630000E+01  1.98790767E-027  1.64865365E-027  3.39254027E-028
  2.661000E+01  2.00262105E-027  1.65855920E-027  3.44061850E-028
  2.692000E+01  2.01753994E-027  1.66840670E-027  3.49133241E-028
  2.723000E+01  2.03267077E-027  1.67819267E-027  3.54478096E-028
  2.754000E+01  2.04802117E-027  1.68791415E-027  3.60107016E-028
  2.786000E+01  2.06635855E-027  1.70045999E-027  3.65898559E-028
  2.818000E+01  2.08499566E-027  1.71305166E-027  3.71944002E-028
  2.851000E+01  2.10444126E-027  1.72597730E-027  3.78463961E-028
  2.884000E+01  2.12412214E-027  1.73884029E-027  3.85281850E-028
  2.917000E+01  2.14404484E-027  1.75163878E-027  3.92406058E-028
  2.951000E+01  2.16483202E-027  1.76475625E-027  4.00075769E-028
  2.985000E+01  2.18589274E-027  1.77780294E-027  4.08089805E-028
  3.020000E+01  2.20875578E-027  1.79259285E-027  4.16162924E-028
  3.055000E+01  2.23249280E-027  1.80836283E-027  4.24129975E-028
  3.090000E+01  2.25643021E-027  1.82405455E-027  4.32375657E-028
  3.126000E+01  2.28126547E-027  1.84011299E-027  4.41152485E-028
  3.162000E+01  2.30632333E-027  1.85608936E-027  4.50233963E-028
  3.199000E+01  2.33231568E-027  1.87242546E-027  4.59890221E-028
  3.236000E+01  2.35855659E-027  1.88867841E-027  4.69878180E-028
  3.273000E+01  2.38505327E-027  1.90485124E-027  4.80202030E-028
  3.311000E+01  2.41253969E-027  1.92138164E-027  4.91158044E-028
  3.350000E+01  2.44104518E-027  1.93826819E-027  5.02776989E-028
  3.388000E+01  2.47316610E-027  1.96014579E-027  5.13020313E-028
  3.428000E+01  2.50744879E-027  1.98334705E-027  5.24101739E-028
  3.467000E+01  2.54125501E-027  2.00600546E-027  5.35249550E-028
  3.508000E+01  2.57722223E-027  2.02987469E-027  5.47347538E-028
  3.548000E+01  2.61275733E-027  2.05322036E-027  5.59536962E-028
  3.589000E+01  2.64966216E-027  2.07722187E-027  5.72440293E-028
  3.631000E+01  2.68799998E-027  2.10189872E-027  5.86101253E-028
  3.673000E+01  2.72690636E-027  2.12668254E-027  6.00223819E-028
  3.715000E+01  2.76641178E-027  2.15159088E-027  6.14820903E-028
  3.758000E+01  2.80749798E-027  2.17724519E-027  6.30252797E-028
  3.802000E+01  2.84969297E-027  2.20386646E-027  6.45826517E-028
  3.846000E+01  2.89278359E-027  2.23070253E-027  6.62081055E-028
  3.890000E+01  2.93682559E-027  2.25778063E-027  6.79044964E-028
  3.935000E+01  2.98291113E-027  2.28575465E-027  6.97156482E-028
  3.981000E+01  3.03117289E-027  2.31467760E-027  7.16495294E-028
  4.027000E+01  3.08066320E-027  2.34396818E-027  7.36695021E-028
  4.074000E+01  3.13256485E-027  2.37431578E-027  7.58249072E-028
  4.121000E+01  3.18588333E-027  2.40513122E-027  7.80752115E-028
  4.169000E+01  3.24328645E-027  2.43835222E-027  8.04934229E-028
  4.217000E+01  3.30291281E-027  2.47255102E-027  8.30361792E-028
  4.266000E+01  3.36569770E-027  2.50811293E-027  8.57584778E-028
  4.315000E+01  3.43049781E-027  2.54438760E-027  8.86110215E-028
  4.365000E+01  3.49877788E-027  2.58219684E-027  9.16581037E-028
  4.416000E+01  3.57075023E-027  2.62165307E-027  9.49097163E-028
  4.467000E+01  3.64515232E-027  2.66207580E-027  9.83076513E-028
  4.519000E+01  3.72452122E-027  2.70503433E-027  1.01948689E-027
  4.571000E+01  3.81041471E-027  2.75187204E-027  1.05854267E-027
  4.624000E+01  3.90110457E-027  2.80095855E-027  1.10014602E-027
  4.677000E+01  3.99505043E-027  2.85148652E-027  1.14356391E-027
  4.731000E+01  4.09419642E-027  2.90453403E-027  1.18966239E-027
  4.786000E+01  4.19881073E-027  2.96027587E-027  1.23853485E-027
  4.842000E+01  4.30916585E-027  3.01889665E-027  1.29026920E-027
  4.898000E+01  4.42345994E-027  3.07948966E-027  1.34397028E-027
  4.954000E+01  4.54175055E-027  3.14214272E-027  1.39960783E-027
  5.012000E+01  4.66967088E-027  3.21007556E-027  1.45959532E-027
  5.070000E+01  4.80624310E-027  3.28328687E-027  1.52295623E-027
  5.129000E+01  4.95000393E-027  3.36045376E-027  1.58955017E-027
  5.188000E+01  5.09987178E-027  3.44124079E-027  1.65863099E-027
  5.248000E+01  5.25951339E-027  3.52782405E-027  1.73168934E-027
  5.309000E+01  5.42722314E-027  3.61910358E-027  1.80811957E-027
  5.370000E+01  5.60037157E-027  3.71374111E-027  1.88663047E-027
  5.433000E+01  5.78746038E-027  3.81666735E-027  1.97079302E-027
  5.495000E+01  5.97859254E-027  3.92245637E-027  2.05613617E-027
  5.559000E+01  6.18187100E-027  4.03562327E-027  2.14624773E-027
  5.623000E+01  6.39113535E-027  4.15286122E-027  2.23827413E-027
  5.688000E+01  6.61420870E-027  4.27925206E-027  2.33495663E-027
  5.754000E+01  6.84820335E-027  4.41292097E-027  2.43528238E-027
  5.821000E+01  7.09219019E-027  4.55335360E-027  2.53883660E-027
  5.888000E+01  7.34248128E-027  4.69854627E-027  2.64393500E-027
  5.957000E+01  7.61233097E-027  4.85707645E-027  2.75525452E-027
  6.026000E+01  7.89053736E-027  5.02211263E-027  2.86842473E-027
  6.095000E+01  8.17515100E-027  5.19240011E-027  2.98275090E-027
  6.166000E+01  8.47438341E-027  5.37300541E-027  3.10137800E-027
  6.237000E+01  8.78260489E-027  5.56087484E-027  3.22173005E-027
  6.310000E+01  9.10836581E-027  5.76140733E-027  3.34695848E-027
  6.383000E+01  9.44219205E-027  5.96913715E-027  3.47305491E-027
  6.457000E+01  9.79059904E-027  6.18861346E-027  3.60198558E-027
  6.531000E+01  1.01449695E-026  6.41397538E-027  3.73099412E-027
  6.607000E+01  1.05187043E-026  6.65410516E-027  3.86459917E-027
  6.683000E+01  1.08975766E-026  6.89987702E-027  3.99769954E-027
  6.761000E+01  1.12952084E-026  7.16044195E-027  4.13476640E-027
  6.839000E+01  1.16985774E-026  7.42736853E-027  4.27120890E-027
  6.918000E+01  1.21144077E-026  7.70578542E-027  4.40862230E-027
  6.998000E+01  1.25448462E-026  7.99776754E-027  4.54707862E-027
  7.079000E+01  1.29815858E-026  8.29531360E-027  4.68627221E-027
  7.161000E+01  1.34360224E-026  8.60975577E-027  4.82626660E-027
  7.244000E+01  1.38989942E-026  8.93339504E-027  4.96559913E-027
  7.328000E+01  1.43721231E-026  9.26745114E-027  5.10467198E-027
  7.413000E+01  1.48563348E-026  9.61278519E-027  5.24354960E-027
  7.499000E+01  1.53463355E-026  9.96565490E-027  5.38068056E-027
  7.586000E+01  1.58484745E-026  1.03308979E-026  5.51757656E-027
  7.674000E+01  1.63565703E-026  1.07040850E-026  5.65248528E-027
  7.762000E+01  1.68641179E-026  1.10806432E-026  5.78347468E-027
  7.852000E+01  1.73910847E-026  1.14765193E-026  5.91456538E-027
  7.943000E+01  1.79200714E-026  1.18778133E-026  6.04225802E-027
  8.035000E+01  1.84543690E-026  1.22871178E-026  6.16725126E-027
  8.128000E+01  1.89959415E-026  1.27060377E-026  6.28990385E-027
  8.222000E+01  1.95366301E-026  1.31283243E-026  6.40830583E-027
  8.318000E+01  2.00895598E-026  1.35644535E-026  6.52510629E-027
  8.414000E+01  2.06413621E-026  1.40039383E-026  6.63742378E-027
  8.511000E+01  2.11893382E-026  1.44445551E-026  6.74478313E-027
  8.610000E+01  2.17475349E-026  1.48970900E-026  6.85044493E-027
  8.710000E+01  2.23065452E-026  1.53541423E-026  6.95240290E-027
  8.811000E+01  2.28583923E-026  1.58095971E-026  7.04879525E-027
  8.912000E+01  2.34089243E-026  1.62674687E-026  7.14145558E-027
  9.016000E+01  2.39716988E-026  1.67392199E-026  7.23247880E-027
  9.120000E+01  2.45188899E-026  1.72022145E-026  7.31667547E-027
  9.226000E+01  2.50669348E-026  1.76698130E-026  7.39712182E-027
  9.332000E+01  2.56088255E-026  1.81357241E-026  7.47310136E-027
  9.441000E+01  2.61470486E-026  1.86029300E-026  7.54411855E-027
  9.550000E+01  2.66680580E-026  1.90595943E-026  7.60846372E-027
  9.661000E+01  2.72012917E-026  1.95310644E-026  7.67022736E-027
  9.772000E+01  2.77131926E-026  1.99882666E-026  7.72492604E-027
  9.886000E+01  2.82158186E-026  2.04419202E-026  7.77389844E-027
  1.000000E+02  2.86944991E-026  2.08787100E-026  7.81578913E-027
  1.012000E+02  2.92011290E-026  2.13436918E-026  7.85743713E-027
  1.023000E+02  2.96421127E-026  2.17528211E-026  7.88929166E-027
  1.035000E+02  3.01038659E-026  2.21847574E-026  7.91910850E-027
  1.047000E+02  3.05783683E-026  2.26258574E-026  7.95251086E-027
  1.059000E+02  3.10271100E-026  2.30469874E-026  7.98012263E-027
  1.072000E+02  3.14836572E-026  2.34798370E-026  8.00382020E-027
  1.084000E+02  3.18773872E-026  2.38571283E-026  8.02025885E-027
  1.097000E+02  3.22735963E-026  2.42410789E-026  8.03251737E-027
  1.109000E+02  3.26111262E-026  2.45721080E-026  8.03901819E-027
  1.122000E+02  3.29461023E-026  2.49049131E-026  8.04118930E-027
  1.135000E+02  3.32864832E-026  2.52356977E-026  8.05078554E-027
  1.148000E+02  3.36218735E-026  2.55569497E-026  8.06492381E-027
  1.161000E+02  3.39288077E-026  2.58523610E-026  8.07644673E-027
  1.175000E+02  3.42279292E-026  2.61413711E-026  8.08655810E-027
  1.188000E+02  3.45039516E-026  2.64014999E-026  8.10245167E-027
  1.202000E+02  3.47962222E-026  2.66698790E-026  8.12634319E-027
  1.216000E+02  3.50604705E-026  2.69093379E-026  8.15113257E-027
  1.230000E+02  3.52977434E-026  2.71199396E-026  8.17780382E-027
  1.244000E+02  3.55299454E-026  2.73147013E-026  8.21524413E-027
  1.259000E+02  3.58041848E-026  2.75255274E-026  8.27865741E-027
  1.273000E+02  3.60355360E-026  2.76946567E-026  8.34087931E-027
  1.288000E+02  3.62570937E-026  2.78465812E-026  8.41051246E-027
  1.303000E+02  3.64509161E-026  2.79686262E-026  8.48228990E-027
  1.318000E+02  3.66156996E-026  2.80612866E-026  8.55441303E-027
  1.334000E+02  3.67568019E-026  2.81283664E-026  8.62843552E-027
  1.349000E+02  3.68527248E-026  2.81621334E-026  8.69059141E-027
  1.365000E+02  3.68846686E-026  2.82358614E-026  8.64880715E-027
  1.380000E+02  3.68497040E-026  2.82830763E-026  8.56662767E-027
  1.396000E+02  3.67486328E-026  2.83063086E-026  8.44232426E-027
  1.412000E+02  3.65882950E-026  2.83023119E-026  8.28598316E-027
  1.429000E+02  3.63616739E-026  2.82691600E-026  8.09251393E-027
  1.445000E+02  3.61037662E-026  2.82116618E-026  7.89210442E-027
  1.462000E+02  3.57907430E-026  2.81236450E-026  7.66709802E-027
  1.479000E+02  3.54450411E-026  2.80089572E-026  7.43608389E-027
  1.496000E+02  3.50729248E-026  2.78687089E-026  7.20421588E-027
  1.514000E+02  3.47653437E-026  2.77661858E-026  6.99915788E-027
  1.531000E+02  3.44877069E-026  2.76654873E-026  6.82221954E-027
  1.549000E+02  3.41777584E-026  2.75357336E-026  6.64202479E-027
  1.567000E+02  3.38519443E-026  2.73833058E-026  6.46863853E-027
  1.585000E+02  3.35108849E-026  2.72093406E-026  6.30154434E-027
  1.603000E+02  3.31552418E-026  2.70149697E-026  6.14027206E-027
  1.622000E+02  3.27647887E-026  2.67889005E-026  5.97588826E-027
  1.641000E+02  3.23597185E-026  2.65426437E-026  5.81707483E-027
  1.660000E+02  3.19409165E-026  2.62774779E-026  5.66343857E-027
  1.679000E+02  3.15092901E-026  2.59946569E-026  5.51463314E-027
  1.698000E+02  3.10657584E-026  2.56954045E-026  5.37035390E-027
  1.718000E+02  3.05870385E-026  2.53639618E-026  5.22307674E-027
  1.738000E+02  3.00972302E-026  2.50169859E-026  5.08024433E-027
  1.758000E+02  2.96389664E-026  2.46908498E-026  4.94811661E-027
  1.778000E+02  2.92321719E-026  2.44036015E-026  4.82857044E-027
  1.799000E+02  2.87945777E-026  2.40889248E-026  4.70565291E-027
  1.820000E+02  2.83474246E-026  2.37620426E-026  4.58538199E-027
  1.841000E+02  2.78918411E-026  2.34241064E-026  4.46773469E-027
  1.862000E+02  2.74289071E-026  2.30762190E-026  4.35268810E-027
  1.884000E+02  2.69371686E-026  2.27022418E-026  4.23492673E-027
  1.906000E+02  2.64396224E-026  2.23196569E-026  4.11996550E-027
  1.928000E+02  2.59373382E-026  2.19295637E-026  4.00777458E-027
  1.950000E+02  2.54313255E-026  2.15330029E-026  3.89832255E-027
  1.972000E+02  2.49225375E-026  2.11309612E-026  3.79157623E-027
  1.995000E+02  2.43886260E-026  2.07057932E-026  3.68283276E-027
  2.018000E+02  2.39076241E-026  2.03249215E-026  3.58270260E-027
  2.042000E+02  2.34199262E-026  1.99375625E-026  3.48236376E-027
  2.065000E+02  2.29515954E-026  1.95631078E-026  3.38848764E-027
  2.089000E+02  2.24627361E-026  1.91698327E-026  3.29290342E-027
  2.114000E+02  2.19541714E-026  1.87582718E-026  3.19589960E-027
  2.138000E+02  2.14673450E-026  1.83621282E-026  3.10521681E-027
  2.163000E+02  2.09624232E-026  1.79491509E-026  3.01327231E-027
  2.188000E+02  2.04604223E-026  1.75365574E-026  2.92386495E-027
  2.213000E+02  1.99619768E-026  1.71250175E-026  2.83695927E-027
  2.239000E+02  1.94479847E-026  1.66987955E-026  2.74918921E-027
  2.265000E+02  1.89613952E-026  1.62973596E-026  2.66403556E-027
  2.291000E+02  1.84964109E-026  1.59149628E-026  2.58144803E-027
  2.317000E+02  1.80364575E-026  1.55350834E-026  2.50137411E-027
  2.344000E+02  1.75645724E-026  1.51437500E-026  2.42082235E-027
  2.371000E+02  1.70989507E-026  1.47560911E-026  2.34285962E-027
  2.399000E+02  1.66230768E-026  1.43584014E-026  2.26467546E-027
  2.427000E+02  1.61554398E-026  1.39663056E-026  2.18913426E-027
  2.455000E+02  1.56956767E-026  1.35795139E-026  2.11616280E-027
  2.483000E+02  1.52433271E-026  1.31976394E-026  2.04568775E-027
  2.512000E+02  1.47746676E-026  1.27979871E-026  1.97668051E-027
  2.541000E+02  1.43098876E-026  1.23978220E-026  1.91206553E-027
  2.570000E+02  1.38545272E-026  1.20049158E-026  1.84961138E-027
  2.600000E+02  1.33936537E-026  1.16064403E-026  1.78721345E-027
  2.630000E+02  1.29630401E-026  1.12360433E-026  1.72699683E-027
  2.661000E+02  1.25281279E-026  1.08611341E-026  1.66699387E-027
  2.691000E+02  1.21170197E-026  1.05060118E-026  1.61100788E-027
  2.723000E+02  1.16891169E-026  1.01356453E-026  1.55347157E-027
  2.754000E+02  1.12894080E-026  9.78959903E-027  1.49980900E-027
  2.786000E+02  1.09149209E-026  9.46843767E-027  1.44648320E-027
  2.818000E+02  1.05499567E-026  9.15477329E-027  1.39518343E-027
  2.851000E+02  1.01834930E-026  8.83916839E-027  1.34432457E-027
  2.884000E+02  9.82699540E-027  8.53153227E-027  1.29546313E-027
  2.917000E+02  9.48035294E-027  8.23183059E-027  1.24852235E-027
  2.951000E+02  9.13337920E-027  7.93128990E-027  1.20208929E-027
  2.985000E+02  8.79657683E-027  7.63903988E-027  1.15753695E-027
  3.020000E+02  8.48207652E-027  7.36764096E-027  1.11443556E-027
  3.055000E+02  8.19266969E-027  7.11896412E-027  1.07370557E-027
  3.090000E+02  7.91178508E-027  6.87718305E-027  1.03460203E-027
  3.126000E+02  7.63159731E-027  6.63558805E-027  9.96009260E-028
  3.162000E+02  7.36007375E-027  6.40107438E-027  9.58999375E-028
  3.199000E+02  7.08983785E-027  6.16729664E-027  9.22541206E-028
  3.236000E+02  6.82834431E-027  5.94072849E-027  8.87615824E-028
  3.273000E+02  6.57537873E-027  5.72122210E-027  8.54156632E-028
  3.311000E+02  6.32422493E-027  5.50297276E-027  8.21252167E-028
  3.350000E+02  6.07532825E-027  5.28637815E-027  7.88950093E-028
  3.388000E+02  5.84120971E-027  5.08236779E-027  7.58841915E-028
  3.428000E+02  5.60345914E-027  4.87492128E-027  7.28537868E-028
  3.467000E+02  5.37997516E-027  4.67967598E-027  7.00299182E-028
  3.508000E+02  5.16572948E-027  4.49379115E-027  6.71938331E-028
  3.548000E+02  4.97721935E-027  4.33159784E-027  6.45621505E-028
  3.589000E+02  4.79148712E-027  4.17100391E-027  6.20483203E-028
  3.631000E+02  4.60812956E-027  4.01225333E-027  5.95876221E-028
  3.673000E+02  4.43152600E-027  3.85915384E-027  5.72372155E-028
  3.715000E+02  4.26144520E-027  3.71152729E-027  5.49917913E-028
  3.758000E+02  4.09383615E-027  3.56587224E-027  5.27963914E-028
  3.802000E+02  3.92891383E-027  3.42238396E-027  5.06529869E-028
  3.846000E+02  3.77040628E-027  3.28432012E-027  4.86086167E-028
  3.890000E+02  3.61807278E-027  3.15148971E-027  4.66583072E-028
  3.935000E+02  3.46841990E-027  3.02085938E-027  4.47560522E-028
  3.981000E+02  3.32161149E-027  2.89258007E-027  4.29031420E-028
  4.027000E+02  3.19166690E-027  2.78028629E-027  4.11380608E-028
  4.074000E+02  3.06570498E-027  2.67149925E-027  3.94205727E-028
  4.121000E+02  2.94480218E-027  2.56694813E-027  3.77854044E-028
  4.169000E+02  2.82667209E-027  2.46437576E-027  3.62296326E-028
  4.217000E+02  2.71346448E-027  2.36588448E-027  3.47579993E-028
  4.266000E+02  2.60264928E-027  2.26938265E-027  3.33266629E-028
  4.315000E+02  2.49643128E-027  2.17679866E-027  3.19632622E-028
  4.365000E+02  2.39258113E-027  2.08619747E-027  3.06383663E-028
  4.416000E+02  2.29116797E-027  1.99764485E-027  2.93523119E-028
  4.467000E+02  2.19411186E-027  1.91282494E-027  2.81286923E-028
  4.519000E+02  2.10357146E-027  1.83415274E-027  2.69418717E-028
  4.571000E+02  2.01915907E-027  1.76102814E-027  2.58130927E-028
  4.624000E+02  1.93679778E-027  1.68960722E-027  2.47190555E-028
  4.677000E+02  1.85797766E-027  1.62118892E-027  2.36788740E-028
  4.731000E+02  1.78114514E-027  1.55443125E-027  2.26713885E-028
  4.786000E+02  1.70632761E-027  1.48936255E-027  2.16965062E-028
  4.842000E+02  1.63354591E-027  1.42600544E-027  2.07540469E-028
  4.898000E+02  1.56402727E-027  1.36543416E-027  1.98593108E-028
  4.955000E+02  1.49645654E-027  1.30650851E-027  1.89948025E-028
  5.012000E+02  1.43278192E-027  1.25096802E-027  1.81813896E-028
  5.070000E+02  1.37380088E-027  1.19960389E-027  1.74196990E-028
  5.129000E+02  1.31649161E-027  1.14966034E-027  1.66831262E-028
  5.188000E+02  1.26176189E-027  1.10193208E-027  1.59829809E-028
  5.248000E+02  1.20862005E-027  1.05555770E-027  1.53062347E-028
  5.309000E+02  1.15706409E-027  1.01053796E-027  1.46526125E-028
  5.370000E+02  1.10787570E-027  9.67558555E-028  1.40317142E-028
  5.432000E+02  1.06018498E-027  9.25862351E-028  1.34322633E-028
  5.495000E+02  1.01443129E-027  8.85891924E-028  1.28539365E-028
  5.559000E+02  9.71693868E-028  8.48730078E-028  1.22963790E-028
  5.623000E+02  9.30936840E-028  8.13264253E-028  1.17672588E-028
  5.688000E+02  8.91465936E-028  7.78893074E-028  1.12572863E-028
  5.754000E+02  8.53268116E-028  7.45607238E-028  1.07660878E-028
  5.821000E+02  8.16328331E-028  7.13395639E-028  1.02932692E-028
  5.888000E+02  7.81141987E-028  6.82692669E-028  9.84493186E-029
  5.957000E+02  7.46640871E-028  6.52568085E-028  9.40727855E-029
  6.026000E+02  7.14377336E-028  6.24451426E-028  8.99259093E-029
  6.095000E+02  6.83945227E-028  5.97950262E-028  8.59949650E-029
  6.166000E+02  6.54131636E-028  5.71969646E-028  8.21619902E-029
  6.237000E+02  6.25968914E-028  5.47437862E-028  7.85310517E-029
  6.310000E+02  5.98601194E-028  5.23605488E-028  7.49957060E-029
  6.383000E+02  5.72591864E-028  5.00943081E-028  7.16487840E-029
  6.457000E+02  5.47820207E-028  4.79383636E-028  6.84365712E-029
  6.531000E+02  5.24250066E-028  4.58855009E-028  6.53950576E-029
  6.607000E+02  5.01317773E-028  4.38879637E-028  6.24381361E-029
  6.683000E+02  4.79651088E-028  4.20011229E-028  5.96398585E-029
  6.761000E+02  4.58508900E-028  4.01586210E-028  5.69226901E-029
  6.839000E+02  4.38604282E-028  3.84251720E-028  5.43525624E-029
  6.918000E+02  4.19493200E-028  3.67603168E-028  5.18900328E-029
  6.998000E+02  4.01098415E-028  3.51566920E-028  4.95314952E-029
  7.080000E+02  3.83595748E-028  3.36258656E-028  4.73370923E-029
  7.161000E+02  3.67172954E-028  3.21887117E-028  4.52858367E-029
  7.244000E+02  3.51173409E-028  3.07879951E-028  4.32934575E-029
  7.328000E+02  3.35787194E-028  2.94404045E-028  4.13831490E-029
  7.413000E+02  3.20996506E-028  2.81444377E-028  3.95521286E-029
  7.499000E+02  3.06783592E-028  2.68985936E-028  3.77976553E-029
  7.586000E+02  2.93372902E-028  2.57255867E-028  3.61170344E-029
  7.674000E+02  2.80493789E-028  2.45986172E-028  3.45076175E-029
  7.762000E+02  2.68260534E-028  2.35276875E-028  3.29836589E-029
  7.852000E+02  2.56378949E-028  2.24870926E-028  3.15080226E-029
  7.943000E+02  2.44975471E-028  2.14879448E-028  3.00960231E-029
  8.035000E+02  2.34165408E-028  2.05420170E-028  2.87452382E-029
  8.128000E+02  2.23855974E-028  1.96402667E-028  2.74533074E-029
  8.222000E+02  2.13965554E-028  1.87747623E-028  2.62179309E-029
  8.318000E+02  2.04382363E-028  1.79357575E-028  2.50247880E-029
  8.414000E+02  1.95291611E-028  1.71395075E-028  2.38965361E-029
  8.511000E+02  1.86576909E-028  1.63758615E-028  2.28182943E-029
  8.610000E+02  1.78141693E-028  1.56363889E-028  2.17778041E-029
  8.710000E+02  1.70064281E-028  1.49279855E-028  2.07844262E-029
  8.810000E+02  1.62405662E-028  1.42560371E-028  1.98452912E-029
  8.912000E+02  1.54999650E-028  1.36059941E-028  1.89397090E-029
  9.016000E+02  1.47872239E-028  1.29804916E-028  1.80673223E-029
  9.120000E+02  1.41238907E-028  1.23995813E-028  1.72430935E-029
  9.226000E+02  1.34830798E-028  1.18381409E-028  1.64493888E-029
  9.333000E+02  1.28701742E-028  1.13009112E-028  1.56926297E-029
  9.441000E+02  1.22840435E-028  1.07869284E-028  1.49711518E-029
  9.550000E+02  1.17235964E-028  1.02952606E-028  1.42833577E-029
  9.660000E+02  1.11877780E-028  9.82500653E-029  1.36277149E-029
  9.772000E+02  1.06710816E-028  9.37135318E-029  1.29972845E-029
  9.885000E+02  1.01774916E-028  8.93781794E-029  1.23967367E-029
  1.000000E+03  9.70217186E-029  8.52017901E-029  1.18199285E-029
  1.012000E+03  9.24819143E-029  8.12181868E-029  1.12637275E-029
  1.023000E+03  8.85372059E-029  7.77557187E-029  1.07814872E-029
  1.035000E+03  8.44560303E-029  7.41724157E-029  1.02836146E-029
  1.047000E+03  8.05927197E-029  7.07793952E-029  9.81332450E-030
  1.059000E+03  7.69339199E-029  6.75650716E-029  9.36884829E-030
  1.072000E+03  7.31866116E-029  6.42720485E-029  8.91456311E-030
  1.084000E+03  6.99149461E-029  6.13962125E-029  8.51873361E-030
  1.096000E+03  6.68121327E-029  5.86681055E-029  8.14402722E-030
  1.109000E+03  6.36297136E-029  5.58692944E-029  7.76041919E-030
  1.122000E+03  6.06219028E-029  5.32233731E-029  7.39852971E-030
  1.135000E+03  5.77777160E-029  5.07207831E-029  7.05693295E-030
  1.148000E+03  5.50869492E-029  4.83526389E-029  6.73431025E-030
  1.161000E+03  5.25401169E-029  4.61106782E-029  6.42943869E-030
  1.175000E+03  4.99482361E-029  4.38285665E-029  6.11966962E-030
  1.188000E+03  4.76728524E-029  4.18247134E-029  5.84813900E-030
  1.202000E+03  4.53607264E-029  3.97887683E-029  5.57195808E-030
  1.216000E+03  4.32152256E-029  3.79035919E-029  5.31163369E-030
  1.230000E+03  4.11868705E-029  3.61209484E-029  5.06592215E-030
  1.244000E+03  3.92820167E-029  3.44476686E-029  4.83434811E-030
  1.259000E+03  3.73871772E-029  3.27857088E-029  4.60146836E-030
  1.274000E+03  3.55987339E-029  3.12166636E-029  4.38207032E-030
  1.288000E+03  3.40194343E-029  2.98307715E-029  4.18866286E-030
  1.303000E+03  3.24176201E-029  2.84247962E-029  3.99282382E-030
  1.318000E+03  3.09034064E-029  2.70954049E-029  3.80800146E-030
  1.334000E+03  2.93785919E-029  2.57564010E-029  3.62219097E-030
  1.349000E+03  2.80283799E-029  2.45704633E-029  3.45791666E-030
  1.365000E+03  2.66672880E-029  2.33747198E-029  3.29256828E-030
  1.380000E+03  2.54608095E-029  2.23145955E-029  3.14621404E-030
  1.396000E+03  2.42433829E-029  2.12446483E-029  2.99873464E-030
  1.412000E+03  2.30931824E-029  2.02335955E-029  2.85958689E-030
  1.429000E+03  2.19399861E-029  1.92197258E-029  2.72026035E-030
  1.445000E+03  2.09153047E-029  1.83186901E-029  2.59661461E-030
  1.462000E+03  1.98868739E-029  1.74142127E-029  2.47266117E-030
  1.479000E+03  1.89165749E-029  1.65607291E-029  2.35584585E-030
  1.496000E+03  1.80006369E-029  1.57549464E-029  2.24569054E-030
  1.514000E+03  1.71181103E-029  1.49826369E-029  2.13547339E-030
  1.531000E+03  1.63390734E-029  1.43018029E-029  2.03727055E-030
  1.549000E+03  1.55594400E-029  1.36202373E-029  1.93920267E-030
  1.567000E+03  1.48233509E-029  1.29765407E-029  1.84681023E-030
  1.585000E+03  1.41279950E-029  1.23682832E-029  1.75971181E-030
  1.603000E+03  1.34707667E-029  1.17932117E-029  1.67755506E-030
  1.622000E+03  1.28157229E-029  1.12198873E-029  1.59583564E-030
  1.641000E+03  1.21978392E-029  1.06789334E-029  1.51890580E-030
  1.660000E+03  1.16146818E-029  1.01682423E-029  1.44643946E-030
  1.679000E+03  1.10639977E-029  9.68586203E-030  1.37813564E-030
  1.698000E+03  1.05437000E-029  9.22998355E-030  1.31371642E-030
  1.718000E+03  1.00267207E-029  8.77689938E-030  1.24982134E-030
  1.738000E+03  9.53917878E-030  8.34950925E-030  1.18966954E-030
  1.758000E+03  9.07914193E-030  7.94613585E-030  1.13300608E-030
  1.778000E+03  8.64482186E-030  7.56522617E-030  1.07959569E-030
  1.799000E+03  8.21465273E-030  7.18787430E-030  1.02677844E-030
  1.820000E+03  7.80923716E-030  6.83216080E-030  9.77076359E-031
  1.841000E+03  7.42693563E-030  6.49665990E-030  9.30275724E-031
  1.862000E+03  7.06623175E-030  6.18005230E-030  8.86179453E-031
  1.884000E+03  6.70998840E-030  5.86730241E-030  8.42685990E-031
  1.906000E+03  6.37441700E-030  5.57264872E-030  8.01768281E-031
  1.928000E+03  6.05813907E-030  5.29489025E-030  7.63248820E-031
  1.950000E+03  5.75988041E-030  5.03291647E-030  7.26963934E-031
  1.972000E+03  5.47846222E-030  4.78569955E-030  6.92762671E-031
  1.995000E+03  5.20107469E-030  4.54199119E-030  6.59083501E-031
  2.018000E+03  4.94794492E-030  4.32238242E-030  6.25562501E-031
  2.042000E+03  4.70141914E-030  4.10916246E-030  5.92256682E-031
  2.065000E+03  4.47867148E-030  3.91634151E-030  5.62329978E-031
  2.089000E+03  4.25939322E-030  3.72636469E-030  5.33028527E-031
  2.114000E+03  4.04430879E-030  3.53986334E-030  5.04445447E-031
  2.138000E+03  3.84976622E-030  3.37103526E-030  4.78730953E-031
  2.163000E+03  3.65871661E-030  3.20510641E-030  4.53610194E-031
  2.188000E+03  3.47871415E-030  3.04864898E-030  4.30065172E-031
  2.213000E+03  3.30902056E-030  2.90103939E-030  4.07981167E-031
  2.239000E+03  3.14274203E-030  2.75629141E-030  3.86450627E-031
  2.265000E+03  2.98616742E-030  2.61988938E-030  3.66278045E-031
  2.291000E+03  2.83864310E-030  2.49127907E-030  3.47364029E-031
  2.317000E+03  2.69956531E-030  2.36994786E-030  3.29617444E-031
  2.344000E+03  2.56348092E-030  2.25114656E-030  3.12334359E-031
  2.371000E+03  2.43532694E-030  2.13919276E-030  2.96134181E-031
  2.399000E+03  2.31023392E-030  2.02984025E-030  2.80393677E-031
  2.427000E+03  2.19254933E-030  1.92689662E-030  2.65652714E-031
  2.455000E+03  2.08176808E-030  1.82993043E-030  2.51837643E-031
  2.483000E+03  1.97788250E-030  1.73900150E-030  2.38880993E-031
  2.512000E+03  1.87994971E-030  1.65364912E-030  2.26300586E-031
  2.541000E+03  1.78769377E-030  1.57318216E-030  2.14511612E-031
  2.570000E+03  1.70073363E-030  1.49727732E-030  2.03456309E-031
  2.600000E+03  1.61597338E-030  1.42323789E-030  1.92735497E-031
  2.630000E+03  1.53614435E-030  1.35345494E-030  1.82689410E-031
  2.661000E+03  1.45848264E-030  1.28551764E-030  1.72964997E-031
  2.692000E+03  1.38539454E-030  1.22153585E-030  1.63858690E-031
  2.723000E+03  1.31656881E-030  1.16124388E-030  1.55324931E-031
  2.754000E+03  1.25171829E-030  1.10439633E-030  1.47321965E-031
  2.786000E+03  1.18866452E-030  1.04908750E-030  1.39577021E-031
  2.818000E+03  1.12929494E-030  9.96976678E-031  1.32318264E-031
  2.851000E+03  1.07166609E-030  9.46361640E-031  1.25304453E-031
  2.884000E+03  1.01744007E-030  8.98705564E-031  1.18734507E-031
  2.917000E+03  9.66385295E-031  8.53809446E-031  1.12575849E-031
  2.951000E+03  9.16874638E-031  8.10245416E-031  1.06629222E-031
  2.985000E+03  8.70288038E-031  7.69230447E-031  1.01057591E-031
  3.020000E+03  8.26304324E-031  7.30619439E-031  9.56848853E-032
  3.055000E+03  7.85706347E-031  6.95053219E-031  9.06531271E-032
  3.090000E+03  7.47453529E-031  6.61516297E-031  8.59372323E-032
  3.126000E+03  7.10388974E-031  6.28997038E-031  8.13919358E-032
  3.162000E+03  6.75481530E-031  5.98347947E-031  7.71335833E-032
  3.199000E+03  6.41699293E-031  5.68665410E-031  7.30338838E-032
  3.236000E+03  6.09896298E-031  5.40702055E-031  6.91942424E-032
  3.273000E+03  5.79938236E-031  5.14342698E-031  6.55955387E-032
  3.311000E+03  5.50960805E-031  4.88828831E-031  6.21319743E-032
  3.350000E+03  5.22978568E-031  4.64174495E-031  5.88040731E-032
  3.388000E+03  4.97309877E-031  4.41543656E-031  5.57662213E-032
  3.428000E+03  4.71875449E-031  4.19104839E-031  5.27706107E-032
  3.467000E+03  4.48536135E-031  3.98501261E-031  5.00348736E-032
  3.508000E+03  4.25446535E-031  3.78105387E-031  4.73411474E-032
  3.548000E+03  4.04251746E-031  3.59371766E-031  4.48799800E-032
  3.589000E+03  3.83798511E-031  3.41282829E-031  4.25156823E-032
  3.631000E+03  3.64089809E-031  3.23842058E-031  4.02477509E-032
  3.673000E+03  3.45553014E-031  3.07428835E-031  3.81241784E-032
  3.715000E+03  3.28107781E-031  2.91973461E-031  3.61343203E-032
  3.758000E+03  3.11300721E-031  2.77075289E-031  3.42254321E-032
  3.802000E+03  2.95130396E-031  2.62733742E-031  3.23966542E-032
  3.846000E+03  2.79927712E-031  2.49243233E-031  3.06844786E-032
  3.890000E+03  2.65626038E-031  2.36545744E-031  2.90802939E-032
  3.936000E+03  2.51571061E-031  2.24060959E-031  2.75101013E-032
  3.981000E+03  2.38647488E-031  2.12575505E-031  2.60719827E-032
  4.027000E+03  2.26580120E-031  2.01885516E-031  2.46946038E-032
  4.074000E+03  2.15216964E-031  1.91840031E-031  2.33769335E-032
  4.121000E+03  2.04522235E-031  1.82379065E-031  2.21431701E-032
  4.169000E+03  1.94242521E-031  1.73279190E-031  2.09633313E-032
  4.217000E+03  1.84567738E-031  1.64709217E-031  1.98585207E-032
  4.266000E+03  1.75272565E-031  1.56470219E-031  1.88023459E-032
  4.315000E+03  1.66524423E-031  1.48711204E-031  1.78132186E-032
  4.365000E+03  1.58122993E-031  1.41255088E-031  1.68679057E-032
  4.416000E+03  1.50062555E-031  1.34097206E-031  1.59653483E-032
  4.467000E+03  1.42480767E-031  1.27360329E-031  1.51204373E-032
  4.519000E+03  1.35209102E-031  1.20895207E-031  1.43138957E-032
  4.571000E+03  1.28368826E-031  1.14810111E-031  1.35587149E-032
  4.624000E+03  1.21810323E-031  1.08972381E-031  1.28379422E-032
  4.677000E+03  1.15640439E-031  1.03477520E-031  1.21629187E-032
  4.732000E+03  1.09620198E-031  9.81130010E-032  1.15071968E-032
  4.786000E+03  1.04062300E-031  9.31578203E-032  1.09044796E-032
  4.842000E+03  9.86422369E-032  8.83230067E-032  1.03192302E-032
  4.898000E+03  9.35479260E-032  8.37764346E-032  9.77149135E-033
  4.954000E+03  8.87568272E-032  7.94983487E-032  9.25847851E-033
  5.012000E+03  8.41333731E-032  7.53723386E-032  8.76103451E-033
  5.070000E+03  7.99294667E-032  7.16339523E-032  8.29551434E-033
  5.129000E+03  7.59059037E-032  6.80536290E-032  7.85227468E-033
  5.188000E+03  7.21198092E-032  6.46824799E-032  7.43732927E-033
  5.248000E+03  6.84963397E-032  6.14541275E-032  7.04221216E-033
  5.309000E+03  6.50308087E-032  5.83645947E-032  6.66621400E-033
  5.370000E+03  6.17702671E-032  5.54560603E-032  6.31420688E-033
  5.432000E+03  5.86518793E-032  5.26726920E-032  5.97918732E-033
  5.495000E+03  5.56712857E-032  5.00107651E-032  5.66052066E-033
  5.559000E+03  5.28240903E-032  4.74665139E-032  5.35757640E-033
  5.623000E+03  5.01464304E-032  4.50724152E-032  5.07401522E-033
  5.688000E+03  4.75884650E-032  4.27840795E-032  4.80438554E-033
  5.754000E+03  4.51461972E-032  4.05980643E-032  4.54813293E-033
  5.821000E+03  4.28156365E-032  3.85109256E-032  4.30471088E-033
  5.888000E+03  4.06245102E-032  3.65476386E-032  4.07687165E-033
  5.957000E+03  3.85035667E-032  3.46462674E-032  3.85729929E-033
  6.026000E+03  3.65106324E-032  3.28587585E-032  3.65187394E-033
  6.095000E+03  3.46368045E-032  3.11772650E-032  3.45953944E-033
  6.166000E+03  3.28243620E-032  2.95500846E-032  3.27427744E-033
  6.237000E+03  3.11501084E-032  2.80492192E-032  3.10088919E-033
  6.310000E+03  2.95569635E-032  2.66228940E-032  2.93406952E-033
  6.383000E+03  2.80590308E-032  2.52810375E-032  2.77799325E-033
  6.456000E+03  2.66497270E-032  2.40178683E-032  2.63185865E-033
  6.531000E+03  2.52877442E-032  2.27964409E-032  2.49130331E-033
  6.607000E+03  2.39902966E-032  2.16322544E-032  2.35804220E-033
  6.683000E+03  2.27703146E-032  2.05369945E-032  2.23332011E-033
  6.761000E+03  2.15931769E-032  1.94796470E-032  2.11352988E-033
  6.839000E+03  2.04866921E-032  1.84852533E-032  2.00143883E-033
  6.918000E+03  1.94330299E-032  1.75378585E-032  1.89517142E-033
  6.998000E+03  1.84299820E-032  1.66355323E-032  1.79444966E-033
  7.080000E+03  1.74950481E-032  1.57971816E-032  1.69786655E-033
  7.161000E+03  1.66272886E-032  1.50187059E-032  1.60858264E-033
  7.244000E+03  1.57905424E-032  1.42676094E-032  1.52293297E-033
  7.328000E+03  1.49940322E-032  1.35522126E-032  1.44181961E-033
  7.413000E+03  1.42359969E-032  1.28709814E-032  1.36501544E-033
  7.499000E+03  1.35147347E-032  1.22224319E-032  1.29230284E-033
  7.586000E+03  1.28286039E-032  1.16051301E-032  1.22347378E-033
  7.674000E+03  1.21760218E-032  1.10176925E-032  1.15832930E-033
  7.762000E+03  1.15622263E-032  1.04648765E-032  1.09734977E-033
  7.852000E+03  1.09718211E-032  9.93285077E-033  1.03897038E-033
  7.943000E+03  1.04105873E-032  9.42685287E-033  9.83734424E-034
  8.035000E+03  9.87716843E-033  8.94569136E-033  9.31477065E-034
  8.128000E+03  9.37026289E-033  8.48822157E-033  8.82041319E-034
  8.222000E+03  8.88862175E-033  8.05334393E-033  8.35277816E-034
  8.318000E+03  8.42637983E-033  7.63578561E-033  7.90594226E-034
  8.414000E+03  7.99200612E-033  7.24322134E-033  7.48784778E-034
  8.511000E+03  7.57943786E-033  6.87019761E-033  7.09240250E-034
  8.610000E+03  7.18375035E-033  6.51228055E-033  6.71469804E-034
  8.710000E+03  6.80828164E-033  6.17250738E-033  6.35774253E-034
  8.810000E+03  6.45544896E-033  5.85308646E-033  6.02362500E-034
  8.912000E+03  6.11725028E-033  5.54679103E-033  5.70459251E-034
  9.016000E+03  5.79507169E-033  5.25504744E-033  5.40024249E-034
  9.120000E+03  5.49978650E-033  4.98824178E-033  5.11544726E-034
  9.226000E+03  5.21685881E-033  4.73248024E-033  4.84378569E-034
  9.332000E+03  4.95087394E-033  4.49192320E-033  4.58950741E-034
  9.441000E+03  4.69379648E-033  4.25931650E-033  4.34479975E-034
  9.550000E+03  4.45222217E-033  4.04064017E-033  4.11581994E-034
  9.660000E+03  4.22305124E-033  3.83310235E-033  3.89948887E-034
  9.772000E+03  4.00375140E-033  3.63442045E-033  3.69330958E-034
  9.886000E+03  3.79406349E-033  3.44436866E-033  3.49694824E-034
  1.000000E+04  3.59699148E-033  3.26567309E-033  3.31318389E-034
  1.012000E+04  3.39565607E-033  3.08242367E-033  3.13232408E-034
  1.023000E+04  3.22231409E-033  2.92461154E-033  2.97702559E-034
  1.035000E+04  3.04458722E-033  2.76276741E-033  2.81819813E-034
  1.047000E+04  2.87790134E-033  2.61094087E-033  2.66960471E-034
  1.059000E+04  2.72147344E-033  2.46842568E-033  2.53047756E-034
  1.072000E+04  2.56275169E-033  2.32378913E-033  2.38962553E-034
  1.084000E+04  2.42544735E-033  2.19864413E-033  2.26803216E-034
  1.096000E+04  2.29635799E-033  2.08096568E-033  2.15392306E-034
  1.109000E+04  2.16783604E-033  1.96402316E-033  2.03812881E-034
  1.122000E+04  2.04860223E-033  1.85561588E-033  1.92986358E-034
  1.135000E+04  1.93677019E-033  1.75391449E-033  1.82855698E-034
  1.148000E+04  1.83181502E-033  1.65844627E-033  1.73368750E-034
  1.161000E+04  1.73325394E-033  1.56877611E-033  1.64477823E-034
  1.175000E+04  1.63375302E-033  1.47823350E-033  1.55519516E-034
  1.188000E+04  1.54709190E-033  1.39936082E-033  1.47731078E-034
  1.202000E+04  1.45949681E-033  1.31962542E-033  1.39871385E-034
  1.216000E+04  1.37742580E-033  1.24490738E-033  1.32518420E-034
  1.230000E+04  1.30048278E-033  1.17484872E-033  1.25634059E-034
  1.244000E+04  1.22921796E-033  1.11023978E-033  1.18978178E-034
  1.259000E+04  1.15990646E-033  1.04807477E-033  1.11831684E-034
  1.274000E+04  1.09503611E-033  9.89839695E-034  1.05196415E-034
  1.288000E+04  1.03820928E-033  9.38781898E-034  9.94273818E-035
  1.303000E+04  9.81024472E-034  8.87360373E-034  9.36640991E-035
  1.318000E+04  9.27398985E-034  8.39100099E-034  8.82988860E-035
  1.334000E+04  8.73836484E-034  7.90857508E-034  8.29789759E-035
  1.349000E+04  8.26786866E-034  7.48447972E-034  7.83388944E-035
  1.365000E+04  7.79731373E-034  7.06001545E-034  7.37298278E-035
  1.380000E+04  7.38345070E-034  6.68642294E-034  6.97027768E-035
  1.396000E+04  6.96902486E-034  6.31206611E-034  6.56958740E-035
  1.412000E+04  6.58053239E-034  5.96089738E-034  6.19635009E-035
  1.429000E+04  6.19411053E-034  5.61136704E-034  5.82743487E-035
  1.445000E+04  5.85343684E-034  5.30302046E-034  5.50416372E-035
  1.462000E+04  5.51415181E-034  4.99574386E-034  5.18407946E-035
  1.479000E+04  5.19655647E-034  4.70793872E-034  4.88617748E-035
  1.496000E+04  4.89907806E-034  4.43821014E-034  4.60867921E-035
  1.514000E+04  4.62289073E-034  4.18936054E-034  4.33530193E-035
  1.531000E+04  4.38294792E-034  3.97345994E-034  4.09487986E-035
  1.549000E+04  4.14441776E-034  3.75865610E-034  3.85761670E-035
  1.567000E+04  3.92072624E-034  3.55705256E-034  3.63673672E-035
  1.585000E+04  3.71081316E-034  3.36772009E-034  3.43093077E-035
  1.603000E+04  3.51370428E-034  3.18980348E-034  3.23900798E-035
  1.622000E+04  3.31854691E-034  3.01351810E-034  3.05028810E-035
  1.641000E+04  3.13569029E-034  2.84822325E-034  2.87467037E-035
  1.660000E+04  2.96424637E-034  2.69313615E-034  2.71110220E-035
  1.679000E+04  2.80339983E-034  2.54753717E-034  2.55862659E-035
  1.698000E+04  2.65240129E-034  2.41076401E-034  2.41637281E-035
  1.718000E+04  2.50333758E-034  2.27565721E-034  2.27680371E-035
  1.738000E+04  2.36368380E-034  2.14899977E-034  2.14684027E-035
  1.758000E+04  2.23276200E-034  2.03019028E-034  2.02571725E-035
  1.778000E+04  2.10994957E-034  1.91867571E-034  1.91273862E-035
  1.799000E+04  1.98909851E-034  1.80888017E-034  1.80218338E-035
  1.820000E+04  1.87594880E-034  1.70602469E-034  1.69924109E-035
  1.841000E+04  1.76994223E-034  1.60961174E-034  1.60330495E-035
  1.862000E+04  1.67056628E-034  1.51918397E-034  1.51382306E-035
  1.884000E+04  1.57305721E-034  1.43041166E-034  1.42645548E-035
  1.906000E+04  1.48181158E-034  1.34730215E-034  1.34509430E-035
  1.928000E+04  1.39637343E-034  1.26944728E-034  1.26926152E-035
  1.950000E+04  1.31632429E-034  1.19647205E-034  1.19852239E-035
  1.972000E+04  1.24127963E-034  1.12803155E-034  1.13248082E-035
  1.995000E+04  1.16779129E-034  1.06098445E-034  1.06806843E-035
  2.018000E+04  1.10379030E-034  1.00298832E-034  1.00801988E-035
  2.042000E+04  1.04255689E-034  9.47592555E-035  9.49643324E-036
  2.065000E+04  9.87504597E-035  8.97756502E-035  8.97480945E-036
  2.089000E+04  9.33575961E-035  8.48907349E-035  8.46686115E-036
  2.114000E+04  8.80946678E-035  8.01205518E-035  7.97411596E-036
  2.138000E+04  8.33582650E-035  7.58250309E-035  7.53323417E-036
  2.163000E+04  7.87299880E-035  7.16251633E-035  7.10482471E-036
  2.188000E+04  7.43912147E-035  6.76857899E-035  6.70542482E-036
  2.213000E+04  7.03212625E-035  6.39885008E-035  6.33276162E-036
  2.239000E+04  6.63532565E-035  6.03819272E-035  5.97132930E-036
  2.265000E+04  6.26358110E-035  5.70013565E-035  5.63445448E-036
  2.291000E+04  5.91508977E-035  5.38306914E-035  5.32020632E-036
  2.317000E+04  5.58819536E-035  5.08551271E-035  5.02682645E-036
  2.344000E+04  5.26995570E-035  4.79570245E-035  4.74253246E-036
  2.371000E+04  4.97179754E-035  4.52405980E-035  4.47737737E-036
  2.399000E+04  4.68226966E-035  4.26016722E-035  4.22102441E-036
  2.427000E+04  4.41131844E-035  4.01310458E-035  3.98213861E-036
  2.455000E+04  4.15759279E-035  3.78165847E-035  3.75934325E-036
  2.483000E+04  3.92181818E-035  3.56667973E-035  3.55138452E-036
  2.512000E+04  3.70753015E-035  3.37248803E-035  3.35042116E-036
  2.541000E+04  3.50654820E-035  3.19024917E-035  3.16299030E-036
  2.570000E+04  3.31792577E-035  3.01912199E-035  2.98803778E-036
  2.600000E+04  3.13487975E-035  2.85296360E-035  2.81916155E-036
  2.630000E+04  2.96324430E-035  2.69708014E-035  2.66164154E-036
  2.661000E+04  2.79701192E-035  2.54602554E-035  2.50986372E-036
  2.692000E+04  2.64127189E-035  2.40443370E-035  2.36838189E-036
  2.723000E+04  2.49526840E-035  2.27162956E-035  2.23638833E-036
  2.754000E+04  2.35830711E-035  2.14699239E-035  2.11314724E-036
  2.786000E+04  2.22573587E-035  2.02629588E-035  1.99439993E-036
  2.818000E+04  2.10147456E-035  1.91311549E-035  1.88359075E-036
  2.851000E+04  1.98140672E-035  1.80370833E-035  1.77698393E-036
  2.884000E+04  1.86894930E-035  1.70119394E-035  1.67755358E-036
  2.917000E+04  1.76355443E-035  1.60508031E-035  1.58474123E-036
  2.951000E+04  1.66182105E-035  1.51227100E-035  1.49550048E-036
  2.985000E+04  1.56654491E-035  1.42532125E-035  1.41223662E-036
  3.020000E+04  1.48028938E-035  1.34706146E-035  1.33227922E-036
  3.055000E+04  1.40333997E-035  1.27756944E-035  1.25770536E-036
  3.090000E+04  1.33104250E-035  1.21223290E-035  1.18809602E-036
  3.126000E+04  1.26119054E-035  1.14906304E-035  1.12127502E-036
  3.162000E+04  1.19559134E-035  1.08969901E-035  1.05892322E-036
  3.199000E+04  1.13228738E-035  1.03237404E-035  9.99133428E-037
  3.236000E+04  1.07286192E-035  9.78526134E-036  9.43357901E-037
  3.273000E+04  1.01704092E-035  9.27912405E-036  8.91285175E-037
  3.311000E+04  9.63198629E-036  8.79062519E-036  8.41361104E-037
  3.350000E+04  9.11353265E-036  8.31995402E-036  7.93578631E-037
  3.388000E+04  8.63927954E-036  7.88915269E-036  7.50126845E-037
  3.428000E+04  8.17067318E-036  7.46323200E-036  7.07441173E-037
  3.467000E+04  7.74187534E-036  7.07327038E-036  6.68604963E-037
  3.508000E+04  7.31885694E-036  6.68834927E-036  6.30507664E-037
  3.548000E+04  6.93164510E-036  6.33581675E-036  5.95828350E-037
  3.589000E+04  6.55901968E-036  5.99638474E-036  5.62634935E-037
  3.631000E+04  6.20097034E-036  5.67005971E-036  5.30910631E-037
  3.673000E+04  5.86516147E-036  5.36384823E-036  5.01313244E-037
  3.715000E+04  5.55001023E-036  5.07633220E-036  4.73678031E-037
  3.758000E+04  5.24723748E-036  4.79997669E-036  4.47260789E-037
  3.802000E+04  4.95676192E-036  4.53472016E-036  4.22041762E-037
  3.846000E+04  4.68444562E-036  4.28593201E-036  3.98513610E-037
  3.890000E+04  4.42899129E-036  4.05244591E-036  3.76545381E-037
  3.936000E+04  4.17866135E-036  3.82354445E-036  3.55116907E-037
  3.981000E+04  3.94914362E-036  3.61358549E-036  3.35558138E-037
