# DH21 astrodust SED for Mathis ISRF, U = 1.585
# Enthalpy stage: S1
# columns: lambda[um]    lambda*I_lambda / N_H [erg s^-1 cm^-2 sr^-1 H^-1]
  9.120000E-02  1.54202654E-063
  9.226000E-02  2.63956413E-062
  9.332000E-02  1.15576157E-061
  9.441000E-02  3.81938126E-061
  9.550000E-02  1.10075477E-060
  9.661000E-02  2.98967998E-060
  9.772000E-02  7.73831554E-060
  9.886000E-02  1.98241188E-059
  1.000000E-01  4.93471056E-059
  1.012000E-01  1.25462600E-058
  1.023000E-01  2.88778994E-058
  1.035000E-01  7.01340413E-058
  1.047000E-01  1.66599311E-057
  1.059000E-01  3.87468562E-057
  1.072000E-01  9.44757229E-057
  1.084000E-01  2.10748356E-056
  1.097000E-01  4.91869125E-056
  1.109000E-01  1.05528102E-055
  1.122000E-01  2.36566666E-055
  1.135000E-01  5.20282499E-055
  1.148000E-01  1.12349183E-054
  1.161000E-01  2.37850384E-054
  1.175000E-01  5.21935660E-054
  1.189000E-01  1.12194730E-053
  1.202000E-01  2.24375463E-053
  1.216000E-01  4.64589542E-053
  1.230000E-01  9.44658612E-053
  1.244000E-01  1.88861605E-052
  1.259000E-01  3.89697835E-052
  1.274000E-01  7.88910716E-052
  1.288000E-01  1.49859151E-051
  1.303000E-01  2.92968264E-051
  1.318000E-01  5.63738208E-051
  1.333000E-01  1.06646636E-050
  1.349000E-01  2.06538105E-050
  1.365000E-01  3.92617963E-050
  1.380000E-01  7.04261295E-050
  1.396000E-01  1.28281423E-049
  1.412000E-01  2.29659809E-049
  1.429000E-01  4.18479395E-049
  1.445000E-01  7.23059740E-049
  1.462000E-01  1.26836307E-048
  1.479000E-01  2.18467921E-048
  1.496000E-01  3.70475836E-048
  1.514000E-01  6.36879290E-048
  1.531000E-01  1.04447731E-047
  1.549000E-01  1.73153065E-047
  1.567000E-01  2.83805874E-047
  1.585000E-01  4.58966153E-047
  1.603000E-01  7.32152509E-047
  1.622000E-01  1.18211968E-046
  1.641000E-01  1.88089333E-046
  1.660000E-01  2.97476670E-046
  1.679000E-01  4.70872955E-046
  1.698000E-01  7.38561631E-046
  1.718000E-01  1.17556036E-045
  1.738000E-01  1.85658051E-045
  1.758000E-01  2.91413189E-045
  1.778000E-01  4.51131804E-045
  1.799000E-01  6.96637867E-045
  1.820000E-01  1.06490209E-044
  1.841000E-01  1.61334251E-044
  1.862000E-01  2.42464576E-044
  1.884000E-01  3.68966835E-044
  1.905000E-01  5.47804548E-044
  1.928000E-01  8.62666578E-044
  1.950000E-01  1.32918894E-043
  1.972000E-01  2.03899892E-043
  1.995000E-01  3.17583041E-043
  2.018000E-01  4.92631165E-043
  2.042000E-01  7.75475256E-043
  2.065000E-01  1.19295159E-042
  2.089000E-01  1.82179719E-042
  2.113000E-01  2.75288640E-042
  2.138000E-01  4.19114814E-042
  2.163000E-01  6.31966470E-042
  2.188000E-01  9.44124925E-042
  2.213000E-01  1.39788715E-041
  2.239000E-01  2.08351903E-041
  2.265000E-01  3.07746229E-041
  2.291000E-01  4.50709821E-041
  2.317000E-01  6.54647138E-041
  2.344000E-01  9.56106888E-041
  2.371000E-01  1.38436005E-040
  2.399000E-01  2.01296650E-040
  2.427000E-01  2.90095996E-040
  2.455000E-01  4.14624900E-040
  2.483000E-01  5.87750633E-040
  2.512000E-01  8.37027086E-040
  2.541000E-01  1.18210694E-039
  2.570000E-01  1.65591378E-039
  2.600000E-01  2.32756222E-039
  2.630000E-01  3.24491449E-039
  2.661000E-01  4.53699368E-039
  2.691000E-01  6.22619688E-039
  2.723000E-01  8.65790811E-039
  2.754000E-01  1.18239682E-038
  2.786000E-01  1.61856822E-038
  2.818000E-01  2.19941975E-038
  2.851000E-01  2.99403245E-038
  2.884000E-01  4.04586016E-038
  2.917000E-01  5.42858502E-038
  2.951000E-01  7.29478215E-038
  2.985000E-01  9.73572242E-038
  3.020000E-01  1.30085896E-037
  3.055000E-01  1.72617301E-037
  3.090000E-01  2.27511361E-037
  3.126000E-01  3.00158375E-037
  3.162000E-01  3.93373448E-037
  3.199000E-01  5.16079855E-037
  3.236000E-01  6.72572155E-037
  3.273000E-01  8.70839799E-037
  3.311000E-01  1.12853167E-036
  3.350000E-01  1.46298445E-036
  3.388000E-01  1.87250394E-036
  3.428000E-01  2.41305940E-036
  3.467000E-01  3.07152402E-036
  3.507000E-01  3.91103570E-036
  3.548000E-01  4.98017802E-036
  3.589000E-01  6.30450040E-036
  3.631000E-01  7.98119973E-036
  3.673000E-01  1.00443959E-035
  3.715000E-01  1.25741432E-035
  3.758000E-01  1.57364676E-035
  3.802000E-01  1.96914196E-035
  3.846000E-01  2.45018484E-035
  3.891000E-01  3.04772653E-035
  3.936000E-01  3.77143417E-035
  3.981000E-01  4.64232580E-035
  4.027000E-01  5.71219176E-035
  4.074000E-01  7.02394243E-035
  4.121000E-01  8.59322099E-035
  4.169000E-01  1.05071988E-034
  4.217000E-01  1.27854043E-034
  4.266000E-01  1.55464054E-034
  4.315000E-01  1.88151896E-034
  4.365000E-01  2.27479394E-034
  4.416000E-01  2.74849693E-034
  4.467000E-01  3.30547176E-034
  4.519000E-01  3.97122228E-034
  4.571000E-01  4.75048353E-034
  4.624000E-01  5.67626021E-034
  4.677000E-01  6.75461885E-034
  4.732000E-01  8.05407242E-034
  4.786000E-01  9.53289675E-034
  4.842000E-01  1.13072128E-033
  4.898000E-01  1.33548389E-033
  4.954000E-01  1.57102460E-033
  5.012000E-01  1.85116730E-033
  5.070000E-01  2.17292415E-033
  5.129000E-01  2.54728835E-033
  5.188000E-01  2.97443511E-033
  5.248000E-01  3.46881979E-033
  5.309000E-01  4.04063804E-033
  5.370000E-01  4.68895682E-033
  5.433000E-01  5.44781974E-033
  5.495000E-01  6.29177784E-033
  5.559000E-01  7.27346244E-033
  5.623000E-01  8.37920631E-033
  5.688000E-01  9.64062747E-033
  5.754000E-01  1.10772608E-032
  5.821000E-01  1.27106918E-032
  5.888000E-01  1.45359472E-032
  5.957000E-01  1.66334228E-032
  6.026000E-01  1.89689466E-032
  6.095000E-01  2.15646573E-032
  6.166000E-01  2.45255927E-032
  6.237000E-01  2.78001247E-032
  6.310000E-01  3.15302349E-032
  6.383000E-01  3.56414673E-032
  6.457000E-01  4.02326691E-032
  6.531000E-01  4.52798466E-032
  6.607000E-01  5.09793702E-032
  6.683000E-01  5.72325163E-032
  6.761000E-01  6.42545299E-032
  6.839000E-01  7.19362278E-032
  6.918000E-01  8.04191834E-032
  6.998000E-01  8.97843597E-032
  7.079000E-01  1.00093157E-031
  7.161000E-01  1.11429708E-031
  7.244000E-01  1.23907227E-031
  7.328000E-01  1.37554949E-031
  7.413000E-01  1.52491950E-031
  7.499000E-01  1.68814244E-031
  7.586000E-01  1.86636172E-031
  7.674000E-01  2.06036536E-031
  7.763000E-01  2.27154990E-031
  7.852000E-01  2.49849726E-031
  7.943000E-01  2.74703657E-031
  8.035000E-01  3.01644837E-031
  8.128000E-01  3.30742706E-031
  8.222000E-01  3.62127955E-031
  8.318000E-01  3.96324043E-031
  8.414000E-01  4.32787447E-031
  8.511000E-01  4.71941994E-031
  8.610000E-01  5.14438805E-031
  8.710000E-01  5.59967233E-031
  8.810000E-01  6.08353581E-031
  8.913000E-01  6.61016697E-031
  9.016000E-01  7.16827547E-031
  9.120000E-01  7.76472478E-031
  9.226000E-01  8.40476332E-031
  9.333000E-01  9.08789259E-031
  9.441000E-01  9.81147652E-031
  9.550000E-01  1.05816314E-030
  9.661000E-01  1.14035068E-030
  9.772000E-01  1.22613402E-030
  9.886000E-01  1.31642336E-030
  1.000000E+00  1.41256211E-030
  1.012000E+00  1.52665221E-030
  1.023000E+00  1.63678374E-030
  1.035000E+00  1.76287286E-030
  1.047000E+00  1.89582706E-030
  1.059000E+00  2.03539448E-030
  1.071000E+00  2.18156882E-030
  1.084000E+00  2.34839281E-030
  1.097000E+00  2.52325367E-030
  1.109000E+00  2.69223060E-030
  1.122000E+00  2.88383289E-030
  1.135000E+00  3.08459824E-030
  1.148000E+00  3.29394859E-030
  1.161000E+00  3.51276374E-030
  1.175000E+00  3.75845589E-030
  1.189000E+00  4.01513158E-030
  1.202000E+00  4.26208105E-030
  1.216000E+00  4.53864129E-030
  1.230000E+00  4.82496991E-030
  1.245000E+00  5.14288772E-030
  1.259000E+00  5.44900938E-030
  1.273000E+00  5.76377936E-030
  1.288000E+00  6.11197787E-030
  1.303000E+00  6.46937570E-030
  1.318000E+00  6.83741322E-030
  1.334000E+00  7.24187173E-030
  1.349000E+00  7.62928640E-030
  1.365000E+00  8.05427781E-030
  1.380000E+00  8.46154937E-030
  1.396000E+00  8.90679130E-030
  1.413000E+00  9.39156557E-030
  1.429000E+00  9.85785370E-030
  1.445000E+00  1.03328990E-029
  1.462000E+00  1.08482413E-029
  1.479000E+00  1.13742787E-029
  1.496000E+00  1.19114463E-029
  1.514000E+00  1.24911436E-029
  1.531000E+00  1.30512437E-029
  1.549000E+00  1.36535424E-029
  1.567000E+00  1.42652082E-029
  1.585000E+00  1.48892692E-029
  1.603000E+00  1.55268413E-029
  1.622000E+00  1.62097941E-029
  1.641000E+00  1.69050238E-029
  1.660000E+00  1.76141796E-029
  1.679000E+00  1.83358252E-029
  1.698000E+00  1.90700073E-029
  1.718000E+00  1.98571077E-029
  1.738000E+00  2.06600605E-029
  1.758000E+00  2.14760261E-029
  1.778000E+00  2.23101954E-029
  1.799000E+00  2.32010540E-029
  1.820000E+00  2.41098700E-029
  1.841000E+00  2.50367044E-029
  1.862000E+00  2.59810757E-029
  1.884000E+00  2.69911676E-029
  1.906000E+00  2.80188599E-029
  1.928000E+00  2.90702996E-029
  1.950000E+00  3.01417149E-029
  1.972000E+00  3.12317956E-029
  1.995000E+00  3.23930135E-029
  2.018000E+00  3.35751964E-029
  2.042000E+00  3.48331060E-029
  2.065000E+00  3.60578908E-029
  2.089000E+00  3.73543053E-029
  2.114000E+00  3.87244438E-029
  2.138000E+00  4.00528460E-029
  2.163000E+00  4.14561011E-029
  2.188000E+00  4.28625572E-029
  2.213000E+00  4.42901219E-029
  2.239000E+00  4.57758362E-029
  2.265000E+00  4.72752689E-029
  2.291000E+00  4.87859377E-029
  2.317000E+00  5.03038833E-029
  2.344000E+00  5.18806471E-029
  2.371000E+00  5.35114129E-029
  2.399000E+00  5.52010162E-029
  2.427000E+00  5.68931242E-029
  2.455000E+00  5.85813298E-029
  2.483000E+00  6.02688855E-029
  2.512000E+00  6.20713832E-029
  2.541000E+00  6.38655646E-029
  2.570000E+00  6.56543909E-029
  2.600000E+00  6.75636976E-029
  2.630000E+00  6.94622375E-029
  2.661000E+00  7.14821842E-029
  2.691000E+00  7.33662108E-029
  2.723000E+00  7.54956449E-029
  2.754000E+00  7.74868341E-029
  2.786000E+00  7.95934107E-029
  2.818000E+00  8.17547316E-029
  2.851000E+00  8.39619854E-029
  2.884000E+00  8.62294669E-029
  2.917000E+00  8.84759475E-029
  2.951000E+00  9.08370128E-029
  2.985000E+00  9.31815084E-029
  3.020000E+00  9.56318352E-029
  3.055000E+00  9.79930924E-029
  3.090000E+00  1.00255263E-028
  3.126000E+00  1.02559095E-028
  3.162000E+00  1.04695775E-028
  3.199000E+00  1.06870347E-028
  3.236000E+00  1.08961946E-028
  3.273000E+00  1.10984338E-028
  3.311000E+00  1.13278917E-028
  3.350000E+00  1.18170526E-028
  3.388000E+00  1.26234484E-028
  3.428000E+00  1.28072296E-028
  3.467000E+00  1.29586523E-028
  3.507000E+00  1.28295904E-028
  3.548000E+00  1.27895653E-028
  3.589000E+00  1.26244610E-028
  3.631000E+00  1.26473543E-028
  3.673000E+00  1.27922481E-028
  3.715000E+00  1.29442189E-028
  3.758000E+00  1.30933060E-028
  3.802000E+00  1.32502107E-028
  3.846000E+00  1.34101038E-028
  3.891000E+00  1.35634683E-028
  3.935000E+00  1.37168094E-028
  3.981000E+00  1.38815575E-028
  4.027000E+00  1.40426871E-028
  4.074000E+00  1.42045720E-028
  4.121000E+00  1.43705384E-028
  4.169000E+00  1.45361568E-028
  4.217000E+00  1.47059731E-028
  4.266000E+00  1.48835188E-028
  4.315000E+00  1.50571052E-028
  4.365000E+00  1.52394929E-028
  4.416000E+00  1.54203919E-028
  4.467000E+00  1.56062617E-028
  4.519000E+00  1.57987397E-028
  4.571000E+00  1.59880365E-028
  4.624000E+00  1.61849539E-028
  4.677000E+00  1.63762982E-028
  4.732000E+00  1.65787266E-028
  4.786000E+00  1.67731214E-028
  4.842000E+00  1.69702693E-028
  4.898000E+00  1.71705839E-028
  4.955000E+00  1.73687537E-028
  5.012000E+00  1.75623974E-028
  5.070000E+00  1.77545971E-028
  5.129000E+00  1.79465842E-028
  5.188000E+00  1.81329026E-028
  5.248000E+00  1.83174999E-028
  5.309000E+00  1.85018126E-028
  5.370000E+00  1.86800453E-028
  5.432000E+00  1.88580751E-028
  5.495000E+00  1.90426223E-028
  5.559000E+00  1.92184602E-028
  5.623000E+00  1.93882651E-028
  5.688000E+00  1.95590705E-028
  5.754000E+00  1.97266997E-028
  5.821000E+00  1.98855407E-028
  5.888000E+00  2.00497052E-028
  5.957000E+00  2.02141446E-028
  6.026000E+00  2.03759081E-028
  6.095000E+00  2.05254040E-028
  6.166000E+00  2.06862602E-028
  6.237000E+00  2.08349433E-028
  6.310000E+00  2.09851425E-028
  6.383000E+00  2.11346389E-028
  6.457000E+00  2.12837985E-028
  6.531000E+00  2.14226048E-028
  6.607000E+00  2.15663327E-028
  6.683000E+00  2.17031292E-028
  6.761000E+00  2.18690079E-028
  6.839000E+00  2.24555406E-028
  6.918000E+00  2.22042761E-028
  6.998000E+00  2.22470865E-028
  7.080000E+00  2.23728264E-028
  7.161000E+00  2.25033859E-028
  7.244000E+00  2.26312865E-028
  7.328000E+00  2.27484136E-028
  7.413000E+00  2.28728002E-028
  7.499000E+00  2.29980647E-028
  7.586000E+00  2.31096457E-028
  7.674000E+00  2.32291492E-028
  7.762000E+00  2.32760163E-028
  7.852000E+00  2.34255364E-028
  7.943000E+00  2.37931771E-028
  8.035000E+00  2.44194203E-028
  8.128000E+00  2.53026801E-028
  8.222000E+00  2.65118354E-028
  8.318000E+00  2.83977105E-028
  8.414000E+00  3.01634484E-028
  8.511000E+00  3.18469903E-028
  8.610000E+00  3.28751611E-028
  8.710000E+00  3.46967147E-028
  8.811000E+00  3.81603139E-028
  8.913000E+00  4.17090375E-028
  9.016000E+00  4.50266565E-028
  9.120000E+00  4.86256937E-028
  9.226000E+00  5.24093648E-028
  9.333000E+00  5.59050581E-028
  9.441000E+00  5.87444183E-028
  9.550000E+00  6.08611502E-028
  9.660000E+00  6.22595548E-028
  9.772000E+00  6.29681390E-028
  9.885000E+00  6.29699269E-028
  1.000000E+01  6.22905641E-028
  1.012000E+01  6.09379960E-028
  1.023000E+01  5.93565370E-028
  1.035000E+01  5.75541060E-028
  1.047000E+01  5.58361884E-028
  1.059000E+01  5.41969679E-028
  1.072000E+01  5.24916243E-028
  1.084000E+01  5.09507057E-028
  1.097000E+01  4.92518007E-028
  1.109000E+01  4.76157518E-028
  1.122000E+01  4.56967675E-028
  1.135000E+01  4.36143178E-028
  1.148000E+01  4.17947100E-028
  1.161000E+01  4.02000794E-028
  1.175000E+01  3.86224066E-028
  1.189000E+01  3.70663278E-028
  1.202000E+01  3.55788614E-028
  1.216000E+01  3.40143474E-028
  1.230000E+01  3.26262484E-028
  1.244000E+01  3.15487459E-028
  1.259000E+01  3.08891342E-028
  1.273000E+01  3.07228101E-028
  1.288000E+01  3.08033235E-028
  1.303000E+01  3.07994521E-028
  1.318000E+01  3.08658281E-028
  1.334000E+01  3.09472722E-028
  1.349000E+01  3.10209109E-028
  1.365000E+01  3.11375322E-028
  1.380000E+01  3.12892305E-028
  1.396000E+01  3.15125970E-028
  1.412000E+01  3.18063061E-028
  1.429000E+01  3.21997144E-028
  1.445000E+01  3.26620794E-028
  1.462000E+01  3.32622030E-028
  1.479000E+01  3.39901914E-028
  1.496000E+01  3.48483066E-028
  1.514000E+01  3.58790315E-028
  1.531000E+01  3.69574837E-028
  1.549000E+01  3.81973518E-028
  1.567000E+01  3.95101569E-028
  1.585000E+01  4.08718453E-028
  1.603000E+01  4.22734736E-028
  1.622000E+01  4.37597854E-028
  1.641000E+01  4.52315644E-028
  1.660000E+01  4.66542680E-028
  1.679000E+01  4.80066017E-028
  1.698000E+01  4.92533217E-028
  1.718000E+01  5.04382086E-028
  1.738000E+01  5.14886131E-028
  1.758000E+01  5.24103400E-028
  1.778000E+01  5.31955754E-028
  1.799000E+01  5.38791953E-028
  1.820000E+01  5.44229524E-028
  1.841000E+01  5.48134474E-028
  1.862000E+01  5.50642675E-028
  1.884000E+01  5.51719047E-028
  1.906000E+01  5.51262166E-028
  1.927000E+01  5.49982001E-028
  1.950000E+01  5.47419784E-028
  1.972000E+01  5.44467579E-028
  1.995000E+01  5.41015820E-028
  2.018000E+01  5.39301770E-028
  2.042000E+01  5.38093033E-028
  2.065000E+01  5.37718866E-028
  2.089000E+01  5.38168789E-028
  2.114000E+01  5.39260549E-028
  2.138000E+01  5.40456641E-028
  2.163000E+01  5.41932310E-028
  2.188000E+01  5.43473147E-028
  2.213000E+01  5.44626655E-028
  2.239000E+01  5.45257321E-028
  2.265000E+01  5.46037093E-028
  2.291000E+01  5.46556848E-028
  2.317000E+01  5.46862116E-028
  2.344000E+01  5.48367702E-028
  2.371000E+01  5.50223154E-028
  2.399000E+01  5.53141490E-028
  2.427000E+01  5.56979108E-028
  2.455000E+01  5.61878847E-028
  2.483000E+01  5.67502509E-028
  2.512000E+01  5.74276762E-028
  2.541000E+01  5.82538938E-028
  2.570000E+01  5.91814008E-028
  2.600000E+01  6.02323257E-028
  2.630000E+01  6.13963962E-028
  2.661000E+01  6.27348695E-028
  2.692000E+01  6.42435368E-028
  2.723000E+01  6.58198515E-028
  2.754000E+01  6.75822016E-028
  2.786000E+01  6.95268059E-028
  2.818000E+01  7.16258151E-028
  2.851000E+01  7.39632230E-028
  2.884000E+01  7.64769440E-028
  2.917000E+01  7.91975161E-028
  2.951000E+01  8.21393155E-028
  2.985000E+01  8.53468095E-028
  3.020000E+01  8.88667875E-028
  3.055000E+01  9.25888308E-028
  3.090000E+01  9.65413033E-028
  3.126000E+01  1.00867440E-027
  3.162000E+01  1.05484110E-027
  3.199000E+01  1.10520654E-027
  3.236000E+01  1.15776201E-027
  3.273000E+01  1.21421800E-027
  3.311000E+01  1.27638467E-027
  3.350000E+01  1.34239126E-027
  3.388000E+01  1.41019936E-027
  3.428000E+01  1.48664556E-027
  3.467000E+01  1.56525004E-027
  3.508000E+01  1.65156976E-027
  3.548000E+01  1.74121483E-027
  3.589000E+01  1.83826569E-027
  3.631000E+01  1.94302205E-027
  3.673000E+01  2.05183283E-027
  3.715000E+01  2.16817075E-027
  3.758000E+01  2.29299386E-027
  3.802000E+01  2.42607292E-027
  3.846000E+01  2.56767403E-027
  3.890000E+01  2.71657383E-027
  3.935000E+01  2.87651291E-027
  3.981000E+01  3.04829301E-027
  4.027000E+01  3.23108790E-027
  4.074000E+01  3.42299574E-027
  4.121000E+01  3.62908685E-027
  4.169000E+01  3.85045485E-027
  4.217000E+01  4.08031652E-027
  4.266000E+01  4.32678189E-027
  4.315000E+01  4.58829987E-027
  4.365000E+01  4.86856566E-027
  4.416000E+01  5.16877988E-027
  4.467000E+01  5.48788478E-027
  4.519000E+01  5.82159045E-027
  4.571000E+01  6.17955527E-027
  4.624000E+01  6.56283490E-027
  4.677000E+01  6.96480145E-027
  4.731000E+01  7.39434798E-027
  4.786000E+01  7.85311967E-027
  4.842000E+01  8.33713500E-027
  4.898000E+01  8.86256237E-027
  4.954000E+01  9.40022206E-027
  5.012000E+01  9.98526482E-027
  5.070000E+01  1.06051173E-026
  5.129000E+01  1.12641231E-026
  5.188000E+01  1.19543443E-026
  5.248000E+01  1.26867797E-026
  5.309000E+01  1.34659342E-026
  5.370000E+01  1.42871941E-026
  5.433000E+01  1.51735163E-026
  5.495000E+01  1.60820861E-026
  5.559000E+01  1.70602378E-026
  5.623000E+01  1.80783971E-026
  5.688000E+01  1.91643618E-026
  5.754000E+01  2.03007422E-026
  5.821000E+01  2.15104237E-026
  5.888000E+01  2.27673363E-026
  5.957000E+01  2.41085637E-026
  6.026000E+01  2.55137348E-026
  6.095000E+01  2.69523237E-026
  6.166000E+01  2.84995180E-026
  6.237000E+01  3.00759100E-026
  6.310000E+01  3.17702223E-026
  6.383000E+01  3.35140622E-026
  6.457000E+01  3.53590531E-026
  6.531000E+01  3.72288150E-026
  6.607000E+01  3.92278879E-026
  6.683000E+01  4.12488698E-026
  6.761000E+01  4.34030343E-026
  6.839000E+01  4.56043136E-026
  6.918000E+01  4.78833300E-026
  6.998000E+01  5.02337466E-026
  7.079000E+01  5.26600303E-026
  7.161000E+01  5.51985077E-026
  7.244000E+01  5.77667078E-026
  7.328000E+01  6.04461329E-026
  7.413000E+01  6.31891597E-026
  7.499000E+01  6.59557868E-026
  7.586000E+01  6.88306486E-026
  7.674000E+01  7.17674964E-026
  7.762000E+01  7.47677781E-026
  7.852000E+01  7.77984879E-026
  7.943000E+01  8.08893220E-026
  8.035000E+01  8.40704031E-026
  8.128000E+01  8.72252012E-026
  8.222000E+01  9.04876298E-026
  8.318000E+01  9.37438044E-026
  8.414000E+01  9.70528942E-026
  8.511000E+01  1.00370440E-025
  8.610000E+01  1.03737706E-025
  8.710000E+01  1.07118594E-025
  8.811000E+01  1.10484128E-025
  8.912000E+01  1.13830138E-025
  9.016000E+01  1.17296606E-025
  9.120000E+01  1.20619876E-025
  9.226000E+01  1.23954058E-025
  9.332000E+01  1.27310523E-025
  9.441000E+01  1.30613797E-025
  9.550000E+01  1.33911805E-025
  9.661000E+01  1.37192810E-025
  9.772000E+01  1.40306019E-025
  9.886000E+01  1.43485731E-025
  1.000000E+02  1.46573384E-025
  1.012000E+02  1.49707937E-025
  1.023000E+02  1.52483538E-025
  1.035000E+02  1.55402771E-025
  1.047000E+02  1.58179470E-025
  1.059000E+02  1.60868082E-025
  1.072000E+02  1.63612549E-025
  1.084000E+02  1.66022903E-025
  1.097000E+02  1.68589929E-025
  1.109000E+02  1.70754385E-025
  1.122000E+02  1.72929958E-025
  1.135000E+02  1.74969229E-025
  1.148000E+02  1.76992970E-025
  1.161000E+02  1.78748160E-025
  1.175000E+02  1.80588885E-025
  1.188000E+02  1.82087324E-025
  1.202000E+02  1.83608280E-025
  1.216000E+02  1.84857568E-025
  1.230000E+02  1.86115098E-025
  1.244000E+02  1.87171571E-025
  1.259000E+02  1.88075116E-025
  1.273000E+02  1.88860997E-025
  1.288000E+02  1.89536742E-025
  1.303000E+02  1.90077806E-025
  1.318000E+02  1.90371159E-025
  1.334000E+02  1.90626284E-025
  1.349000E+02  1.90749724E-025
  1.365000E+02  1.90722522E-025
  1.380000E+02  1.90572115E-025
  1.396000E+02  1.90269723E-025
  1.412000E+02  1.89861044E-025
  1.429000E+02  1.89276891E-025
  1.445000E+02  1.88621941E-025
  1.462000E+02  1.87789801E-025
  1.479000E+02  1.86866574E-025
  1.496000E+02  1.85811488E-025
  1.514000E+02  1.84613847E-025
  1.531000E+02  1.83361893E-025
  1.549000E+02  1.81974043E-025
  1.567000E+02  1.80470966E-025
  1.585000E+02  1.78909265E-025
  1.603000E+02  1.77372809E-025
  1.622000E+02  1.75531664E-025
  1.641000E+02  1.73647598E-025
  1.660000E+02  1.71729344E-025
  1.679000E+02  1.69686086E-025
  1.698000E+02  1.67779568E-025
  1.718000E+02  1.65543797E-025
  1.738000E+02  1.63294026E-025
  1.758000E+02  1.61035282E-025
  1.778000E+02  1.58836607E-025
  1.799000E+02  1.56374733E-025
  1.820000E+02  1.53921311E-025
  1.841000E+02  1.51527580E-025
  1.862000E+02  1.49015069E-025
  1.884000E+02  1.46406724E-025
  1.906000E+02  1.43862288E-025
  1.928000E+02  1.41280153E-025
  1.950000E+02  1.38675048E-025
  1.972000E+02  1.36157813E-025
  1.995000E+02  1.33477304E-025
  2.018000E+02  1.30803444E-025
  2.042000E+02  1.28106726E-025
  2.065000E+02  1.25489232E-025
  2.089000E+02  1.22862596E-025
  2.114000E+02  1.20064036E-025
  2.138000E+02  1.17513770E-025
  2.163000E+02  1.14806457E-025
  2.188000E+02  1.12125979E-025
  2.213000E+02  1.09592721E-025
  2.239000E+02  1.06916759E-025
  2.265000E+02  1.04348650E-025
  2.291000E+02  1.01788325E-025
  2.317000E+02  9.93352378E-026
  2.344000E+02  9.67615817E-026
  2.371000E+02  9.42980595E-026
  2.399000E+02  9.17661290E-026
  2.427000E+02  8.93449761E-026
  2.455000E+02  8.69454926E-026
  2.483000E+02  8.46211475E-026
  2.512000E+02  8.22447064E-026
  2.541000E+02  7.99756757E-026
  2.570000E+02  7.77385991E-026
  2.600000E+02  7.55000319E-026
  2.630000E+02  7.32986122E-026
  2.661000E+02  7.11329814E-026
  2.691000E+02  6.90772910E-026
  2.723000E+02  6.69540688E-026
  2.754000E+02  6.49853015E-026
  2.786000E+02  6.29658791E-026
  2.818000E+02  6.10748677E-026
  2.851000E+02  5.91399538E-026
  2.884000E+02  5.72748457E-026
  2.917000E+02  5.54547220E-026
  2.951000E+02  5.37013871E-026
  2.985000E+02  5.19430619E-026
  3.020000E+02  5.02493176E-026
  3.055000E+02  4.86106451E-026
  3.090000E+02  4.69949819E-026
  3.126000E+02  4.54431848E-026
  3.162000E+02  4.38913907E-026
  3.199000E+02  4.24039171E-026
  3.236000E+02  4.09402128E-026
  3.273000E+02  3.95553944E-026
  3.311000E+02  3.82030347E-026
  3.350000E+02  3.68400075E-026
  3.388000E+02  3.55669534E-026
  3.428000E+02  3.42710279E-026
  3.467000E+02  3.30955804E-026
  3.508000E+02  3.18879001E-026
  3.548000E+02  3.07507314E-026
  3.589000E+02  2.96334703E-026
  3.631000E+02  2.85311747E-026
  3.673000E+02  2.74913121E-026
  3.715000E+02  2.65077877E-026
  3.758000E+02  2.55077639E-026
  3.802000E+02  2.45582698E-026
  3.846000E+02  2.36174445E-026
  3.890000E+02  2.27441255E-026
  3.935000E+02  2.18876319E-026
  3.981000E+02  2.10472639E-026
  4.027000E+02  2.02436683E-026
  4.074000E+02  1.94563734E-026
  4.121000E+02  1.87157215E-026
  4.169000E+02  1.79803065E-026
  4.217000E+02  1.72755580E-026
  4.266000E+02  1.66098493E-026
  4.315000E+02  1.59628262E-026
  4.365000E+02  1.53209926E-026
  4.416000E+02  1.47160517E-026
  4.467000E+02  1.41278449E-026
  4.519000E+02  1.35647378E-026
  4.571000E+02  1.30270666E-026
  4.624000E+02  1.24954209E-026
  4.677000E+02  1.19959362E-026
  4.731000E+02  1.15180567E-026
  4.786000E+02  1.10385439E-026
  4.842000E+02  1.05880709E-026
  4.898000E+02  1.01516167E-026
  4.955000E+02  9.73500389E-027
  5.012000E+02  9.33772916E-027
  5.070000E+02  8.94643646E-027
  5.129000E+02  8.57335458E-027
  5.188000E+02  8.22409561E-027
  5.248000E+02  7.87433966E-027
  5.309000E+02  7.54702382E-027
  5.370000E+02  7.23529053E-027
  5.432000E+02  6.92892760E-027
  5.495000E+02  6.63733149E-027
  5.559000E+02  6.35126228E-027
  5.623000E+02  6.08338374E-027
  5.688000E+02  5.82925817E-027
  5.754000E+02  5.57551526E-027
  5.821000E+02  5.33881693E-027
  5.888000E+02  5.10962037E-027
  5.957000E+02  4.88612850E-027
  6.026000E+02  4.67710708E-027
  6.095000E+02  4.47846514E-027
  6.166000E+02  4.28132647E-027
  6.237000E+02  4.09697117E-027
  6.310000E+02  3.91711684E-027
  6.383000E+02  3.74684751E-027
  6.457000E+02  3.58263066E-027
  6.531000E+02  3.42948676E-027
  6.607000E+02  3.27518592E-027
  6.683000E+02  3.13368873E-027
  6.761000E+02  2.99383409E-027
  6.839000E+02  2.86322792E-027
  6.918000E+02  2.73770459E-027
  6.998000E+02  2.61536234E-027
  7.080000E+02  2.49833093E-027
  7.161000E+02  2.38861579E-027
  7.244000E+02  2.28264943E-027
  7.328000E+02  2.18046113E-027
  7.413000E+02  2.08444600E-027
  7.499000E+02  1.98914657E-027
  7.586000E+02  1.90094294E-027
  7.674000E+02  1.81642798E-027
  7.762000E+02  1.73519375E-027
  7.852000E+02  1.65600536E-027
  7.943000E+02  1.58177396E-027
  8.035000E+02  1.50967874E-027
  8.128000E+02  1.44255513E-027
  8.222000E+02  1.37759061E-027
  8.318000E+02  1.31417648E-027
  8.414000E+02  1.25514840E-027
  8.511000E+02  1.19868279E-027
  8.610000E+02  1.14336242E-027
  8.710000E+02  1.09149355E-027
  8.810000E+02  1.04239555E-027
  8.912000E+02  9.94433770E-028
  9.016000E+02  9.48854156E-028
  9.120000E+02  9.05919596E-028
  9.226000E+02  8.63859545E-028
  9.333000E+02  8.24460165E-028
  9.441000E+02  7.86829892E-028
  9.550000E+02  7.50518468E-028
  9.660000E+02  7.16344158E-028
  9.772000E+02  6.83516980E-028
  9.885000E+02  6.51831290E-028
  1.000000E+03  6.21789538E-028
  1.012000E+03  5.92166681E-028
  1.023000E+03  5.66261947E-028
  1.035000E+03  5.39898263E-028
  1.047000E+03  5.14988811E-028
  1.059000E+03  4.91219801E-028
  1.072000E+03  4.67230413E-028
  1.084000E+03  4.46340216E-028
  1.096000E+03  4.26358033E-028
  1.109000E+03  4.06174538E-028
  1.122000E+03  3.87173204E-028
  1.135000E+03  3.69029287E-028
  1.148000E+03  3.52125553E-028
  1.161000E+03  3.36142885E-028
  1.175000E+03  3.19718468E-028
  1.188000E+03  3.05512936E-028
  1.202000E+03  2.91086567E-028
  1.216000E+03  2.77319376E-028
  1.230000E+03  2.64502807E-028
  1.244000E+03  2.52390509E-028
  1.259000E+03  2.40018297E-028
  1.274000E+03  2.28518447E-028
  1.288000E+03  2.18404139E-028
  1.303000E+03  2.08019406E-028
  1.318000E+03  1.98379526E-028
  1.334000E+03  1.88707061E-028
  1.349000E+03  1.80010462E-028
  1.365000E+03  1.71404147E-028
  1.380000E+03  1.63799381E-028
  1.396000E+03  1.56028886E-028
  1.412000E+03  1.48799047E-028
  1.429000E+03  1.41570353E-028
  1.445000E+03  1.35063422E-028
  1.462000E+03  1.28645137E-028
  1.479000E+03  1.22593384E-028
  1.496000E+03  1.16819838E-028
  1.514000E+03  1.11137471E-028
  1.531000E+03  1.06075615E-028
  1.549000E+03  1.00962244E-028
  1.567000E+03  9.62073671E-029
  1.585000E+03  9.17339757E-029
  1.603000E+03  8.74389524E-029
  1.622000E+03  8.32468483E-029
  1.641000E+03  7.92860589E-029
  1.660000E+03  7.55103343E-029
  1.679000E+03  7.20077671E-029
  1.698000E+03  6.87001445E-029
  1.718000E+03  6.53712731E-029
  1.738000E+03  6.22766942E-029
  1.758000E+03  5.93666239E-029
  1.778000E+03  5.65818949E-029
  1.799000E+03  5.38714111E-029
  1.820000E+03  5.13169992E-029
  1.841000E+03  4.88759764E-029
  1.862000E+03  4.66112319E-029
  1.884000E+03  4.43736083E-029
  1.906000E+03  4.22378036E-029
  1.928000E+03  4.02574362E-029
  1.950000E+03  3.83886632E-029
  1.972000E+03  3.65996259E-029
  1.995000E+03  3.48659478E-029
  2.018000E+03  3.31828303E-029
  2.042000E+03  3.15464434E-029
  2.065000E+03  3.00685793E-029
  2.089000E+03  2.86002342E-029
  2.114000E+03  2.71759577E-029
  2.138000E+03  2.58924342E-029
  2.163000E+03  2.46159624E-029
  2.188000E+03  2.34300719E-029
  2.213000E+03  2.23124942E-029
  2.239000E+03  2.12035232E-029
  2.265000E+03  2.01769985E-029
  2.291000E+03  1.92094298E-029
  2.317000E+03  1.82861197E-029
  2.344000E+03  1.73946880E-029
  2.371000E+03  1.65552444E-029
  2.399000E+03  1.57279145E-029
  2.427000E+03  1.49598764E-029
  2.455000E+03  1.42367549E-029
  2.483000E+03  1.35463821E-029
  2.512000E+03  1.28821937E-029
  2.541000E+03  1.22569958E-029
  2.570000E+03  1.16621914E-029
  2.600000E+03  1.10907977E-029
  2.630000E+03  1.05528293E-029
  2.661000E+03  1.00230574E-029
  2.692000E+03  9.53126701E-030
  2.723000E+03  9.06994950E-030
  2.754000E+03  8.62967640E-030
  2.786000E+03  8.20733448E-030
  2.818000E+03  7.80980814E-030
  2.851000E+03  7.42392028E-030
  2.884000E+03  7.05620511E-030
  2.917000E+03  6.71586147E-030
  2.951000E+03  6.38573706E-030
  2.985000E+03  6.07095863E-030
  3.020000E+03  5.77017961E-030
  3.055000E+03  5.48721189E-030
  3.090000E+03  5.22083697E-030
  3.126000E+03  4.96063003E-030
  3.162000E+03  4.71901246E-030
  3.199000E+03  4.48537060E-030
  3.236000E+03  4.26269845E-030
  3.273000E+03  4.05591118E-030
  3.311000E+03  3.85600070E-030
  3.350000E+03  3.66365671E-030
  3.388000E+03  3.48525967E-030
  3.428000E+03  3.31018348E-030
  3.467000E+03  3.15018797E-030
  3.508000E+03  2.99056067E-030
  3.548000E+03  2.84544074E-030
  3.589000E+03  2.70597874E-030
  3.631000E+03  2.57105785E-030
  3.673000E+03  2.44304759E-030
  3.715000E+03  2.32416854E-030
  3.758000E+03  2.20963551E-030
  3.802000E+03  2.09943391E-030
  3.846000E+03  1.99488389E-030
  3.890000E+03  1.89741648E-030
  3.936000E+03  1.80198653E-030
  3.981000E+03  1.71418907E-030
  4.027000E+03  1.62864336E-030
  4.074000E+03  1.54754444E-030
  4.121000E+03  1.47127076E-030
  4.169000E+03  1.39833262E-030
  4.217000E+03  1.32882705E-030
  4.266000E+03  1.26269979E-030
  4.315000E+03  1.20077340E-030
  4.365000E+03  1.14132662E-030
  4.416000E+03  1.08359057E-030
  4.467000E+03  1.03026316E-030
  4.519000E+03  9.78890410E-031
  4.571000E+03  9.30799007E-031
  4.624000E+03  8.83895165E-031
  4.677000E+03  8.40554290E-031
  4.732000E+03  7.98275976E-031
  4.786000E+03  7.59225779E-031
  4.842000E+03  7.20842010E-031
  4.898000E+03  6.85062705E-031
  4.954000E+03  6.51566479E-031
  5.012000E+03  6.18788425E-031
  5.070000E+03  5.88113208E-031
  5.129000E+03  5.58421678E-031
  5.188000E+03  5.30857658E-031
  5.248000E+03  5.04495317E-031
  5.309000E+03  4.79420928E-031
  5.370000E+03  4.55420343E-031
  5.432000E+03  4.32894196E-031
  5.495000E+03  4.11371591E-031
  5.559000E+03  3.90716172E-031
  5.623000E+03  3.71395959E-031
  5.688000E+03  3.52707870E-031
  5.754000E+03  3.35192183E-031
  5.821000E+03  3.18392195E-031
  5.888000E+03  3.02598170E-031
  5.957000E+03  2.87197917E-031
  6.026000E+03  2.72914272E-031
  6.095000E+03  2.59479482E-031
  6.166000E+03  2.46481189E-031
  6.237000E+03  2.34262582E-031
  6.310000E+03  2.22306784E-031
  6.383000E+03  2.11217000E-031
  6.456000E+03  2.00845469E-031
  6.531000E+03  1.90769476E-031
  6.607000E+03  1.81227468E-031
  6.683000E+03  1.72141710E-031
  6.761000E+03  1.63492477E-031
  6.839000E+03  1.55363606E-031
  6.918000E+03  1.47622702E-031
  6.998000E+03  1.40253527E-031
  7.080000E+03  1.33067660E-031
  7.161000E+03  1.26521085E-031
  7.244000E+03  1.20175837E-031
  7.328000E+03  1.14175717E-031
  7.413000E+03  1.08469112E-031
  7.499000E+03  1.02973624E-031
  7.586000E+03  9.78177960E-032
  7.674000E+03  9.29165738E-032
  7.762000E+03  8.83091234E-032
  7.852000E+03  8.38790751E-032
  7.943000E+03  7.96953068E-032
  8.035000E+03  7.56446481E-032
  8.128000E+03  7.18705018E-032
  8.222000E+03  6.82846308E-032
  8.318000E+03  6.48429192E-032
  8.414000E+03  6.16090977E-032
  8.511000E+03  5.84987000E-032
  8.610000E+03  5.55543971E-032
  8.710000E+03  5.27603765E-032
  8.810000E+03  5.01503288E-032
  8.912000E+03  4.76317909E-032
  9.016000E+03  4.52343963E-032
  9.120000E+03  4.29531568E-032
  9.226000E+03  4.07828916E-032
  9.332000E+03  3.87563813E-032
  9.441000E+03  3.67983331E-032
  9.550000E+03  3.49583411E-032
  9.660000E+03  3.32245798E-032
  9.772000E+03  3.15331561E-032
  9.886000E+03  2.99370192E-032
  1.000000E+04  2.84471114E-032
  1.012000E+04  2.69657924E-032
  1.023000E+04  2.56963077E-032
  1.035000E+04  2.43935904E-032
  1.047000E+04  2.31543451E-032
  1.059000E+04  2.19972619E-032
  1.072000E+04  2.08349865E-032
  1.084000E+04  1.98232938E-032
  1.096000E+04  1.88695568E-032
  1.109000E+04  1.78982206E-032
  1.122000E+04  1.69816678E-032
  1.135000E+04  1.61257537E-032
  1.148000E+04  1.53270871E-032
  1.161000E+04  1.45701918E-032
  1.175000E+04  1.38106003E-032
  1.188000E+04  1.31477560E-032
  1.202000E+04  1.24681053E-032
  1.216000E+04  1.18382213E-032
  1.230000E+04  1.12463574E-032
  1.244000E+04  1.06898547E-032
  1.259000E+04  1.01341552E-032
  1.274000E+04  9.60921965E-033
  1.288000E+04  9.14295012E-033
  1.303000E+04  8.68212497E-033
  1.318000E+04  8.24951067E-033
  1.334000E+04  7.81361020E-033
  1.349000E+04  7.43202609E-033
  1.365000E+04  7.04991277E-033
  1.380000E+04  6.71325999E-033
  1.396000E+04  6.37094523E-033
  1.412000E+04  6.05347462E-033
  1.429000E+04  5.73684899E-033
  1.445000E+04  5.45897383E-033
  1.462000E+04  5.17955808E-033
  1.479000E+04  4.91700642E-033
  1.496000E+04  4.66947478E-033
  1.514000E+04  4.42617830E-033
  1.531000E+04  4.20886353E-033
  1.549000E+04  3.99433158E-033
  1.567000E+04  3.79291991E-033
  1.585000E+04  3.60369852E-033
  1.603000E+04  3.42572407E-033
  1.622000E+04  3.24711900E-033
  1.641000E+04  3.08161021E-033
  1.660000E+04  2.92638262E-033
  1.679000E+04  2.78150563E-033
  1.698000E+04  2.64412423E-033
  1.718000E+04  2.50832205E-033
  1.738000E+04  2.38176076E-033
  1.758000E+04  2.26161302E-033
  1.778000E+04  2.14903650E-033
  1.799000E+04  2.03893015E-033
  1.820000E+04  1.93560677E-033
  1.841000E+04  1.83857766E-033
  1.862000E+04  1.74739366E-033
  1.884000E+04  1.65648273E-033
  1.906000E+04  1.57227069E-033
  1.928000E+04  1.49329363E-033
  1.950000E+04  1.41894710E-033
  1.972000E+04  1.34906164E-033
  1.995000E+04  1.28098457E-033
  2.018000E+04  1.21567398E-033
  2.042000E+04  1.15309361E-033
  2.065000E+04  1.09621861E-033
  2.089000E+04  1.04094367E-033
  2.114000E+04  9.86958944E-034
  2.138000E+04  9.38252336E-034
  2.163000E+04  8.89982794E-034
  2.188000E+04  8.44833069E-034
  2.213000E+04  8.02805908E-034
  2.239000E+04  7.62138204E-034
  2.265000E+04  7.23604920E-034
  2.291000E+04  6.86914734E-034
  2.317000E+04  6.52868612E-034
  2.344000E+04  6.19996843E-034
  2.371000E+04  5.88782653E-034
  2.399000E+04  5.58401279E-034
  2.427000E+04  5.29832995E-034
  2.455000E+04  5.03343302E-034
  2.483000E+04  4.78168493E-034
  2.512000E+04  4.53943118E-034
  2.541000E+04  4.31181256E-034
  2.570000E+04  4.09524364E-034
  2.600000E+04  3.88746306E-034
  2.630000E+04  3.69229441E-034
  2.661000E+04  3.50060093E-034
  2.692000E+04  3.32296731E-034
  2.723000E+04  3.15611325E-034
  2.754000E+04  2.99911389E-034
  2.786000E+04  2.84696523E-034
  2.818000E+04  2.70564143E-034
  2.851000E+04  2.56554710E-034
  2.884000E+04  2.43712658E-034
  2.917000E+04  2.31489180E-034
  2.951000E+04  2.19664482E-034
  2.985000E+04  2.08820957E-034
  3.020000E+04  1.96188884E-034
  3.055000E+04  1.74904421E-034
  3.090000E+04  1.46404717E-034
  3.126000E+04  1.18034827E-034
  3.162000E+04  9.46019683E-035
  3.199000E+04  7.62938241E-035
  3.236000E+04  6.26301653E-035
  3.273000E+04  5.23225969E-035
  3.311000E+04  4.42850462E-035
  3.350000E+04  3.79148013E-035
  3.388000E+04  3.29893630E-035
  3.428000E+04  2.88426837E-035
  3.467000E+04  2.55283587E-035
  3.508000E+04  2.26696447E-035
  3.548000E+04  2.03196913E-035
  3.589000E+04  1.82964463E-035
  3.631000E+04  1.65112545E-035
  3.673000E+04  1.49771567E-035
  3.715000E+04  1.36566274E-035
  3.758000E+04  1.24624409E-035
  3.802000E+04  1.13912181E-035
  3.846000E+04  1.04567357E-035
  3.890000E+04  9.62153054E-036
  3.936000E+04  8.84547660E-036
  3.981000E+04  8.16415622E-036
