# DH21 astrodust SED for Mathis ISRF, U = 1.585
# Enthalpy stage: S1
# columns: lambda[um]    lambda*I_lambda / N_H [erg s^-1 cm^-2 sr^-1 H^-1]
  9.120000E-02  5.98764488E-057
  9.226000E-02  1.06596714E-056
  9.332000E-02  1.87112814E-056
  9.441000E-02  3.29198544E-056
  9.550000E-02  5.71436649E-056
  9.661000E-02  9.88013302E-056
  9.772000E-02  1.68641944E-055
  9.886000E-02  2.88288205E-055
  1.000000E-01  4.86405057E-055
  1.012000E-01  8.32111694E-055
  1.023000E-01  1.34484699E-054
  1.035000E-01  2.24251601E-054
  1.047000E-01  3.69123795E-054
  1.059000E-01  6.00075633E-054
  1.072000E-01  1.00203130E-053
  1.084000E-01  1.58922329E-053
  1.097000E-01  2.58575662E-053
  1.109000E-01  4.00760868E-053
  1.122000E-01  6.36919139E-053
  1.135000E-01  1.00150094E-052
  1.148000E-01  1.55908834E-052
  1.161000E-01  2.39917910E-052
  1.175000E-01  3.76838815E-052
  1.189000E-01  5.85385816E-052
  1.202000E-01  8.73438048E-052
  1.216000E-01  1.33203527E-051
  1.230000E-01  2.01574189E-051
  1.244000E-01  3.03244016E-051
  1.259000E-01  4.67417770E-051
  1.274000E-01  7.17227892E-051
  1.288000E-01  1.06702000E-050
  1.303000E-01  1.63216906E-050
  1.318000E-01  2.50301563E-050
  1.333000E-01  3.84830241E-050
  1.349000E-01  6.10990289E-050
  1.365000E-01  9.75012218E-050
  1.380000E-01  1.51632144E-049
  1.396000E-01  2.42435104E-049
  1.412000E-01  3.89054158E-049
  1.429000E-01  6.44333185E-049
  1.445000E-01  1.03502786E-048
  1.462000E-01  1.70626875E-048
  1.479000E-01  2.79844339E-048
  1.496000E-01  4.56710770E-048
  1.514000E-01  7.60907132E-048
  1.531000E-01  1.21987318E-047
  1.549000E-01  1.98551087E-047
  1.567000E-01  3.20961290E-047
  1.585000E-01  5.13697275E-047
  1.603000E-01  8.13161431E-047
  1.622000E-01  1.30512381E-046
  1.641000E-01  2.06780883E-046
  1.660000E-01  3.26071689E-046
  1.679000E-01  5.15107715E-046
  1.698000E-01  8.06921565E-046
  1.718000E-01  1.28341251E-045
  1.738000E-01  2.02631161E-045
  1.758000E-01  3.18064688E-045
  1.778000E-01  4.92524056E-045
  1.799000E-01  7.60912630E-045
  1.820000E-01  1.16385362E-044
  1.841000E-01  1.76447160E-044
  1.862000E-01  2.65375153E-044
  1.884000E-01  4.04160141E-044
  1.905000E-01  6.00531931E-044
  1.928000E-01  9.46522126E-044
  1.950000E-01  1.45958991E-043
  1.972000E-01  2.24083341E-043
  1.995000E-01  3.49303692E-043
  2.018000E-01  5.42260581E-043
  2.042000E-01  8.54267786E-043
  2.065000E-01  1.31510208E-042
  2.089000E-01  2.00976145E-042
  2.113000E-01  3.03895306E-042
  2.138000E-01  4.62971828E-042
  2.163000E-01  6.98528192E-042
  2.188000E-01  1.04416876E-041
  2.213000E-01  1.54685011E-041
  2.239000E-01  2.30675299E-041
  2.265000E-01  3.40884675E-041
  2.291000E-01  4.99467503E-041
  2.317000E-01  7.25768435E-041
  2.344000E-01  1.06040022E-040
  2.371000E-01  1.53592680E-040
  2.399000E-01  2.23412526E-040
  2.427000E-01  3.22068563E-040
  2.455000E-01  4.60452172E-040
  2.483000E-01  6.52878659E-040
  2.512000E-01  9.29995416E-040
  2.541000E-01  1.31367611E-039
  2.570000E-01  1.84055379E-039
  2.600000E-01  2.58751723E-039
  2.630000E-01  3.60782977E-039
  2.661000E-01  5.04502894E-039
  2.691000E-01  6.92404930E-039
  2.723000E-01  9.62909720E-039
  2.754000E-01  1.31510820E-038
  2.786000E-01  1.80031072E-038
  2.818000E-01  2.44644241E-038
  2.851000E-01  3.33032418E-038
  2.884000E-01  4.50025180E-038
  2.917000E-01  6.03812144E-038
  2.951000E-01  8.11353213E-038
  2.985000E-01  1.08278474E-037
  3.020000E-01  1.44668457E-037
  3.055000E-01  1.91951755E-037
  3.090000E-01  2.52970472E-037
  3.126000E-01  3.33710639E-037
  3.162000E-01  4.37293304E-037
  3.199000E-01  5.73623571E-037
  3.236000E-01  7.47458521E-037
  3.273000E-01  9.67655536E-037
  3.311000E-01  1.25379096E-036
  3.350000E-01  1.62507928E-036
  3.388000E-01  2.07960022E-036
  3.428000E-01  2.67941658E-036
  3.467000E-01  3.40989190E-036
  3.507000E-01  4.34098388E-036
  3.548000E-01  5.52644992E-036
  3.589000E-01  6.99446936E-036
  3.631000E-01  8.85259336E-036
  3.673000E-01  1.11383915E-035
  3.715000E-01  1.39402851E-035
  3.758000E-01  1.74417877E-035
  3.802000E-01  2.18196222E-035
  3.846000E-01  2.71427706E-035
  3.891000E-01  3.37530195E-035
  3.936000E-01  4.17564342E-035
  3.981000E-01  5.13844605E-035
  4.027000E-01  6.32083962E-035
  4.074000E-01  7.77007686E-035
  4.121000E-01  9.50324915E-035
  4.169000E-01  1.16164010E-034
  4.217000E-01  1.41308150E-034
  4.266000E-01  1.71770171E-034
  4.315000E-01  2.07821814E-034
  4.365000E-01  2.51180801E-034
  4.416000E-01  3.03388162E-034
  4.467000E-01  3.64750425E-034
  4.519000E-01  4.38069307E-034
  4.571000E-01  5.23857107E-034
  4.624000E-01  6.25735992E-034
  4.677000E-01  7.44361229E-034
  4.732000E-01  8.87252596E-034
  4.786000E-01  1.04980487E-033
  4.842000E-01  1.24476145E-033
  4.898000E-01  1.46965885E-033
  4.954000E-01  1.72825836E-033
  5.012000E-01  2.03570222E-033
  5.070000E-01  2.38867258E-033
  5.129000E-01  2.79918471E-033
  5.188000E-01  3.26738247E-033
  5.248000E-01  3.80905494E-033
  5.309000E-01  4.43530523E-033
  5.370000E-01  5.14503803E-033
  5.433000E-01  5.97543274E-033
  5.495000E-01  6.89854809E-033
  5.559000E-01  7.97184367E-033
  5.623000E-01  9.18025060E-033
  5.688000E-01  1.05581855E-032
  5.754000E-01  1.21268217E-032
  5.821000E-01  1.39095398E-032
  5.888000E-01  1.59007190E-032
  5.957000E-01  1.81878249E-032
  6.026000E-01  2.07333275E-032
  6.095000E-01  2.35611207E-032
  6.166000E-01  2.67852965E-032
  6.237000E-01  3.03492683E-032
  6.310000E-01  3.44071964E-032
  6.383000E-01  3.88775833E-032
  6.457000E-01  4.38674824E-032
  6.531000E-01  4.93503238E-032
  6.607000E-01  5.55388563E-032
  6.683000E-01  6.23252108E-032
  6.761000E-01  6.99422201E-032
  6.839000E-01  7.82706874E-032
  6.918000E-01  8.74632662E-032
  6.998000E-01  9.76067885E-032
  7.079000E-01  1.08766662E-031
  7.161000E-01  1.21032860E-031
  7.244000E-01  1.34526757E-031
  7.328000E-01  1.49278360E-031
  7.413000E-01  1.65415063E-031
  7.499000E-01  1.83039009E-031
  7.586000E-01  2.02272003E-031
  7.674000E-01  2.23197118E-031
  7.763000E-01  2.45963141E-031
  7.852000E-01  2.70415312E-031
  7.943000E-01  2.97179181E-031
  8.035000E-01  3.26174871E-031
  8.128000E-01  3.57474196E-031
  8.222000E-01  3.91214991E-031
  8.318000E-01  4.27956847E-031
  8.414000E-01  4.67112762E-031
  8.511000E-01  5.09134491E-031
  8.610000E-01  5.54717289E-031
  8.710000E-01  6.03523363E-031
  8.810000E-01  6.55363906E-031
  8.913000E-01  7.11752918E-031
  9.016000E-01  7.71477842E-031
  9.120000E-01  8.35268967E-031
  9.226000E-01  9.03680480E-031
  9.333000E-01  9.76655527E-031
  9.441000E-01  1.05390418E-030
  9.550000E-01  1.13607680E-030
  9.661000E-01  1.22371329E-030
  9.772000E-01  1.31512540E-030
  9.886000E-01  1.41126607E-030
  1.000000E+00  1.51358510E-030
  1.012000E+00  1.63499387E-030
  1.023000E+00  1.75212249E-030
  1.035000E+00  1.88614393E-030
  1.047000E+00  2.02738058E-030
  1.059000E+00  2.17555431E-030
  1.071000E+00  2.33065005E-030
  1.084000E+00  2.50755363E-030
  1.097000E+00  2.69286211E-030
  1.109000E+00  2.87182968E-030
  1.122000E+00  3.07464348E-030
  1.135000E+00  3.28703156E-030
  1.148000E+00  3.50836693E-030
  1.161000E+00  3.73957613E-030
  1.175000E+00  3.99902573E-030
  1.189000E+00  4.26990766E-030
  1.202000E+00  4.53036170E-030
  1.216000E+00  4.82187633E-030
  1.230000E+00  5.12349668E-030
  1.245000E+00  5.45817939E-030
  1.259000E+00  5.78023231E-030
  1.273000E+00  6.11117334E-030
  1.288000E+00  6.47703601E-030
  1.303000E+00  6.85231089E-030
  1.318000E+00  7.23851544E-030
  1.334000E+00  7.66267013E-030
  1.349000E+00  8.06867079E-030
  1.365000E+00  8.51377980E-030
  1.380000E+00  8.94005383E-030
  1.396000E+00  9.40578867E-030
  1.413000E+00  9.91255093E-030
  1.429000E+00  1.03996735E-029
  1.445000E+00  1.08956308E-029
  1.462000E+00  1.14333271E-029
  1.479000E+00  1.19818397E-029
  1.496000E+00  1.25416211E-029
  1.514000E+00  1.31453448E-029
  1.531000E+00  1.37283287E-029
  1.549000E+00  1.43548424E-029
  1.567000E+00  1.49906995E-029
  1.585000E+00  1.56390794E-029
  1.603000E+00  1.63011487E-029
  1.622000E+00  1.70099136E-029
  1.641000E+00  1.77310082E-029
  1.660000E+00  1.84661585E-029
  1.679000E+00  1.92138541E-029
  1.698000E+00  1.99741412E-029
  1.718000E+00  2.07888114E-029
  1.738000E+00  2.16194792E-029
  1.758000E+00  2.24631690E-029
  1.778000E+00  2.33253067E-029
  1.799000E+00  2.42455781E-029
  1.820000E+00  2.51839682E-029
  1.841000E+00  2.61405350E-029
  1.862000E+00  2.71147703E-029
  1.884000E+00  2.81563682E-029
  1.906000E+00  2.92156288E-029
  1.928000E+00  3.02989566E-029
  1.950000E+00  3.14024116E-029
  1.972000E+00  3.25246243E-029
  1.995000E+00  3.37195975E-029
  2.018000E+00  3.49356514E-029
  2.042000E+00  3.62291038E-029
  2.065000E+00  3.74879756E-029
  2.089000E+00  3.88199161E-029
  2.114000E+00  4.02270062E-029
  2.138000E+00  4.15906072E-029
  2.163000E+00  4.30304748E-029
  2.188000E+00  4.44728641E-029
  2.213000E+00  4.59363714E-029
  2.239000E+00  4.74586912E-029
  2.265000E+00  4.89944260E-029
  2.291000E+00  5.05410151E-029
  2.317000E+00  5.20943715E-029
  2.344000E+00  5.37071313E-029
  2.371000E+00  5.53749937E-029
  2.399000E+00  5.71021755E-029
  2.427000E+00  5.88311241E-029
  2.455000E+00  6.05552421E-029
  2.483000E+00  6.22779217E-029
  2.512000E+00  6.41178199E-029
  2.541000E+00  6.59483245E-029
  2.570000E+00  6.77725288E-029
  2.600000E+00  6.97195277E-029
  2.630000E+00  7.16546119E-029
  2.661000E+00  7.37133233E-029
  2.691000E+00  7.56318814E-029
  2.723000E+00  7.78010238E-029
  2.754000E+00  7.98276917E-029
  2.786000E+00  8.19716478E-029
  2.818000E+00  8.41711749E-029
  2.851000E+00  8.64163609E-029
  2.884000E+00  8.87227084E-029
  2.917000E+00  9.10066365E-029
  2.951000E+00  9.34067864E-029
  2.985000E+00  9.57890753E-029
  3.020000E+00  9.82785026E-029
  3.055000E+00  1.00675590E-028
  3.090000E+00  1.02970155E-028
  3.126000E+00  1.05305991E-028
  3.162000E+00  1.07469572E-028
  3.199000E+00  1.09670647E-028
  3.236000E+00  1.11786038E-028
  3.273000E+00  1.13829949E-028
  3.311000E+00  1.16151681E-028
  3.350000E+00  1.21134178E-028
  3.388000E+00  1.29366610E-028
  3.428000E+00  1.31214747E-028
  3.467000E+00  1.32732087E-028
  3.507000E+00  1.31376313E-028
  3.548000E+00  1.30932635E-028
  3.589000E+00  1.29209724E-028
  3.631000E+00  1.29411233E-028
  3.673000E+00  1.30861358E-028
  3.715000E+00  1.32383815E-028
  3.758000E+00  1.33875954E-028
  3.802000E+00  1.35447204E-028
  3.846000E+00  1.37048911E-028
  3.891000E+00  1.38583083E-028
  3.935000E+00  1.40117680E-028
  3.981000E+00  1.41767263E-028
  4.027000E+00  1.43379796E-028
  4.074000E+00  1.44999243E-028
  4.121000E+00  1.46660261E-028
  4.169000E+00  1.48316927E-028
  4.217000E+00  1.50016321E-028
  4.266000E+00  1.51793747E-028
  4.315000E+00  1.53530658E-028
  4.365000E+00  1.55356493E-028
  4.416000E+00  1.57166330E-028
  4.467000E+00  1.59026677E-028
  4.519000E+00  1.60953523E-028
  4.571000E+00  1.62847780E-028
  4.624000E+00  1.64818817E-028
  4.677000E+00  1.66732914E-028
  4.732000E+00  1.68758384E-028
  4.786000E+00  1.70702522E-028
  4.842000E+00  1.72673229E-028
  4.898000E+00  1.74675972E-028
  4.955000E+00  1.76656086E-028
  5.012000E+00  1.78589998E-028
  5.070000E+00  1.80508455E-028
  5.129000E+00  1.82423996E-028
  5.188000E+00  1.84281788E-028
  5.248000E+00  1.86121373E-028
  5.309000E+00  1.87957365E-028
  5.370000E+00  1.89731507E-028
  5.432000E+00  1.91502926E-028
  5.495000E+00  1.93339865E-028
  5.559000E+00  1.95087729E-028
  5.623000E+00  1.96774318E-028
  5.688000E+00  1.98470463E-028
  5.754000E+00  2.00133798E-028
  5.821000E+00  2.01707430E-028
  5.888000E+00  2.03335082E-028
  5.957000E+00  2.04964432E-028
  6.026000E+00  2.06566683E-028
  6.095000E+00  2.08044623E-028
  6.166000E+00  2.09636696E-028
  6.237000E+00  2.11105479E-028
  6.310000E+00  2.12588662E-028
  6.383000E+00  2.14064832E-028
  6.457000E+00  2.15537176E-028
  6.531000E+00  2.16904810E-028
  6.607000E+00  2.18321396E-028
  6.683000E+00  2.19667970E-028
  6.761000E+00  2.21308025E-028
  6.839000E+00  2.27204319E-028
  6.918000E+00  2.24623400E-028
  6.998000E+00  2.25017956E-028
  7.080000E+00  2.26250728E-028
  7.161000E+00  2.27532940E-028
  7.244000E+00  2.28787565E-028
  7.328000E+00  2.29933083E-028
  7.413000E+00  2.31151796E-028
  7.499000E+00  2.32379199E-028
  7.586000E+00  2.33468193E-028
  7.674000E+00  2.34637097E-028
  7.762000E+00  2.35072718E-028
  7.852000E+00  2.36544588E-028
  7.943000E+00  2.40218420E-028
  8.035000E+00  2.46501816E-028
  8.128000E+00  2.55377724E-028
  8.222000E+00  2.67539761E-028
  8.318000E+00  2.86525788E-028
  8.414000E+00  3.04294774E-028
  8.511000E+00  3.21229624E-028
  8.610000E+00  3.31549878E-028
  8.710000E+00  3.49867478E-028
  8.811000E+00  3.84735289E-028
  8.913000E+00  4.20451352E-028
  9.016000E+00  4.53828132E-028
  9.120000E+00  4.90031820E-028
  9.226000E+00  5.28085450E-028
  9.333000E+00  5.63227673E-028
  9.441000E+00  5.91749198E-028
  9.550000E+00  6.12985363E-028
  9.660000E+00  6.26982662E-028
  9.772000E+00  6.34030452E-028
  9.885000E+00  6.33961504E-028
  1.000000E+01  6.27036230E-028
  1.012000E+01  6.13335414E-028
  1.023000E+01  5.97343302E-028
  1.035000E+01  5.79127253E-028
  1.047000E+01  5.61767604E-028
  1.059000E+01  5.45205600E-028
  1.072000E+01  5.27978983E-028
  1.084000E+01  5.12417198E-028
  1.097000E+01  4.95267115E-028
  1.109000E+01  4.78759429E-028
  1.122000E+01  4.59407924E-028
  1.135000E+01  4.38419322E-028
  1.148000E+01  4.20078817E-028
  1.161000E+01  4.04004601E-028
  1.175000E+01  3.88102577E-028
  1.189000E+01  3.72422398E-028
  1.202000E+01  3.57438843E-028
  1.216000E+01  3.41682888E-028
  1.230000E+01  3.27704284E-028
  1.244000E+01  3.16848009E-028
  1.259000E+01  3.10189439E-028
  1.273000E+01  3.08488111E-028
  1.288000E+01  3.09264548E-028
  1.303000E+01  3.09194411E-028
  1.318000E+01  3.09830290E-028
  1.334000E+01  3.10617832E-028
  1.349000E+01  3.11328379E-028
  1.365000E+01  3.12469719E-028
  1.380000E+01  3.13967916E-028
  1.396000E+01  3.16181786E-028
  1.412000E+01  3.19101959E-028
  1.429000E+01  3.23021749E-028
  1.445000E+01  3.27634984E-028
  1.462000E+01  3.33629045E-028
  1.479000E+01  3.40906265E-028
  1.496000E+01  3.49492705E-028
  1.514000E+01  3.59805547E-028
  1.531000E+01  3.70601088E-028
  1.549000E+01  3.83012250E-028
  1.567000E+01  3.96155530E-028
  1.585000E+01  4.09794049E-028
  1.603000E+01  4.23830928E-028
  1.622000E+01  4.38715657E-028
  1.641000E+01  4.53459278E-028
  1.660000E+01  4.67724219E-028
  1.679000E+01  4.81272472E-028
  1.698000E+01  4.93764280E-028
  1.718000E+01  5.05640625E-028
  1.738000E+01  5.16183149E-028
  1.758000E+01  5.25436446E-028
  1.778000E+01  5.33319355E-028
  1.799000E+01  5.40208345E-028
  1.820000E+01  5.45684208E-028
  1.841000E+01  5.49640280E-028
  1.862000E+01  5.52205520E-028
  1.884000E+01  5.53328577E-028
  1.906000E+01  5.52926930E-028
  1.927000E+01  5.51722685E-028
  1.950000E+01  5.49221322E-028
  1.972000E+01  5.46330137E-028
  1.995000E+01  5.42989372E-028
  2.018000E+01  5.41359063E-028
  2.042000E+01  5.40266666E-028
  2.065000E+01  5.40012144E-028
  2.089000E+01  5.40594103E-028
  2.114000E+01  5.41871440E-028
  2.138000E+01  5.43214244E-028
  2.163000E+01  5.44885861E-028
  2.188000E+01  5.46615879E-028
  2.213000E+01  5.47962120E-028
  2.239000E+01  5.48824494E-028
  2.265000E+01  5.49830049E-028
  2.291000E+01  5.50588950E-028
  2.317000E+01  5.51153942E-028
  2.344000E+01  5.52937921E-028
  2.371000E+01  5.55057252E-028
  2.399000E+01  5.58328279E-028
  2.427000E+01  5.62480372E-028
  2.455000E+01  5.67767551E-028
  2.483000E+01  5.73743017E-028
  2.512000E+01  5.80938971E-028
  2.541000E+01  5.89623358E-028
  2.570000E+01  5.99379721E-028
  2.600000E+01  6.10366019E-028
  2.630000E+01  6.22552355E-028
  2.661000E+01  6.36463638E-028
  2.692000E+01  6.52172463E-028
  2.723000E+01  6.68562762E-028
  2.754000E+01  6.86830945E-028
  2.786000E+01  7.06960482E-028
  2.818000E+01  7.28698018E-028
  2.851000E+01  7.52842862E-028
  2.884000E+01  7.78808049E-028
  2.917000E+01  8.06870093E-028
  2.951000E+01  8.37202194E-028
  2.985000E+01  8.70235594E-028
  3.020000E+01  9.06504536E-028
  3.055000E+01  9.44736448E-028
  3.090000E+01  9.85404212E-028
  3.126000E+01  1.02982210E-027
  3.162000E+01  1.07723744E-027
  3.199000E+01  1.12890800E-027
  3.236000E+01  1.18278873E-027
  3.273000E+01  1.24064202E-027
  3.311000E+01  1.30436153E-027
  3.350000E+01  1.37188245E-027
  3.388000E+01  1.44126788E-027
  3.428000E+01  1.51938803E-027
  3.467000E+01  1.59971751E-027
  3.508000E+01  1.68789772E-027
  3.548000E+01  1.77934008E-027
  3.589000E+01  1.87836118E-027
  3.631000E+01  1.98515505E-027
  3.673000E+01  2.09598208E-027
  3.715000E+01  2.21445701E-027
  3.758000E+01  2.34147660E-027
  3.802000E+01  2.47677953E-027
  3.846000E+01  2.62071733E-027
  3.890000E+01  2.77191298E-027
  3.935000E+01  2.93423504E-027
  3.981000E+01  3.10845696E-027
  4.027000E+01  3.29375347E-027
  4.074000E+01  3.48814707E-027
  4.121000E+01  3.69671609E-027
  4.169000E+01  3.92065170E-027
  4.217000E+01  4.15300396E-027
  4.266000E+01  4.40192916E-027
  4.315000E+01  4.66593171E-027
  4.365000E+01  4.94866361E-027
  4.416000E+01  5.25131650E-027
  4.467000E+01  5.57275135E-027
  4.519000E+01  5.90870772E-027
  4.571000E+01  6.26888123E-027
  4.624000E+01  6.65421958E-027
  4.677000E+01  7.05813564E-027
  4.731000E+01  7.48947375E-027
  4.786000E+01  7.94990906E-027
  4.842000E+01  8.43527634E-027
  4.898000E+01  8.96204959E-027
  4.954000E+01  9.50069776E-027
  5.012000E+01  1.00865238E-026
  5.070000E+01  1.07068665E-026
  5.129000E+01  1.13660895E-026
  5.188000E+01  1.20562340E-026
  5.248000E+01  1.27882059E-026
  5.309000E+01  1.35665107E-026
  5.370000E+01  1.43866323E-026
  5.433000E+01  1.52713952E-026
  5.495000E+01  1.61779372E-026
  5.559000E+01  1.71536341E-026
  5.623000E+01  1.81688401E-026
  5.688000E+01  1.92514514E-026
  5.754000E+01  2.03838677E-026
  5.821000E+01  2.15890678E-026
  5.888000E+01  2.28410112E-026
  5.957000E+01  2.41766640E-026
  6.026000E+01  2.55757100E-026
  6.095000E+01  2.70076653E-026
  6.166000E+01  2.85475754E-026
  6.237000E+01  3.01161421E-026
  6.310000E+01  3.18018315E-026
  6.383000E+01  3.35365804E-026
  6.457000E+01  3.53718764E-026
  6.531000E+01  3.72314659E-026
  6.607000E+01  3.92195546E-026
  6.683000E+01  4.12291102E-026
  6.761000E+01  4.33710572E-026
  6.839000E+01  4.55596765E-026
  6.918000E+01  4.78254756E-026
  6.998000E+01  5.01621280E-026
  7.079000E+01  5.25741473E-026
  7.161000E+01  5.50977250E-026
  7.244000E+01  5.76506387E-026
  7.328000E+01  6.03141422E-026
  7.413000E+01  6.30408688E-026
  7.499000E+01  6.57909301E-026
  7.586000E+01  6.86487519E-026
  7.674000E+01  7.15682145E-026
  7.762000E+01  7.45508725E-026
  7.852000E+01  7.75637092E-026
  7.943000E+01  8.06362613E-026
  8.035000E+01  8.37989016E-026
  8.128000E+01  8.69353085E-026
  8.222000E+01  9.01790267E-026
  8.318000E+01  9.34165046E-026
  8.414000E+01  9.67068750E-026
  8.511000E+01  1.00005806E-025
  8.610000E+01  1.03354346E-025
  8.710000E+01  1.06716532E-025
  8.811000E+01  1.10063693E-025
  8.912000E+01  1.13391683E-025
  9.016000E+01  1.16839724E-025
  9.120000E+01  1.20145514E-025
  9.226000E+01  1.23462372E-025
  9.332000E+01  1.26801755E-025
  9.441000E+01  1.30088305E-025
  9.550000E+01  1.33370004E-025
  9.661000E+01  1.36635072E-025
  9.772000E+01  1.39733297E-025
  9.886000E+01  1.42898117E-025
  1.000000E+02  1.45971574E-025
  1.012000E+02  1.49091994E-025
  1.023000E+02  1.51855372E-025
  1.035000E+02  1.54762063E-025
  1.047000E+02  1.57527072E-025
  1.059000E+02  1.60204707E-025
  1.072000E+02  1.62938368E-025
  1.084000E+02  1.65339565E-025
  1.097000E+02  1.67897141E-025
  1.109000E+02  1.70053959E-025
  1.122000E+02  1.72222243E-025
  1.135000E+02  1.74254997E-025
  1.148000E+02  1.76272558E-025
  1.161000E+02  1.78022920E-025
  1.175000E+02  1.79858896E-025
  1.188000E+02  1.81353959E-025
  1.202000E+02  1.82871819E-025
  1.216000E+02  1.84119313E-025
  1.230000E+02  1.85375125E-025
  1.244000E+02  1.86430846E-025
  1.259000E+02  1.87334657E-025
  1.273000E+02  1.88121132E-025
  1.288000E+02  1.88798237E-025
  1.303000E+02  1.89341275E-025
  1.318000E+02  1.89637610E-025
  1.334000E+02  1.89896205E-025
  1.349000E+02  1.90023413E-025
  1.365000E+02  1.90000853E-025
  1.380000E+02  1.89855285E-025
  1.396000E+02  1.89558573E-025
  1.412000E+02  1.89155835E-025
  1.429000E+02  1.88578611E-025
  1.445000E+02  1.87930577E-025
  1.462000E+02  1.87106224E-025
  1.479000E+02  1.86191050E-025
  1.496000E+02  1.85144330E-025
  1.514000E+02  1.83955837E-025
  1.531000E+02  1.82712829E-025
  1.549000E+02  1.81334574E-025
  1.567000E+02  1.79841377E-025
  1.585000E+02  1.78289652E-025
  1.603000E+02  1.76762959E-025
  1.622000E+02  1.74932367E-025
  1.641000E+02  1.73059190E-025
  1.660000E+02  1.71151820E-025
  1.679000E+02  1.69119713E-025
  1.698000E+02  1.67223461E-025
  1.718000E+02  1.64999377E-025
  1.738000E+02  1.62761105E-025
  1.758000E+02  1.60513777E-025
  1.778000E+02  1.58326142E-025
  1.799000E+02  1.55876150E-025
  1.820000E+02  1.53434191E-025
  1.841000E+02  1.51051788E-025
  1.862000E+02  1.48550740E-025
  1.884000E+02  1.45954193E-025
  1.906000E+02  1.43421156E-025
  1.928000E+02  1.40850161E-025
  1.950000E+02  1.38256282E-025
  1.972000E+02  1.35749780E-025
  1.995000E+02  1.33080508E-025
  2.018000E+02  1.30417673E-025
  2.042000E+02  1.27731835E-025
  2.065000E+02  1.25124841E-025
  2.089000E+02  1.22508644E-025
  2.114000E+02  1.19720988E-025
  2.138000E+02  1.17180631E-025
  2.163000E+02  1.14483612E-025
  2.188000E+02  1.11813050E-025
  2.213000E+02  1.09289263E-025
  2.239000E+02  1.06623057E-025
  2.265000E+02  1.04064282E-025
  2.291000E+02  1.01513113E-025
  2.317000E+02  9.90687452E-026
  2.344000E+02  9.65039576E-026
  2.371000E+02  9.40489668E-026
  2.399000E+02  9.15256462E-026
  2.427000E+02  8.91126940E-026
  2.455000E+02  8.67212125E-026
  2.483000E+02  8.44045532E-026
  2.512000E+02  8.20357689E-026
  2.541000E+02  7.97740821E-026
  2.570000E+02  7.75441296E-026
  2.600000E+02  7.53126405E-026
  2.630000E+02  7.31180935E-026
  2.661000E+02  7.09590959E-026
  2.691000E+02  6.89097008E-026
  2.723000E+02  6.67928978E-026
  2.754000E+02  6.48300474E-026
  2.786000E+02  6.28165388E-026
  2.818000E+02  6.09311051E-026
  2.851000E+02  5.90018166E-026
  2.884000E+02  5.71420797E-026
  2.917000E+02  5.53271204E-026
  2.951000E+02  5.35787012E-026
  2.985000E+02  5.18252797E-026
  3.020000E+02  5.01362361E-026
  3.055000E+02  4.85020660E-026
  3.090000E+02  4.68907704E-026
  3.126000E+02  4.53431163E-026
  3.162000E+02  4.37954477E-026
  3.199000E+02  4.23119142E-026
  3.236000E+02  4.08520354E-026
  3.273000E+02  3.94708080E-026
  3.311000E+02  3.81219251E-026
  3.350000E+02  3.67623286E-026
  3.388000E+02  3.54924873E-026
  3.428000E+02  3.41997974E-026
  3.467000E+02  3.30272760E-026
  3.508000E+02  3.18225618E-026
  3.548000E+02  3.06881537E-026
  3.589000E+02  2.95735588E-026
  3.631000E+02  2.84738983E-026
  3.673000E+02  2.74365079E-026
  3.715000E+02  2.64552992E-026
  3.758000E+02  2.54576052E-026
  3.802000E+02  2.45102849E-026
  3.846000E+02  2.35716139E-026
  3.890000E+02  2.27002852E-026
  3.935000E+02  2.18457281E-026
  3.981000E+02  2.10072434E-026
  4.027000E+02  2.02054060E-026
  4.074000E+02  1.94198439E-026
  4.121000E+02  1.86808151E-026
  4.169000E+02  1.79469935E-026
  4.217000E+02  1.72437605E-026
  4.266000E+02  1.65794542E-026
  4.315000E+02  1.59338034E-026
  4.365000E+02  1.52933158E-026
  4.416000E+02  1.46896397E-026
  4.467000E+02  1.41026494E-026
  4.519000E+02  1.35406825E-026
  4.571000E+02  1.30041100E-026
  4.624000E+02  1.24735396E-026
  4.677000E+02  1.19750587E-026
  4.731000E+02  1.14981345E-026
  4.786000E+02  1.10195583E-026
  4.842000E+02  1.05699690E-026
  4.898000E+02  1.01343671E-026
  4.955000E+02  9.71856299E-027
  5.012000E+02  9.32205320E-027
  5.070000E+02  8.93149850E-027
  5.129000E+02  8.55912170E-027
  5.188000E+02  8.21052288E-027
  5.248000E+02  7.86142083E-027
  5.309000E+02  7.53471502E-027
  5.370000E+02  7.22355798E-027
  5.432000E+02  6.91774991E-027
  5.495000E+02  6.62668315E-027
  5.559000E+02  6.34113149E-027
  5.623000E+02  6.07373512E-027
  5.688000E+02  5.82006028E-027
  5.754000E+02  5.56676420E-027
  5.821000E+02  5.33048445E-027
  5.888000E+02  5.10168954E-027
  5.957000E+02  4.87858694E-027
  6.026000E+02  4.66992461E-027
  6.095000E+02  4.47162484E-027
  6.166000E+02  4.27482108E-027
  6.237000E+02  4.09077891E-027
  6.310000E+02  3.91122846E-027
  6.383000E+02  3.74124513E-027
  6.457000E+02  3.57730026E-027
  6.531000E+02  3.42440956E-027
  6.607000E+02  3.27036244E-027
  6.683000E+02  3.12909745E-027
  6.761000E+02  2.98946940E-027
  6.839000E+02  2.85907507E-027
  6.918000E+02  2.73375322E-027
  6.998000E+02  2.61160675E-027
  7.080000E+02  2.49476166E-027
  7.161000E+02  2.38522026E-027
  7.244000E+02  2.27942022E-027
  7.328000E+02  2.17739191E-027
  7.413000E+02  2.08152598E-027
  7.499000E+02  1.98637387E-027
  7.586000E+02  1.89830586E-027
  7.674000E+02  1.81392051E-027
  7.762000E+02  1.73281000E-027
  7.852000E+02  1.65374115E-027
  7.943000E+02  1.57962172E-027
  8.035000E+02  1.50763446E-027
  8.128000E+02  1.44061099E-027
  8.222000E+02  1.37574289E-027
  8.318000E+02  1.31242211E-027
  8.414000E+02  1.25348077E-027
  8.511000E+02  1.19709768E-027
  8.610000E+02  1.14185756E-027
  8.710000E+02  1.09006373E-027
  8.810000E+02  1.04103632E-027
  8.912000E+02  9.93143134E-028
  9.016000E+02  9.47628453E-028
  9.120000E+02  9.04754751E-028
  9.226000E+02  8.62753943E-028
  9.333000E+02  8.23409868E-028
  9.441000E+02  7.85832129E-028
  9.550000E+02  7.49571112E-028
  9.660000E+02  7.15444061E-028
  9.772000E+02  6.82662065E-028
  9.885000E+02  6.51019723E-028
  1.000000E+03  6.21018915E-028
  1.012000E+03  5.91436231E-028
  1.023000E+03  5.65566429E-028
  1.035000E+03  5.39238172E-028
  1.047000E+03  5.14362028E-028
  1.059000E+03  4.90624621E-028
  1.072000E+03  4.66667007E-028
  1.084000E+03  4.45804346E-028
  1.096000E+03  4.25848357E-028
  1.109000E+03  4.05691227E-028
  1.122000E+03  3.86714598E-028
  1.135000E+03  3.68594135E-028
  1.148000E+03  3.51712175E-028
  1.161000E+03  3.35749999E-028
  1.175000E+03  3.19346522E-028
  1.188000E+03  3.05159035E-028
  1.202000E+03  2.90750911E-028
  1.216000E+03  2.77001033E-028
  1.230000E+03  2.64200525E-028
  1.244000E+03  2.52103335E-028
  1.259000E+03  2.39746469E-028
  1.274000E+03  2.28260831E-028
  1.288000E+03  2.18158967E-028
  1.303000E+03  2.07786938E-028
  1.318000E+03  1.98158814E-028
  1.334000E+03  1.88498090E-028
  1.349000E+03  1.79811984E-028
  1.365000E+03  1.71216021E-028
  1.380000E+03  1.63620361E-028
  1.396000E+03  1.55859120E-028
  1.412000E+03  1.48637860E-028
  1.429000E+03  1.41417707E-028
  1.445000E+03  1.34918419E-028
  1.462000E+03  1.28507650E-028
  1.479000E+03  1.22462950E-028
  1.496000E+03  1.16696096E-028
  1.514000E+03  1.11020292E-028
  1.531000E+03  1.05964256E-028
  1.549000E+03  1.00856732E-028
  1.567000E+03  9.61072731E-029
  1.585000E+03  9.16389572E-029
  1.603000E+03  8.73487780E-029
  1.622000E+03  8.31613881E-029
  1.641000E+03  7.92050310E-029
  1.660000E+03  7.54335082E-029
  1.679000E+03  7.19348267E-029
  1.698000E+03  6.86308570E-029
  1.718000E+03  6.53056410E-029
  1.738000E+03  6.22144483E-029
  1.758000E+03  5.93075487E-029
  1.778000E+03  5.65258365E-029
  1.799000E+03  5.38182797E-029
  1.820000E+03  5.12666135E-029
  1.841000E+03  4.88281996E-029
  1.862000E+03  4.65658679E-029
  1.884000E+03  4.43306173E-029
  1.906000E+03  4.21970646E-029
  1.928000E+03  4.02187786E-029
  1.950000E+03  3.83519608E-029
  1.972000E+03  3.65647847E-029
  1.995000E+03  3.48329046E-029
  2.018000E+03  3.31515204E-029
  2.042000E+03  3.15168123E-029
  2.065000E+03  3.00404574E-029
  2.089000E+03  2.85736037E-029
  2.114000E+03  2.71507683E-029
  2.138000E+03  2.58685379E-029
  2.163000E+03  2.45933448E-029
  2.188000E+03  2.34086380E-029
  2.213000E+03  2.22921708E-029
  2.239000E+03  2.11842956E-029
  2.265000E+03  2.01587818E-029
  2.291000E+03  1.91921615E-029
  2.317000E+03  1.82697516E-029
  2.344000E+03  1.73791859E-029
  2.371000E+03  1.65405540E-029
  2.399000E+03  1.57140199E-029
  2.427000E+03  1.49467179E-029
  2.455000E+03  1.42242863E-029
  2.483000E+03  1.35345684E-029
  2.512000E+03  1.28710079E-029
  2.541000E+03  1.22463984E-029
  2.570000E+03  1.16521508E-029
  2.600000E+03  1.10812901E-029
  2.630000E+03  1.05438213E-029
  2.661000E+03  1.00145387E-029
  2.692000E+03  9.52320082E-030
  2.723000E+03  9.06230602E-030
  2.754000E+03  8.62243413E-030
  2.786000E+03  8.20047574E-030
  2.818000E+03  7.80330879E-030
  2.851000E+03  7.41776824E-030
  2.884000E+03  7.05038219E-030
  2.917000E+03  6.71034222E-030
  2.951000E+03  6.38051105E-030
  2.985000E+03  6.06601070E-030
  3.020000E+03  5.76549647E-030
  3.055000E+03  5.48277675E-030
  3.090000E+03  5.21663426E-030
  3.126000E+03  4.95665321E-030
  3.162000E+03  4.71524467E-030
  3.199000E+03  4.48180405E-030
  3.236000E+03  4.25932267E-030
  3.273000E+03  4.05271196E-030
  3.311000E+03  3.85297143E-030
  3.350000E+03  3.66079026E-030
  3.388000E+03  3.48254346E-030
  3.428000E+03  3.30761417E-030
  3.467000E+03  3.14775236E-030
  3.508000E+03  2.98825779E-030
  3.548000E+03  2.84325809E-030
  3.589000E+03  2.70391118E-030
  3.631000E+03  2.56910111E-030
  3.673000E+03  2.44119549E-030
  3.715000E+03  2.32241329E-030
  3.758000E+03  2.20797318E-030
  3.802000E+03  2.09786060E-030
  3.846000E+03  1.99339463E-030
  3.890000E+03  1.89600531E-030
  3.936000E+03  1.80065150E-030
  3.981000E+03  1.71292382E-030
  4.027000E+03  1.62744575E-030
  4.074000E+03  1.54641074E-030
  4.121000E+03  1.47019693E-030
  4.169000E+03  1.39731581E-030
  4.217000E+03  1.32786432E-030
  4.266000E+03  1.26178832E-030
  4.315000E+03  1.19990977E-030
  4.365000E+03  1.14050872E-030
  4.416000E+03  1.08281687E-030
  4.467000E+03  1.02953016E-030
  4.519000E+03  9.78196465E-031
  4.571000E+03  9.30141482E-031
  4.624000E+03  8.83272980E-031
  4.677000E+03  8.39964670E-031
  4.732000E+03  7.97717999E-031
  4.786000E+03  7.58696914E-031
  4.842000E+03  7.20341635E-031
  4.898000E+03  6.84588798E-031
  4.954000E+03  6.51117265E-031
  5.012000E+03  6.18363274E-031
  5.070000E+03  5.87710498E-031
  5.129000E+03  5.58040589E-031
  5.188000E+03  5.30496581E-031
  5.248000E+03  5.04153309E-031
  5.309000E+03  4.79096995E-031
  5.370000E+03  4.55113628E-031
  5.432000E+03  4.32603600E-031
  5.495000E+03  4.11096338E-031
  5.559000E+03  3.90455587E-031
  5.623000E+03  3.71149048E-031
  5.688000E+03  3.52474127E-031
  5.754000E+03  3.34970752E-031
  5.821000E+03  3.18182527E-031
  5.888000E+03  3.02399520E-031
  5.957000E+03  2.87009969E-031
  6.026000E+03  2.72736222E-031
  6.095000E+03  2.59310709E-031
  6.166000E+03  2.46321360E-031
  6.237000E+03  2.34111133E-031
  6.310000E+03  2.22163501E-031
  6.383000E+03  2.11081270E-031
  6.456000E+03  2.00716781E-031
  6.531000E+03  1.90647604E-031
  6.607000E+03  1.81112032E-031
  6.683000E+03  1.72032377E-031
  6.761000E+03  1.63388939E-031
  6.839000E+03  1.55265496E-031
  6.918000E+03  1.47529746E-031
  6.998000E+03  1.40165459E-031
  7.080000E+03  1.32984341E-031
  7.161000E+03  1.26442083E-031
  7.244000E+03  1.20101005E-031
  7.328000E+03  1.14104816E-031
  7.413000E+03  1.08401938E-031
  7.499000E+03  1.02910026E-031
  7.586000E+03  9.77575446E-032
  7.674000E+03  9.28594939E-032
  7.762000E+03  8.82550159E-032
  7.852000E+03  8.38278168E-032
  7.943000E+03  7.96467322E-032
  8.035000E+03  7.55986615E-032
  8.128000E+03  7.18269216E-032
  8.222000E+03  6.82433303E-032
  8.318000E+03  6.48038001E-032
  8.414000E+03  6.15720223E-032
  8.511000E+03  5.84635836E-032
  8.610000E+03  5.55211309E-032
  8.710000E+03  5.27288609E-032
  8.810000E+03  5.01204444E-032
  8.912000E+03  4.76034757E-032
  9.016000E+03  4.52075711E-032
  9.120000E+03  4.29277446E-032
  9.226000E+03  4.07588203E-032
  9.332000E+03  3.87335592E-032
  9.441000E+03  3.67767146E-032
  9.550000E+03  3.49378506E-032
  9.660000E+03  3.32051497E-032
  9.772000E+03  3.15147569E-032
  9.886000E+03  2.99195908E-032
  1.000000E+04  2.84305870E-032
  1.012000E+04  2.69501642E-032
  1.023000E+04  2.56814459E-032
  1.035000E+04  2.43795131E-032
  1.047000E+04  2.31410117E-032
  1.059000E+04  2.19846215E-032
  1.072000E+04  2.08230408E-032
  1.084000E+04  1.98119513E-032
  1.096000E+04  1.88587814E-032
  1.109000E+04  1.78880215E-032
  1.122000E+04  1.69720111E-032
  1.135000E+04  1.61166023E-032
  1.148000E+04  1.53184062E-032
  1.161000E+04  1.45619557E-032
  1.175000E+04  1.38028096E-032
  1.188000E+04  1.31403531E-032
  1.202000E+04  1.24610989E-032
  1.216000E+04  1.18315818E-032
  1.230000E+04  1.12400618E-032
  1.244000E+04  1.06838817E-032
  1.259000E+04  1.01285039E-032
  1.274000E+04  9.60387125E-033
  1.288000E+04  9.13787015E-033
  1.303000E+04  8.67730989E-033
  1.318000E+04  8.24494375E-033
  1.334000E+04  7.80929273E-033
  1.349000E+04  7.42792655E-033
  1.365000E+04  7.04603102E-033
  1.380000E+04  6.70956973E-033
  1.396000E+04  6.36744921E-033
  1.412000E+04  6.05015844E-033
  1.429000E+04  5.73371181E-033
  1.445000E+04  5.45599348E-033
  1.462000E+04  5.17673506E-033
  1.479000E+04  4.91433095E-033
  1.496000E+04  4.66693813E-033
  1.514000E+04  4.42377787E-033
  1.531000E+04  4.20658452E-033
  1.549000E+04  3.99217223E-033
  1.567000E+04  3.79087269E-033
  1.585000E+04  3.60175645E-033
  1.603000E+04  3.42388071E-033
  1.622000E+04  3.24537449E-033
  1.641000E+04  3.07995717E-033
  1.660000E+04  2.92481521E-033
  1.679000E+04  2.78001801E-033
  1.698000E+04  2.64271213E-033
  1.718000E+04  2.50698447E-033
  1.738000E+04  2.38049252E-033
  1.758000E+04  2.26041048E-033
  1.778000E+04  2.14789541E-033
  1.799000E+04  2.03784909E-033
  1.820000E+04  1.93458193E-033
  1.841000E+04  1.83760554E-033
  1.862000E+04  1.74647099E-033
  1.884000E+04  1.65560928E-033
  1.906000E+04  1.57144277E-033
  1.928000E+04  1.49250834E-033
  1.950000E+04  1.41820187E-033
  1.972000E+04  1.34835402E-033
  1.995000E+04  1.28031353E-033
  2.018000E+04  1.21503796E-033
  2.042000E+04  1.15249112E-033
  2.065000E+04  1.09564653E-033
  2.089000E+04  1.04040112E-033
  2.114000E+04  9.86445187E-034
  2.138000E+04  9.37764516E-034
  2.163000E+04  8.89520634E-034
  2.188000E+04  8.44394878E-034
  2.213000E+04  8.02390002E-034
  2.239000E+04  7.61743835E-034
  2.265000E+04  7.23230926E-034
  2.291000E+04  6.86560107E-034
  2.317000E+04  6.52531937E-034
  2.344000E+04  6.19677482E-034
  2.371000E+04  5.88479707E-034
  2.399000E+04  5.58114288E-034
  2.427000E+04  5.29560987E-034
  2.455000E+04  5.03085172E-034
  2.483000E+04  4.77923531E-034
  2.512000E+04  4.53710816E-034
  2.541000E+04  4.30960833E-034
  2.570000E+04  4.09315226E-034
  2.600000E+04  3.88547985E-034
  2.630000E+04  3.69041268E-034
  2.661000E+04  3.49881873E-034
  2.692000E+04  3.32127723E-034
  2.723000E+04  3.15450961E-034
  2.754000E+04  2.99759149E-034
  2.786000E+04  2.84552147E-034
  2.818000E+04  2.70427063E-034
  2.851000E+04  2.56424854E-034
  2.884000E+04  2.43589417E-034
  2.917000E+04  2.31372227E-034
  2.951000E+04  2.19553607E-034
  2.985000E+04  2.08715650E-034
  3.020000E+04  1.96090038E-034
  3.055000E+04  1.74816377E-034
  3.090000E+04  1.46331083E-034
  3.126000E+04  1.17975514E-034
  3.162000E+04  9.45544714E-035
  3.199000E+04  7.62555523E-035
  3.236000E+04  6.25987743E-035
  3.273000E+04  5.22963938E-035
  3.311000E+04  4.42628867E-035
  3.350000E+04  3.78958452E-035
  3.388000E+04  3.29728826E-035
  3.428000E+04  2.88282866E-035
  3.467000E+04  2.55156260E-035
  3.508000E+04  2.26583469E-035
  3.548000E+04  2.03095724E-035
  3.589000E+04  1.82873420E-035
  3.631000E+04  1.65030448E-035
  3.673000E+04  1.49697154E-035
  3.715000E+04  1.36498472E-035
  3.758000E+04  1.24562581E-035
  3.802000E+04  1.13855710E-035
  3.846000E+04  1.04515556E-035
  3.890000E+04  9.61676754E-036
  3.936000E+04  8.84110093E-036
  3.981000E+04  8.16012039E-036
