# Zubko/ZDA BARE-GR-S model SED (this work), Mathis ISRF U =  1.00
# solver = equil
# columns: lambda[um]  lamI_total/NH  lamI_PAH/NH  lamI_GRA/NH  lamI_SIL/NH
#          [erg s^-1 cm^-2 sr^-1 H^-1]
  1.000000E-03  0.00000000E+000  0.00000000E+000  0.00000000E+000  0.00000000E+000
  1.013520E-03  0.00000000E+000  0.00000000E+000  0.00000000E+000  0.00000000E+000
  1.027230E-03  0.00000000E+000  0.00000000E+000  0.00000000E+000  0.00000000E+000
  1.041120E-03  0.00000000E+000  0.00000000E+000  0.00000000E+000  0.00000000E+000
  1.055200E-03  0.00000000E+000  0.00000000E+000  0.00000000E+000  0.00000000E+000
  1.069470E-03  0.00000000E+000  0.00000000E+000  0.00000000E+000  0.00000000E+000
  1.083930E-03  0.00000000E+000  0.00000000E+000  0.00000000E+000  0.00000000E+000
  1.098580E-03  0.00000000E+000  0.00000000E+000  0.00000000E+000  0.00000000E+000
  1.113440E-03  0.00000000E+000  0.00000000E+000  0.00000000E+000  0.00000000E+000
  1.128500E-03  0.00000000E+000  0.00000000E+000  0.00000000E+000  0.00000000E+000
  1.143760E-03  0.00000000E+000  0.00000000E+000  0.00000000E+000  0.00000000E+000
  1.159220E-03  0.00000000E+000  0.00000000E+000  0.00000000E+000  0.00000000E+000
  1.174900E-03  0.00000000E+000  0.00000000E+000  0.00000000E+000  0.00000000E+000
  1.190780E-03  0.00000000E+000  0.00000000E+000  0.00000000E+000  0.00000000E+000
  1.206890E-03  0.00000000E+000  0.00000000E+000  0.00000000E+000  0.00000000E+000
  1.223210E-03  0.00000000E+000  0.00000000E+000  0.00000000E+000  0.00000000E+000
  1.239750E-03  0.00000000E+000  0.00000000E+000  0.00000000E+000  0.00000000E+000
  1.256510E-03  0.00000000E+000  0.00000000E+000  0.00000000E+000  0.00000000E+000
  1.273500E-03  0.00000000E+000  0.00000000E+000  0.00000000E+000  0.00000000E+000
  1.290720E-03  0.00000000E+000  0.00000000E+000  0.00000000E+000  0.00000000E+000
  1.308180E-03  0.00000000E+000  0.00000000E+000  0.00000000E+000  0.00000000E+000
  1.325870E-03  0.00000000E+000  0.00000000E+000  0.00000000E+000  0.00000000E+000
  1.343800E-03  0.00000000E+000  0.00000000E+000  0.00000000E+000  0.00000000E+000
  1.361970E-03  0.00000000E+000  0.00000000E+000  0.00000000E+000  0.00000000E+000
  1.380380E-03  0.00000000E+000  0.00000000E+000  0.00000000E+000  0.00000000E+000
  1.399050E-03  0.00000000E+000  0.00000000E+000  0.00000000E+000  0.00000000E+000
  1.417970E-03  0.00000000E+000  0.00000000E+000  0.00000000E+000  0.00000000E+000
  1.437140E-03  0.00000000E+000  0.00000000E+000  0.00000000E+000  0.00000000E+000
  1.456580E-03  0.00000000E+000  0.00000000E+000  0.00000000E+000  0.00000000E+000
  1.476270E-03  0.00000000E+000  0.00000000E+000  0.00000000E+000  0.00000000E+000
  1.496240E-03  0.00000000E+000  0.00000000E+000  0.00000000E+000  0.00000000E+000
  1.516470E-03  0.00000000E+000  0.00000000E+000  0.00000000E+000  0.00000000E+000
  1.536970E-03  0.00000000E+000  0.00000000E+000  0.00000000E+000  0.00000000E+000
  1.557760E-03  0.00000000E+000  0.00000000E+000  0.00000000E+000  0.00000000E+000
  1.578820E-03  0.00000000E+000  0.00000000E+000  0.00000000E+000  0.00000000E+000
  1.600170E-03  0.00000000E+000  0.00000000E+000  0.00000000E+000  0.00000000E+000
  1.621810E-03  0.00000000E+000  0.00000000E+000  0.00000000E+000  0.00000000E+000
  1.643740E-03  0.00000000E+000  0.00000000E+000  0.00000000E+000  0.00000000E+000
  1.665970E-03  0.00000000E+000  0.00000000E+000  0.00000000E+000  0.00000000E+000
  1.688500E-03  0.00000000E+000  0.00000000E+000  0.00000000E+000  0.00000000E+000
  1.711330E-03  0.00000000E+000  0.00000000E+000  0.00000000E+000  0.00000000E+000
  1.734470E-03  0.00000000E+000  0.00000000E+000  0.00000000E+000  0.00000000E+000
  1.757920E-03  0.00000000E+000  0.00000000E+000  0.00000000E+000  0.00000000E+000
  1.781690E-03  0.00000000E+000  0.00000000E+000  0.00000000E+000  0.00000000E+000
  1.805790E-03  0.00000000E+000  0.00000000E+000  0.00000000E+000  0.00000000E+000
  1.830210E-03  0.00000000E+000  0.00000000E+000  0.00000000E+000  0.00000000E+000
  1.854950E-03  0.00000000E+000  0.00000000E+000  0.00000000E+000  0.00000000E+000
  1.880040E-03  0.00000000E+000  0.00000000E+000  0.00000000E+000  0.00000000E+000
  1.905460E-03  0.00000000E+000  0.00000000E+000  0.00000000E+000  0.00000000E+000
  1.931230E-03  0.00000000E+000  0.00000000E+000  0.00000000E+000  0.00000000E+000
  1.957340E-03  0.00000000E+000  0.00000000E+000  0.00000000E+000  0.00000000E+000
  1.983810E-03  0.00000000E+000  0.00000000E+000  0.00000000E+000  0.00000000E+000
  2.010640E-03  0.00000000E+000  0.00000000E+000  0.00000000E+000  0.00000000E+000
  2.037820E-03  0.00000000E+000  0.00000000E+000  0.00000000E+000  0.00000000E+000
  2.065380E-03  0.00000000E+000  0.00000000E+000  0.00000000E+000  0.00000000E+000
  2.093310E-03  0.00000000E+000  0.00000000E+000  0.00000000E+000  0.00000000E+000
  2.121620E-03  0.00000000E+000  0.00000000E+000  0.00000000E+000  0.00000000E+000
  2.150300E-03  0.00000000E+000  0.00000000E+000  0.00000000E+000  0.00000000E+000
  2.179380E-03  0.00000000E+000  0.00000000E+000  0.00000000E+000  0.00000000E+000
  2.208850E-03  0.00000000E+000  0.00000000E+000  0.00000000E+000  0.00000000E+000
  2.238720E-03  0.00000000E+000  0.00000000E+000  0.00000000E+000  0.00000000E+000
  2.268990E-03  0.00000000E+000  0.00000000E+000  0.00000000E+000  0.00000000E+000
  2.299680E-03  0.00000000E+000  0.00000000E+000  0.00000000E+000  0.00000000E+000
  2.330770E-03  0.00000000E+000  0.00000000E+000  0.00000000E+000  0.00000000E+000
  2.362290E-03  0.00000000E+000  0.00000000E+000  0.00000000E+000  0.00000000E+000
  2.394230E-03  0.00000000E+000  0.00000000E+000  0.00000000E+000  0.00000000E+000
  2.426610E-03  0.00000000E+000  0.00000000E+000  0.00000000E+000  0.00000000E+000
  2.459420E-03  0.00000000E+000  0.00000000E+000  0.00000000E+000  0.00000000E+000
  2.492680E-03  0.00000000E+000  0.00000000E+000  0.00000000E+000  0.00000000E+000
  2.526390E-03  0.00000000E+000  0.00000000E+000  0.00000000E+000  0.00000000E+000
  2.560550E-03  0.00000000E+000  0.00000000E+000  0.00000000E+000  0.00000000E+000
  2.595180E-03  0.00000000E+000  0.00000000E+000  0.00000000E+000  0.00000000E+000
  2.630270E-03  0.00000000E+000  0.00000000E+000  0.00000000E+000  0.00000000E+000
  2.665840E-03  0.00000000E+000  0.00000000E+000  0.00000000E+000  0.00000000E+000
  2.701880E-03  0.00000000E+000  0.00000000E+000  0.00000000E+000  0.00000000E+000
  2.738420E-03  0.00000000E+000  0.00000000E+000  0.00000000E+000  0.00000000E+000
  2.775450E-03  0.00000000E+000  0.00000000E+000  0.00000000E+000  0.00000000E+000
  2.812980E-03  0.00000000E+000  0.00000000E+000  0.00000000E+000  0.00000000E+000
  2.851020E-03  0.00000000E+000  0.00000000E+000  0.00000000E+000  0.00000000E+000
  2.889570E-03  0.00000000E+000  0.00000000E+000  0.00000000E+000  0.00000000E+000
  2.928640E-03  0.00000000E+000  0.00000000E+000  0.00000000E+000  0.00000000E+000
  2.968250E-03  0.00000000E+000  0.00000000E+000  0.00000000E+000  0.00000000E+000
  3.008380E-03  0.00000000E+000  0.00000000E+000  0.00000000E+000  0.00000000E+000
  3.049070E-03  0.00000000E+000  0.00000000E+000  0.00000000E+000  0.00000000E+000
  3.090300E-03  0.00000000E+000  0.00000000E+000  0.00000000E+000  0.00000000E+000
  3.132080E-03  0.00000000E+000  0.00000000E+000  0.00000000E+000  0.00000000E+000
  3.174440E-03  0.00000000E+000  0.00000000E+000  0.00000000E+000  0.00000000E+000
  3.217360E-03  0.00000000E+000  0.00000000E+000  0.00000000E+000  0.00000000E+000
  3.260870E-03  0.00000000E+000  0.00000000E+000  0.00000000E+000  0.00000000E+000
  3.304960E-03  0.00000000E+000  0.00000000E+000  0.00000000E+000  0.00000000E+000
  3.349650E-03  0.00000000E+000  0.00000000E+000  0.00000000E+000  0.00000000E+000
  3.394950E-03  0.00000000E+000  0.00000000E+000  0.00000000E+000  0.00000000E+000
  3.440860E-03  0.00000000E+000  0.00000000E+000  0.00000000E+000  0.00000000E+000
  3.487390E-03  0.00000000E+000  0.00000000E+000  0.00000000E+000  0.00000000E+000
  3.534540E-03  0.00000000E+000  0.00000000E+000  0.00000000E+000  0.00000000E+000
  3.582340E-03  0.00000000E+000  0.00000000E+000  0.00000000E+000  0.00000000E+000
  3.630780E-03  0.00000000E+000  0.00000000E+000  0.00000000E+000  0.00000000E+000
  3.679880E-03  0.00000000E+000  0.00000000E+000  0.00000000E+000  0.00000000E+000
  3.729640E-03  0.00000000E+000  0.00000000E+000  0.00000000E+000  0.00000000E+000
  3.780070E-03  0.00000000E+000  0.00000000E+000  0.00000000E+000  0.00000000E+000
  3.831190E-03  0.00000000E+000  0.00000000E+000  0.00000000E+000  0.00000000E+000
  3.882990E-03  0.00000000E+000  0.00000000E+000  0.00000000E+000  0.00000000E+000
  3.935500E-03  0.00000000E+000  0.00000000E+000  0.00000000E+000  0.00000000E+000
  3.988720E-03  0.00000000E+000  0.00000000E+000  0.00000000E+000  0.00000000E+000
  4.042660E-03  0.00000000E+000  0.00000000E+000  0.00000000E+000  0.00000000E+000
  4.097320E-03  0.00000000E+000  0.00000000E+000  0.00000000E+000  0.00000000E+000
  4.152730E-03  0.00000000E+000  0.00000000E+000  0.00000000E+000  0.00000000E+000
  4.208880E-03  0.00000000E+000  0.00000000E+000  0.00000000E+000  0.00000000E+000
  4.265800E-03  0.00000000E+000  0.00000000E+000  0.00000000E+000  0.00000000E+000
  4.323480E-03  0.00000000E+000  0.00000000E+000  0.00000000E+000  0.00000000E+000
  4.381940E-03  0.00000000E+000  0.00000000E+000  0.00000000E+000  0.00000000E+000
  4.441200E-03  0.00000000E+000  0.00000000E+000  0.00000000E+000  0.00000000E+000
  4.501250E-03  0.00000000E+000  0.00000000E+000  0.00000000E+000  0.00000000E+000
  4.562120E-03  0.00000000E+000  0.00000000E+000  0.00000000E+000  0.00000000E+000
  4.623810E-03  0.00000000E+000  0.00000000E+000  0.00000000E+000  0.00000000E+000
  4.686340E-03  0.00000000E+000  0.00000000E+000  0.00000000E+000  0.00000000E+000
  4.749710E-03  0.00000000E+000  0.00000000E+000  0.00000000E+000  0.00000000E+000
  4.813930E-03  0.00000000E+000  0.00000000E+000  0.00000000E+000  0.00000000E+000
  4.879030E-03  0.00000000E+000  0.00000000E+000  0.00000000E+000  0.00000000E+000
  4.945000E-03  0.00000000E+000  0.00000000E+000  0.00000000E+000  0.00000000E+000
  5.011870E-03  0.00000000E+000  0.00000000E+000  0.00000000E+000  0.00000000E+000
  5.079640E-03  0.00000000E+000  0.00000000E+000  0.00000000E+000  0.00000000E+000
  5.148330E-03  0.00000000E+000  0.00000000E+000  0.00000000E+000  0.00000000E+000
  5.217950E-03  0.00000000E+000  0.00000000E+000  0.00000000E+000  0.00000000E+000
  5.288510E-03  0.00000000E+000  0.00000000E+000  0.00000000E+000  0.00000000E+000
  5.360020E-03  0.00000000E+000  0.00000000E+000  0.00000000E+000  0.00000000E+000
  5.432500E-03  0.00000000E+000  0.00000000E+000  0.00000000E+000  0.00000000E+000
  5.505960E-03  0.00000000E+000  0.00000000E+000  0.00000000E+000  0.00000000E+000
  5.580420E-03  0.00000000E+000  0.00000000E+000  0.00000000E+000  0.00000000E+000
  5.655880E-03  0.00000000E+000  0.00000000E+000  0.00000000E+000  0.00000000E+000
  5.732360E-03  0.00000000E+000  0.00000000E+000  0.00000000E+000  0.00000000E+000
  5.809870E-03  0.00000000E+000  0.00000000E+000  0.00000000E+000  0.00000000E+000
  5.888440E-03  0.00000000E+000  0.00000000E+000  0.00000000E+000  0.00000000E+000
  5.968060E-03  0.00000000E+000  0.00000000E+000  0.00000000E+000  0.00000000E+000
  6.048760E-03  0.00000000E+000  0.00000000E+000  0.00000000E+000  0.00000000E+000
  6.130560E-03  0.00000000E+000  0.00000000E+000  0.00000000E+000  0.00000000E+000
  6.213460E-03  0.00000000E+000  0.00000000E+000  0.00000000E+000  0.00000000E+000
  6.297480E-03  0.00000000E+000  0.00000000E+000  0.00000000E+000  0.00000000E+000
  6.382640E-03  0.00000000E+000  0.00000000E+000  0.00000000E+000  0.00000000E+000
  6.468940E-03  0.00000000E+000  0.00000000E+000  0.00000000E+000  0.00000000E+000
  6.556420E-03  0.00000000E+000  0.00000000E+000  0.00000000E+000  0.00000000E+000
  6.645080E-03  0.00000000E+000  0.00000000E+000  0.00000000E+000  0.00000000E+000
  6.734930E-03  0.00000000E+000  0.00000000E+000  0.00000000E+000  0.00000000E+000
  6.826010E-03  0.00000000E+000  0.00000000E+000  0.00000000E+000  0.00000000E+000
  6.918310E-03  0.00000000E+000  0.00000000E+000  0.00000000E+000  0.00000000E+000
  7.011860E-03  0.00000000E+000  0.00000000E+000  0.00000000E+000  0.00000000E+000
  7.106680E-03  0.00000000E+000  0.00000000E+000  0.00000000E+000  0.00000000E+000
  7.202780E-03  0.00000000E+000  0.00000000E+000  0.00000000E+000  0.00000000E+000
  7.300180E-03  0.00000000E+000  0.00000000E+000  0.00000000E+000  0.00000000E+000
  7.398890E-03  0.00000000E+000  0.00000000E+000  0.00000000E+000  0.00000000E+000
  7.498940E-03  0.00000000E+000  0.00000000E+000  0.00000000E+000  0.00000000E+000
  7.600350E-03  0.00000000E+000  0.00000000E+000  0.00000000E+000  0.00000000E+000
  7.703120E-03  0.00000000E+000  0.00000000E+000  0.00000000E+000  0.00000000E+000
  7.807280E-03  0.00000000E+000  0.00000000E+000  0.00000000E+000  0.00000000E+000
  7.912860E-03  0.00000000E+000  0.00000000E+000  0.00000000E+000  0.00000000E+000
  8.019860E-03  0.00000000E+000  0.00000000E+000  0.00000000E+000  0.00000000E+000
  8.128310E-03  0.00000000E+000  0.00000000E+000  0.00000000E+000  0.00000000E+000
  8.238220E-03  0.00000000E+000  0.00000000E+000  0.00000000E+000  0.00000000E+000
  8.349620E-03  0.00000000E+000  0.00000000E+000  0.00000000E+000  0.00000000E+000
  8.462530E-03  0.00000000E+000  0.00000000E+000  0.00000000E+000  0.00000000E+000
  8.576960E-03  0.00000000E+000  0.00000000E+000  0.00000000E+000  0.00000000E+000
  8.692940E-03  0.00000000E+000  0.00000000E+000  0.00000000E+000  0.00000000E+000
  8.810490E-03  0.00000000E+000  0.00000000E+000  0.00000000E+000  0.00000000E+000
  8.929630E-03  0.00000000E+000  0.00000000E+000  0.00000000E+000  0.00000000E+000
  9.050380E-03  0.00000000E+000  0.00000000E+000  0.00000000E+000  0.00000000E+000
  9.172760E-03  0.00000000E+000  0.00000000E+000  0.00000000E+000  0.00000000E+000
  9.296800E-03  0.00000000E+000  0.00000000E+000  0.00000000E+000  0.00000000E+000
  9.422510E-03  0.00000000E+000  0.00000000E+000  0.00000000E+000  0.00000000E+000
  9.549930E-03  0.00000000E+000  0.00000000E+000  0.00000000E+000  0.00000000E+000
  9.679060E-03  0.00000000E+000  0.00000000E+000  0.00000000E+000  0.00000000E+000
  9.809950E-03  0.00000000E+000  0.00000000E+000  0.00000000E+000  0.00000000E+000
  9.942600E-03  0.00000000E+000  0.00000000E+000  0.00000000E+000  0.00000000E+000
  1.007700E-02  0.00000000E+000  0.00000000E+000  0.00000000E+000  0.00000000E+000
  1.021330E-02  0.00000000E+000  0.00000000E+000  0.00000000E+000  0.00000000E+000
  1.035140E-02  0.00000000E+000  0.00000000E+000  0.00000000E+000  0.00000000E+000
  1.049140E-02  0.00000000E+000  0.00000000E+000  0.00000000E+000  0.00000000E+000
  1.063330E-02  0.00000000E+000  0.00000000E+000  0.00000000E+000  0.00000000E+000
  1.077710E-02  0.00000000E+000  0.00000000E+000  0.00000000E+000  0.00000000E+000
  1.092280E-02  0.00000000E+000  0.00000000E+000  0.00000000E+000  0.00000000E+000
  1.107050E-02  0.00000000E+000  0.00000000E+000  0.00000000E+000  0.00000000E+000
  1.122020E-02  0.00000000E+000  0.00000000E+000  0.00000000E+000  0.00000000E+000
  1.137190E-02  0.00000000E+000  0.00000000E+000  0.00000000E+000  0.00000000E+000
  1.152570E-02  0.00000000E+000  0.00000000E+000  0.00000000E+000  0.00000000E+000
  1.168150E-02  0.00000000E+000  0.00000000E+000  0.00000000E+000  0.00000000E+000
  1.183950E-02  0.00000000E+000  0.00000000E+000  0.00000000E+000  0.00000000E+000
  1.199960E-02  0.00000000E+000  0.00000000E+000  0.00000000E+000  0.00000000E+000
  1.216190E-02  0.00000000E+000  0.00000000E+000  0.00000000E+000  0.00000000E+000
  1.232630E-02  0.00000000E+000  0.00000000E+000  0.00000000E+000  0.00000000E+000
  1.249300E-02  0.00000000E+000  0.00000000E+000  0.00000000E+000  0.00000000E+000
  1.266190E-02  0.00000000E+000  0.00000000E+000  0.00000000E+000  0.00000000E+000
  1.283320E-02  0.00000000E+000  0.00000000E+000  0.00000000E+000  0.00000000E+000
  1.300670E-02  0.00000000E+000  0.00000000E+000  0.00000000E+000  0.00000000E+000
  1.318260E-02  0.00000000E+000  0.00000000E+000  0.00000000E+000  0.00000000E+000
  1.336080E-02  0.00000000E+000  0.00000000E+000  0.00000000E+000  0.00000000E+000
  1.354150E-02  0.00000000E+000  0.00000000E+000  0.00000000E+000  0.00000000E+000
  1.372460E-02  0.00000000E+000  0.00000000E+000  0.00000000E+000  0.00000000E+000
  1.391020E-02  0.00000000E+000  0.00000000E+000  0.00000000E+000  0.00000000E+000
  1.409830E-02  0.00000000E+000  0.00000000E+000  0.00000000E+000  0.00000000E+000
  1.428890E-02  0.00000000E+000  0.00000000E+000  0.00000000E+000  0.00000000E+000
  1.448220E-02  0.00000000E+000  0.00000000E+000  0.00000000E+000  0.00000000E+000
  1.467800E-02  0.00000000E+000  0.00000000E+000  0.00000000E+000  0.00000000E+000
  1.487650E-02  0.00000000E+000  0.00000000E+000  0.00000000E+000  0.00000000E+000
  1.507760E-02  0.00000000E+000  0.00000000E+000  0.00000000E+000  0.00000000E+000
  1.528150E-02  0.00000000E+000  0.00000000E+000  0.00000000E+000  0.00000000E+000
  1.548820E-02  0.00000000E+000  0.00000000E+000  0.00000000E+000  0.00000000E+000
  1.569760E-02  0.00000000E+000  0.00000000E+000  0.00000000E+000  0.00000000E+000
  1.590990E-02  0.00000000E+000  0.00000000E+000  0.00000000E+000  0.00000000E+000
  1.612500E-02  0.00000000E+000  0.00000000E+000  0.00000000E+000  0.00000000E+000
  1.634310E-02  0.00000000E+000  0.00000000E+000  0.00000000E+000  0.00000000E+000
  1.656410E-02  0.00000000E+000  0.00000000E+000  0.00000000E+000  0.00000000E+000
  1.678800E-02  0.00000000E+000  0.00000000E+000  0.00000000E+000  0.00000000E+000
  1.701510E-02  0.00000000E+000  0.00000000E+000  0.00000000E+000  0.00000000E+000
  1.724510E-02  0.00000000E+000  0.00000000E+000  0.00000000E+000  0.00000000E+000
  1.747830E-02  0.00000000E+000  0.00000000E+000  0.00000000E+000  0.00000000E+000
  1.771470E-02  0.00000000E+000  0.00000000E+000  0.00000000E+000  0.00000000E+000
  1.795420E-02  0.00000000E+000  0.00000000E+000  0.00000000E+000  0.00000000E+000
  1.819700E-02  0.00000000E+000  0.00000000E+000  0.00000000E+000  0.00000000E+000
  1.844310E-02  0.00000000E+000  0.00000000E+000  0.00000000E+000  0.00000000E+000
  1.869250E-02  0.00000000E+000  0.00000000E+000  0.00000000E+000  0.00000000E+000
  1.894520E-02  0.00000000E+000  0.00000000E+000  0.00000000E+000  0.00000000E+000
  1.920140E-02  0.00000000E+000  0.00000000E+000  0.00000000E+000  0.00000000E+000
  1.946110E-02  0.00000000E+000  0.00000000E+000  0.00000000E+000  0.00000000E+000
  1.972420E-02  0.00000000E+000  0.00000000E+000  0.00000000E+000  0.00000000E+000
  1.999090E-02  0.00000000E+000  0.00000000E+000  0.00000000E+000  0.00000000E+000
  2.026130E-02  0.00000000E+000  0.00000000E+000  0.00000000E+000  0.00000000E+000
  2.053530E-02  0.00000000E+000  0.00000000E+000  0.00000000E+000  0.00000000E+000
  2.081290E-02  0.00000000E+000  0.00000000E+000  0.00000000E+000  0.00000000E+000
  2.109440E-02  0.00000000E+000  0.00000000E+000  0.00000000E+000  0.00000000E+000
  2.137960E-02  0.00000000E+000  0.00000000E+000  0.00000000E+000  0.00000000E+000
  2.166870E-02  0.00000000E+000  0.00000000E+000  0.00000000E+000  0.00000000E+000
  2.196170E-02  0.00000000E+000  0.00000000E+000  0.00000000E+000  0.00000000E+000
  2.225870E-02  0.00000000E+000  0.00000000E+000  0.00000000E+000  0.00000000E+000
  2.255970E-02  0.00000000E+000  0.00000000E+000  0.00000000E+000  0.00000000E+000
  2.286480E-02  0.00000000E+000  0.00000000E+000  0.00000000E+000  0.00000000E+000
  2.317390E-02  0.00000000E+000  0.00000000E+000  0.00000000E+000  0.00000000E+000
  2.348730E-02  0.00000000E+000  0.00000000E+000  0.00000000E+000  0.00000000E+000
  2.380490E-02  0.00000000E+000  0.00000000E+000  0.00000000E+000  0.00000000E+000
  2.412680E-02  0.00000000E+000  0.00000000E+000  0.00000000E+000  0.00000000E+000
  2.445310E-02  0.00000000E+000  0.00000000E+000  0.00000000E+000  0.00000000E+000
  2.478370E-02  0.00000000E+000  0.00000000E+000  0.00000000E+000  0.00000000E+000
  2.511890E-02  0.00000000E+000  0.00000000E+000  0.00000000E+000  0.00000000E+000
  2.545850E-02  0.00000000E+000  0.00000000E+000  0.00000000E+000  0.00000000E+000
  2.580280E-02  0.00000000E+000  0.00000000E+000  0.00000000E+000  0.00000000E+000
  2.615170E-02  0.00000000E+000  0.00000000E+000  0.00000000E+000  0.00000000E+000
  2.650530E-02  0.00000000E+000  0.00000000E+000  0.00000000E+000  0.00000000E+000
  2.686380E-02  0.00000000E+000  0.00000000E+000  0.00000000E+000  0.00000000E+000
  2.722700E-02  0.00000000E+000  0.00000000E+000  0.00000000E+000  0.00000000E+000
  2.759520E-02  0.00000000E+000  0.00000000E+000  0.00000000E+000  0.00000000E+000
  2.796830E-02  0.00000000E+000  0.00000000E+000  0.00000000E+000  0.00000000E+000
  2.834650E-02  0.00000000E+000  0.00000000E+000  0.00000000E+000  0.00000000E+000
  2.872980E-02  0.00000000E+000  0.00000000E+000  0.00000000E+000  0.00000000E+000
  2.911830E-02  0.00000000E+000  0.00000000E+000  0.00000000E+000  0.00000000E+000
  2.951210E-02  0.00000000E+000  0.00000000E+000  0.00000000E+000  0.00000000E+000
  2.991120E-02  0.00000000E+000  0.00000000E+000  0.00000000E+000  0.00000000E+000
  3.031560E-02  0.00000000E+000  0.00000000E+000  0.00000000E+000  0.00000000E+000
  3.072560E-02  0.00000000E+000  0.00000000E+000  0.00000000E+000  0.00000000E+000
  3.114110E-02  0.00000000E+000  0.00000000E+000  0.00000000E+000  0.00000000E+000
  3.156220E-02  0.00000000E+000  0.00000000E+000  0.00000000E+000  0.00000000E+000
  3.198900E-02  0.00000000E+000  0.00000000E+000  0.00000000E+000  0.00000000E+000
  3.242150E-02  0.00000000E+000  0.00000000E+000  0.00000000E+000  0.00000000E+000
  3.285990E-02  0.00000000E+000  0.00000000E+000  0.00000000E+000  0.00000000E+000
  3.330430E-02  0.00000000E+000  0.00000000E+000  0.00000000E+000  0.00000000E+000
  3.375460E-02  0.00000000E+000  0.00000000E+000  0.00000000E+000  0.00000000E+000
  3.421110E-02  0.00000000E+000  0.00000000E+000  0.00000000E+000  0.00000000E+000
  3.467370E-02  0.00000000E+000  0.00000000E+000  0.00000000E+000  0.00000000E+000
  3.514260E-02  0.00000000E+000  0.00000000E+000  0.00000000E+000  0.00000000E+000
  3.561780E-02  0.00000000E+000  0.00000000E+000  0.00000000E+000  0.00000000E+000
  3.609940E-02  0.00000000E+000  0.00000000E+000  0.00000000E+000  0.00000000E+000
  3.658760E-02  0.00000000E+000  0.00000000E+000  0.00000000E+000  0.00000000E+000
  3.708230E-02  0.00000000E+000  0.00000000E+000  0.00000000E+000  0.00000000E+000
  3.758370E-02  0.00000000E+000  0.00000000E+000  0.00000000E+000  0.00000000E+000
  3.809200E-02  0.00000000E+000  0.00000000E+000  0.00000000E+000  0.00000000E+000
  3.860710E-02  0.00000000E+000  0.00000000E+000  0.00000000E+000  0.00000000E+000
  3.912910E-02  0.00000000E+000  0.00000000E+000  0.00000000E+000  0.00000000E+000
  3.965820E-02  0.00000000E+000  0.00000000E+000  0.00000000E+000  0.00000000E+000
  4.019450E-02  0.00000000E+000  0.00000000E+000  0.00000000E+000  0.00000000E+000
  4.073800E-02  0.00000000E+000  0.00000000E+000  0.00000000E+000  0.00000000E+000
  4.128890E-02  0.00000000E+000  0.00000000E+000  0.00000000E+000  0.00000000E+000
  4.184720E-02  0.00000000E+000  0.00000000E+000  0.00000000E+000  0.00000000E+000
  4.241310E-02  0.00000000E+000  0.00000000E+000  0.00000000E+000  0.00000000E+000
  4.298660E-02  0.00000000E+000  0.00000000E+000  0.00000000E+000  0.00000000E+000
  4.356790E-02  0.00000000E+000  0.00000000E+000  0.00000000E+000  0.00000000E+000
  4.415700E-02  0.00000000E+000  0.00000000E+000  0.00000000E+000  0.00000000E+000
  4.475420E-02  0.00000000E+000  0.00000000E+000  0.00000000E+000  0.00000000E+000
  4.535930E-02  0.00000000E+000  0.00000000E+000  0.00000000E+000  0.00000000E+000
  4.597270E-02  0.00000000E+000  0.00000000E+000  0.00000000E+000  0.00000000E+000
  4.659440E-02  0.00000000E+000  0.00000000E+000  0.00000000E+000  0.00000000E+000
  4.722440E-02  0.00000000E+000  0.00000000E+000  0.00000000E+000  0.00000000E+000
  4.786300E-02  0.00000000E+000  0.00000000E+000  0.00000000E+000  0.00000000E+000
  4.851020E-02  0.00000000E+000  0.00000000E+000  0.00000000E+000  0.00000000E+000
  4.916620E-02  0.00000000E+000  0.00000000E+000  0.00000000E+000  0.00000000E+000
  4.983100E-02  0.00000000E+000  0.00000000E+000  0.00000000E+000  0.00000000E+000
  5.050490E-02  0.00000000E+000  0.00000000E+000  0.00000000E+000  0.00000000E+000
  5.118780E-02  0.00000000E+000  0.00000000E+000  0.00000000E+000  0.00000000E+000
  5.188000E-02  0.00000000E+000  0.00000000E+000  0.00000000E+000  0.00000000E+000
  5.258150E-02  0.00000000E+000  0.00000000E+000  0.00000000E+000  0.00000000E+000
  5.329260E-02  0.00000000E+000  0.00000000E+000  0.00000000E+000  0.00000000E+000
  5.401320E-02  0.00000000E+000  0.00000000E+000  0.00000000E+000  0.00000000E+000
  5.474360E-02  0.00000000E+000  0.00000000E+000  0.00000000E+000  0.00000000E+000
  5.548390E-02  0.00000000E+000  0.00000000E+000  0.00000000E+000  0.00000000E+000
  5.623410E-02  0.00000000E+000  0.00000000E+000  0.00000000E+000  0.00000000E+000
  5.699460E-02  0.00000000E+000  0.00000000E+000  0.00000000E+000  0.00000000E+000
  5.776530E-02  0.00000000E+000  0.00000000E+000  0.00000000E+000  0.00000000E+000
  5.854640E-02  0.00000000E+000  0.00000000E+000  0.00000000E+000  0.00000000E+000
  5.933810E-02  0.00000000E+000  0.00000000E+000  0.00000000E+000  0.00000000E+000
  6.014050E-02  0.00000000E+000  0.00000000E+000  0.00000000E+000  0.00000000E+000
  6.095370E-02  0.00000000E+000  0.00000000E+000  0.00000000E+000  0.00000000E+000
  6.177790E-02  0.00000000E+000  0.00000000E+000  0.00000000E+000  0.00000000E+000
  6.261330E-02  0.00000000E+000  0.00000000E+000  0.00000000E+000  0.00000000E+000
  6.346000E-02  0.00000000E+000  0.00000000E+000  0.00000000E+000  0.00000000E+000
  6.431810E-02  0.00000000E+000  0.00000000E+000  0.00000000E+000  0.00000000E+000
  6.518790E-02  0.00000000E+000  0.00000000E+000  0.00000000E+000  0.00000000E+000
  6.606930E-02  0.00000000E+000  0.00000000E+000  0.00000000E+000  0.00000000E+000
  6.696280E-02  0.00000000E+000  0.00000000E+000  0.00000000E+000  0.00000000E+000
  6.786830E-02  0.00000000E+000  0.00000000E+000  0.00000000E+000  0.00000000E+000
  6.878600E-02  0.00000000E+000  0.00000000E+000  0.00000000E+000  0.00000000E+000
  6.971610E-02  0.00000000E+000  0.00000000E+000  0.00000000E+000  0.00000000E+000
  7.065890E-02  0.00000000E+000  0.00000000E+000  0.00000000E+000  0.00000000E+000
  7.161430E-02  0.00000000E+000  0.00000000E+000  0.00000000E+000  0.00000000E+000
  7.258270E-02  0.00000000E+000  0.00000000E+000  0.00000000E+000  0.00000000E+000
  7.356420E-02  0.00000000E+000  0.00000000E+000  0.00000000E+000  0.00000000E+000
  7.455900E-02  0.00000000E+000  0.00000000E+000  0.00000000E+000  0.00000000E+000
  7.556720E-02  0.00000000E+000  0.00000000E+000  0.00000000E+000  0.00000000E+000
  7.658910E-02  0.00000000E+000  0.00000000E+000  0.00000000E+000  0.00000000E+000
  7.762470E-02  0.00000000E+000  0.00000000E+000  0.00000000E+000  0.00000000E+000
  7.867440E-02  0.00000000E+000  0.00000000E+000  0.00000000E+000  0.00000000E+000
  7.973820E-02  0.00000000E+000  0.00000000E+000  0.00000000E+000  0.00000000E+000
  8.081650E-02  0.00000000E+000  0.00000000E+000  0.00000000E+000  0.00000000E+000
  8.190930E-02  0.00000000E+000  0.00000000E+000  0.00000000E+000  0.00000000E+000
  8.301690E-02  0.00000000E+000  0.00000000E+000  0.00000000E+000  0.00000000E+000
  8.413950E-02  0.00000000E+000  0.00000000E+000  0.00000000E+000  0.00000000E+000
  8.527730E-02  0.00000000E+000  0.00000000E+000  0.00000000E+000  0.00000000E+000
  8.643040E-02  0.00000000E+000  0.00000000E+000  0.00000000E+000  0.00000000E+000
  8.759920E-02  0.00000000E+000  0.00000000E+000  0.00000000E+000  0.00000000E+000
  8.878370E-02  0.00000000E+000  0.00000000E+000  0.00000000E+000  0.00000000E+000
  8.998430E-02  0.00000000E+000  0.00000000E+000  0.00000000E+000  0.00000000E+000
  9.120110E-02  0.00000000E+000  0.00000000E+000  0.00000000E+000  0.00000000E+000
  9.243430E-02  0.00000000E+000  0.00000000E+000  0.00000000E+000  0.00000000E+000
  9.368430E-02  0.00000000E+000  0.00000000E+000  0.00000000E+000  0.00000000E+000
  9.495110E-02  0.00000000E+000  0.00000000E+000  0.00000000E+000  0.00000000E+000
  9.623510E-02  0.00000000E+000  0.00000000E+000  0.00000000E+000  0.00000000E+000
  9.753640E-02  0.00000000E+000  0.00000000E+000  0.00000000E+000  0.00000000E+000
  9.885530E-02  0.00000000E+000  0.00000000E+000  0.00000000E+000  0.00000000E+000
  1.001920E-01  0.00000000E+000  0.00000000E+000  0.00000000E+000  0.00000000E+000
  1.015470E-01  0.00000000E+000  0.00000000E+000  0.00000000E+000  0.00000000E+000
  1.029200E-01  0.00000000E+000  0.00000000E+000  0.00000000E+000  0.00000000E+000
  1.043120E-01  0.00000000E+000  0.00000000E+000  0.00000000E+000  0.00000000E+000
  1.057220E-01  0.00000000E+000  0.00000000E+000  0.00000000E+000  0.00000000E+000
  1.071520E-01  0.00000000E+000  0.00000000E+000  0.00000000E+000  0.00000000E+000
  1.086010E-01  0.00000000E+000  0.00000000E+000  0.00000000E+000  0.00000000E+000
  1.100690E-01  0.00000000E+000  0.00000000E+000  0.00000000E+000  0.00000000E+000
  1.115580E-01  0.00000000E+000  0.00000000E+000  0.00000000E+000  0.00000000E+000
  1.130660E-01  0.00000000E+000  0.00000000E+000  0.00000000E+000  0.00000000E+000
  1.145950E-01  0.00000000E+000  0.00000000E+000  0.00000000E+000  0.00000000E+000
  1.161450E-01  0.00000000E+000  0.00000000E+000  0.00000000E+000  0.00000000E+000
  1.177150E-01  0.00000000E+000  0.00000000E+000  0.00000000E+000  0.00000000E+000
  1.193070E-01  0.00000000E+000  0.00000000E+000  0.00000000E+000  0.00000000E+000
  1.209210E-01  0.00000000E+000  0.00000000E+000  0.00000000E+000  0.00000000E+000
  1.225560E-01  0.00000000E+000  0.00000000E+000  0.00000000E+000  0.00000000E+000
  1.242130E-01  0.00000000E+000  0.00000000E+000  0.00000000E+000  0.00000000E+000
  1.258930E-01  0.00000000E+000  0.00000000E+000  0.00000000E+000  0.00000000E+000
  1.275950E-01  0.00000000E+000  0.00000000E+000  0.00000000E+000  0.00000000E+000
  1.293200E-01  0.00000000E+000  0.00000000E+000  0.00000000E+000  0.00000000E+000
  1.310690E-01  0.00000000E+000  0.00000000E+000  0.00000000E+000  0.00000000E+000
  1.328410E-01  0.00000000E+000  0.00000000E+000  0.00000000E+000  0.00000000E+000
  1.346380E-01  0.00000000E+000  0.00000000E+000  0.00000000E+000  0.00000000E+000
  1.364580E-01  0.00000000E+000  0.00000000E+000  0.00000000E+000  0.00000000E+000
  1.383040E-01  0.00000000E+000  0.00000000E+000  0.00000000E+000  0.00000000E+000
  1.401740E-01  0.00000000E+000  0.00000000E+000  0.00000000E+000  0.00000000E+000
  1.420690E-01  0.00000000E+000  0.00000000E+000  0.00000000E+000  0.00000000E+000
  1.439900E-01  0.00000000E+000  0.00000000E+000  0.00000000E+000  0.00000000E+000
  1.459370E-01  0.00000000E+000  0.00000000E+000  0.00000000E+000  0.00000000E+000
  1.479110E-01  0.00000000E+000  0.00000000E+000  0.00000000E+000  0.00000000E+000
  1.499110E-01  0.00000000E+000  0.00000000E+000  0.00000000E+000  0.00000000E+000
  1.519380E-01  0.00000000E+000  0.00000000E+000  0.00000000E+000  0.00000000E+000
  1.539930E-01  0.00000000E+000  0.00000000E+000  0.00000000E+000  0.00000000E+000
  1.560750E-01  0.00000000E+000  0.00000000E+000  0.00000000E+000  0.00000000E+000
  1.581860E-01  0.00000000E+000  0.00000000E+000  0.00000000E+000  0.00000000E+000
  1.603250E-01  0.00000000E+000  0.00000000E+000  0.00000000E+000  0.00000000E+000
  1.624930E-01  0.00000000E+000  0.00000000E+000  0.00000000E+000  0.00000000E+000
  1.646900E-01  0.00000000E+000  0.00000000E+000  0.00000000E+000  0.00000000E+000
  1.669170E-01  0.00000000E+000  0.00000000E+000  0.00000000E+000  0.00000000E+000
  1.691740E-01  0.00000000E+000  0.00000000E+000  0.00000000E+000  0.00000000E+000
  1.714620E-01  0.00000000E+000  0.00000000E+000  0.00000000E+000  0.00000000E+000
  1.737800E-01  0.00000000E+000  0.00000000E+000  0.00000000E+000  0.00000000E+000
  1.761300E-01  0.00000000E+000  0.00000000E+000  0.00000000E+000  0.00000000E+000
  1.785120E-01  0.00000000E+000  0.00000000E+000  0.00000000E+000  0.00000000E+000
  1.809260E-01  0.00000000E+000  0.00000000E+000  0.00000000E+000  0.00000000E+000
  1.833720E-01  0.00000000E+000  0.00000000E+000  0.00000000E+000  0.00000000E+000
  1.858520E-01  0.00000000E+000  0.00000000E+000  0.00000000E+000  0.00000000E+000
  1.883650E-01  0.00000000E+000  0.00000000E+000  0.00000000E+000  0.00000000E+000
  1.909120E-01  0.00000000E+000  0.00000000E+000  0.00000000E+000  0.00000000E+000
  1.934940E-01  0.00000000E+000  0.00000000E+000  0.00000000E+000  0.00000000E+000
  1.961100E-01  0.00000000E+000  0.00000000E+000  0.00000000E+000  0.00000000E+000
  1.987620E-01  0.00000000E+000  0.00000000E+000  0.00000000E+000  0.00000000E+000
  2.014500E-01  0.00000000E+000  0.00000000E+000  0.00000000E+000  0.00000000E+000
  2.041740E-01  0.00000000E+000  0.00000000E+000  0.00000000E+000  0.00000000E+000
  2.069350E-01  0.00000000E+000  0.00000000E+000  0.00000000E+000  0.00000000E+000
  2.097330E-01  0.00000000E+000  0.00000000E+000  0.00000000E+000  0.00000000E+000
  2.125690E-01  0.00000000E+000  0.00000000E+000  0.00000000E+000  0.00000000E+000
  2.154430E-01  0.00000000E+000  0.00000000E+000  0.00000000E+000  0.00000000E+000
  2.183570E-01  0.00000000E+000  0.00000000E+000  0.00000000E+000  0.00000000E+000
  2.213090E-01  0.00000000E+000  0.00000000E+000  0.00000000E+000  0.00000000E+000
  2.243020E-01  0.00000000E+000  0.00000000E+000  0.00000000E+000  0.00000000E+000
  2.273350E-01  0.00000000E+000  0.00000000E+000  0.00000000E+000  0.00000000E+000
  2.304090E-01  0.00000000E+000  0.00000000E+000  0.00000000E+000  0.00000000E+000
  2.335250E-01  0.00000000E+000  0.00000000E+000  0.00000000E+000  0.00000000E+000
  2.366830E-01  0.00000000E+000  0.00000000E+000  0.00000000E+000  0.00000000E+000
  2.398830E-01  0.00000000E+000  0.00000000E+000  0.00000000E+000  0.00000000E+000
  2.431270E-01  0.00000000E+000  0.00000000E+000  0.00000000E+000  0.00000000E+000
  2.464150E-01  0.00000000E+000  0.00000000E+000  0.00000000E+000  0.00000000E+000
  2.497470E-01  0.00000000E+000  0.00000000E+000  0.00000000E+000  0.00000000E+000
  2.531240E-01  0.00000000E+000  0.00000000E+000  0.00000000E+000  0.00000000E+000
  2.565470E-01  0.00000000E+000  0.00000000E+000  0.00000000E+000  0.00000000E+000
  2.600160E-01  0.00000000E+000  0.00000000E+000  0.00000000E+000  0.00000000E+000
  2.635320E-01  0.00000000E+000  0.00000000E+000  0.00000000E+000  0.00000000E+000
  2.670960E-01  0.00000000E+000  0.00000000E+000  0.00000000E+000  0.00000000E+000
  2.707070E-01  0.00000000E+000  0.00000000E+000  0.00000000E+000  0.00000000E+000
  2.743680E-01  0.00000000E+000  0.00000000E+000  0.00000000E+000  0.00000000E+000
  2.780780E-01  0.00000000E+000  0.00000000E+000  0.00000000E+000  0.00000000E+000
  2.818380E-01  0.00000000E+000  0.00000000E+000  0.00000000E+000  0.00000000E+000
  2.856490E-01  0.00000000E+000  0.00000000E+000  0.00000000E+000  0.00000000E+000
  2.895120E-01  0.00000000E+000  0.00000000E+000  0.00000000E+000  0.00000000E+000
  2.934270E-01  0.00000000E+000  0.00000000E+000  0.00000000E+000  0.00000000E+000
  2.973950E-01  0.00000000E+000  0.00000000E+000  0.00000000E+000  0.00000000E+000
  3.014160E-01  0.00000000E+000  0.00000000E+000  0.00000000E+000  0.00000000E+000
  3.054920E-01  0.00000000E+000  0.00000000E+000  0.00000000E+000  0.00000000E+000
  3.096230E-01  0.00000000E+000  0.00000000E+000  0.00000000E+000  0.00000000E+000
  3.138100E-01  0.00000000E+000  0.00000000E+000  0.00000000E+000  0.00000000E+000
  3.180530E-01  0.00000000E+000  0.00000000E+000  0.00000000E+000  0.00000000E+000
  3.223540E-01  0.00000000E+000  0.00000000E+000  0.00000000E+000  0.00000000E+000
  3.267130E-01  0.00000000E+000  0.00000000E+000  0.00000000E+000  0.00000000E+000
  3.311310E-01  0.00000000E+000  0.00000000E+000  0.00000000E+000  0.00000000E+000
  3.356090E-01  0.00000000E+000  0.00000000E+000  0.00000000E+000  0.00000000E+000
  3.401470E-01  0.00000000E+000  0.00000000E+000  0.00000000E+000  0.00000000E+000
  3.447470E-01  0.00000000E+000  0.00000000E+000  0.00000000E+000  0.00000000E+000
  3.494080E-01  0.00000000E+000  0.00000000E+000  0.00000000E+000  0.00000000E+000
  3.541330E-01  0.00000000E+000  0.00000000E+000  0.00000000E+000  0.00000000E+000
  3.589220E-01  0.00000000E+000  0.00000000E+000  0.00000000E+000  0.00000000E+000
  3.637750E-01  0.00000000E+000  0.00000000E+000  0.00000000E+000  0.00000000E+000
  3.686950E-01  0.00000000E+000  0.00000000E+000  0.00000000E+000  0.00000000E+000
  3.736800E-01  0.00000000E+000  0.00000000E+000  0.00000000E+000  0.00000000E+000
  3.787330E-01  0.00000000E+000  0.00000000E+000  0.00000000E+000  0.00000000E+000
  3.838550E-01  0.00000000E+000  0.00000000E+000  0.00000000E+000  0.00000000E+000
  3.890450E-01  0.00000000E+000  0.00000000E+000  0.00000000E+000  0.00000000E+000
  3.943060E-01  0.00000000E+000  0.00000000E+000  0.00000000E+000  0.00000000E+000
  3.996380E-01  0.00000000E+000  0.00000000E+000  0.00000000E+000  0.00000000E+000
  4.050420E-01  0.00000000E+000  0.00000000E+000  0.00000000E+000  0.00000000E+000
  4.105190E-01  0.00000000E+000  0.00000000E+000  0.00000000E+000  0.00000000E+000
  4.160700E-01  0.00000000E+000  0.00000000E+000  0.00000000E+000  0.00000000E+000
  4.216970E-01  0.00000000E+000  0.00000000E+000  0.00000000E+000  0.00000000E+000
  4.273990E-01  0.00000000E+000  0.00000000E+000  0.00000000E+000  0.00000000E+000
  4.331780E-01  0.00000000E+000  0.00000000E+000  0.00000000E+000  0.00000000E+000
  4.390360E-01  4.68933770E-314  4.68933770E-314  0.00000000E+000  0.00000000E+000
  4.449730E-01  4.76623866E-310  4.76623866E-310  0.00000000E+000  0.00000000E+000
  4.509900E-01  4.22242553E-306  4.22242553E-306  0.00000000E+000  0.00000000E+000
  4.570880E-01  3.30521365E-302  3.30521365E-302  0.00000000E+000  0.00000000E+000
  4.632690E-01  2.29279045E-298  2.29279045E-298  0.00000000E+000  0.00000000E+000
  4.695340E-01  1.41141721E-294  1.41141721E-294  0.00000000E+000  0.00000000E+000
  4.758830E-01  7.71048015E-291  7.71048015E-291  0.00000000E+000  0.00000000E+000
  4.823180E-01  3.74831007E-287  3.74831007E-287  0.00000000E+000  0.00000000E+000
  4.888400E-01  1.62362852E-283  1.62362852E-283  0.00000000E+000  0.00000000E+000
  4.954500E-01  6.27477269E-280  6.27477269E-280  0.00000000E+000  0.00000000E+000
  5.021500E-01  2.16892545E-276  2.16892545E-276  0.00000000E+000  0.00000000E+000
  5.089400E-01  6.70536148E-273  6.70536148E-273  0.00000000E+000  0.00000000E+000
  5.158220E-01  1.85849664E-269  1.85849664E-269  0.00000000E+000  0.00000000E+000
  5.227970E-01  4.62333353E-266  4.62333353E-266  0.00000000E+000  0.00000000E+000
  5.298670E-01  1.03456871E-262  1.03456871E-262  0.00000000E+000  0.00000000E+000
  5.370320E-01  2.08239460E-259  2.08239460E-259  0.00000000E+000  0.00000000E+000
  5.442940E-01  3.77818154E-256  3.77818154E-256  0.00000000E+000  0.00000000E+000
  5.516540E-01  6.18515984E-253  6.18515984E-253  0.00000000E+000  0.00000000E+000
  5.591140E-01  9.15425652E-250  9.15425652E-250  0.00000000E+000  0.00000000E+000
  5.666740E-01  1.22490091E-246  1.22490091E-246  0.00000000E+000  0.00000000E+000
  5.743370E-01  1.48595276E-243  1.48595276E-243  0.00000000E+000  0.00000000E+000
  5.821030E-01  1.63417138E-240  1.63417138E-240  0.00000000E+000  0.00000000E+000
  5.899750E-01  1.63352108E-237  1.63352108E-237  0.00000000E+000  0.00000000E+000
  5.979530E-01  1.48411395E-234  1.48411395E-234  0.00000000E+000  0.00000000E+000
  6.060380E-01  1.22652929E-231  1.22652929E-231  0.00000000E+000  0.00000000E+000
  6.142330E-01  9.24248098E-229  9.24248098E-229  0.00000000E+000  0.00000000E+000
  6.225390E-01  6.35481774E-226  6.35481774E-226  0.00000000E+000  0.00000000E+000
  6.309570E-01  3.98968792E-223  3.98968792E-223  0.00000000E+000  0.00000000E+000
  6.394890E-01  2.29033637E-220  2.29033637E-220  0.00000000E+000  0.00000000E+000
  6.481370E-01  1.20379331E-217  1.20379331E-217  0.00000000E+000  0.00000000E+000
  6.569010E-01  5.79225328E-215  5.79225328E-215  0.00000000E+000  0.00000000E+000
  6.657840E-01  2.55645539E-212  2.55645539E-212  0.00000000E+000  0.00000000E+000
  6.747870E-01  1.03548522E-209  1.03548522E-209  0.00000000E+000  0.00000000E+000
  6.839120E-01  3.85354222E-207  3.85354222E-207  0.00000000E+000  0.00000000E+000
  6.931600E-01  1.31810205E-204  1.31810205E-204  0.00000000E+000  0.00000000E+000
  7.025330E-01  4.14811559E-202  4.14811559E-202  0.00000000E+000  0.00000000E+000
  7.120330E-01  1.20222120E-199  1.20222120E-199  0.00000000E+000  0.00000000E+000
  7.216610E-01  3.20961914E-197  3.20961914E-197  0.00000000E+000  0.00000000E+000
  7.314200E-01  7.90364187E-195  7.90364187E-195  0.00000000E+000  0.00000000E+000
  7.413100E-01  1.79442881E-192  1.79442881E-192  0.00000000E+000  0.00000000E+000
  7.513350E-01  3.76279398E-190  3.76279398E-190  0.00000000E+000  0.00000000E+000
  7.614940E-01  7.27987692E-188  7.27987692E-188  0.00000000E+000  0.00000000E+000
  7.717920E-01  1.30223785E-185  1.30223785E-185  0.00000000E+000  0.00000000E+000
  7.822280E-01  2.15206166E-183  2.15206166E-183  0.00000000E+000  0.00000000E+000
  7.928060E-01  3.29181473E-181  3.29181473E-181  0.00000000E+000  0.00000000E+000
  8.035260E-01  4.66256703E-179  4.66256703E-179  0.00000000E+000  0.00000000E+000
  8.143920E-01  6.13465080E-177  6.13465080E-177  0.00000000E+000  0.00000000E+000
  8.254040E-01  7.51491803E-175  7.51491803E-175  0.00000000E+000  0.00000000E+000
  8.365660E-01  8.61274627E-173  8.61274627E-173  0.00000000E+000  0.00000000E+000
  8.478780E-01  9.26173717E-171  9.26173717E-171  0.00000000E+000  0.00000000E+000
  8.593430E-01  9.36690602E-169  9.36690602E-169  0.00000000E+000  0.00000000E+000
  8.709640E-01  8.90702681E-167  8.90702681E-167  0.00000000E+000  0.00000000E+000
  8.827410E-01  7.93610964E-165  7.93610964E-165  0.00000000E+000  0.00000000E+000
  8.946780E-01  6.60731608E-163  6.60731608E-163  0.00000000E+000  0.00000000E+000
  9.067760E-01  5.11947872E-161  5.11947872E-161  3.52299650E-316  0.00000000E+000
  9.190380E-01  3.67967946E-159  3.67967946E-159  3.79937051E-312  0.00000000E+000
  9.314650E-01  2.44419559E-157  2.44419559E-157  3.45113849E-308  0.00000000E+000
  9.440610E-01  1.49656862E-155  1.49656862E-155  2.77523924E-304  0.00000000E+000
  9.568270E-01  8.42093959E-154  8.42093959E-154  1.97712033E-300  0.00000000E+000
  9.697650E-01  4.34776826E-152  4.34776826E-152  1.24962857E-296  0.00000000E+000
  9.828790E-01  2.06291098E-150  2.06291098E-150  7.02620472E-293  0.00000000E+000
  9.961700E-01  9.03657208E-149  9.03657208E-149  3.51669194E-289  0.00000000E+000
  1.009640E+00  3.68892898E-147  3.68892898E-147  1.56979148E-285  0.00000000E+000
  1.023290E+00  1.41941455E-145  1.41941455E-145  6.25180607E-282  0.00000000E+000
  1.037130E+00  5.21090841E-144  5.21090841E-144  2.23432358E-278  0.00000000E+000
  1.051150E+00  1.83089427E-142  1.83089427E-142  7.12377607E-275  0.00000000E+000
  1.065370E+00  6.20191944E-141  6.20191944E-141  2.04966013E-271  0.00000000E+000
  1.079780E+00  2.02070643E-139  2.02070643E-139  5.29109621E-268  0.00000000E+000
  1.094380E+00  6.32964742E-138  6.32964742E-138  1.22567161E-264  0.00000000E+000
  1.109170E+00  1.90494198E-136  1.90494198E-136  2.54849768E-261  0.00000000E+000
  1.124170E+00  5.53008186E-135  5.53008186E-135  4.80569463E-258  0.00000000E+000
  1.139380E+00  1.54775849E-133  1.54775849E-133  8.22606598E-255  0.00000000E+000
  1.154780E+00  4.15797876E-132  4.15797876E-132  1.26472707E-251  3.66656165E-316
  1.170400E+00  1.07932878E-130  1.07932878E-130  1.77134004E-248  3.66167126E-312
  1.186220E+00  2.69720510E-129  2.69720510E-129  2.23905496E-245  3.20643131E-308
  1.202260E+00  6.52033970E-128  6.52033970E-128  2.57788063E-242  2.49417918E-304
  1.218520E+00  1.52619741E-126  1.52619741E-126  2.70289431E-239  1.72310542E-300
  1.235000E+00  3.46261015E-125  3.46261015E-125  2.58073215E-236  1.05717518E-296
  1.251700E+00  7.62346570E-124  7.62346570E-124  2.24413093E-233  5.76417712E-293
  1.268630E+00  1.63349738E-122  1.63349738E-122  1.78509125E-230  2.80597918E-289
  1.285780E+00  3.40325208E-121  3.40325208E-121  1.29337312E-227  1.21342129E-285
  1.303170E+00  6.92206165E-120  6.92206165E-120  8.60190645E-225  4.70735706E-282
  1.320790E+00  1.37217804E-118  1.37217804E-118  5.23268271E-222  1.63055415E-278
  1.338650E+00  2.65450289E-117  2.65450289E-117  2.92174443E-219  5.06631639E-275
  1.356750E+00  5.00700802E-116  5.00700802E-116  1.49739710E-216  1.41203437E-271
  1.375100E+00  9.21202523E-115  9.21202523E-115  7.06793132E-214  3.54548723E-268
  1.393690E+00  1.64809746E-113  1.64809746E-113  3.06354422E-211  7.98617395E-265
  1.412540E+00  2.87145508E-112  2.87145508E-112  1.22701344E-208  1.62726739E-261
  1.431640E+00  4.85662201E-111  4.85662201E-111  4.52625737E-206  2.98715788E-258
  1.451000E+00  7.97352812E-110  7.97352812E-110  1.54263738E-203  4.95991024E-255
  1.470620E+00  1.26890463E-108  1.26890463E-108  4.86037170E-201  7.44911697E-252
  1.490500E+00  1.95495790E-107  1.95495790E-107  1.41550327E-198  1.01205046E-248
  1.510660E+00  2.92070214E-106  2.92070214E-106  3.83084058E-196  1.25283234E-245
  1.531090E+00  4.22163274E-105  4.22163274E-105  9.60659537E-194  1.40796416E-242
  1.551790E+00  5.89942637E-104  5.89942637E-104  2.23257991E-191  1.43663810E-239
  1.572780E+00  7.98561233E-103  7.98561233E-103  4.83625816E-189  1.33966342E-236
  1.594040E+00  1.04397749E-101  1.04397749E-101  9.70989638E-187  1.13446718E-233
  1.615600E+00  1.32241011E-100  1.32241011E-100  1.82051001E-184  8.80818127E-231
  1.637440E+00  1.61872678E-099  1.61872678E-099  3.17193688E-182  6.23146708E-228
  1.659590E+00  1.92086600E-098  1.92086600E-098  5.17235261E-180  4.05356052E-225
  1.682030E+00  2.20431583E-097  2.20431583E-097  7.85705141E-178  2.41026836E-222
  1.704770E+00  2.44871752E-096  2.44871752E-096  1.11447961E-175  1.31387180E-219
  1.727830E+00  2.63843550E-095  2.63843550E-095  1.48249532E-173  6.60193507E-217
  1.751190E+00  2.75147752E-094  2.75147752E-094  1.84150592E-171  3.04139529E-214
  1.774870E+00  2.78263142E-093  2.78263142E-093  2.14522809E-169  1.29158488E-211
  1.798870E+00  2.72892971E-092  2.72892971E-092  2.34439587E-167  5.05813468E-209
  1.823200E+00  2.59757139E-091  2.59757139E-091  2.40715636E-165  1.83027855E-206
  1.847850E+00  2.39760772E-090  2.39760772E-090  2.31781184E-163  6.10476601E-204
  1.872840E+00  2.14985544E-089  2.14985544E-089  2.10076738E-161  1.88586133E-201
  1.898160E+00  1.87103401E-088  1.87103401E-088  1.78905135E-159  5.38331443E-199
  1.923830E+00  1.58322556E-087  1.58322556E-087  1.43726688E-157  1.42647823E-196
  1.949840E+00  1.30147838E-086  1.30147838E-086  1.08716799E-155  3.50106440E-194
  1.976210E+00  1.04105818E-085  1.04105818E-085  7.76676952E-154  7.99244949E-192
  2.002930E+00  8.09700098E-085  8.09700098E-085  5.23190340E-152  1.69357984E-189
  2.030020E+00  6.13284076E-084  6.13284076E-084  3.33368560E-150  3.34440056E-187
  2.057470E+00  4.52039789E-083  4.52039789E-083  2.00614217E-148  6.14278210E-185
  2.085290E+00  3.24498262E-082  3.24498262E-082  1.14217780E-146  1.05145275E-182
  2.113490E+00  2.27036119E-081  2.27036119E-081  6.16057453E-145  1.68034643E-180
  2.142070E+00  1.54826574E-080  1.54826574E-080  3.14750773E-143  2.50779967E-178
  2.171030E+00  1.02920205E-079  1.02920205E-079  1.52333896E-141  3.49496408E-176
  2.200390E+00  6.67817236E-079  6.67817236E-079  7.00299642E-140  4.56338274E-174
  2.230150E+00  4.22998958E-078  4.22998958E-078  3.05830743E-138  5.58126053E-172
  2.260300E+00  2.61413092E-077  2.61413092E-077  1.26712142E-136  6.38519556E-170
  2.290870E+00  1.57926651E-076  1.57926651E-076  5.00075790E-135  6.86566970E-168
  2.321850E+00  9.32209420E-076  9.32209420E-076  1.87686126E-133  6.92716182E-166
  2.353240E+00  5.37743543E-075  5.37743543E-075  6.69937228E-132  6.55886064E-164
  2.385060E+00  3.03530118E-074  3.03530118E-074  2.27952315E-130  5.84487811E-162
  2.417320E+00  1.67764481E-073  1.67764481E-073  7.40146640E-129  4.90881324E-160
  2.450000E+00  9.07224026E-073  9.07224026E-073  2.28967176E-127  3.87513094E-158
  2.483130E+00  4.80887421E-072  4.80887421E-072  6.76722378E-126  2.88708790E-156
  2.516710E+00  2.49929633E-071  2.49929633E-071  1.91015318E-124  2.03020434E-154
  2.550740E+00  1.27411112E-070  1.27411112E-070  5.15039895E-123  1.34727632E-152
  2.585230E+00  6.37712203E-070  6.37712203E-070  1.32788093E-121  8.44810582E-151
  2.620190E+00  3.13701007E-069  3.13701007E-069  3.27665224E-120  5.01149855E-149
  2.655620E+00  1.51767941E-068  1.51767941E-068  7.73845450E-119  2.81243851E-147
  2.691530E+00  7.23070964E-068  7.23070964E-068  1.75075375E-117  1.49488410E-145
  2.727930E+00  3.39754946E-067  3.39754946E-067  3.79765503E-116  7.53384563E-144
  2.764820E+00  1.57656274E-066  1.57656274E-066  7.89888154E-115  3.60028845E-142
  2.802210E+00  7.23993142E-066  7.23993142E-066  1.57695396E-113  1.63335748E-140
  2.840100E+00  3.29748176E-065  3.29748176E-065  3.02108374E-112  7.03371328E-139
  2.878500E+00  1.49438958E-064  1.49438958E-064  5.55841809E-111  2.87804068E-137
  2.917430E+00  6.76935971E-064  6.76935971E-064  9.83641496E-110  1.12111580E-135
  2.956880E+00  3.07939587E-063  3.07939587E-063  1.67298817E-108  4.15366090E-134
  2.996860E+00  1.41720818E-062  1.41720818E-062  2.73682533E-107  1.46506595E-132
  3.037390E+00  6.67020590E-062  6.67020590E-062  4.31226839E-106  4.92834218E-131
  3.078460E+00  3.25780929E-061  3.25780929E-061  6.53988016E-105  1.57973654E-129
  3.120090E+00  1.69235923E-060  1.69235923E-060  9.56248842E-104  4.83620241E-128
  3.162280E+00  9.74877150E-060  9.74877150E-060  1.34807479E-102  1.41408183E-126
  3.205040E+00  6.77567820E-059  6.77567820E-059  1.83285323E-101  3.94992789E-125
  3.248380E+00  7.01496632E-058  7.01496632E-058  2.40480684E-100  1.05484596E-123
  3.292300E+00  1.59276586E-056  1.59276586E-056  3.04488727E-099  2.69154478E-122
  3.336820E+00  1.37304567E-056  1.37304567E-056  3.72488500E-098  6.57378833E-121
  3.381950E+00  1.13567405E-056  1.13567405E-056  4.40495733E-097  1.53839784E-119
  3.427680E+00  1.62895514E-056  1.62895514E-056  5.03386054E-096  3.44554435E-118
  3.474030E+00  2.99218489E-056  2.99218489E-056  5.56479467E-095  7.39670403E-117
  3.521010E+00  6.29926764E-056  6.29926764E-056  5.95319898E-094  1.52353547E-115
  3.568620E+00  1.44292645E-055  1.44292645E-055  6.16323252E-093  3.01096581E-114
  3.616870E+00  3.49365632E-055  3.49365632E-055  6.17800212E-092  5.71328272E-113
  3.665780E+00  8.78149414E-055  8.78149414E-055  6.00321984E-091  1.04203602E-111
  3.715350E+00  2.26279031E-054  2.26279031E-054  5.65547532E-090  1.82672390E-110
  3.765590E+00  5.92464797E-054  5.92464797E-054  5.16598428E-089  3.08017181E-109
  3.816510E+00  1.56603137E-053  1.56603137E-053  4.57752900E-088  4.99848278E-108
  3.868120E+00  4.15864366E-053  4.15864366E-053  3.93632862E-087  7.81091076E-107
  3.920430E+00  1.10543789E-052  1.10543789E-052  3.28758033E-086  1.17597892E-105
  3.973440E+00  2.93274731E-052  2.93274731E-052  2.66595542E-085  1.70584721E-104
  4.027170E+00  7.75096316E-052  7.75096316E-052  2.10063131E-084  2.38655408E-103
  4.081630E+00  2.03751564E-051  2.03751564E-051  1.60891775E-083  3.22184390E-102
  4.136820E+00  5.32027287E-051  5.32027287E-051  1.19787311E-082  4.19675070E-101
  4.192760E+00  1.37900332E-050  1.37900332E-050  8.67637632E-082  5.27492665E-100
  4.249460E+00  3.54597615E-050  3.54597615E-050  6.11552441E-081  6.40667943E-099
  4.306920E+00  9.04071336E-050  9.04071336E-050  4.19471304E-080  7.51915719E-098
  4.365160E+00  2.28528629E-049  2.28528629E-049  2.80182857E-079  8.53504265E-097
  4.424190E+00  5.72687452E-049  5.72687452E-049  1.82303361E-078  9.37399008E-096
  4.484010E+00  1.42265696E-048  1.42265696E-048  1.15595180E-077  9.97122745E-095
  4.544650E+00  3.50523671E-048  3.50523671E-048  7.14702420E-077  1.02757455E-093
  4.606100E+00  8.56684481E-048  8.56684481E-048  4.30734026E-076  1.02547899E-092
  4.668390E+00  2.07884848E-047  2.07884848E-047  2.53267669E-075  9.92159718E-092
  4.731510E+00  5.01238664E-047  5.01238664E-047  1.45250024E-074  9.30305136E-091
  4.795490E+00  1.20311482E-046  1.20311482E-046  8.13448939E-074  8.46890945E-090
  4.860340E+00  2.88245796E-046  2.88245796E-046  4.45032562E-073  7.48951305E-089
  4.926060E+00  6.92434437E-046  6.92434437E-046  2.37743163E-072  6.42828982E-088
  4.992680E+00  1.68315051E-045  1.68315051E-045  1.24112528E-071  5.36023583E-087
  5.060190E+00  4.21541391E-045  4.21541391E-045  6.32756157E-071  4.34577291E-086
  5.128610E+00  1.13139183E-044  1.13139183E-044  3.15313512E-070  3.42449498E-085
  5.197970E+00  3.44858671E-044  3.44858671E-044  1.53693554E-069  2.62800596E-084
  5.268250E+00  9.91506171E-044  9.91506171E-044  7.32450639E-069  1.96334564E-083
  5.339490E+00  1.68801827E-043  1.68801827E-043  3.41598525E-068  1.42760002E-082
  5.411700E+00  2.89576104E-043  2.89576104E-043  1.55940947E-067  1.01058266E-081
  5.484870E+00  6.10608627E-043  6.10608627E-043  6.96665918E-067  6.96281563E-081
  5.559040E+00  1.51857216E-042  1.51857216E-042  3.04914518E-066  4.68140963E-080
  5.634210E+00  4.42088265E-042  4.42088265E-042  1.30729323E-065  3.06923255E-079
  5.710400E+00  1.11953915E-041  1.11953915E-041  5.49281206E-065  1.96570772E-078
  5.787620E+00  1.80555860E-041  1.80555860E-041  2.26185395E-064  1.22759513E-077
  5.865880E+00  3.28152765E-041  3.28152765E-041  9.12993463E-064  7.47703692E-077
  5.945200E+00  7.53569772E-041  7.53569772E-041  3.61506006E-063  4.44789190E-076
  6.025600E+00  2.11274961E-040  2.11274961E-040  1.40459602E-062  2.58518803E-075
  6.107080E+00  7.42893900E-040  7.42893900E-040  5.35349107E-062  1.46677751E-074
  6.189660E+00  2.85246257E-039  2.85246257E-039  2.00227392E-061  8.12758149E-074
  6.273360E+00  4.51038356E-039  4.51038356E-039  7.34059947E-061  4.39218656E-073
  6.358190E+00  4.14345242E-039  4.14345242E-039  2.64170057E-060  2.31905451E-072
  6.444170E+00  5.01054211E-039  5.01054211E-039  9.36121218E-060  1.19439636E-071
  6.531310E+00  7.97649874E-039  7.97649874E-039  3.25822010E-059  6.01485670E-071
  6.619620E+00  1.46039741E-038  1.46039741E-038  1.11346414E-058  2.95836877E-070
  6.709140E+00  2.64267614E-038  2.64267614E-038  3.74032393E-058  1.42408582E-069
  6.799860E+00  4.44427593E-038  4.44427593E-038  1.23481684E-057  6.70319711E-069
  6.891810E+00  7.45403992E-038  7.45403992E-038  4.00828408E-057  3.08933107E-068
  6.985000E+00  1.32438198E-037  1.32438198E-037  1.27996948E-056  1.40114819E-067
  7.079460E+00  2.50123995E-037  2.50123995E-037  4.02137937E-056  6.23417781E-067
  7.175190E+00  4.93533521E-037  4.93533521E-037  1.24301243E-055  2.77735035E-066
  7.272210E+00  1.00391839E-036  1.00391839E-036  3.78080603E-055  1.21361524E-065
  7.370550E+00  2.11583106E-036  2.11583106E-036  1.13241717E-054  5.46185170E-065
  7.470220E+00  4.72298602E-036  4.72298602E-036  3.33951915E-054  2.42980413E-064
  7.571230E+00  1.02871725E-035  1.02871725E-035  9.69952528E-054  1.12742543E-063
  7.673620E+00  1.71662589E-035  1.71662589E-035  2.77567017E-053  5.27632699E-063
  7.777380E+00  2.65358547E-035  2.65358547E-035  7.82363686E-053  2.44237525E-062
  7.882550E+00  3.89057702E-035  3.89057702E-035  2.17304021E-052  1.15874688E-061
  7.989140E+00  4.61804963E-035  4.61804963E-035  5.94796170E-052  5.19739828E-061
  8.097170E+00  5.28654985E-035  5.28654985E-035  1.60427839E-051  2.36424988E-060
  8.206660E+00  6.74773920E-035  6.74773920E-035  4.26580187E-051  1.02280615E-059
  8.317640E+00  9.76695241E-035  9.76695241E-035  1.11865071E-050  4.20819531E-059
  8.430110E+00  1.56279717E-034  1.56279717E-034  2.89333010E-050  1.64537909E-058
  8.544110E+00  2.88320650E-034  2.88320650E-034  7.38293675E-050  6.18389115E-058
  8.659640E+00  4.28193669E-034  4.28193669E-034  1.85874783E-049  2.27574978E-057
  8.776740E+00  4.43295872E-034  4.43295872E-034  4.61916000E-049  8.29756490E-057
  8.895420E+00  4.80535201E-034  4.80535201E-034  1.13305274E-048  2.99603924E-056
  9.015710E+00  5.83960844E-034  5.83960844E-034  2.74429621E-048  1.06237223E-055
  9.137630E+00  7.63873717E-034  7.63873717E-034  6.56418714E-048  3.65762006E-055
  9.261190E+00  1.04343832E-033  1.04343832E-033  1.55073299E-047  1.20920283E-054
  9.386420E+00  1.46362469E-033  1.46362469E-033  3.61973403E-047  3.81056742E-054
  9.513350E+00  2.08879691E-033  2.08879691E-033  8.34705632E-047  1.14487798E-053
  9.641990E+00  3.01704075E-033  3.01704075E-033  1.90219914E-046  3.31293402E-053
  9.772370E+00  4.39788540E-033  4.39788540E-033  4.28495100E-046  9.32036075E-053
  9.904520E+00  6.46147581E-033  6.46147581E-033  9.54303583E-046  2.57861011E-052
  1.003850E+01  9.56993008E-033  9.56993008E-033  2.10191969E-045  7.04489808E-052
  1.017420E+01  1.43040237E-032  1.43040237E-032  4.57609578E-045  1.89857504E-051
  1.031180E+01  2.16654279E-032  2.16654279E-032  9.85616130E-045  5.01875351E-051
  1.045120E+01  3.35048602E-032  3.35048602E-032  2.09914637E-044  1.28394261E-050
  1.059250E+01  5.39942649E-032  5.39942649E-032  4.42363354E-044  3.20025696E-050
  1.073580E+01  9.02778379E-032  9.02778379E-032  9.22954644E-044  7.83988398E-050
  1.088090E+01  1.61600676E-031  1.61600676E-031  1.90474152E-043  1.89931797E-049
  1.102810E+01  3.55106933E-031  3.55106933E-031  3.89536286E-043  4.57621021E-049
  1.117720E+01  1.26275011E-030  1.26275011E-030  7.89490621E-043  1.08501766E-048
  1.132840E+01  1.92482254E-030  1.92482254E-030  1.58964771E-042  2.54072618E-048
  1.148150E+01  1.55974683E-030  1.55974683E-030  3.48715115E-042  5.87758290E-048
  1.163680E+01  1.40704311E-030  1.40704311E-030  6.09978158E-042  1.34825925E-047
  1.179420E+01  1.83635624E-030  1.83635624E-030  1.18654451E-041  3.03779039E-047
  1.195360E+01  2.82047487E-030  2.82047487E-030  2.28857400E-041  6.72775638E-047
  1.211530E+01  3.56594407E-030  3.56594407E-030  4.37558468E-041  1.46961618E-046
  1.227910E+01  4.42082696E-030  4.42082696E-030  8.28924445E-041  3.18363510E-046
  1.244510E+01  6.97248362E-030  6.97248362E-030  1.55535587E-040  6.83169102E-046
  1.261340E+01  1.14032254E-029  1.14032254E-029  2.89085910E-040  1.44400961E-045
  1.278400E+01  1.19047668E-029  1.19047668E-029  5.32798812E-040  3.01432167E-045
  1.295690E+01  1.06891362E-029  1.06891362E-029  9.73569026E-040  6.21932239E-045
  1.313210E+01  1.14771422E-029  1.14771422E-029  1.76382378E-039  1.27703312E-044
  1.330970E+01  1.48137535E-029  1.48137535E-029  3.17070145E-039  2.59503662E-044
  1.348960E+01  1.98543722E-029  1.98543722E-029  5.65239703E-039  5.20758117E-044
  1.367200E+01  2.15886420E-029  2.15886420E-029  1.00004176E-038  1.04429618E-043
  1.385690E+01  2.35207078E-029  2.35207078E-029  1.75609594E-038  2.09308427E-043
  1.404430E+01  2.90156752E-029  2.90156752E-029  3.06123641E-038  4.22045930E-043
  1.423420E+01  3.71933120E-029  3.71933119E-029  5.29665203E-038  8.63998929E-043
  1.442670E+01  4.07971227E-029  4.07971226E-029  9.09665552E-038  1.76809636E-042
  1.462180E+01  4.80273553E-029  4.80273552E-029  1.55171739E-037  3.65968393E-042
  1.481950E+01  5.84259468E-029  5.84259465E-029  2.62787223E-037  7.51058489E-042
  1.501990E+01  7.18186741E-029  7.18186736E-029  4.42177552E-037  1.53088478E-041
  1.522300E+01  8.86488160E-029  8.86488153E-029  7.39341074E-037  3.09672940E-041
  1.542880E+01  1.09774081E-028  1.09774080E-028  1.22775288E-036  6.21261541E-041
  1.563750E+01  1.36894582E-028  1.36894580E-028  2.02680643E-036  1.23636447E-040
  1.584890E+01  1.74375697E-028  1.74375693E-028  3.32323363E-036  2.43642510E-040
  1.606320E+01  2.20588920E-028  2.20588915E-028  5.41774902E-036  4.75761575E-040
  1.628050E+01  3.08808262E-028  3.08808253E-028  8.77747228E-036  9.20024563E-040
  1.650060E+01  4.84029466E-028  4.84029452E-028  1.41388705E-035  1.75938469E-039
  1.672370E+01  4.94297130E-028  4.94297108E-028  2.26323344E-035  3.32933688E-039
  1.694990E+01  6.21933780E-028  6.21933744E-028  3.60483476E-035  6.21279817E-039
  1.717910E+01  7.37203971E-028  7.37203914E-028  5.70576665E-035  1.14670811E-038
  1.741140E+01  8.51767031E-028  8.51766941E-028  8.98954101E-035  2.08857582E-038
  1.764680E+01  8.33293169E-028  8.33293028E-028  1.40792318E-034  3.76216481E-038
  1.788550E+01  9.34538078E-028  9.34537858E-028  2.19600506E-034  6.66803854E-038
  1.812730E+01  9.76404498E-028  9.76404157E-028  3.40602589E-034  1.16717896E-037
  1.837240E+01  1.07802741E-027  1.07802689E-027  5.25703996E-034  2.01410859E-037
  1.862090E+01  1.21089972E-027  1.21089891E-027  8.07332695E-034  3.43096651E-037
  1.887270E+01  1.36564734E-027  1.36564610E-027  1.23347374E-033  5.76777008E-037
  1.912790E+01  1.53800959E-027  1.53800771E-027  1.87658866E-033  9.54354715E-037
  1.938650E+01  1.72707197E-027  1.72706913E-027  2.83855736E-033  1.56481327E-036
  1.964870E+01  1.93523977E-027  1.93523549E-027  4.27903404E-033  2.52279266E-036
  1.991440E+01  2.16519140E-027  2.16518498E-027  6.41329741E-033  4.03488275E-036
  2.018370E+01  2.41896142E-027  2.41895184E-027  9.57144472E-033  6.38401486E-036
  2.045660E+01  2.69787997E-027  2.69786574E-027  1.42258891E-032  1.00412257E-035
  2.073320E+01  3.00312029E-027  3.00309922E-027  2.10544169E-032  1.57277942E-035
  2.101360E+01  3.33580814E-027  3.33577709E-027  3.10282786E-032  2.44475387E-035
  2.129770E+01  3.69680915E-027  3.69676356E-027  4.55533302E-032  3.76951029E-035
  2.158570E+01  4.08734504E-027  4.08727838E-027  6.66060247E-032  5.78482031E-035
  2.187760E+01  4.50837344E-027  4.50827637E-027  9.69818944E-032  8.82339196E-035
  2.217350E+01  4.96095431E-027  4.96081355E-027  1.40623746E-031  1.33597724E-034
  2.247330E+01  5.44577216E-027  5.44556885E-027  2.03109808E-031  2.00111564E-034
  2.277720E+01  5.96392409E-027  5.96363159E-027  2.92199737E-031  2.98477342E-034
  2.308520E+01  6.51610796E-027  6.51568895E-027  4.18564481E-031  4.43247997E-034
  2.339740E+01  7.10308703E-027  7.10248937E-027  5.97004713E-031  6.55448868E-034
  2.371370E+01  7.72515683E-027  7.72430755E-027  8.48316167E-031  9.60869891E-034
  2.403440E+01  8.38325427E-027  8.38205273E-027  1.20013851E-030  1.40152729E-033
  2.435940E+01  9.07743836E-027  9.07574621E-027  1.69012422E-030  2.03329390E-033
  2.468880E+01  9.80800632E-027  9.80563281E-027  2.37057656E-030  2.93385101E-033
  2.502270E+01  1.05751686E-026  1.05718562E-026  3.30814510E-030  4.20086237E-033
  2.536100E+01  1.13785023E-026  1.13738946E-026  4.60176645E-030  5.98450912E-033
  2.570400E+01  1.22183943E-026  1.22120191E-026  6.36670772E-030  8.47679868E-033
  2.605150E+01  1.30939132E-026  1.30851410E-026  8.76029692E-030  1.19359406E-032
  2.640380E+01  1.40052157E-026  1.39932075E-026  1.19915214E-029  1.67126809E-032
  2.676090E+01  1.49516007E-026  1.49352468E-026  1.63306964E-029  2.32702224E-032
  2.712270E+01  1.59319732E-026  1.59098151E-026  2.21258664E-029  3.22166928E-032
  2.748950E+01  1.69462605E-026  1.69163847E-026  2.98314080E-029  4.43627853E-032
  2.786120E+01  1.79930706E-026  1.79531123E-026  3.98974637E-029  6.08467244E-032
  2.823800E+01  1.90719581E-026  1.90188392E-026  5.30358657E-029  8.30418096E-032
  2.861980E+01  2.01815807E-026  2.01113632E-026  7.01048192E-029  1.12726896E-031
  2.900680E+01  2.13214553E-026  2.12291503E-026  9.21527081E-029  1.52233231E-031
  2.939910E+01  2.24908997E-026  2.23702366E-026  1.20458534E-028  2.04541108E-031
  2.979660E+01  2.36887375E-026  2.35319113E-026  1.56552719E-028  2.73406849E-031
  3.019950E+01  2.49138418E-026  2.47121178E-026  2.01360100E-028  3.63928267E-031
  3.060790E+01  2.61651746E-026  2.59084687E-026  2.56223517E-028  4.82432243E-031
  3.102180E+01  2.74427080E-026  2.71180822E-026  3.23989330E-028  6.36387654E-031
  3.144130E+01  2.87460958E-026  2.83381832E-026  4.07077175E-028  8.35422887E-031
  3.186640E+01  3.00749746E-026  2.95657207E-026  5.08162556E-028  1.09142542E-030
  3.229730E+01  3.14297033E-026  3.07980542E-026  6.30229844E-028  1.41921361E-030
  3.273410E+01  3.28104580E-026  3.20321301E-026  7.76490901E-028  1.83695233E-030
  3.317670E+01  3.42170303E-026  3.32643923E-026  9.50271430E-028  2.36656651E-030
  3.362530E+01  3.56478311E-026  3.44919064E-026  1.15288704E-027  3.03774560E-030
  3.408000E+01  3.70975751E-026  3.57115730E-026  1.38211031E-027  3.89182069E-030
  3.454090E+01  3.85720696E-026  3.69200759E-026  1.64702946E-027  4.96425609E-030
  3.500800E+01  4.00714783E-026  3.81140544E-026  1.95111932E-027  6.30460126E-030
  3.548130E+01  4.15958460E-026  3.92900429E-026  2.29783108E-027  7.97199647E-030
  3.596110E+01  4.31462358E-026  4.04453425E-026  2.69085506E-027  1.00382252E-029
  3.644740E+01  4.47227567E-026  4.15766063E-026  3.13356313E-027  1.25871726E-029
  3.694030E+01  4.63257905E-026  4.26807837E-026  3.62928843E-027  1.57182983E-029
  3.743980E+01  4.79552345E-026  4.37546102E-026  4.18107684E-027  1.95475048E-029
  3.794610E+01  4.96076772E-026  4.47954204E-026  4.78804293E-027  2.42138201E-029
  3.845920E+01  5.12872488E-026  4.58002300E-026  5.45714401E-027  2.98747428E-029
  3.897920E+01  5.29965332E-026  4.67663388E-026  6.19348094E-027  3.67134251E-029
  3.950630E+01  5.47369887E-026  4.76914056E-026  7.00063965E-027  4.49435130E-029
  4.004050E+01  5.65093285E-026  4.85728785E-026  7.88164352E-027  5.48064747E-029
  4.058200E+01  5.83148644E-026  4.94085216E-026  8.83976063E-027  6.65821719E-029
  4.113080E+01  6.01543649E-026  5.01962496E-026  9.87753171E-027  8.05836006E-029
  4.168690E+01  6.20376715E-026  5.09339226E-026  1.10065375E-026  9.72113591E-029
  4.225060E+01  6.39676399E-026  5.16200663E-026  1.22306993E-026  1.16874196E-028
  4.282200E+01  6.59420908E-026  5.22531977E-026  1.35488868E-026  1.40006350E-028
  4.340100E+01  6.79618037E-026  5.28316398E-026  1.49630585E-026  1.67105293E-028
  4.398790E+01  7.00294285E-026  5.33544587E-026  1.64762257E-026  1.98744076E-028
  4.458270E+01  7.21460720E-026  5.38205923E-026  1.80899423E-026  2.35537373E-028
  4.518560E+01  7.43213260E-026  5.42293824E-026  1.98137021E-026  2.78241455E-028
  4.579660E+01  7.65930500E-026  5.45801903E-026  2.16849135E-026  3.27946121E-028
  4.641590E+01  7.89294640E-026  5.48726247E-026  2.36716209E-026  3.85218445E-028
  4.704350E+01  8.13318028E-026  5.51064792E-026  2.57743649E-026  4.50958766E-028
  4.767970E+01  8.38028020E-026  5.52819305E-026  2.79946965E-026  5.26174883E-028
  4.832440E+01  8.63423706E-026  5.53990719E-026  3.03314061E-026  6.11892601E-028
  4.897790E+01  8.89525290E-026  5.54583555E-026  3.27849069E-026  7.09266538E-028
  4.964020E+01  9.16329515E-026  5.54602998E-026  3.53531833E-026  8.19468329E-028
  5.031140E+01  9.44173815E-026  5.54057665E-026  3.80672900E-026  9.44324961E-028
  5.099180E+01  9.73185865E-026  5.52954718E-026  4.09375763E-026  1.08553829E-027
  5.168130E+01  1.00301391E-025  5.51306781E-026  4.39267497E-026  1.24396296E-027
  5.238010E+01  1.03411734E-025  5.49125592E-026  4.70770555E-026  1.42211889E-027
  5.308840E+01  1.06607739E-025  5.46423795E-026  5.03445305E-026  1.62082933E-027
  5.380630E+01  1.09887570E-025  5.43216937E-026  5.37241701E-026  1.84170645E-027
  5.453390E+01  1.13304872E-025  5.39520641E-026  5.72651359E-026  2.08767242E-027
  5.527130E+01  1.16816476E-025  5.35352297E-026  6.09215777E-026  2.35966812E-027
  5.601870E+01  1.20411006E-025  5.30729521E-026  6.46787939E-026  2.65925997E-027
  5.677620E+01  1.24130827E-025  5.25671746E-026  6.85737716E-026  2.98988127E-027
  5.754400E+01  1.27970019E-025  5.20197415E-026  7.25967343E-026  3.35354293E-027
  5.832210E+01  1.31886088E-025  5.14328510E-026  7.67025939E-026  3.75064261E-027
  5.911080E+01  1.35883121E-025  5.08084335E-026  8.08912801E-026  4.18340778E-027
  5.991010E+01  1.40041213E-025  5.01487897E-026  8.52341164E-026  4.65830687E-027
  6.072020E+01  1.44266547E-025  4.94559698E-026  8.96378150E-026  5.17276221E-027
  6.154130E+01  1.48551507E-025  4.87321579E-026  9.40910516E-026  5.72829724E-027
  6.237350E+01  1.52929573E-025  4.79795687E-026  9.86215799E-026  6.32842419E-027
  6.321690E+01  1.57405077E-025  4.72004858E-026  1.03229146E-025  6.97544487E-027
  6.407180E+01  1.61961260E-025  4.63969857E-026  1.07891971E-025  7.67230359E-027
  6.493820E+01  1.66580420E-025  4.55713886E-026  1.12589205E-025  8.41982625E-027
  6.581630E+01  1.71274323E-025  4.47258290E-026  1.17329115E-025  9.21937888E-027
  6.670630E+01  1.76014008E-025  4.38624700E-026  1.22080639E-025  1.00708998E-026
  6.760830E+01  1.80809050E-025  4.29834527E-026  1.26848472E-025  1.09771246E-026
  6.852250E+01  1.85627323E-025  4.20908008E-026  1.31599446E-025  1.19370760E-026
  6.944910E+01  1.90483276E-025  4.11865427E-026  1.36339122E-025  1.29576116E-026
  7.038820E+01  1.95360242E-025  4.02727145E-026  1.41053369E-025  1.40341586E-026
  7.134000E+01  2.00263058E-025  3.93511950E-026  1.45743212E-025  1.51686511E-026
  7.230470E+01  2.05162560E-025  3.84238895E-026  1.50373337E-025  1.63653330E-026
  7.328250E+01  2.10041183E-025  3.74925346E-026  1.54930217E-025  1.76184306E-026
  7.427340E+01  2.14917884E-025  3.65590494E-026  1.59428092E-025  1.89307420E-026
  7.527780E+01  2.19727327E-025  3.56248649E-026  1.63807489E-025  2.02949735E-026
  7.629570E+01  2.24545841E-025  3.46917458E-026  1.68133620E-025  2.17204761E-026
  7.732740E+01  2.29255683E-025  3.37611492E-026  1.72302136E-025  2.31923973E-026
  7.837300E+01  2.33961171E-025  3.28345489E-026  1.76395815E-025  2.47308064E-026
  7.943280E+01  2.38556677E-025  3.19132345E-026  1.80326993E-025  2.63164491E-026
  8.050690E+01  2.43078517E-025  3.09985650E-026  1.84127783E-025  2.79521691E-026
  8.159560E+01  2.47525652E-025  3.00916914E-026  1.87796843E-025  2.96371180E-026
  8.269900E+01  2.51808647E-025  2.91937771E-026  1.91259109E-025  3.13557601E-026
  8.381720E+01  2.56079646E-025  2.83059922E-026  1.94636816E-025  3.31368385E-026
  8.495060E+01  2.60161651E-025  2.74291351E-026  1.97788553E-025  3.49439629E-026
  8.609940E+01  2.64144581E-025  2.65641475E-026  2.00791014E-025  3.67894191E-026
  8.726360E+01  2.68016218E-025  2.57120054E-026  2.03635450E-025  3.86687624E-026
  8.844370E+01  2.71668538E-025  2.48732447E-026  2.06235790E-025  4.05595035E-026
  8.963960E+01  2.75271148E-025  2.40487593E-026  2.08719494E-025  4.25028946E-026
  9.085180E+01  2.78659098E-025  2.32390285E-026  2.10965499E-025  4.44545714E-026
  9.208030E+01  2.81837123E-025  2.24446798E-026  2.12982443E-025  4.64100004E-026
  9.332540E+01  2.84920437E-025  2.16661845E-026  2.14861842E-025  4.83924102E-026
  9.458740E+01  2.87743124E-025  2.09039005E-026  2.16479468E-025  5.03597550E-026
  9.586650E+01  2.90386391E-025  2.01582002E-026  2.17896595E-025  5.23315956E-026
  9.716280E+01  2.92902317E-025  1.94294988E-026  2.19151233E-025  5.43215854E-026
  9.847670E+01  2.95138818E-025  1.87179347E-026  2.20141492E-025  5.62793914E-026
  9.980830E+01  2.97086065E-025  1.80237548E-026  2.20866208E-025  5.81961021E-026
  1.011580E+02  2.98997625E-025  1.73470635E-026  2.21518372E-025  6.01321899E-026
  1.025260E+02  3.00662514E-025  1.66879537E-026  2.21946520E-025  6.20280406E-026
  1.039120E+02  3.02246111E-025  1.60467445E-026  2.22286659E-025  6.39127077E-026
  1.053170E+02  3.03848569E-025  1.54230942E-026  2.22620701E-025  6.58047745E-026
  1.067420E+02  3.05192316E-025  1.48166811E-026  2.22740712E-025  6.76349234E-026
  1.081850E+02  3.06261230E-025  1.42283898E-026  2.22643560E-025  6.93892800E-026
  1.096480E+02  3.07066433E-025  1.36573942E-026  2.22344699E-025  7.10643400E-026
  1.111310E+02  3.07606698E-025  1.31036850E-026  2.21851433E-025  7.26515793E-026
  1.126330E+02  3.07876881E-025  1.25675672E-026  2.21168913E-025  7.41404015E-026
  1.141560E+02  3.08507057E-025  1.20482194E-026  2.20791743E-025  7.56670945E-026
  1.157000E+02  3.08955654E-025  1.15455550E-026  2.20306664E-025  7.71034348E-026
  1.172650E+02  3.09195601E-025  1.10594458E-026  2.19701393E-025  7.84347626E-026
  1.188500E+02  3.09431226E-025  1.05900164E-026  2.19128127E-025  7.97130824E-026
  1.204570E+02  3.09698711E-025  1.01364733E-026  2.18615503E-025  8.09467350E-026
  1.220860E+02  3.09791126E-025  9.69862156E-027  2.18026004E-025  8.20665006E-026
  1.237370E+02  3.09715137E-025  9.27625348E-027  2.17372345E-025  8.30665388E-026
  1.254100E+02  3.09774390E-025  8.86913032E-027  2.16826871E-025  8.40783894E-026
  1.271060E+02  3.09653212E-025  8.47674710E-027  2.16181155E-025  8.49953099E-026
  1.288250E+02  3.09276917E-025  8.09885696E-027  2.15388372E-025  8.57896880E-026
  1.305670E+02  3.08624612E-025  7.73517728E-027  2.14432147E-025  8.64572879E-026
  1.323330E+02  3.07674825E-025  7.38523142E-027  2.13293212E-025  8.69963824E-026
  1.341220E+02  3.06396427E-025  7.04891857E-027  2.11945342E-025  8.74021661E-026
  1.359360E+02  3.04453043E-025  6.72555836E-027  2.09920756E-025  8.78067286E-026
  1.377740E+02  3.01728215E-025  6.41503980E-027  2.07105127E-025  8.82080479E-026
  1.396370E+02  2.98483227E-025  6.11689028E-027  2.03882053E-025  8.84842837E-026
  1.415250E+02  2.94727447E-025  5.83080018E-027  2.00262827E-025  8.86338202E-026
  1.434390E+02  2.90481199E-025  5.55631079E-027  1.96267957E-025  8.86569308E-026
  1.453780E+02  2.85768038E-025  5.29325837E-027  1.91923046E-025  8.85517341E-026
  1.473440E+02  2.80624123E-025  5.04105936E-027  1.87262519E-025  8.83205447E-026
  1.493370E+02  2.75087601E-025  4.79942455E-027  1.82324608E-025  8.79635687E-026
  1.513560E+02  2.69299330E-025  4.56816232E-027  1.77028664E-025  8.77025038E-026
  1.534030E+02  2.63413341E-025  4.34673670E-027  1.71631901E-025  8.74347037E-026
  1.554770E+02  2.57436560E-025  4.13496184E-027  1.66247576E-025  8.70540215E-026
  1.575800E+02  2.51392207E-025  3.93234335E-027  1.60896282E-025  8.65635817E-026
  1.597100E+02  2.45297020E-025  3.73876860E-027  1.55594928E-025  8.59633233E-026
  1.618700E+02  2.39170050E-025  3.55368726E-027  1.50358729E-025  8.52576337E-026
  1.640590E+02  2.33024548E-025  3.37690623E-027  1.45199738E-025  8.44479034E-026
  1.662770E+02  2.26873080E-025  3.20814211E-027  1.40128102E-025  8.35368359E-026
  1.685260E+02  2.20727940E-025  3.04697807E-027  1.35152349E-025  8.25286130E-026
  1.708050E+02  2.14597828E-025  2.89322064E-027  1.30278951E-025  8.14256565E-026
  1.731140E+02  2.08491293E-025  2.74660549E-027  1.25513069E-025  8.02316189E-026
  1.754550E+02  2.02551760E-025  2.60675158E-027  1.20929866E-025  7.90151426E-026
  1.778280E+02  1.97192449E-025  2.47341947E-027  1.16737462E-025  7.79815671E-026
  1.802330E+02  1.91852975E-025  2.34637105E-027  1.12634304E-025  7.68722998E-026
  1.826700E+02  1.86537612E-025  2.22536696E-027  1.08621377E-025  7.56908677E-026
  1.851400E+02  1.81250717E-025  2.11013077E-027  1.04699450E-025  7.44411363E-026
  1.876430E+02  1.75996652E-025  2.00043926E-027  1.00869360E-025  7.31268529E-026
  1.901810E+02  1.70779746E-025  1.89599424E-027  9.71313492E-026  7.17524027E-026
  1.927530E+02  1.65603889E-025  1.79663395E-027  9.34859471E-026  7.03213083E-026
  1.953590E+02  1.60473383E-025  1.70215327E-027  8.99335647E-026  6.88376652E-026
  1.980010E+02  1.55392168E-025  1.61228474E-027  8.64739909E-026  6.73058918E-026
  2.006780E+02  1.50476468E-025  1.52687474E-027  8.31615488E-026  6.57880448E-026
  2.033920E+02  1.45941784E-025  1.44567972E-027  8.00913694E-026  6.44047345E-026
  2.061420E+02  1.41445840E-025  1.36855536E-027  7.70931288E-026  6.29841562E-026
  2.089300E+02  1.36992858E-025  1.29527480E-027  7.41675232E-026  6.15300601E-026
  2.117550E+02  1.32587274E-025  1.22570461E-027  7.13156217E-026  6.00459480E-026
  2.146180E+02  1.28232899E-025  1.15966104E-027  6.85377408E-026  5.85354970E-026
  2.175200E+02  1.23933318E-025  1.09696938E-027  6.58341010E-026  5.70022481E-026
  2.204620E+02  1.19691964E-025  1.03746649E-027  6.32048089E-026  5.54496886E-026
  2.234430E+02  1.15512471E-025  9.81032165E-028  6.06501837E-026  5.38812553E-026
  2.264640E+02  1.11467835E-025  9.27511603E-028  5.81699638E-026  5.23703594E-026
  2.295270E+02  1.07565249E-025  8.76743947E-028  5.57635512E-026  5.09249536E-026
  2.326310E+02  1.03730248E-025  8.28622078E-028  5.34308052E-026  4.94708211E-026
  2.357760E+02  9.99651338E-026  7.83026113E-028  5.11713370E-026  4.80107707E-026
  2.389640E+02  9.62714195E-026  7.39812633E-028  4.89840890E-026  4.65475179E-026
  2.421960E+02  9.26527903E-026  6.98861906E-028  4.68682264E-026  4.50857020E-026
  2.454710E+02  8.91105247E-026  6.60082594E-028  4.48231353E-026  4.36273068E-026
  2.487900E+02  8.56397065E-026  6.23361484E-028  4.28478300E-026  4.21685150E-026
  2.521540E+02  8.22558595E-026  5.88592894E-028  4.09964024E-026  4.06708642E-026
  2.555640E+02  7.89595763E-026  5.55676386E-028  3.92372979E-026  3.91666020E-026
  2.590200E+02  7.57360983E-026  5.24524059E-028  3.75362961E-026  3.76752781E-026
  2.625230E+02  7.26413850E-026  4.95044806E-028  3.58925861E-026  3.62537541E-026
  2.660730E+02  6.96403244E-026  4.67158872E-028  3.43054362E-026  3.48677293E-026
  2.696700E+02  6.67127696E-026  4.40789413E-028  3.27740931E-026  3.34978871E-026
  2.733170E+02  6.38586938E-026  4.15841979E-028  3.12971920E-026  3.21456598E-026
  2.770130E+02  6.11451644E-026  3.92255937E-028  2.98739712E-026  3.08789372E-026
  2.807590E+02  5.85569117E-026  3.69958116E-028  2.85033455E-026  2.96836081E-026
  2.845550E+02  5.60392873E-026  3.48885684E-028  2.71842702E-026  2.85061314E-026
  2.884030E+02  5.35919350E-026  3.28967756E-028  2.59154366E-026  2.73475306E-026
  2.923030E+02  5.12147867E-026  3.10148058E-028  2.46957503E-026  2.62088883E-026
  2.962560E+02  4.89075282E-026  2.92367199E-028  2.35239687E-026  2.50911922E-026
  3.002620E+02  4.66815177E-026  2.75574065E-028  2.24013279E-026  2.40046157E-026
  3.043220E+02  4.46782200E-026  2.59714946E-028  2.13545520E-026  2.30639530E-026
  3.084370E+02  4.27348083E-026  2.44739167E-028  2.03486412E-026  2.21414280E-026
  3.126080E+02  4.08506720E-026  2.30598466E-028  1.93824882E-026  2.12375853E-026
  3.168350E+02  3.90254195E-026  2.17251603E-028  1.84551536E-026  2.03530143E-026
  3.211200E+02  3.72581758E-026  2.04651507E-028  1.75654220E-026  1.94881023E-026
  3.254620E+02  3.55485024E-026  1.92763145E-028  1.67124161E-026  1.86433231E-026
  3.298630E+02  3.38954634E-026  1.81545053E-028  1.58949492E-026  1.78189691E-026
  3.343230E+02  3.22982946E-026  1.70962610E-028  1.51119988E-026  1.70153332E-026
  3.388440E+02  3.07559606E-026  1.60978436E-028  1.43624210E-026  1.62325612E-026
  3.434260E+02  2.92676089E-026  1.51561919E-028  1.36451958E-026  1.54708511E-026
  3.480700E+02  2.78322587E-026  1.42681430E-028  1.29592663E-026  1.47303110E-026
  3.527770E+02  2.65259520E-026  1.34307435E-028  1.23035695E-026  1.40880750E-026
  3.575470E+02  2.52925757E-026  1.26413490E-028  1.16874661E-026  1.34786961E-026
  3.623820E+02  2.41079582E-026  1.18971081E-028  1.11028004E-026  1.28861868E-026
  3.672820E+02  2.29663731E-026  1.11956668E-028  1.05438531E-026  1.23105633E-026
  3.722490E+02  2.18668036E-026  1.05344888E-028  1.00096964E-026  1.17517623E-026
  3.772830E+02  2.08083506E-026  9.91144918E-029  9.49949460E-027  1.12097415E-026
  3.823840E+02  1.97901252E-026  9.32453400E-029  9.01244188E-027  1.06844380E-026
  3.875550E+02  1.88109547E-026  8.77146966E-029  8.54759831E-027  1.01756417E-026
  3.927960E+02  1.78699250E-026  8.25047373E-029  8.10418115E-027  9.68323916E-027
  3.981070E+02  1.69661103E-026  7.75982641E-029  7.68141614E-027  9.20709585E-027
  4.034910E+02  1.61395423E-026  7.29762670E-029  7.27844621E-027  8.78811983E-027
  4.089470E+02  1.53505800E-026  6.86244703E-029  6.89455873E-027  8.38739682E-027
  4.144770E+02  1.45951170E-026  6.45266038E-029  6.53076257E-027  7.99982781E-027
  4.200810E+02  1.38764808E-026  6.06689930E-029  6.19054572E-027  7.62526610E-027
  4.257620E+02  1.31867690E-026  5.70366553E-029  5.86629162E-027  7.26344077E-027
  4.315190E+02  1.25252575E-026  5.36180428E-029  5.55742665E-027  6.91421278E-027
  4.373540E+02  1.18910382E-026  5.04002976E-029  5.26331680E-027  6.57732115E-027
  4.432680E+02  1.12832797E-026  4.73719861E-029  4.98335657E-027  6.25255114E-027
  4.492620E+02  1.07039177E-026  4.45222374E-029  4.71696892E-027  5.94242659E-027
  4.553370E+02  1.01699222E-026  4.18408220E-029  4.46359210E-027  5.66448923E-027
  4.614950E+02  9.65851254E-027  3.93177020E-029  4.22265789E-027  5.39653694E-027
  4.677350E+02  9.16903199E-027  3.69445217E-029  3.99368062E-027  5.13840684E-027
  4.740600E+02  8.70065797E-027  3.47119283E-029  3.77610520E-027  4.88984084E-027
  4.804700E+02  8.25270611E-027  3.26121319E-029  3.56945859E-027  4.65063538E-027
  4.869680E+02  7.82439699E-027  3.06368915E-029  3.37322676E-027  4.42053334E-027
  4.935520E+02  7.41513761E-027  2.87798252E-029  3.18699574E-027  4.19936204E-027
  5.002260E+02  7.02494506E-027  2.70333105E-029  3.01050996E-027  3.98740178E-027
  5.069910E+02  6.66914739E-027  2.53909301E-029  2.84796241E-027  3.79579404E-027
  5.138460E+02  6.32901784E-027  2.38471319E-029  2.69353692E-027  3.61163378E-027
  5.207950E+02  6.00392274E-027  2.23955115E-029  2.54684278E-027  3.43468445E-027
  5.278370E+02  5.69336455E-027  2.10311336E-029  2.40756168E-027  3.26477173E-027
  5.349750E+02  5.39676522E-027  1.97485285E-029  2.27533986E-027  3.10167683E-027
  5.422090E+02  5.11363098E-027  1.85431210E-029  2.14987336E-027  2.94521451E-027
  5.495410E+02  4.84488951E-027  1.74102211E-029  2.03084540E-027  2.79663389E-027
  5.569720E+02  4.59437319E-027  1.63456166E-029  1.91796126E-027  2.66006631E-027
  5.645040E+02  4.35532616E-027  1.53451666E-029  1.81093096E-027  2.52905003E-027
  5.721370E+02  4.12732761E-027  1.44052422E-029  1.70949256E-027  2.40342980E-027
  5.798740E+02  3.90990821E-027  1.35220636E-029  1.61336700E-027  2.28301914E-027
  5.877150E+02  3.70266761E-027  1.26924061E-029  1.52231266E-027  2.16766255E-027
  5.956620E+02  3.50518663E-027  1.19130201E-029  1.43608271E-027  2.05719090E-027
  6.037170E+02  3.31928731E-027  1.11808678E-029  1.35443991E-027  1.95366652E-027
  6.118810E+02  3.14314849E-027  1.04931641E-029  1.27716462E-027  1.85549071E-027
  6.201550E+02  2.97545396E-027  9.84730230E-030  1.20404654E-027  1.76156012E-027
  6.285410E+02  2.81719124E-027  9.24072287E-030  1.13487498E-027  1.67307554E-027
  6.370400E+02  2.66653768E-027  8.67111901E-030  1.06945847E-027  1.58840809E-027
  6.456540E+02  2.52427680E-027  8.13624164E-030  1.00760660E-027  1.50853396E-027
  6.543850E+02  2.38900396E-027  7.63397133E-030  9.49139098E-028  1.43223089E-027
  6.632340E+02  2.26085278E-027  7.16238654E-030  8.93886578E-028  1.35980382E-027
  6.722020E+02  2.13928464E-027  6.71966866E-030  8.41686969E-028  1.29087801E-027
  6.812920E+02  2.02401842E-027  6.30401279E-030  7.92379592E-028  1.22533481E-027
  6.905050E+02  1.91498260E-027  5.91381416E-030  7.45817441E-028  1.16325134E-027
  6.998420E+02  1.81133565E-027  5.54755500E-030  7.01860843E-028  1.10392726E-027
  7.093060E+02  1.71539221E-027  5.20375215E-030  6.61780922E-028  1.04840753E-027
  7.188970E+02  1.62417993E-027  4.88108841E-030  6.23909850E-028  9.95388990E-028
  7.286180E+02  1.53741900E-027  4.57825360E-030  5.88096305E-028  9.44744446E-028
  7.384710E+02  1.45491084E-027  4.29403244E-030  5.54236186E-028  8.96380622E-028
  7.484570E+02  1.37647154E-027  4.02731491E-030  5.22231516E-028  8.50212708E-028
  7.585780E+02  1.30267451E-027  3.77703197E-030  4.91986824E-028  8.06910653E-028
  7.688350E+02  1.23267397E-027  3.54220276E-030  4.63413453E-028  7.65718310E-028
  7.792320E+02  1.16614665E-027  3.32183633E-030  4.36421025E-028  7.26403790E-028
  7.897690E+02  1.10294484E-027  3.11509196E-030  4.10931497E-028  6.88898247E-028
  8.004480E+02  1.04312396E-027  2.92113478E-030  3.86864959E-028  6.53337871E-028
  8.112720E+02  9.86803911E-028  2.73916227E-030  3.64145968E-028  6.19918781E-028
  8.222430E+02  9.33315362E-028  2.56844281E-030  3.42703477E-028  5.88043442E-028
  8.333610E+02  8.82532101E-028  2.40831629E-030  3.22472232E-028  5.57651553E-028
  8.446300E+02  8.34323141E-028  2.25810561E-030  3.03385751E-028  5.28679285E-028
  8.560520E+02  7.88567201E-028  2.11720444E-030  2.85382646E-028  5.01067351E-028
  8.676280E+02  7.45151949E-028  1.98505199E-030  2.68405920E-028  4.74760977E-028
  8.793600E+02  7.03966550E-028  1.86110965E-030  2.52400398E-028  4.49705042E-028
  8.912510E+02  6.64902812E-028  1.74486780E-030  2.37312765E-028  4.25845180E-028
  9.033030E+02  6.28021550E-028  1.63585104E-030  2.23093144E-028  4.03292554E-028
  9.155180E+02  5.93424337E-028  1.53361493E-030  2.09694425E-028  3.82196297E-028
  9.278980E+02  5.60618071E-028  1.43774577E-030  1.97071500E-028  3.62108825E-028
  9.404450E+02  5.29517295E-028  1.34784649E-030  1.85182081E-028  3.42987367E-028
  9.531620E+02  5.00037501E-028  1.26355103E-030  1.73985005E-028  3.24788944E-028
  9.660510E+02  4.72099880E-028  1.18450882E-030  1.63442036E-028  3.07473335E-028
  9.791140E+02  4.45629543E-028  1.11039864E-030  1.53517103E-028  2.91002041E-028
  9.923540E+02  4.20553454E-028  1.04091117E-030  1.44175151E-028  2.75337392E-028
  1.005770E+03  3.97123143E-028  9.75776760E-031  1.35481841E-028  2.60665525E-028
  1.019370E+03  3.75308188E-028  9.14699809E-031  1.27412165E-028  2.46981323E-028
  1.033160E+03  3.54621971E-028  8.57413772E-031  1.19805635E-028  2.33958922E-028
  1.047130E+03  3.35020097E-028  8.03735113E-031  1.12640541E-028  2.21575821E-028
  1.061290E+03  3.16442650E-028  7.53410019E-031  1.05890264E-028  2.09798976E-028
  1.075640E+03  2.98841224E-028  7.06237758E-031  9.95325096E-029  1.98602477E-028
  1.090180E+03  2.82168836E-028  6.62029521E-031  9.35459100E-029  1.87960896E-028
  1.104930E+03  2.66368306E-028  6.20551906E-031  8.79059684E-029  1.77841786E-028
  1.119870E+03  2.51410314E-028  5.81697051E-031  8.25981977E-029  1.68230419E-028
  1.135010E+03  2.37247888E-028  5.45281129E-031  7.76021805E-029  1.59100427E-028
  1.150360E+03  2.23837317E-028  5.11135038E-031  7.28991708E-029  1.50427011E-028
  1.165910E+03  2.11146839E-028  4.79144789E-031  6.84746589E-029  1.42193036E-028
  1.181680E+03  1.99132208E-028  4.49141453E-031  6.43102180E-029  1.34372849E-028
  1.197660E+03  1.87764671E-028  4.21025647E-031  6.03929179E-029  1.26950727E-028
  1.213850E+03  1.77177231E-028  3.94682794E-031  5.67397727E-029  1.20042776E-028
  1.230270E+03  1.67182801E-028  3.69975872E-031  5.33062234E-029  1.13506602E-028
  1.246900E+03  1.57812731E-028  3.46836069E-031  5.00910103E-029  1.07374884E-028
  1.263770E+03  1.49048601E-028  3.25128983E-031  4.70819826E-029  1.01641490E-028
  1.280860E+03  1.40752699E-028  3.04793966E-031  4.42501043E-029  9.61978004E-029
  1.298180E+03  1.32898822E-028  2.85736748E-031  4.15846307E-029  9.10284545E-029
  1.315730E+03  1.25465259E-028  2.67879629E-031  3.90763373E-029  8.61210418E-029
  1.333520E+03  1.18428774E-028  2.51140811E-031  3.67157023E-029  8.14619308E-029
  1.351550E+03  1.11769723E-028  2.35453063E-031  3.44945942E-029  7.70396757E-029
  1.369830E+03  1.05467394E-028  2.20745169E-031  3.24045413E-029  7.28421077E-029
  1.388350E+03  9.95060458E-029  2.06965761E-031  3.04389020E-029  6.88601781E-029
  1.407130E+03  9.38648443E-029  1.94044821E-031  2.85895097E-029  6.50812898E-029
  1.426150E+03  8.85313449E-029  1.81943731E-031  2.68509408E-029  6.14984604E-029
  1.445440E+03  8.34851388E-029  1.70594457E-031  2.52154294E-029  5.80991149E-029
  1.464990E+03  7.87134136E-029  1.59958168E-031  2.36776794E-029  5.48757760E-029
  1.484800E+03  7.42023172E-029  1.49991367E-031  2.22321265E-029  5.18201993E-029
  1.504870E+03  6.99827769E-029  1.40653448E-031  2.08808400E-029  4.89612834E-029
  1.525220E+03  6.61219453E-029  1.31897502E-031  1.96310690E-029  4.63589788E-029
  1.545850E+03  6.24666124E-029  1.23688665E-031  1.84545844E-029  4.38883393E-029
  1.566750E+03  5.90076376E-029  1.15998062E-031  1.73476372E-029  4.15440023E-029
  1.587940E+03  5.57331354E-029  1.08786949E-031  1.63057347E-029  3.93186137E-029
  1.609410E+03  5.26348489E-029  1.02029760E-031  1.53255242E-029  3.72072950E-029
  1.631170E+03  4.97029895E-029  9.56959649E-032  1.44032649E-029  3.52040286E-029
  1.653230E+03  4.69284869E-029  8.97573905E-032  1.35355000E-029  3.33032295E-029
  1.675590E+03  4.43033918E-029  8.41901911E-032  1.27191603E-029  3.15000412E-029
  1.698240E+03  4.18208316E-029  7.89743221E-032  1.19515375E-029  2.97903197E-029
  1.721210E+03  3.94716507E-029  7.40819033E-032  1.12293056E-029  2.81682632E-029
  1.744480E+03  3.72502746E-029  6.94974942E-032  1.05502568E-029  2.66305203E-029
  1.768070E+03  3.51491018E-029  6.51987541E-032  9.91160811E-030  2.51722950E-029
  1.791980E+03  3.31620221E-029  6.11684435E-032  9.31107085E-030  2.37897828E-029
  1.816210E+03  3.12831860E-029  5.73904576E-032  8.74647672E-030  2.24793188E-029
  1.840770E+03  2.95066254E-029  5.38479683E-032  8.21563622E-030  2.12371412E-029
  1.865660E+03  2.78271051E-029  5.05268294E-032  7.71662717E-030  2.00599511E-029
  1.890890E+03  2.62392282E-029  4.74124384E-032  7.24751437E-030  1.89443014E-029
  1.916460E+03  2.47383204E-029  4.44923320E-032  6.80658468E-030  1.78872434E-029
  1.942380E+03  2.33195566E-029  4.17537723E-032  6.39212817E-030  1.68856747E-029
  1.968640E+03  2.19790011E-029  3.91867521E-032  6.00270283E-030  1.59371115E-029
  1.995260E+03  2.07120050E-029  3.67790504E-032  5.63669985E-030  1.50385261E-029
  2.022240E+03  1.95816134E-029  3.45210822E-032  5.31878083E-030  1.42283115E-029
  2.049590E+03  1.85247680E-029  3.24030969E-032  5.02399876E-030  1.34683661E-029
  2.077300E+03  1.75235191E-029  3.04173895E-032  4.74549361E-030  1.27476081E-029
  2.105390E+03  1.65746762E-029  2.85545922E-032  4.48228925E-030  1.20638323E-029
  2.133860E+03  1.56756615E-029  2.68073684E-032  4.23358289E-030  1.14152712E-029
  2.162720E+03  1.48238279E-029  2.51681687E-032  3.99855870E-030  1.08001010E-029
  2.191960E+03  1.40169956E-029  2.36311023E-032  3.77653945E-030  1.02168251E-029
  2.221600E+03  1.32525938E-029  2.21889555E-032  3.56674447E-030  9.66366036E-030
  2.251650E+03  1.25283768E-029  2.08356164E-032  3.36849330E-030  9.13904786E-030
  2.282090E+03  1.18426220E-029  1.95666425E-032  3.18125007E-030  8.64180525E-030
  2.312950E+03  1.11929948E-029  1.83757174E-032  3.00431897E-030  8.17030008E-030
  2.344230E+03  1.05777093E-029  1.72582261E-032  2.83715236E-030  7.72329872E-030
  2.375930E+03  9.99504934E-030  1.62097531E-032  2.67924010E-030  7.29959949E-030
  2.408060E+03  9.44326662E-030  1.52258593E-032  2.53005612E-030  6.89798465E-030
  2.440620E+03  8.92081951E-030  1.43026871E-032  2.38913694E-030  6.51737988E-030
  2.473620E+03  8.42613172E-030  1.34363182E-032  2.25601833E-030  6.15667708E-030
  2.507070E+03  7.97046468E-030  1.26231152E-032  2.13026272E-030  5.82757885E-030
  2.540970E+03  7.54147347E-030  1.18599230E-032  2.01147660E-030  5.51813695E-030
  2.575330E+03  7.13494591E-030  1.11435376E-032  1.89926951E-030  5.22453287E-030
  2.610160E+03  6.74969885E-030  1.04709686E-032  1.79327319E-030  4.94595469E-030
  2.645450E+03  6.38473763E-030  9.83981909E-033  1.69317400E-030  4.68172382E-030
  2.681230E+03  6.03886660E-030  9.24708598E-033  1.59860758E-030  4.43101193E-030
  2.717480E+03  5.71124514E-030  8.69081462E-033  1.50930827E-030  4.19324606E-030
  2.754230E+03  5.40080179E-030  8.16839749E-033  1.42495270E-030  3.96768069E-030
  2.791470E+03  5.10672893E-030  7.67796169E-033  1.34529102E-030  3.75375995E-030
  2.829220E+03  4.82811857E-030  7.21735406E-033  1.27004814E-030  3.55085308E-030
  2.867480E+03  4.56419629E-030  6.78482362E-033  1.19898726E-030  3.35842420E-030
  2.906250E+03  4.31422321E-030  6.37869617E-033  1.13188277E-030  3.17596175E-030
  2.945550E+03  4.07742661E-030  5.99722247E-033  1.06850558E-030  3.00292380E-030
  2.985380E+03  3.85314719E-030  5.63892715E-033  1.00865569E-030  2.83885258E-030
  3.025750E+03  3.64606686E-030  5.30237457E-033  9.52134539E-031  2.68862994E-030
  3.066670E+03  3.45268358E-030  4.98619772E-033  8.98756761E-031  2.54894062E-030
  3.108140E+03  3.26934509E-030  4.68920466E-033  8.48353721E-031  2.41630217E-030
  3.150170E+03  3.09552786E-030  4.41019513E-033  8.00760074E-031  2.29035759E-030
  3.192760E+03  2.93075548E-030  4.14809995E-033  7.55823344E-031  2.17078404E-030
  3.235940E+03  2.77451177E-030  3.90175989E-033  7.13383097E-031  2.05722691E-030
  3.279690E+03  2.62641824E-030  3.67035626E-033  6.73316955E-031  1.94943093E-030
  3.324040E+03  2.48600955E-030  3.45285952E-033  6.35481904E-031  1.84707479E-030
  3.368990E+03  2.35290358E-030  3.24846286E-033  5.99757922E-031  1.74989719E-030
  3.414550E+03  2.22672378E-030  3.05635187E-033  5.66027566E-031  1.65763986E-030
  3.460720E+03  2.10712356E-030  2.87580956E-033  5.34182818E-031  1.57006494E-030
  3.507520E+03  1.99374664E-030  2.70609107E-033  5.04115222E-031  1.48692533E-030
  3.554950E+03  1.88628198E-030  2.54655748E-033  4.75728303E-031  1.40800712E-030
  3.603020E+03  1.78442520E-030  2.39658703E-033  4.48929180E-031  1.33309943E-030
  3.651740E+03  1.68788457E-030  2.25559514E-033  4.23628702E-031  1.26200027E-030
  3.701120E+03  1.59638299E-030  2.12302921E-033  3.99743073E-031  1.19451689E-030
  3.751170E+03  1.50966001E-030  1.99837552E-033  3.77193687E-031  1.13046795E-030
  3.801890E+03  1.42747754E-030  1.88117676E-033  3.55908369E-031  1.06968799E-030
  3.853300E+03  1.34959084E-030  1.77095453E-033  3.35814070E-031  1.01200582E-030
  3.905410E+03  1.27577804E-030  1.66728559E-033  3.16844686E-031  9.57266072E-031
  3.958220E+03  1.20583648E-030  1.56979217E-033  2.98939415E-031  9.05327276E-031
  4.011750E+03  1.14023344E-030  1.47808347E-033  2.82037117E-031  8.56718237E-031
  4.065990E+03  1.08026439E-030  1.39183924E-033  2.66085038E-031  8.12787508E-031
  4.120980E+03  1.02336585E-030  1.31068700E-033  2.51025695E-031  7.71029468E-031
  4.176700E+03  9.69398783E-031  1.23435957E-033  2.36813534E-031  7.31350890E-031
  4.233180E+03  9.18201763E-031  1.16254059E-033  2.23398798E-031  6.93640425E-031
  4.290420E+03  8.69638759E-031  1.09497260E-033  2.10738171E-031  6.57805615E-031
  4.348440E+03  8.23570555E-031  1.03138671E-033  1.98788446E-031  6.23750722E-031
  4.407240E+03  7.79874328E-031  9.71558534E-034  1.87511152E-031  5.91391617E-031
  4.466840E+03  7.38425129E-031  9.15250633E-034  1.76867769E-031  5.60642109E-031
  4.527240E+03  6.99112271E-031  8.62263557E-034  1.66823879E-031  5.31426129E-031
  4.588460E+03  6.61823318E-031  8.12389951E-034  1.57345330E-031  5.03665598E-031
  4.650500E+03  6.26458523E-031  7.65452391E-034  1.48401235E-031  4.77291835E-031
  4.713390E+03  5.92913363E-031  7.21261822E-034  1.39960322E-031  4.52231778E-031
  4.777130E+03  5.61099151E-031  6.79662381E-034  1.31995400E-031  4.28424089E-031
  4.841720E+03  5.30929966E-031  6.40506849E-034  1.24480395E-031  4.05809064E-031
  4.907200E+03  5.02314802E-031  6.03633358E-034  1.17388614E-031  3.84322554E-031
  4.973550E+03  4.75181806E-031  5.68923228E-034  1.10697994E-031  3.63914889E-031
  5.040810E+03  4.50070054E-031  5.36233721E-034  1.04384662E-031  3.45149159E-031
  5.108970E+03  4.26619783E-031  5.05455325E-034  9.84285947E-032  3.27685733E-031
  5.178060E+03  4.04359341E-031  4.76467622E-034  9.28089068E-032  3.11073966E-031
  5.248070E+03  3.83232650E-031  4.49172543E-034  8.75076651E-032  2.95275812E-031
  5.319040E+03  3.63177536E-031  4.23460199E-034  8.25059650E-032  2.80248110E-031
  5.390970E+03  3.44142023E-031  3.99241942E-034  7.77874455E-032  2.65955336E-031
  5.463870E+03  3.26075020E-031  3.76430352E-034  7.33363567E-032  2.52362233E-031
  5.537750E+03  3.08928264E-031  3.54943015E-034  6.91377426E-032  2.39435578E-031
  5.612630E+03  2.92653812E-031  3.34700380E-034  6.51772238E-032  2.27141888E-031
  5.688530E+03  2.77207070E-031  3.15627502E-034  6.14412481E-032  2.15450195E-031
  5.765450E+03  2.62547880E-031  2.97658588E-034  5.79175048E-032  2.04332716E-031
  5.843410E+03  2.48635645E-031  2.80727697E-034  5.45938942E-032  1.93761023E-031
  5.922430E+03  2.35432292E-031  2.64772811E-034  5.14591262E-032  1.83708393E-031
  6.002520E+03  2.22902239E-031  2.49737381E-034  4.85025504E-032  1.74149951E-031
  6.083680E+03  2.11012778E-031  2.35570274E-034  4.57144074E-032  1.65062800E-031
  6.165950E+03  1.99729536E-031  2.22216316E-034  4.30848192E-032  1.56422501E-031
  6.249330E+03  1.89226639E-031  2.09630512E-034  4.06050353E-032  1.48411973E-031
  6.333830E+03  1.79387614E-031  1.97768525E-034  3.82666863E-032  1.40923159E-031
  6.419480E+03  1.70044107E-031  1.86586126E-034  3.60615696E-032  1.33795951E-031
  6.506290E+03  1.61171633E-031  1.76044724E-034  3.39822733E-032  1.27013315E-031
  6.594270E+03  1.52746897E-031  1.66107400E-034  3.20217013E-032  1.20559089E-031
  6.683440E+03  1.44747501E-031  1.56738797E-034  3.01731503E-032  1.14417612E-031
  6.773820E+03  1.37151595E-031  1.47905333E-034  2.84302274E-032  1.08573462E-031
  6.865410E+03  1.29939906E-031  1.39577497E-034  2.67870546E-032  1.03013274E-031
  6.958250E+03  1.23092180E-031  1.31723958E-034  2.52378529E-032  9.77226034E-032
  7.052340E+03  1.16709356E-031  1.24318563E-034  2.37773827E-032  9.28076547E-032
  7.147710E+03  1.10741449E-031  1.17334479E-034  2.24005368E-032  8.82235773E-032
  7.244360E+03  1.05071112E-031  1.10748598E-034  2.11026935E-032  8.38576695E-032
  7.342320E+03  9.96832653E-032  1.04536954E-034  1.98792780E-032  7.96994504E-032
  7.441610E+03  9.45638105E-032  9.86779258E-035  1.87260491E-032  7.57390835E-032
  7.542230E+03  8.96999397E-032  9.31521898E-035  1.76391426E-032  7.19676450E-032
  7.644220E+03  8.50783055E-032  8.79393837E-035  1.66146355E-032  6.83757306E-032
  7.747590E+03  8.06872069E-032  8.30219380E-035  1.56490464E-032  6.49551385E-032
  7.852360E+03  7.65151559E-032  7.83828612E-035  1.47390072E-032  6.16977658E-032
  7.958540E+03  7.25514534E-032  7.40064048E-035  1.38813976E-032  5.85960494E-032
  8.066160E+03  6.87856191E-032  6.98772604E-035  1.30731773E-032  5.56425645E-032
  8.175230E+03  6.52079628E-032  6.59814774E-035  1.23115755E-032  5.28304059E-032
  8.285780E+03  6.18090116E-032  6.23054282E-035  1.15938898E-032  5.01528164E-032
  8.397820E+03  5.85800739E-032  5.88367182E-035  1.09176466E-032  4.76035906E-032
  8.511380E+03  5.55126121E-032  5.55633299E-035  1.02804511E-032  4.51765977E-032
  8.626470E+03  5.25987536E-032  5.24743873E-035  9.68009273E-033  4.28661865E-032
  8.743120E+03  4.98307764E-032  4.95590632E-035  9.11445084E-033  4.06667665E-032
  8.861350E+03  4.72014888E-032  4.68075732E-035  8.58153552E-033  3.85731457E-032
  8.981180E+03  4.47040195E-032  4.42105728E-035  8.07947638E-033  3.65803326E-032
  9.102630E+03  4.23949623E-032  4.17593520E-035  7.60650964E-033  3.47466933E-032
  9.225710E+03  4.02100637E-032  3.94457788E-035  7.16099281E-033  3.30096251E-032
  9.350470E+03  3.81333314E-032  3.72615610E-035  6.74129214E-033  3.13547777E-032
  9.476910E+03  3.61596490E-032  3.51997627E-035  6.34597258E-033  2.97784767E-032
  9.605060E+03  3.42838809E-032  3.32533272E-035  5.97361990E-033  2.82770077E-032
  9.734940E+03  3.25012651E-032  3.14157310E-035  5.62291270E-033  2.68469366E-032
  9.866580E+03  3.08071731E-032  2.96807439E-035  5.29260377E-033  2.54848886E-032
  1.000000E+04  2.91967031E-032  2.80426182E-035  4.98151868E-033  2.41871418E-032
