# DL07 model SED (this work), mw31_60, Mathis ISRF U =  1.00
# silicate (D03) + carbonaceous (DL07 PAH Nc=470 + D03 graphite blend)
# PAH ionization computed via WD01b grain charging (pah_ionfrac)
# columns: lambda[um]  lamI_total/NH  lamI_sil/NH  lamI_carb/NH
#          [erg s^-1 cm^-2 sr^-1 H^-1]
  9.120000E-02  1.66744873E-040  1.66744864E-040  9.72214200E-048
  9.226000E-02  2.46120898E-040  2.46120880E-040  1.81881514E-047
  9.332000E-02  3.59606832E-040  3.59606798E-040  3.38401903E-047
  9.441000E-02  5.24323989E-040  5.24323925E-040  6.36015257E-047
  9.550000E-02  7.57130924E-040  7.57130805E-040  1.18483031E-046
  9.661000E-02  1.08895887E-039  1.08895865E-039  2.20987108E-046
  9.772000E-02  1.55186002E-039  1.55185962E-039  4.07749874E-046
  9.886000E-02  2.21056951E-039  2.21056875E-039  7.56038370E-046
  1.000000E-01  3.12068911E-039  3.12068772E-039  1.38499798E-045
  1.012000E-01  4.42422756E-039  4.42422501E-039  2.55172089E-045
  1.023000E-01  6.04299641E-039  6.04299197E-039  4.43150563E-045
  1.035000E-01  8.35360060E-039  8.35359262E-039  7.97931310E-045
  1.047000E-01  1.14293629E-038  1.14293488E-038  1.41639699E-044
  1.059000E-01  1.56450810E-038  1.56450562E-038  2.47956293E-044
  1.072000E-01  2.18447521E-038  2.18447073E-038  4.47953479E-044
  1.084000E-01  2.95516641E-038  2.95515878E-038  7.62836631E-044
  1.097000E-01  4.07563127E-038  4.07561788E-038  1.33876460E-043
  1.109000E-01  5.44008189E-038  5.44005967E-038  2.22152711E-043
  1.122000E-01  7.40419006E-038  7.40415211E-038  3.79534278E-043
  1.135000E-01  9.99687520E-038  9.99681122E-038  6.39776178E-043
  1.148000E-01  1.33890585E-037  1.33889521E-037  1.06458662E-042
  1.161000E-01  1.78412160E-037  1.78410410E-037  1.74973057E-042
  1.175000E-01  2.41020019E-037  2.41017071E-037  2.94810927E-042
  1.189000E-01  3.23329115E-037  3.23324213E-037  4.90153927E-042
  1.202000E-01  4.21984356E-037  4.21976586E-037  7.76914874E-042
  1.216000E-01  5.57947876E-037  5.57935268E-037  1.26080645E-041
  1.230000E-01  7.33210465E-037  7.33190243E-037  2.02219158E-041
  1.244000E-01  9.56541255E-037  9.56509186E-037  3.20686451E-041
  1.259000E-01  1.26293389E-036  1.26288196E-036  5.19322611E-041
  1.274000E-01  1.65540791E-036  1.65532480E-036  8.31084307E-041
  1.288000E-01  2.11697067E-036  2.11684308E-036  1.27587530E-040
  1.303000E-01  2.73612201E-036  2.73592477E-036  1.97244081E-040
  1.318000E-01  3.51335244E-036  3.51304501E-036  3.07430423E-040
  1.333000E-01  4.48124404E-036  4.48076918E-036  4.74856678E-040
  1.349000E-01  5.76438904E-036  5.76364114E-036  7.47893715E-040
  1.365000E-01  7.36050696E-036  7.35934006E-036  1.16690405E-039
  1.380000E-01  9.19064080E-036  9.18888443E-036  1.75637744E-039
  1.396000E-01  1.15617202E-035  1.15590261E-035  2.69416587E-039
  1.412000E-01  1.44130127E-035  1.44089139E-035  4.09885101E-039
  1.429000E-01  1.79426051E-035  1.79362583E-035  6.34680407E-039
  1.445000E-01  2.16657546E-035  2.16562504E-035  9.50418451E-039
  1.462000E-01  2.60418873E-035  2.60274056E-035  1.44816869E-038
  1.479000E-01  3.09428520E-035  3.09209564E-035  2.18956089E-038
  1.496000E-01  3.64680632E-035  3.64352034E-035  3.28598234E-038
  1.514000E-01  4.30486273E-035  4.29985110E-035  5.01163149E-038
  1.531000E-01  4.97383107E-035  4.96641704E-035  7.41403173E-038
  1.549000E-01  5.71535038E-035  5.70420651E-035  1.11438639E-037
  1.567000E-01  6.64121499E-035  6.62458185E-035  1.66331358E-037
  1.585000E-01  7.62325491E-035  7.59859530E-035  2.46596101E-037
  1.603000E-01  8.66206979E-035  8.62574552E-035  3.63242740E-037
  1.622000E-01  1.00073494E-034  9.95304211E-035  5.43072418E-037
  1.641000E-01  1.13965051E-034  1.13158456E-034  8.06595613E-037
  1.660000E-01  1.29173378E-034  1.27982881E-034  1.19049713E-036
  1.679000E-01  1.47326794E-034  1.45580140E-034  1.74665351E-036
  1.698000E-01  1.65871107E-034  1.63323155E-034  2.54795179E-036
  1.718000E-01  1.91548056E-034  1.87780785E-034  3.76727156E-036
  1.738000E-01  2.19785275E-034  2.14251336E-034  5.53393867E-036
  1.758000E-01  2.49561163E-034  2.41481309E-034  8.07985436E-036
  1.778000E-01  2.80258978E-034  2.68528348E-034  1.17306304E-035
  1.799000E-01  3.12568238E-034  2.95314147E-034  1.72540907E-035
  1.820000E-01  3.60913030E-034  3.35667151E-034  2.52458789E-035
  1.841000E-01  4.15290206E-034  3.78531952E-034  3.67582538E-035
  1.862000E-01  4.75464282E-034  4.22187831E-034  5.32764515E-035
  1.884000E-01  5.45476008E-034  4.67242387E-034  7.82336218E-035
  1.905000E-01  6.24842757E-034  5.12423526E-034  1.12419231E-034
  1.928000E-01  7.44334008E-034  5.77895919E-034  1.66438089E-034
  1.950000E-01  8.82957538E-034  6.41856243E-034  2.41101295E-034
  1.972000E-01  1.05289017E-033  7.05382974E-034  3.47507193E-034
  1.995000E-01  1.27506515E-033  7.68905772E-034  5.06159375E-034
  2.018000E-01  1.58824063E-033  8.56482889E-034  7.31757737E-034
  2.042000E-01  2.02458010E-033  9.59894293E-034  1.06468581E-033
  2.065000E-01  2.56984860E-033  1.06183319E-033  1.50801541E-033
  2.089000E-01  3.30699502E-033  1.16898635E-033  2.13800866E-033
  2.113000E-01  4.27543605E-033  1.29546351E-033  2.97997254E-033
  2.138000E-01  5.57751974E-033  1.45190869E-033  4.12561106E-033
  2.163000E-01  7.22256985E-033  1.63945689E-033  5.58311296E-033
  2.188000E-01  9.23078817E-033  1.84952791E-033  7.38126026E-033
  2.213000E-01  1.16387757E-032  2.09787807E-033  9.54089761E-033
  2.239000E-01  1.46001961E-032  2.40838710E-033  1.21918090E-032
  2.265000E-01  1.80545378E-032  2.76863227E-033  1.52859055E-032
  2.291000E-01  2.20647225E-032  3.19375210E-033  1.88709704E-032
  2.317000E-01  2.66990913E-032  3.68180870E-033  2.30172826E-032
  2.344000E-01  3.22835500E-032  4.26221262E-033  2.80213373E-032
  2.371000E-01  3.88082746E-032  4.93433188E-033  3.38739427E-032
  2.399000E-01  4.67520502E-032  5.72821525E-033  4.10238350E-032
  2.427000E-01  5.61518837E-032  6.65103156E-033  4.95008521E-032
  2.455000E-01  6.72698564E-032  7.69642490E-033  5.95734315E-032
  2.483000E-01  8.04320327E-032  8.87617554E-033  7.15558571E-032
  2.512000E-01  9.65958426E-032  1.02249050E-032  8.63709376E-032
  2.541000E-01  1.15790808E-031  1.16914447E-032  1.04099363E-031
  2.570000E-01  1.38610353E-031  1.33258926E-032  1.25284460E-031
  2.600000E-01  1.66712993E-031  1.51995387E-032  1.51513454E-031
  2.630000E-01  2.00200243E-031  1.72742041E-032  1.82926039E-031
  2.661000E-01  2.41469769E-031  1.96529245E-032  2.21816845E-031
  2.691000E-01  2.88978451E-031  2.21998997E-032  2.66778552E-031
  2.723000E-01  3.49286281E-031  2.52026751E-032  3.24083606E-031
  2.754000E-01  4.18797589E-031  2.84015663E-032  3.90396023E-031
  2.786000E-01  5.03932493E-031  3.20179211E-032  4.71914572E-031
  2.818000E-01  6.04904793E-031  3.59906430E-032  5.68914149E-031
  2.851000E-01  7.28352902E-031  4.04859935E-032  6.87866909E-031
  2.884000E-01  8.74632254E-031  4.54036437E-032  8.29228611E-031
  2.917000E-01  1.04737834E-030  5.07787093E-032  9.96599631E-031
  2.951000E-01  1.25741426E-030  5.68031010E-032  1.20061116E-030
  2.985000E-01  1.50504297E-030  6.33697938E-032  1.44167318E-030
  3.020000E-01  1.80529635E-030  7.07299250E-032  1.73456642E-030
  3.055000E-01  2.05663407E-030  7.87342597E-032  1.97789981E-030
  3.090000E-01  2.41576195E-030  8.74190067E-032  2.32834294E-030
  3.126000E-01  2.83627378E-030  9.70427975E-032  2.73923098E-030
  3.162000E-01  3.31280034E-030  1.07430539E-031  3.20536980E-030
  3.199000E-01  3.86479926E-030  1.18963941E-031  3.74583532E-030
  3.236000E-01  4.48277485E-030  1.31408868E-031  4.35136598E-030
  3.273000E-01  5.16783783E-030  1.44804964E-031  5.02303287E-030
  3.311000E-01  5.93930022E-030  1.59591105E-031  5.77970911E-030
  3.350000E-01  6.79492459E-030  1.75908253E-031  6.61901634E-030
  3.388000E-01  7.67543639E-030  1.92968015E-031  7.48246837E-030
  3.428000E-01  8.62350223E-030  2.12216179E-031  8.41128605E-030
  3.467000E-01  9.52732033E-030  2.32235518E-031  9.29508482E-030
  3.507000E-01  1.03828740E-029  2.54130694E-031  1.01287433E-029
  3.548000E-01  1.11499084E-029  2.78093049E-031  1.08718154E-029
  3.589000E-01  1.18297755E-029  3.03649946E-031  1.15261256E-029
  3.631000E-01  1.25377866E-029  3.31541965E-031  1.22062447E-029
  3.673000E-01  1.33892175E-029  3.61191829E-031  1.30280256E-029
  3.715000E-01  1.44837071E-029  3.92656302E-031  1.40910508E-029
  3.758000E-01  1.59075330E-029  4.26835006E-031  1.54806980E-029
  3.802000E-01  1.76925584E-029  4.63928626E-031  1.72286298E-029
  3.846000E-01  1.97857533E-029  5.03154877E-031  1.92825984E-029
  3.891000E-01  2.21884317E-029  5.45572672E-031  2.16428590E-029
  3.936000E-01  2.47687269E-029  5.90407918E-031  2.41783190E-029
  3.981000E-01  2.74139930E-029  6.37721603E-031  2.67762714E-029
  4.027000E-01  3.00382155E-029  6.88536909E-031  2.93496786E-029
  4.074000E-01  3.24334569E-029  7.43103508E-031  3.16903534E-029
  4.121000E-01  3.42795683E-029  8.00515441E-031  3.34790529E-029
  4.169000E-01  3.53192783E-029  8.62144933E-031  3.44571334E-029
  4.217000E-01  3.53406745E-029  9.26859637E-031  3.44138148E-029
  4.266000E-01  3.44254186E-029  9.96162305E-031  3.34292563E-029
  4.315000E-01  3.29760365E-029  1.06879360E-030  3.19072429E-029
  4.365000E-01  3.14510006E-029  1.14641368E-030  3.03045869E-029
  4.416000E-01  3.01910326E-029  1.22916858E-030  2.89618640E-029
  4.467000E-01  2.93289914E-029  1.31539948E-030  2.80135919E-029
  4.519000E-01  2.87842660E-029  1.40720205E-030  2.73770639E-029
  4.571000E-01  2.84163188E-029  1.50296753E-030  2.69133513E-029
  4.624000E-01  2.80431767E-029  1.60469486E-030  2.64384818E-029
  4.677000E-01  2.75472452E-029  1.71062039E-030  2.58366248E-029
  4.732000E-01  2.68933896E-029  1.82501931E-030  2.50683703E-029
  4.786000E-01  2.62193206E-029  1.94180656E-030  2.42775141E-029
  4.842000E-01  2.56285513E-029  2.06762591E-030  2.35609254E-029
  4.898000E-01  2.52432834E-029  2.19812417E-030  2.30451592E-029
  4.954000E-01  2.50813438E-029  2.33337413E-030  2.27479697E-029
  5.012000E-01  2.51231172E-029  2.47854711E-030  2.26445701E-029
  5.070000E-01  2.53462165E-029  2.62891418E-030  2.27173023E-029
  5.129000E-01  2.57420064E-029  2.78721023E-030  2.29547962E-029
  5.188000E-01  2.63060393E-029  2.95089044E-030  2.33551489E-029
  5.248000E-01  2.70419020E-029  3.12286347E-030  2.39190386E-029
  5.309000E-01  2.79187324E-029  3.30339869E-030  2.46153337E-029
  5.370000E-01  2.88590992E-029  3.48966245E-030  2.53694367E-029
  5.433000E-01  2.98185246E-029  3.68802534E-030  2.61304993E-029
  5.495000E-01  3.06978888E-029  3.88915749E-030  2.68087313E-029
  5.559000E-01  3.15576359E-029  4.10217395E-030  2.74554620E-029
  5.623000E-01  3.24200353E-029  4.32121968E-030  2.80988156E-029
  5.688000E-01  3.33716818E-029  4.54987626E-030  2.88218056E-029
  5.754000E-01  3.44525292E-029  4.78837269E-030  2.96641565E-029
  5.821000E-01  3.56547944E-029  5.03693139E-030  3.06178630E-029
  5.888000E-01  3.69199021E-029  5.29191342E-030  3.16279887E-029
  5.957000E-01  3.82416610E-029  5.56113678E-030  3.26805242E-029
  6.026000E-01  3.95616004E-029  5.83699621E-030  3.37246042E-029
  6.095000E-01  4.08995468E-029  6.11939432E-030  3.47801524E-029
  6.166000E-01  4.23414662E-029  6.41669584E-030  3.59247704E-029
  6.237000E-01  4.38818329E-029  6.72069604E-030  3.71611369E-029
  6.310000E-01  4.55636795E-029  7.04011668E-030  3.85235629E-029
  6.383000E-01  4.73149673E-029  7.36635468E-030  3.99486126E-029
  6.457000E-01  4.91285634E-029  7.70387572E-030  4.14246877E-029
  6.531000E-01  5.09635386E-029  8.04810734E-030  4.29154313E-029
  6.607000E-01  5.29023876E-029  8.40857693E-030  4.44938107E-029
  6.683000E-01  5.49598619E-029  8.77588706E-030  4.61839748E-029
  6.761000E-01  5.72729316E-029  9.15971118E-030  4.81132204E-029
  6.839000E-01  5.98545601E-029  9.55028295E-030  5.03042771E-029
  6.918000E-01  6.27640579E-029  9.95254189E-030  5.28115160E-029
  6.998000E-01  6.59985697E-029  1.03665359E-029  5.56320338E-029
  7.079000E-01  6.95448547E-029  1.07925320E-029  5.87523227E-029
  7.161000E-01  7.33648277E-029  1.12303452E-029  6.21344826E-029
  7.244000E-01  7.74234870E-029  1.16799719E-029  6.57435150E-029
  7.328000E-01  8.16860387E-029  1.21414013E-029  6.95446374E-029
  7.413000E-01  8.61246279E-029  1.26146072E-029  7.35100207E-029
  7.499000E-01  9.07325236E-029  1.30995475E-029  7.76329761E-029
  7.586000E-01  9.55380911E-029  1.35961650E-029  8.19419262E-029
  7.674000E-01  1.00598652E-028  1.41043864E-029  8.64942654E-029
  7.763000E-01  1.05971612E-028  1.46241230E-029  9.13474892E-029
  7.852000E-01  1.11627434E-028  1.51493392E-029  9.64780953E-029
  7.943000E-01  1.17710653E-028  1.56917201E-029  1.02018933E-028
  8.035000E-01  1.24186624E-028  1.62440657E-029  1.07942558E-028
  8.128000E-01  1.31091402E-028  1.68053857E-029  1.14286016E-028
  8.222000E-01  1.38444309E-028  1.73772988E-029  1.21067010E-028
  8.318000E-01  1.46368632E-028  1.79657678E-029  1.28402864E-028
  8.414000E-01  1.54740501E-028  1.85583275E-029  1.36182174E-028
  8.511000E-01  1.63689344E-028  1.91608685E-029  1.44528475E-028
  8.610000E-01  1.73380612E-028  1.97794255E-029  1.53601186E-028
  8.710000E-01  1.83813925E-028  2.04075527E-029  1.63406372E-028
  8.810000E-01  1.94994069E-028  2.10386593E-029  1.73955409E-028
  8.913000E-01  2.07434444E-028  2.16914419E-029  1.85743002E-028
  9.016000E-01  2.21027978E-028  2.23461542E-029  1.98681824E-028
  9.120000E-01  2.36260277E-028  2.30070003E-029  2.13253277E-028
  9.226000E-01  2.53742759E-028  2.36821602E-029  2.30060598E-028
  9.333000E-01  2.74069200E-028  2.43649517E-029  2.49704248E-028
  9.441000E-01  2.98364598E-028  2.50550294E-029  2.73309569E-028
  9.550000E-01  3.28412348E-028  2.57520391E-029  3.02660308E-028
  9.661000E-01  3.67545244E-028  2.64620145E-029  3.41083229E-028
  9.772000E-01  4.20112409E-028  2.71717916E-029  3.92940618E-028
  9.886000E-01  4.96993031E-028  2.79001617E-029  4.69092870E-028
  1.000000E+00  6.13552540E-028  2.86275822E-029  5.84924957E-028
  1.012000E+00  8.12598691E-028  2.93942439E-029  7.83204447E-028
  1.023000E+00  1.11099809E-027  3.00954715E-029  1.08090262E-027
  1.035000E+00  1.59608396E-027  3.08583955E-029  1.56522557E-027
  1.047000E+00  2.05865817E-027  3.16188144E-029  2.02703936E-027
  1.059000E+00  2.06803799E-027  3.23763702E-029  2.03566162E-027
  1.071000E+00  1.71843695E-027  3.31307219E-029  1.68530622E-027
  1.084000E+00  1.35750026E-027  3.39439448E-029  1.32355631E-027
  1.097000E+00  1.12901966E-027  3.47526360E-029  1.09426703E-027
  1.109000E+00  1.00778778E-027  3.54947784E-029  9.72292998E-028
  1.122000E+00  9.38488743E-028  3.62937355E-029  9.02195008E-028
  1.135000E+00  9.12237964E-028  3.70856705E-029  8.75152293E-028
  1.148000E+00  9.17594337E-028  3.78707083E-029  8.79723629E-028
  1.161000E+00  9.49758763E-028  3.86494984E-029  9.11109264E-028
  1.175000E+00  1.01393123E-027  3.94808995E-029  9.74450326E-028
  1.189000E+00  1.11150572E-027  4.03044290E-029  1.07120129E-027
  1.202000E+00  1.23541312E-027  4.10618333E-029  1.19435129E-027
  1.216000E+00  1.40519493E-027  4.18693834E-029  1.36332554E-027
  1.230000E+00  1.60200589E-027  4.26682762E-029  1.55933761E-027
  1.245000E+00  1.80731039E-027  4.35267867E-029  1.76378360E-027
  1.259000E+00  1.94330809E-027  4.43367654E-029  1.89897132E-027
  1.273000E+00  1.98899288E-027  4.51357626E-029  1.94385712E-027
  1.288000E+00  1.94240994E-027  4.59822942E-029  1.89642764E-027
  1.303000E+00  1.83803107E-027  4.68187558E-029  1.79121231E-027
  1.318000E+00  1.71845774E-027  4.76487102E-029  1.67080903E-027
  1.334000E+00  1.60146440E-027  4.85232869E-029  1.55294112E-027
  1.349000E+00  1.51078022E-027  4.93324044E-029  1.46144781E-027
  1.365000E+00  1.43487193E-027  5.01837926E-029  1.38468814E-027
  1.380000E+00  1.38066017E-027  5.09706548E-029  1.32968952E-027
  1.396000E+00  1.33764639E-027  5.17966310E-029  1.28584976E-027
  1.413000E+00  1.30483756E-027  5.26606112E-029  1.25217695E-027
  1.429000E+00  1.28331037E-027  5.34608685E-029  1.22984950E-027
  1.445000E+00  1.26877176E-027  5.42485544E-029  1.21452320E-027
  1.462000E+00  1.25936091E-027  5.50714739E-029  1.20428944E-027
  1.479000E+00  1.25512711E-027  5.58793934E-029  1.19924772E-027
  1.496000E+00  1.25460263E-027  5.66729893E-029  1.19792964E-027
  1.514000E+00  1.25719357E-027  5.74976586E-029  1.19969592E-027
  1.531000E+00  1.26195871E-027  5.82617916E-029  1.20369692E-027
  1.549000E+00  1.26890725E-027  5.90553254E-029  1.20985192E-027
  1.567000E+00  1.27782916E-027  5.98246501E-029  1.21800451E-027
  1.585000E+00  1.28792529E-027  6.05775564E-029  1.22734773E-027
  1.603000E+00  1.29885847E-027  6.13145218E-029  1.23754395E-027
  1.622000E+00  1.31100156E-027  6.20752573E-029  1.24892631E-027
  1.641000E+00  1.32346864E-027  6.28184979E-029  1.26065014E-027
  1.660000E+00  1.33594817E-027  6.35478495E-029  1.27240032E-027
  1.679000E+00  1.34812859E-027  6.42632587E-029  1.28386533E-027
  1.698000E+00  1.35966498E-027  6.49618011E-029  1.29470318E-027
  1.718000E+00  1.37062660E-027  6.56790910E-029  1.30494750E-027
  1.738000E+00  1.37971525E-027  6.63781241E-029  1.31333712E-027
  1.758000E+00  1.38602116E-027  6.70591368E-029  1.31896202E-027
  1.778000E+00  1.38845923E-027  6.77340764E-029  1.32072516E-027
  1.799000E+00  1.38520187E-027  6.84481565E-029  1.31675371E-027
  1.820000E+00  1.37339311E-027  6.91437895E-029  1.30424932E-027
  1.841000E+00  1.35130302E-027  6.98212495E-029  1.28148177E-027
  1.862000E+00  1.32061067E-027  7.04808167E-029  1.25012985E-027
  1.884000E+00  1.29006972E-027  7.11529120E-029  1.21891681E-027
  1.906000E+00  1.28171402E-027  7.18060171E-029  1.20990801E-027
  1.928000E+00  1.30955133E-027  7.24462308E-029  1.23710510E-027
  1.950000E+00  1.36382148E-027  7.30686037E-029  1.29075288E-027
  1.972000E+00  1.42595424E-027  7.36730709E-029  1.35228117E-027
  1.995000E+00  1.48672342E-027  7.42862378E-029  1.41243718E-027
  2.018000E+00  1.53936480E-027  7.48805949E-029  1.46448420E-027
  2.042000E+00  1.58615923E-027  7.54811606E-029  1.51067807E-027
  2.065000E+00  1.62486158E-027  7.60382908E-029  1.54882329E-027
  2.089000E+00  1.66061324E-027  7.65985931E-029  1.58401465E-027
  2.114000E+00  1.69407092E-027  7.71621584E-029  1.61690876E-027
  2.138000E+00  1.72363502E-027  7.76988487E-029  1.64593617E-027
  2.163000E+00  1.75240763E-027  7.82464443E-029  1.67416118E-027
  2.188000E+00  1.77954782E-027  7.87753247E-029  1.70077250E-027
  2.213000E+00  1.80548380E-027  7.92806021E-029  1.72620319E-027
  2.239000E+00  1.83145154E-027  7.97821146E-029  1.75166942E-027
  2.265000E+00  1.85683004E-027  8.02661120E-029  1.77656393E-027
  2.291000E+00  1.88191461E-027  8.07336955E-029  1.80118091E-027
  2.317000E+00  1.90642205E-027  8.11834885E-029  1.82523857E-027
  2.344000E+00  1.93136948E-027  8.16322752E-029  1.84973721E-027
  2.371000E+00  1.95589884E-027  8.20629416E-029  1.87383590E-027
  2.399000E+00  1.98098478E-027  8.24909829E-029  1.89849379E-027
  2.427000E+00  2.00593355E-027  8.29013628E-029  1.92303218E-027
  2.455000E+00  2.03180659E-027  8.32995492E-029  1.94850704E-027
  2.483000E+00  2.05752987E-027  8.36822476E-029  1.97384762E-027
  2.512000E+00  2.08366980E-027  8.40738890E-029  1.99959591E-027
  2.541000E+00  2.10991461E-027  8.44482813E-029  2.02546633E-027
  2.570000E+00  2.13638888E-027  8.48059815E-029  2.05158289E-027
  2.600000E+00  2.16417194E-027  8.51590295E-029  2.07901291E-027
  2.630000E+00  2.19254670E-027  8.54953824E-029  2.10705132E-027
  2.661000E+00  2.22273593E-027  8.58260142E-029  2.13690992E-027
  2.691000E+00  2.25308790E-027  8.61301642E-029  2.16695774E-027
  2.723000E+00  2.28710969E-027  8.64380583E-029  2.20067164E-027
  2.754000E+00  2.32221296E-027  8.67206437E-029  2.23549232E-027
  2.786000E+00  2.36211532E-027  8.70139631E-029  2.27510136E-027
  2.818000E+00  2.40602977E-027  8.72927524E-029  2.31873702E-027
  2.851000E+00  2.45693155E-027  8.75649388E-029  2.36936661E-027
  2.884000E+00  2.51561908E-027  8.78221753E-029  2.42779690E-027
  2.917000E+00  2.58514459E-027  8.80650497E-029  2.49707954E-027
  2.951000E+00  2.67296033E-027  8.83008632E-029  2.58465947E-027
  2.985000E+00  2.78497498E-027  8.85226362E-029  2.69645235E-027
  3.020000E+00  2.93920672E-027  8.87368791E-029  2.85046984E-027
  3.055000E+00  3.15746020E-027  8.89374719E-029  3.06852273E-027
  3.090000E+00  3.48662410E-027  8.91250054E-029  3.39749910E-027
  3.126000E+00  4.04565576E-027  8.93716357E-029  3.95628413E-027
  3.162000E+00  5.08420643E-027  8.96296147E-029  4.99457682E-027
  3.199000E+00  7.46401073E-027  8.98818124E-029  7.37412892E-027
  3.236000E+00  1.46595378E-026  9.01214502E-029  1.45694164E-026
  3.273000E+00  5.27976004E-026  9.03285916E-029  5.27072718E-026
  3.311000E+00  1.15214338E-025  9.04748675E-029  1.15123864E-025
  3.350000E+00  2.31752283E-026  9.06134826E-029  2.30846148E-026
  3.388000E+00  1.01272092E-026  9.07378949E-029  1.00364713E-026
  3.428000E+00  6.37253755E-027  9.08144763E-029  6.28172307E-027
  3.467000E+00  4.92381219E-027  9.08578345E-029  4.83295436E-027
  3.507000E+00  4.19295713E-027  9.08930191E-029  4.10206411E-027
  3.548000E+00  3.78035706E-027  9.09199079E-029  3.68943716E-027
  3.589000E+00  3.53474312E-027  9.09380821E-029  3.44380504E-027
  3.631000E+00  3.37726674E-027  9.09482415E-029  3.28631850E-027
  3.673000E+00  3.27666867E-027  9.09389720E-029  3.18572969E-027
  3.715000E+00  3.21179790E-027  9.09156623E-029  3.12088224E-027
  3.758000E+00  3.16963975E-027  9.08848221E-029  3.07875493E-027
  3.802000E+00  3.14406877E-027  9.08465082E-029  3.05322226E-027
  3.846000E+00  3.13126176E-027  9.08018971E-029  3.04045986E-027
  3.891000E+00  3.12832459E-027  9.07503237E-029  3.03757427E-027
  3.935000E+00  3.13344785E-027  9.06946512E-029  3.04275320E-027
  3.981000E+00  3.14512282E-027  9.06313873E-029  3.05449144E-027
  4.027000E+00  3.16218331E-027  9.05634468E-029  3.07161986E-027
  4.074000E+00  3.18442017E-027  9.04896971E-029  3.09393047E-027
  4.121000E+00  3.21101581E-027  9.04120492E-029  3.12060376E-027
  4.169000E+00  3.24246243E-027  9.02673067E-029  3.15219512E-027
  4.217000E+00  3.27801871E-027  9.00999867E-029  3.18791872E-027
  4.266000E+00  3.31849606E-027  8.99272616E-029  3.22856880E-027
  4.315000E+00  3.36329222E-027  8.97530321E-029  3.27353919E-027
  4.365000E+00  3.41367329E-027  8.95741239E-029  3.32409917E-027
  4.416000E+00  3.47028186E-027  8.93908935E-029  3.38089096E-027
  4.467000E+00  3.53343125E-027  8.92668719E-029  3.44416438E-027
  4.519000E+00  3.60472484E-027  8.91585935E-029  3.51556624E-027
  4.571000E+00  3.68371892E-027  8.90501145E-029  3.59466880E-027
  4.624000E+00  3.77349993E-027  8.89397227E-029  3.68456020E-027
  4.677000E+00  3.87448810E-027  8.88298686E-029  3.78565823E-027
  4.732000E+00  3.99392287E-027  8.87168052E-029  3.90520606E-027
  4.786000E+00  4.13024078E-027  8.86463645E-029  4.04159442E-027
  4.842000E+00  4.29868490E-027  8.86601671E-029  4.21002473E-027
  4.898000E+00  4.50446462E-027  8.86750268E-029  4.41578960E-027
  4.955000E+00  4.77232658E-027  8.86915812E-029  4.68363499E-027
  5.012000E+00  5.13818852E-027  8.87305560E-029  5.04945796E-027
  5.070000E+00  5.69795545E-027  8.88456196E-029  5.60910983E-027
  5.129000E+00  6.67923167E-027  8.89644814E-029  6.59026719E-027
  5.188000E+00  8.58099475E-027  8.91583383E-029  8.49183641E-027
  5.248000E+00  1.15095397E-026  8.94816685E-029  1.14200580E-026
  5.309000E+00  1.13952722E-026  8.98119727E-029  1.13054602E-026
  5.370000E+00  9.50741283E-027  9.01442281E-029  9.41726861E-027
  5.432000E+00  8.97785889E-027  9.04842807E-029  8.88737461E-027
  5.495000E+00  9.61577963E-027  9.08325969E-029  9.52494703E-027
  5.559000E+00  1.15388701E-026  9.13298125E-029  1.14475403E-026
  5.623000E+00  1.55932620E-026  9.18742052E-029  1.55013878E-026
  5.688000E+00  2.08539534E-026  9.25661876E-029  2.07613872E-026
  5.754000E+00  1.97651981E-026  9.33051867E-029  1.96718929E-026
  5.821000E+00  1.73363071E-026  9.40589112E-029  1.72422482E-026
  5.888000E+00  1.80610309E-026  9.48166331E-029  1.79662143E-026
  5.957000E+00  2.21212588E-026  9.57171202E-029  2.20255417E-026
  6.026000E+00  3.14471565E-026  9.66575503E-029  3.13504989E-026
  6.095000E+00  5.29409740E-026  9.76035247E-029  5.28433705E-026
  6.166000E+00  1.03130047E-025  9.85832089E-029  1.03031464E-025
  6.237000E+00  1.33373213E-025  9.94772507E-029  1.33273736E-025
  6.310000E+00  8.00258460E-026  1.00321845E-028  7.99255241E-026
  6.383000E+00  4.84225076E-026  1.01109714E-028  4.83213978E-026
  6.457000E+00  3.72542054E-026  1.01788664E-028  3.71524168E-026
  6.531000E+00  3.47845180E-026  1.02469555E-028  3.46820484E-026
  6.607000E+00  3.61274752E-026  1.03055770E-028  3.60244195E-026
  6.683000E+00  3.79260208E-026  1.03655484E-028  3.78223653E-026
  6.761000E+00  3.79382869E-026  1.04225605E-028  3.78340613E-026
  6.839000E+00  3.70703213E-026  1.04791038E-028  3.69655302E-026
  6.918000E+00  3.73328380E-026  1.05427195E-028  3.72274108E-026
  6.998000E+00  3.96404086E-026  1.06599389E-028  3.95338092E-026
  7.080000E+00  4.42961275E-026  1.07819425E-028  4.41883081E-026
  7.161000E+00  5.12650552E-026  1.11064831E-028  5.11539904E-026
  7.244000E+00  6.11840285E-026  1.14565130E-028  6.10694634E-026
  7.328000E+00  7.51749426E-026  1.20890809E-028  7.50540518E-026
  7.413000E+00  9.63829465E-026  1.31350285E-028  9.62515963E-026
  7.499000E+00  1.29428206E-025  1.42124806E-028  1.29286081E-025
  7.586000E+00  1.62971728E-025  1.66438318E-028  1.62805290E-025
  7.674000E+00  1.65747875E-025  1.94453517E-028  1.65553422E-025
  7.762000E+00  1.61163043E-025  2.26374102E-028  1.60936669E-025
  7.852000E+00  1.55990222E-025  2.79353267E-028  1.55710869E-025
  7.943000E+00  1.29134824E-025  3.34213708E-028  1.28800610E-025
  8.035000E+00  9.68109319E-026  4.00532619E-028  9.64103993E-026
  8.128000E+00  7.51273527E-026  4.83959810E-028  7.46433929E-026
  8.222000E+00  6.41497037E-026  5.69922926E-028  6.35797808E-026
  8.318000E+00  6.02049829E-026  6.55894473E-028  5.95490885E-026
  8.414000E+00  6.11551829E-026  7.35716439E-028  6.04194665E-026
  8.511000E+00  7.01479009E-026  8.09874159E-028  6.93380267E-026
  8.610000E+00  7.82869120E-026  8.84820617E-028  7.74020914E-026
  8.710000E+00  6.24419998E-026  9.72639400E-028  6.14693604E-026
  8.811000E+00  4.41111276E-026  1.07660188E-027  4.30345257E-026
  8.913000E+00  3.36720508E-026  1.19473285E-027  3.24773180E-026
  9.016000E+00  2.79551068E-026  1.32199358E-027  2.66331133E-026
  9.120000E+00  2.45880033E-026  1.45037102E-027  2.31376323E-026
  9.226000E+00  2.24374255E-026  1.56133781E-027  2.08760877E-026
  9.333000E+00  2.10027932E-026  1.64240704E-027  1.93603862E-026
  9.441000E+00  2.00129498E-026  1.69066648E-027  1.83222833E-026
  9.550000E+00  1.93235031E-026  1.70745602E-027  1.76160471E-026
  9.660000E+00  1.88532867E-026  1.69485556E-027  1.71584312E-026
  9.772000E+00  1.85689278E-026  1.66833130E-027  1.69005965E-026
  9.885000E+00  1.84624891E-026  1.64124134E-027  1.68212477E-026
  1.000000E+01  1.85296238E-026  1.61603809E-027  1.69135857E-026
  1.012000E+01  1.87963775E-026  1.59572408E-027  1.72006534E-026
  1.023000E+01  1.92311851E-026  1.57292419E-027  1.76582609E-026
  1.035000E+01  1.99698746E-026  1.54086039E-027  1.84290142E-026
  1.047000E+01  2.11045612E-026  1.48738893E-027  1.96171722E-026
  1.059000E+01  2.29875443E-026  1.42396124E-027  2.15635831E-026
  1.072000E+01  2.60478201E-026  1.35528869E-027  2.46925314E-026
  1.084000E+01  3.02702120E-026  1.29961684E-027  2.89705952E-026
  1.097000E+01  4.03548259E-026  1.24859285E-027  3.91062331E-026
  1.109000E+01  6.48530237E-026  1.20538889E-027  6.36476348E-026
  1.122000E+01  1.61969690E-025  1.15838064E-027  1.60811310E-025
  1.135000E+01  1.26594272E-025  1.11558983E-027  1.25478682E-025
  1.148000E+01  8.24386658E-026  1.07577422E-027  8.13628916E-026
  1.161000E+01  5.83549725E-026  1.04122006E-027  5.73137524E-026
  1.175000E+01  5.34340481E-026  1.00277934E-027  5.24312688E-026
  1.189000E+01  5.92751589E-026  9.61650588E-028  5.83135083E-026
  1.202000E+01  6.25201211E-026  9.24354846E-028  6.15957662E-026
  1.216000E+01  5.74827652E-026  8.85056485E-028  5.65977087E-026
  1.230000E+01  5.64871175E-026  8.52996400E-028  5.56341211E-026
  1.244000E+01  6.59083035E-026  8.22769344E-028  6.50855342E-026
  1.259000E+01  8.08532508E-026  7.89808578E-028  8.00634422E-026
  1.273000E+01  7.57656729E-026  7.60063893E-028  7.50056090E-026
  1.288000E+01  5.41515223E-026  7.28556041E-028  5.34229662E-026
  1.303000E+01  4.33888865E-026  7.03177680E-028  4.26857089E-026
  1.318000E+01  3.97808541E-026  6.78936240E-028  3.91019178E-026
  1.334000E+01  4.11857337E-026  6.56249975E-028  4.05294837E-026
  1.349000E+01  4.24963123E-026  6.34832031E-028  4.18614803E-026
  1.365000E+01  3.76501676E-026  6.18702930E-028  3.70314647E-026
  1.380000E+01  3.32017473E-026  6.04804432E-028  3.25969428E-026
  1.396000E+01  3.13701884E-026  6.03944813E-028  3.07662436E-026
  1.412000E+01  3.24526994E-026  6.05749100E-028  3.18469503E-026
  1.429000E+01  3.11278163E-026  6.23357359E-028  3.05044590E-026
  1.445000E+01  2.84543767E-026  6.42886443E-028  2.78114903E-026
  1.462000E+01  2.73553835E-026  6.74709691E-028  2.66806738E-026
  1.479000E+01  2.69521310E-026  7.08504373E-028  2.62436266E-026
  1.496000E+01  2.68328495E-026  7.45904191E-028  2.60869454E-026
  1.514000E+01  2.68735628E-026  7.87802027E-028  2.60857608E-026
  1.531000E+01  2.70329592E-026  8.31419393E-028  2.62015398E-026
  1.549000E+01  2.73391070E-026  8.79562926E-028  2.64595441E-026
  1.567000E+01  2.78872805E-026  9.31444988E-028  2.69558355E-026
  1.585000E+01  2.89550057E-026  9.85369221E-028  2.79696364E-026
  1.603000E+01  2.98737791E-026  1.04201699E-027  2.88317621E-026
  1.622000E+01  3.24036975E-026  1.10412494E-027  3.12995726E-026
  1.641000E+01  4.33080923E-026  1.16803031E-027  4.21400620E-026
  1.660000E+01  3.88130489E-026  1.23332063E-027  3.75797283E-026
  1.679000E+01  3.82591032E-026  1.29927659E-027  3.69598266E-026
  1.698000E+01  3.98224823E-026  1.36250137E-027  3.84599809E-026
  1.718000E+01  3.95427979E-026  1.43016019E-027  3.81126377E-026
  1.738000E+01  3.95620622E-026  1.49486477E-027  3.80671975E-026
  1.758000E+01  3.37317190E-026  1.55879401E-027  3.21729250E-026
  1.778000E+01  3.19090677E-026  1.61874707E-027  3.02903207E-026
  1.799000E+01  2.99623602E-026  1.67311455E-027  2.82892456E-026
  1.820000E+01  2.80507377E-026  1.72689375E-027  2.63238440E-026
  1.841000E+01  2.70978529E-026  1.76943588E-027  2.53284170E-026
  1.862000E+01  2.64608623E-026  1.80879136E-027  2.46520709E-026
  1.884000E+01  2.59285159E-026  1.84434891E-027  2.40841670E-026
  1.906000E+01  2.54287692E-026  1.86578899E-027  2.35629802E-026
  1.927000E+01  2.49633266E-026  1.88543493E-027  2.30778917E-026
  1.950000E+01  2.44672789E-026  1.89738332E-027  2.25698956E-026
  1.972000E+01  2.40232839E-026  1.90164027E-027  2.21216436E-026
  1.995000E+01  2.36029990E-026  1.90570031E-027  2.16972987E-026
  2.018000E+01  2.32188887E-026  1.90374199E-027  2.13151467E-026
  2.042000E+01  2.28591672E-026  1.90426366E-027  2.09549035E-026
  2.065000E+01  2.25515491E-026  1.91090369E-027  2.06406454E-026
  2.089000E+01  2.22565296E-026  1.91672127E-027  2.03398084E-026
  2.114000E+01  2.19737780E-026  1.92199692E-027  2.00517811E-026
  2.138000E+01  2.17231538E-026  1.92648200E-027  1.97966718E-026
  2.163000E+01  2.14876356E-026  1.93614712E-027  1.95514884E-026
  2.188000E+01  2.12709877E-026  1.94569192E-027  1.93252958E-026
  2.213000E+01  2.10719294E-026  1.95510005E-027  1.91168294E-026
  2.239000E+01  2.08751250E-026  1.95760342E-027  1.89175216E-026
  2.265000E+01  2.06970775E-026  1.96196799E-027  1.87351095E-026
  2.291000E+01  2.05383831E-026  1.96932503E-027  1.85690581E-026
  2.317000E+01  2.04006233E-026  1.98155285E-027  1.84190705E-026
  2.344000E+01  2.02741582E-026  1.99484155E-027  1.82793167E-026
  2.371000E+01  2.01607489E-026  2.00502438E-027  1.81557245E-026
  2.399000E+01  2.00611041E-026  2.01723481E-027  1.80438693E-026
  2.427000E+01  1.99791547E-026  2.03094064E-027  1.79482141E-026
  2.455000E+01  1.99135539E-026  2.04578126E-027  1.78677727E-026
  2.483000E+01  1.98628023E-026  2.06026138E-027  1.78025409E-026
  2.512000E+01  1.98223335E-026  2.07237659E-027  1.77499569E-026
  2.541000E+01  1.97984287E-026  2.08657135E-027  1.77118573E-026
  2.570000E+01  1.97897668E-026  2.10073644E-027  1.76890304E-026
  2.600000E+01  1.97965818E-026  2.11535298E-027  1.76812288E-026
  2.630000E+01  1.98191983E-026  2.12992648E-027  1.76892718E-026
  2.661000E+01  1.98589419E-026  2.14493530E-027  1.77140066E-026
  2.692000E+01  1.99151239E-026  2.15988802E-027  1.77552359E-026
  2.723000E+01  1.99875682E-026  2.17478036E-027  1.78127878E-026
  2.754000E+01  2.00761248E-026  2.18960862E-027  1.78865162E-026
  2.786000E+01  2.01743394E-026  2.20819660E-027  1.79661428E-026
  2.818000E+01  2.02869133E-026  2.22687295E-027  1.80600403E-026
  2.851000E+01  2.04180436E-026  2.24608642E-027  1.81719572E-026
  2.884000E+01  2.05640660E-026  2.26525033E-027  1.82988157E-026
  2.917000E+01  2.07245936E-026  2.28436302E-027  1.84402306E-026
  2.951000E+01  2.09047371E-026  2.30400031E-027  1.86007368E-026
  2.985000E+01  2.10994065E-026  2.32358196E-027  1.87758245E-026
  3.020000E+01  2.12956790E-026  2.34555830E-027  1.89501207E-026
  3.055000E+01  2.14894912E-026  2.36886455E-027  1.91206267E-026
  3.090000E+01  2.16932235E-026  2.39211912E-027  1.93011044E-026
  3.126000E+01  2.19123713E-026  2.41598616E-027  1.94963852E-026
  3.162000E+01  2.21404665E-026  2.43980361E-027  1.97006629E-026
  3.199000E+01  2.23833817E-026  2.46423549E-027  1.99191462E-026
  3.236000E+01  2.26340297E-026  2.48862546E-027  2.01454042E-026
  3.273000E+01  2.28915295E-026  2.51298083E-027  2.03785486E-026
  3.311000E+01  2.31621920E-026  2.53796761E-027  2.06242243E-026
  3.350000E+01  2.34455176E-026  2.56359517E-027  2.08819224E-026
  3.388000E+01  2.36825236E-026  2.59583942E-027  2.10866842E-026
  3.428000E+01  2.39338220E-026  2.63013281E-027  2.13036892E-026
  3.467000E+01  2.41812602E-026  2.66374880E-027  2.15175114E-026
  3.508000E+01  2.44435092E-026  2.69930239E-027  2.17442068E-026
  3.548000E+01  2.47010754E-026  2.73422438E-027  2.19668510E-026
  3.589000E+01  2.49665102E-026  2.77028921E-027  2.21962210E-026
  3.631000E+01  2.52396496E-026  2.80755003E-027  2.24320995E-026
  3.673000E+01  2.55138328E-026  2.84516849E-027  2.26686643E-026
  3.715000E+01  2.57889314E-026  2.88318596E-027  2.29057454E-026
  3.758000E+01  2.60708761E-026  2.92257429E-027  2.31483018E-026
  3.802000E+01  2.63340447E-026  2.96367278E-027  2.33703719E-026
  3.846000E+01  2.66020257E-026  3.00538695E-027  2.35966388E-026
  3.890000E+01  2.68752793E-026  3.04778263E-027  2.38274967E-026
  3.935000E+01  2.71607041E-026  3.09192043E-027  2.40687836E-026
  3.981000E+01  2.74592608E-026  3.13793641E-027  2.43213244E-026
  4.027000E+01  2.77652673E-026  3.18495103E-027  2.45803163E-026
  4.074000E+01  2.80862395E-026  3.23412101E-027  2.48521185E-026
  4.121000E+01  2.84162406E-026  3.28454634E-027  2.51316943E-026
  4.169000E+01  2.87666728E-026  3.33913220E-027  2.54275406E-026
  4.217000E+01  2.91323096E-026  3.39582890E-027  2.57364807E-026
  4.266000E+01  2.95212678E-026  3.45546536E-027  2.60658024E-026
  4.315000E+01  2.99267554E-026  3.51703007E-027  2.64097253E-026
  4.365000E+01  3.03581977E-026  3.58200400E-027  2.67761937E-026
  4.416000E+01  3.08172820E-026  3.65069860E-027  2.71665834E-026
  4.467000E+01  3.12961330E-026  3.72203011E-027  2.75741029E-026
  4.519000E+01  3.18111114E-026  3.79863239E-027  2.80124790E-026
  4.571000E+01  3.23731632E-026  3.88226005E-027  2.84909032E-026
  4.624000E+01  3.29725863E-026  3.97115818E-027  2.90014281E-026
  4.677000E+01  3.35991741E-026  4.06400247E-027  2.95351716E-026
  4.731000E+01  3.42657963E-026  4.16292087E-027  3.01028755E-026
  4.786000E+01  3.49742276E-026  4.26843628E-027  3.07057913E-026
  4.842000E+01  3.57261931E-026  4.38110948E-027  3.13450836E-026
  4.898000E+01  3.65090926E-026  4.49937470E-027  3.20097179E-026
  4.954000E+01  3.73228302E-026  4.62353818E-027  3.26992920E-026
  5.012000E+01  3.82063451E-026  4.75983525E-027  3.34465099E-026
  5.070000E+01  3.91542940E-026  4.90745374E-027  3.42468403E-026
  5.129000E+01  4.01544077E-026  5.06544739E-027  3.50889603E-026
  5.188000E+01  4.11990231E-026  5.23293109E-027  3.59660920E-026
  5.248000E+01  4.23135445E-026  5.41434201E-027  3.68992025E-026
  5.309000E+01  4.34844312E-026  5.60848852E-027  3.78759427E-026
  5.370000E+01  4.46924192E-026  5.81278922E-027  3.88796299E-026
  5.433000E+01  4.59993779E-026  6.03732472E-027  3.99620532E-026
  5.495000E+01  4.73337115E-026  6.27101005E-027  4.10627014E-026
  5.559000E+01  4.87492353E-026  6.52460555E-027  4.22246298E-026
  5.623000E+01  5.02018646E-026  6.79108996E-027  4.34107746E-026
  5.688000E+01  5.17453541E-026  7.08039690E-027  4.46649571E-026
  5.754000E+01  5.33578253E-026  7.39011813E-027  4.59677072E-026
  5.821000E+01  5.50312805E-026  7.72000214E-027  4.73112783E-026
  5.888000E+01  5.67392003E-026  8.06569127E-027  4.86735090E-026
  5.957000E+01  5.85693642E-026  8.44546014E-027  5.01239041E-026
  6.026000E+01  6.04446289E-026  8.84520144E-027  5.15994274E-026
  6.095000E+01  6.23510254E-026  9.26298194E-027  5.30880434E-026
  6.166000E+01  6.43420673E-026  9.71173349E-027  5.46303338E-026
  6.237000E+01  6.63810248E-026  1.01831083E-026  5.61979164E-026
  6.310000E+01  6.85225353E-026  1.06912853E-026  5.78312500E-026
  6.383000E+01  7.06985491E-026  1.12230781E-026  5.94754710E-026
  6.457000E+01  7.29479559E-026  1.17894741E-026  6.11584818E-026
  6.531000E+01  7.52177018E-026  1.23777905E-026  6.28399113E-026
  6.607000E+01  7.75950837E-026  1.30099230E-026  6.45851607E-026
  6.683000E+01  7.99847642E-026  1.36643946E-026  6.63203696E-026
  6.761000E+01  8.24740226E-026  1.43642900E-026  6.81097327E-026
  6.839000E+01  8.49779366E-026  1.50887594E-026  6.98891773E-026
  6.918000E+01  8.75306884E-026  1.58508689E-026  7.16798195E-026
  6.998000E+01  9.01396406E-026  1.66555403E-026  7.34841003E-026
  7.079000E+01  9.27844411E-026  1.74866404E-026  7.52978007E-026
  7.161000E+01  9.54929216E-026  1.83684390E-026  7.71244827E-026
  7.244000E+01  9.82240868E-026  1.92852490E-026  7.89388377E-026
  7.328000E+01  1.00989548E-025  2.02400558E-026  8.07494924E-026
  7.413000E+01  1.03794228E-025  2.12351513E-026  8.25590765E-026
  7.499000E+01  1.06604079E-025  2.22626068E-026  8.43414726E-026
  7.586000E+01  1.09458215E-025  2.33334799E-026  8.61247346E-026
  7.674000E+01  1.12317593E-025  2.44381278E-026  8.78794650E-026
  7.762000E+01  1.15143693E-025  2.55631433E-026  8.95805501E-026
  7.852000E+01  1.18040951E-025  2.67514107E-026  9.12895406E-026
  7.943000E+01  1.20918120E-025  2.79681680E-026  9.29499523E-026
  8.035000E+01  1.23795806E-025  2.92194858E-026  9.45763203E-026
  8.128000E+01  1.26685836E-025  3.05092966E-026  9.61765395E-026
  8.222000E+01  1.29539673E-025  3.18226336E-026  9.77170396E-026
  8.318000E+01  1.32426852E-025  3.31880443E-026  9.92388079E-026
  8.414000E+01  1.35276932E-025  3.45737650E-026  1.00703167E-025
  8.511000E+01  1.38075448E-025  3.59771459E-026  1.02098302E-025
  8.610000E+01  1.40901604E-025  3.74281148E-026  1.03473490E-025
  8.710000E+01  1.43705071E-025  3.89050187E-026  1.04800052E-025
  8.811000E+01  1.46440896E-025  4.03920483E-026  1.06048848E-025
  8.912000E+01  1.49140802E-025  4.18957188E-026  1.07245083E-025
  9.016000E+01  1.51870257E-025  4.34552731E-026  1.08414984E-025
  9.120000E+01  1.54492191E-025  4.50021049E-026  1.09490086E-025
  9.226000E+01  1.57090469E-025  4.65770104E-026  1.10513459E-025
  9.332000E+01  1.59634507E-025  4.81565892E-026  1.11477917E-025
  9.441000E+01  1.62128877E-025  4.97581211E-026  1.12370756E-025
  9.550000E+01  1.64511654E-025  5.13395845E-026  1.13172070E-025
  9.661000E+01  1.66920284E-025  5.29752770E-026  1.13945007E-025
  9.772000E+01  1.69199309E-025  5.45797502E-026  1.14619559E-025
  9.886000E+01  1.71403087E-025  5.61910436E-026  1.15212043E-025
  1.000000E+02  1.73468217E-025  5.77620738E-026  1.15706143E-025
  1.012000E+02  1.75642930E-025  5.94362490E-026  1.16206681E-025
  1.023000E+02  1.77505121E-025  6.09283092E-026  1.16576812E-025
  1.035000E+02  1.79432007E-025  6.25203914E-026  1.16911615E-025
  1.047000E+02  1.81439901E-025  6.41428870E-026  1.17297014E-025
  1.059000E+02  1.83312399E-025  6.57129813E-026  1.17599418E-025
  1.072000E+02  1.85188859E-025  6.73510513E-026  1.17837807E-025
  1.084000E+02  1.86781610E-025  6.88019120E-026  1.17979698E-025
  1.097000E+02  1.88357629E-025  7.03041517E-026  1.18053478E-025
  1.109000E+02  1.89676140E-025  7.16240386E-026  1.18052102E-025
  1.122000E+02  1.90959115E-025  7.29789481E-026  1.17980167E-025
  1.135000E+02  1.92319597E-025  7.43277818E-026  1.17991815E-025
  1.148000E+02  1.93698452E-025  7.56482098E-026  1.18050243E-025
  1.161000E+02  1.94957114E-025  7.68913175E-026  1.18065796E-025
  1.175000E+02  1.96184222E-025  7.81416784E-026  1.18042543E-025
  1.188000E+02  1.97362114E-025  7.92760529E-026  1.18086061E-025
  1.202000E+02  1.98658307E-025  8.04599531E-026  1.18198354E-025
  1.216000E+02  1.99858726E-025  8.15536220E-026  1.18305104E-025
  1.230000E+02  2.00973116E-025  8.25561789E-026  1.18416937E-025
  1.244000E+02  2.02127579E-025  8.35064066E-026  1.18621172E-025
  1.259000E+02  2.03572033E-025  8.45264975E-026  1.19045535E-025
  1.273000E+02  2.04835274E-025  8.53892552E-026  1.19446019E-025
  1.288000E+02  2.06093000E-025  8.62179915E-026  1.19875008E-025
  1.303000E+02  2.07241316E-025  8.69481462E-026  1.20293170E-025
  1.318000E+02  2.08262648E-025  8.75803773E-026  1.20682271E-025
  1.334000E+02  2.09182505E-025  8.81478737E-026  1.21034631E-025
  1.349000E+02  2.09847680E-025  8.85809486E-026  1.21266731E-025
  1.365000E+02  2.09608522E-025  8.91536854E-026  1.20454837E-025
  1.380000E+02  2.08901474E-025  8.96145532E-026  1.19286921E-025
  1.396000E+02  2.07702883E-025  9.00125032E-026  1.17690380E-025
  1.412000E+02  2.06093278E-025  9.03156298E-026  1.15777648E-025
  1.429000E+02  2.03997780E-025  9.05361161E-026  1.13461664E-025
  1.445000E+02  2.01727534E-025  9.06503771E-026  1.11077157E-025
  1.462000E+02  1.99066357E-025  9.06754194E-026  1.08390938E-025
  1.479000E+02  1.96211243E-025  9.06041416E-026  1.05607101E-025
  1.496000E+02  1.93216556E-025  9.04396946E-026  1.02776861E-025
  1.514000E+02  1.90472807E-025  9.04039858E-026  1.00068821E-025
  1.531000E+02  1.87999983E-025  9.03482462E-026  9.76517364E-026
  1.549000E+02  1.85368204E-025  9.02038217E-026  9.51643824E-026
  1.567000E+02  1.82723399E-025  8.99749023E-026  9.27484965E-026
  1.585000E+02  1.80066305E-025  8.96649580E-026  9.04013471E-026
  1.603000E+02  1.77397655E-025  8.92774955E-026  8.81201594E-026
  1.622000E+02  1.74569099E-025  8.87883062E-026  8.57807924E-026
  1.641000E+02  1.71729645E-025  8.82208257E-026  8.35088188E-026
  1.660000E+02  1.68880537E-025  8.75791897E-026  8.13013473E-026
  1.679000E+02  1.66023184E-025  8.68675017E-026  7.91556823E-026
  1.698000E+02  1.63159146E-025  8.60898186E-026  7.70693270E-026
  1.718000E+02  1.60139008E-025  8.52043008E-026  7.49347073E-026
  1.738000E+02  1.57115444E-025  8.42546618E-026  7.28607821E-026
  1.758000E+02  1.54287284E-025  8.33637667E-026  7.09235171E-026
  1.778000E+02  1.51739842E-025  8.25936482E-026  6.91461941E-026
  1.799000E+02  1.49050866E-025  8.17301394E-026  6.73207269E-026
  1.820000E+02  1.46351175E-025  8.08145069E-026  6.55366685E-026
  1.841000E+02  1.43644473E-025  7.98507912E-026  6.37936817E-026
  1.862000E+02  1.40934300E-025  7.88429006E-026  6.20913999E-026
  1.884000E+02  1.38095024E-025  7.77437414E-026  6.03512826E-026
  1.906000E+02  1.35259316E-025  7.66044067E-026  5.86549094E-026
  1.928000E+02  1.32430643E-025  7.54288936E-026  5.70017493E-026
  1.950000E+02  1.29612260E-025  7.42210248E-026  5.53912353E-026
  1.972000E+02  1.26807215E-025  7.29844487E-026  5.38227664E-026
  1.995000E+02  1.23892011E-025  7.16647394E-026  5.22272715E-026
  2.018000E+02  1.21242121E-025  7.04886227E-026  5.07534978E-026
  2.042000E+02  1.18563883E-025  6.92867387E-026  4.92771442E-026
  2.065000E+02  1.16013194E-025  6.81149212E-026  4.78982733E-026
  2.089000E+02  1.13371160E-025  6.68744768E-026  4.64966835E-026
  2.114000E+02  1.10643185E-025  6.55664694E-026  4.50767159E-026
  2.138000E+02  1.08050072E-025  6.42985748E-026  4.37514974E-026
  2.163000E+02  1.05378165E-025  6.29681343E-026  4.24100309E-026
  2.188000E+02  1.02738333E-025  6.16306347E-026  4.11076984E-026
  2.213000E+02  1.00132582E-025  6.02887709E-026  3.98438107E-026
  2.239000E+02  9.74606544E-026  5.88912903E-026  3.85693641E-026
  2.265000E+02  9.49081922E-026  5.75733445E-026  3.73348477E-026
  2.291000E+02  9.24547158E-026  5.63153476E-026  3.61393681E-026
  2.317000E+02  9.00413643E-026  5.50593572E-026  3.49820071E-026
  2.344000E+02  8.75787358E-026  5.37592621E-026  3.38194736E-026
  2.371000E+02  8.51613860E-026  5.24654125E-026  3.26959735E-026
  2.399000E+02  8.27031199E-026  5.11321757E-026  3.15709442E-026
  2.427000E+02  8.02977588E-026  4.98122185E-026  3.04855403E-026
  2.455000E+02  7.79434262E-026  4.85048622E-026  2.94385640E-026
  2.483000E+02  7.56378799E-026  4.72090562E-026  2.84288237E-026
  2.512000E+02  7.32863146E-026  4.58460824E-026  2.74402322E-026
  2.541000E+02  7.09893942E-026  4.44753071E-026  2.65140871E-026
  2.570000E+02  6.87450828E-026  4.31248796E-026  2.56202032E-026
  2.600000E+02  6.64792789E-026  4.17508752E-026  2.47284036E-026
  2.630000E+02  6.43415176E-026  4.04725113E-026  2.38690063E-026
  2.661000E+02  6.21883984E-026  3.91745258E-026  2.30138727E-026
  2.691000E+02  6.01584680E-026  3.79413737E-026  2.22170944E-026
  2.723000E+02  5.80509422E-026  3.66515592E-026  2.13993830E-026
  2.754000E+02  5.60813837E-026  3.54436092E-026  2.06377745E-026
  2.786000E+02  5.42049008E-026  3.43229359E-026  1.98819649E-026
  2.818000E+02  5.23813132E-026  3.32254666E-026  1.91558466E-026
  2.851000E+02  5.05552395E-026  3.21183092E-026  1.84369303E-026
  2.884000E+02  4.87835211E-026  3.10363537E-026  1.77471673E-026
  2.917000E+02  4.70651112E-026  2.99797282E-026  1.70853829E-026
  2.951000E+02  4.53492330E-026  2.89176259E-026  1.64316071E-026
  2.985000E+02  4.36875570E-026  2.78824327E-026  1.58051243E-026
  3.020000E+02  4.21200883E-026  2.69211009E-026  1.51989874E-026
  3.055000E+02  4.06662682E-026  2.60399117E-026  1.46263565E-026
  3.090000E+02  3.92586219E-026  2.51812947E-026  1.40773273E-026
  3.126000E+02  3.78577139E-026  2.43215228E-026  1.35361911E-026
  3.162000E+02  3.65031707E-026  2.34852320E-026  1.30179387E-026
  3.199000E+02  3.51579816E-026  2.26498937E-026  1.25080879E-026
  3.236000E+02  3.38590526E-026  2.18387357E-026  1.20203169E-026
  3.273000E+02  3.26050148E-026  2.10513851E-026  1.15536297E-026
  3.311000E+02  3.13623855E-026  2.02671114E-026  1.10952741E-026
  3.350000E+02  3.01332773E-026  1.94873787E-026  1.06458985E-026
  3.388000E+02  2.89792568E-026  1.87516729E-026  1.02275839E-026
  3.428000E+02  2.78093977E-026  1.80023089E-026  9.80708886E-027
  3.467000E+02  2.67116111E-026  1.72958553E-026  9.41575578E-027
  3.508000E+02  2.56463298E-026  1.66230971E-026  9.02323274E-027
  3.548000E+02  2.46954841E-026  1.60361418E-026  8.65934229E-027
  3.589000E+02  2.37655246E-026  1.54540763E-026  8.31144829E-027
  3.631000E+02  2.28491865E-026  1.48778146E-026  7.97137190E-027
  3.673000E+02  2.19682208E-026  1.43212403E-026  7.64698052E-027
  3.715000E+02  2.11212885E-026  1.37837940E-026  7.33749449E-027
  3.758000E+02  2.02880942E-026  1.32527852E-026  7.03530897E-027
  3.802000E+02  1.94696358E-026  1.27289558E-026  6.74067999E-027
  3.846000E+02  1.86842970E-026  1.22242528E-026  6.46004421E-027
  3.890000E+02  1.79307312E-026  1.17380532E-026  6.19267804E-027
  3.935000E+02  1.71915509E-026  1.12593034E-026  5.93224747E-027
  3.981000E+02  1.64674997E-026  1.07885853E-026  5.67891440E-027
  4.027000E+02  1.58145744E-026  1.03766598E-026  5.43791455E-027
  4.074000E+02  1.51809426E-026  9.97721411E-027  5.20372845E-027
  4.121000E+02  1.45739405E-026  9.59287364E-027  4.98106681E-027
  4.169000E+02  1.39843895E-026  9.21537808E-027  4.76901147E-027
  4.217000E+02  1.34210585E-026  8.85250000E-027  4.56855845E-027
  4.266000E+02  1.28704484E-026  8.49656731E-027  4.37388108E-027
  4.315000E+02  1.23434413E-026  8.15472504E-027  4.18871625E-027
  4.365000E+02  1.18289048E-026  7.81985994E-027  4.00904482E-027
  4.416000E+02  1.13271345E-026  7.49223536E-027  3.83489914E-027
  4.467000E+02  1.08475644E-026  7.17811140E-027  3.66945298E-027
  4.519000E+02  1.03958920E-026  6.88667233E-027  3.50921972E-027
  4.571000E+02  9.97268639E-027  6.61563852E-027  3.35704787E-027
  4.624000E+02  9.56045325E-027  6.35067575E-027  3.20977750E-027
  4.677000E+02  9.16658805E-027  6.09662454E-027  3.06996351E-027
  4.731000E+02  8.78326722E-027  5.84852295E-027  2.93474427E-027
  4.786000E+02  8.41058618E-027  5.60649037E-027  2.80409581E-027
  4.842000E+02  8.04860743E-027  5.37062503E-027  2.67798239E-027
  4.898000E+02  7.70338006E-027  5.14494506E-027  2.55843500E-027
  4.955000E+02  7.36832044E-027  4.92522031E-027  2.44310013E-027
  5.012000E+02  7.05260115E-027  4.71798675E-027  2.33461441E-027
  5.070000E+02  6.75903328E-027  4.52629297E-027  2.23274031E-027
  5.129000E+02  6.47416243E-027  4.33976068E-027  2.13440176E-027
  5.188000E+02  6.20246479E-027  4.16137144E-027  2.04109335E-027
  5.248000E+02  5.93898260E-027  3.98791874E-027  1.95106386E-027
  5.309000E+02  5.68368106E-027  3.81941470E-027  1.86426636E-027
  5.370000E+02  5.44039936E-027  3.65843751E-027  1.78196185E-027
  5.432000E+02  5.20480473E-027  3.50216263E-027  1.70264210E-027
  5.495000E+02  4.97852803E-027  3.35227309E-027  1.62625495E-027
  5.559000E+02  4.76562216E-027  3.21287800E-027  1.55274416E-027
  5.623000E+02  4.56286989E-027  3.07976135E-027  1.48310854E-027
  5.688000E+02  4.36678832E-027  2.95067450E-027  1.41611382E-027
  5.754000E+02  4.17729147E-027  2.82558902E-027  1.35170245E-027
  5.821000E+02  3.99428369E-027  2.70446930E-027  1.28981439E-027
  5.888000E+02  3.82019392E-027  2.58895620E-027  1.23123773E-027
  5.957000E+02  3.64971750E-027  2.47555565E-027  1.17416185E-027
  6.026000E+02  3.48985249E-027  2.36967164E-027  1.12018085E-027
  6.095000E+02  3.33893099E-027  2.26982659E-027  1.06910440E-027
  6.166000E+02  3.19128437E-027  2.17189168E-027  1.01939269E-027
  6.237000E+02  3.05176525E-027  2.07937658E-027  9.72388676E-028
  6.310000E+02  2.91616650E-027  1.98945893E-027  9.26707564E-028
  6.383000E+02  2.78745648E-027  1.90391407E-027  8.83542406E-028
  6.457000E+02  2.66469387E-027  1.82250152E-027  8.42192358E-028
  6.531000E+02  2.54805865E-027  1.74494543E-027  8.03113219E-028
  6.607000E+02  2.43464008E-027  1.66944736E-027  7.65192715E-028
  6.683000E+02  2.32747959E-027  1.59810460E-027  7.29374987E-028
  6.761000E+02  2.22306981E-027  1.52840783E-027  6.94661979E-028
  6.839000E+02  2.12470318E-027  1.46281245E-027  6.61890731E-028
  6.918000E+02  2.03033962E-027  1.39978770E-027  6.30551919E-028
  6.998000E+02  1.93965082E-027  1.33905610E-027  6.00594716E-028
  7.080000E+02  1.85366021E-027  1.28106491E-027  5.72595300E-028
  7.161000E+02  1.77307854E-027  1.22660117E-027  5.46477373E-028
  7.244000E+02  1.69466654E-027  1.17349808E-027  5.21168460E-028
  7.328000E+02  1.61934928E-027  1.12238999E-027  4.96959287E-028
  7.413000E+02  1.54703147E-027  1.07322176E-027  4.73809707E-028
  7.499000E+02  1.47761864E-027  1.02593829E-027  4.51680348E-028
  7.586000E+02  1.41194072E-027  9.81408054E-028  4.30532662E-028
  7.674000E+02  1.34893994E-027  9.38610969E-028  4.10328969E-028
  7.762000E+02  1.28917173E-027  8.97928500E-028  3.91243229E-028
  7.852000E+02  1.23119190E-027  8.58385545E-028  3.72806356E-028
  7.943000E+02  1.17561208E-027  8.20405487E-028  3.55206598E-028
  8.035000E+02  1.12284939E-027  7.84439388E-028  3.38410006E-028
  8.128000E+02  1.07252720E-027  7.50143582E-028  3.22383619E-028
  8.222000E+02  1.02431197E-027  7.17216501E-028  3.07095471E-028
  8.318000E+02  9.77653808E-028  6.85288254E-028  2.92365555E-028
  8.414000E+02  9.33448772E-028  6.54978391E-028  2.78470381E-028
  8.511000E+02  8.91124665E-028  6.25901603E-028  2.65223062E-028
  8.610000E+02  8.50208144E-028  5.97737620E-028  2.52470523E-028
  8.710000E+02  8.11074888E-028  5.70749775E-028  2.40325113E-028
  8.810000E+02  7.74014963E-028  5.45144153E-028  2.28870810E-028
  8.912000E+02  7.38219675E-028  5.20367031E-028  2.17852644E-028
  9.016000E+02  7.03784269E-028  4.96519742E-028  2.07264527E-028
  9.120000E+02  6.71654246E-028  4.74368652E-028  1.97285595E-028
  9.226000E+02  6.40654929E-028  4.52954939E-028  1.87699990E-028
  9.333000E+02  6.11043239E-028  4.32459908E-028  1.78583331E-028
  9.441000E+02  5.82760712E-028  4.12847330E-028  1.69913382E-028
  9.550000E+02  5.55751000E-028  3.94082138E-028  1.61668862E-028
  9.660000E+02  5.29959825E-028  3.76130409E-028  1.53829416E-028
  9.772000E+02  5.05119218E-028  3.58808797E-028  1.46310421E-028
  9.885000E+02  4.81417958E-028  3.42251964E-028  1.39165993E-028
  1.000000E+03  4.58620371E-028  3.26299053E-028  1.32321319E-028
  1.012000E+03  4.36804860E-028  3.11080865E-028  1.25723995E-028
  1.023000E+03  4.17870513E-028  2.97851034E-028  1.20019479E-028
  1.035000E+03  3.98302869E-028  2.84157021E-028  1.14145848E-028
  1.047000E+03  3.79800841E-028  2.71187830E-028  1.08613011E-028
  1.059000E+03  3.62297745E-028  2.58899517E-028  1.03398228E-028
  1.072000E+03  3.44391557E-028  2.46308115E-028  9.80834425E-029
  1.084000E+03  3.28775561E-028  2.35310020E-028  9.34655404E-029
  1.096000E+03  3.13980975E-028  2.24875246E-028  8.91057286E-029
  1.109000E+03  2.98822962E-028  2.14168343E-028  8.46546190E-029
  1.122000E+03  2.84512138E-028  2.04044719E-028  8.04674192E-029
  1.135000E+03  2.70994156E-028  1.94468035E-028  7.65261219E-029
  1.148000E+03  2.58218608E-028  1.85404504E-028  7.28141039E-029
  1.161000E+03  2.46138704E-028  1.76822696E-028  6.93160082E-029
  1.175000E+03  2.33857766E-028  1.68085961E-028  6.57718053E-029
  1.188000E+03  2.23087313E-028  1.60413452E-028  6.26738601E-029
  1.202000E+03  2.12148867E-028  1.52617078E-028  5.95317891E-029
  1.216000E+03  2.01976964E-028  1.45397340E-028  5.65796244E-029
  1.230000E+03  1.92370604E-028  1.38569411E-028  5.38011939E-029
  1.244000E+03  1.83350792E-028  1.32159667E-028  5.11911243E-029
  1.259000E+03  1.74369158E-028  1.25792696E-028  4.85764617E-029
  1.274000E+03  1.65901328E-028  1.19780953E-028  4.61203755E-029
  1.288000E+03  1.58431668E-028  1.14470355E-028  4.39613125E-029
  1.303000E+03  1.50863381E-028  1.09082218E-028  4.17811626E-029
  1.318000E+03  1.43716523E-028  1.03987025E-028  3.97294980E-029
  1.334000E+03  1.36527295E-028  9.88544415E-029  3.76728535E-029
  1.349000E+03  1.30167933E-028  9.43081137E-029  3.58598192E-029
  1.365000E+03  1.23763870E-028  8.97237417E-029  3.40401281E-029
  1.380000E+03  1.18092959E-028  8.56589352E-029  3.24340236E-029
  1.396000E+03  1.12376188E-028  8.15560918E-029  3.08200965E-029
  1.412000E+03  1.06980440E-028  7.76787340E-029  2.93017057E-029
  1.429000E+03  1.01576034E-028  7.37902262E-029  2.77858081E-029
  1.445000E+03  9.67785984E-029  7.03341754E-029  2.64444230E-029
  1.462000E+03  9.19681994E-029  6.68646373E-029  2.51035621E-029
  1.479000E+03  8.74340682E-029  6.35904425E-029  2.38436257E-029
  1.496000E+03  8.31579790E-029  6.04989995E-029  2.26589795E-029
  1.514000E+03  7.90193258E-029  5.75358572E-029  2.14834685E-029
  1.531000E+03  7.53640196E-029  5.49235145E-029  2.04405051E-029
  1.549000E+03  7.17098802E-029  5.23081775E-029  1.94017027E-029
  1.567000E+03  6.82636097E-029  4.98379794E-029  1.84256303E-029
  1.585000E+03  6.50115397E-029  4.75036214E-029  1.75079184E-029
  1.603000E+03  6.19410224E-029  4.52964814E-029  1.66445410E-029
  1.622000E+03  5.88839542E-029  4.30959069E-029  1.57880473E-029
  1.641000E+03  5.60033901E-029  4.10194499E-029  1.49839402E-029
  1.660000E+03  5.32875628E-029  3.90590397E-029  1.42285232E-029
  1.679000E+03  5.07255959E-029  3.72072013E-029  1.35183946E-029
  1.698000E+03  4.83074275E-029  3.54570064E-029  1.28504211E-029
  1.718000E+03  4.59071076E-029  3.37174465E-029  1.21896612E-029
  1.738000E+03  4.36457604E-029  3.20764494E-029  1.15693110E-029
  1.758000E+03  4.15141076E-029  3.05275888E-029  1.09865188E-029
  1.778000E+03  3.95035738E-029  2.90649135E-029  1.04386603E-029
  1.799000E+03  3.75141962E-029  2.76158322E-029  9.89836397E-030
  1.820000E+03  3.56411274E-029  2.62497828E-029  9.39134456E-030
  1.841000E+03  3.38765365E-029  2.49613000E-029  8.91523657E-030
  1.862000E+03  3.22131906E-029  2.37453260E-029  8.46786456E-030
  1.884000E+03  3.05719503E-029  2.25441197E-029  8.02783051E-030
  1.906000E+03  2.90273932E-029  2.14123722E-029  7.61502101E-030
  1.928000E+03  2.75729701E-029  2.03454785E-029  7.22749162E-030
  1.950000E+03  2.62026342E-029  1.93391793E-029  6.86345482E-030
  1.972000E+03  2.49107984E-029  1.83895324E-029  6.52126597E-030
  1.995000E+03  2.36385732E-029  1.74533324E-029  6.18524086E-030
  2.018000E+03  2.24777539E-029  1.66096947E-029  5.86805925E-030
  2.042000E+03  2.13478415E-029  1.57905774E-029  5.55726408E-030
  2.065000E+03  2.03276667E-029  1.50498039E-029  5.27786282E-030
  2.089000E+03  1.93241036E-029  1.43199364E-029  5.00416727E-030
  2.114000E+03  1.83404520E-029  1.36034011E-029  4.73705093E-030
  2.138000E+03  1.74513768E-029  1.29547492E-029  4.49662764E-030
  2.163000E+03  1.65788673E-029  1.23172206E-029  4.26164673E-030
  2.188000E+03  1.57573726E-029  1.17160685E-029  4.04130416E-030
  2.213000E+03  1.49834413E-029  1.11488992E-029  3.83454212E-030
  2.239000E+03  1.42255862E-029  1.05927132E-029  3.63287298E-030
  2.265000E+03  1.35124264E-029  1.00685853E-029  3.44384111E-030
  2.291000E+03  1.28409156E-029  9.57438738E-030  3.26652825E-030
  2.317000E+03  1.22082436E-029  9.10815166E-030  3.10009199E-030
  2.344000E+03  1.15895671E-029  8.65162931E-030  2.93793776E-030
  2.371000E+03  1.10072969E-029  8.22141298E-030  2.78588388E-030
  2.399000E+03  1.04392738E-029  7.80118614E-030  2.63808761E-030
  2.427000E+03  9.90520608E-030  7.40558170E-030  2.49962438E-030
  2.455000E+03  9.40275424E-030  7.03294295E-030  2.36981129E-030
  2.483000E+03  8.93152279E-030  6.68350059E-030  2.24802220E-030
  2.512000E+03  8.48521571E-030  6.35548581E-030  2.12972990E-030
  2.541000E+03  8.06508538E-030  6.04624227E-030  2.01884311E-030
  2.570000E+03  7.66935307E-030  5.75452822E-030  1.91482485E-030
  2.600000E+03  7.28390370E-030  5.46998021E-030  1.81392350E-030
  2.630000E+03  6.92113315E-030  5.20178812E-030  1.71934503E-030
  2.661000E+03  6.56845635E-030  4.94068682E-030  1.62776953E-030
  2.692000E+03  6.23677750E-030  4.69478553E-030  1.54199197E-030
  2.723000E+03  5.92465102E-030  4.46306354E-030  1.46158747E-030
  2.754000E+03  5.63074454E-030  4.24457806E-030  1.38616648E-030
  2.786000E+03  5.34516606E-030  4.03200506E-030  1.31316100E-030
  2.818000E+03  5.07644626E-030  3.83172207E-030  1.24472419E-030
  2.851000E+03  4.81577084E-030  3.63718692E-030  1.17858392E-030
  2.884000E+03  4.57064156E-030  3.45402348E-030  1.11661808E-030
  2.917000E+03  4.33998897E-030  3.28146706E-030  1.05852191E-030
  2.951000E+03  4.11644734E-030  3.11402987E-030  1.00241747E-030
  2.985000E+03  3.90623330E-030  2.95638943E-030  9.49843869E-031
  3.020000E+03  3.70712923E-030  2.80798798E-030  8.99141258E-031
  3.055000E+03  3.52293988E-030  2.67128868E-030  8.51651200E-031
  3.090000E+03  3.34952715E-030  2.54238876E-030  8.07138391E-031
  3.126000E+03  3.18163283E-030  2.41740010E-030  7.64232737E-031
  3.162000E+03  3.02363278E-030  2.29959933E-030  7.24033449E-031
  3.199000E+03  2.87084379E-030  2.18551346E-030  6.85330326E-031
  3.236000E+03  2.72711677E-030  2.07803535E-030  6.49081421E-031
  3.273000E+03  2.59182920E-030  1.97672227E-030  6.15106933E-031
  3.311000E+03  2.46106750E-030  1.87865891E-030  5.82408594E-031
  3.350000E+03  2.33489116E-030  1.78389929E-030  5.50991868E-031
  3.388000E+03  2.21923177E-030  1.69691715E-030  5.22314620E-031
  3.428000E+03  2.10471111E-030  1.61067321E-030  4.94037901E-031
  3.467000E+03  1.99969946E-030  1.53148318E-030  4.68216279E-031
  3.508000E+03  1.89588537E-030  1.45309168E-030  4.42793695E-031
  3.548000E+03  1.80065784E-030  1.38108922E-030  4.19568619E-031
  3.589000E+03  1.70882545E-030  1.31156481E-030  3.97260634E-031
  3.631000E+03  1.62039702E-030  1.24453184E-030  3.75865178E-031
  3.673000E+03  1.53728347E-030  1.18144844E-030  3.55835035E-031
  3.715000E+03  1.45911637E-030  1.12204671E-030  3.37069663E-031
  3.758000E+03  1.38385840E-030  1.06478679E-030  3.19071605E-031
  3.802000E+03  1.31149926E-030  1.00966644E-030  3.01832813E-031
  3.846000E+03  1.24351439E-030  9.57817229E-031  2.85697166E-031
  3.890000E+03  1.17959937E-030  9.09016143E-031  2.70583231E-031
  3.936000E+03  1.11682659E-030  8.61032791E-031  2.55793801E-031
  3.981000E+03  1.05914297E-030  8.16890455E-031  2.42252513E-031
  4.027000E+03  1.00509272E-030  7.75805389E-031  2.29287331E-031
  4.074000E+03  9.54085930E-031  7.37197456E-031  2.16888473E-031
  4.121000E+03  9.06119619E-031  7.00836214E-031  2.05283405E-031
  4.169000E+03  8.60052810E-031  6.65862964E-031  1.94189846E-031
  4.217000E+03  8.16732432E-031  6.32926465E-031  1.83805967E-031
  4.266000E+03  7.75145609E-031  6.01262175E-031  1.73883434E-031
  4.315000E+03  7.36037707E-031  5.71442762E-031  1.64594945E-031
  4.365000E+03  6.98509671E-031  5.42787634E-031  1.55722037E-031
  4.416000E+03  6.62533467E-031  5.15278863E-031  1.47254604E-031
  4.467000E+03  6.28720282E-031  4.89388237E-031  1.39332045E-031
  4.519000E+03  5.96315473E-031  4.64542180E-031  1.31773293E-031
  4.571000E+03  5.65856559E-031  4.41156764E-031  1.24699795E-031
  4.624000E+03  5.36674608E-031  4.18722154E-031  1.17952454E-031
  4.677000E+03  5.09242486E-031  3.97605352E-031  1.11637134E-031
  4.732000E+03  4.82495802E-031  3.76989610E-031  1.05506192E-031
  4.786000E+03  4.57821545E-031  3.57947096E-031  9.98744493E-032
  4.842000E+03  4.33776818E-031  3.39367281E-031  9.44095372E-032
  4.898000E+03  4.11193699E-031  3.21895298E-031  8.92984012E-032
  4.954000E+03  3.89969866E-031  3.05455201E-031  8.45146654E-032
  5.012000E+03  3.69479102E-031  2.89599619E-031  7.98794824E-032
  5.070000E+03  3.50778680E-031  2.75233638E-031  7.55450417E-032
  5.129000E+03  3.32896437E-031  2.61475181E-031  7.14212566E-032
  5.188000E+03  3.16084424E-031  2.48520636E-031  6.75637886E-032
  5.248000E+03  3.00008576E-031  2.36114928E-031  6.38936485E-032
  5.309000E+03  2.84646810E-031  2.24242763E-031  6.04040477E-032
  5.370000E+03  2.70206143E-031  2.13066213E-031  5.71399296E-032
  5.432000E+03  2.56406803E-031  2.02370720E-031  5.40360821E-032
  5.495000E+03  2.43228404E-031  1.92141973E-031  5.10864306E-032
  5.559000E+03  2.30650430E-031  1.82365486E-031  4.82849436E-032
  5.623000E+03  2.18831270E-031  1.73166051E-031  4.56652194E-032
  5.688000E+03  2.07549731E-031  1.64373087E-031  4.31766443E-032
  5.754000E+03  1.96787278E-031  1.55973362E-031  4.08139155E-032
  5.821000E+03  1.86525448E-031  1.47953636E-031  3.85718120E-032
  5.888000E+03  1.76885320E-031  1.40409869E-031  3.64754508E-032
  5.957000E+03  1.67561412E-031  1.33104071E-031  3.44573412E-032
  6.026000E+03  1.58807186E-031  1.26235832E-031  3.25713539E-032
  6.095000E+03  1.50582533E-031  1.19774999E-031  3.08075339E-032
  6.166000E+03  1.42633432E-031  1.13522908E-031  2.91105245E-032
  6.237000E+03  1.35280336E-031  1.07756187E-031  2.75241491E-032
  6.310000E+03  1.28275609E-031  1.02275901E-031  2.59997083E-032
  6.383000E+03  1.21695412E-031  9.71202102E-032  2.45752014E-032
  6.456000E+03  1.15509981E-031  9.22668918E-032  2.32430890E-032
  6.531000E+03  1.09537455E-031  8.75739934E-032  2.19634616E-032
  6.607000E+03  1.03852885E-031  8.31010597E-032  2.07518255E-032
  6.683000E+03  9.85123163E-032  7.88929871E-032  1.96193292E-032
  6.761000E+03  9.33636954E-032  7.48306109E-032  1.85330846E-032
  6.839000E+03  8.85281943E-032  7.10101381E-032  1.75180562E-032
  6.918000E+03  8.39273735E-032  6.73702667E-032  1.65571068E-032
  6.998000E+03  7.95511786E-032  6.39035773E-032  1.56476013E-032
  7.080000E+03  7.54594286E-032  6.06826893E-032  1.47767392E-032
  7.161000E+03  7.16647417E-032  5.76918606E-032  1.39728811E-032
  7.244000E+03  6.80091388E-032  5.48062444E-032  1.32028944E-032
  7.328000E+03  6.45326097E-032  5.20578054E-032  1.24748043E-032
  7.413000E+03  6.12271130E-032  4.94406469E-032  1.17864661E-032
  7.499000E+03  5.80848935E-032  4.69490654E-032  1.11358281E-032
  7.586000E+03  5.50984804E-032  4.45775507E-032  1.05209297E-032
  7.674000E+03  5.22606829E-032  4.23207844E-032  9.93989853E-033
  7.762000E+03  4.95939543E-032  4.01970428E-032  9.39691151E-033
  7.852000E+03  4.70311344E-032  3.81531871E-032  8.87794729E-033
  7.943000E+03  4.45971023E-032  3.62093370E-032  8.38776535E-033
  8.035000E+03  4.22857342E-032  3.43609142E-032  7.92482001E-033
  8.128000E+03  4.00911600E-032  3.26035190E-032  7.48764095E-033
  8.222000E+03  3.80077567E-032  3.09329263E-032  7.07483038E-033
  8.318000E+03  3.60099761E-032  2.93288795E-032  6.68109651E-033
  8.414000E+03  3.41342255E-032  2.78208592E-032  6.31336625E-033
  8.511000E+03  3.23541156E-032  2.63879142E-032  5.96620142E-033
  8.610000E+03  3.06482487E-032  2.50130119E-032  5.63523681E-033
  8.710000E+03  2.90308714E-032  2.37078176E-032  5.32305379E-033
  8.810000E+03  2.75122223E-032  2.24808134E-032  5.03140885E-033
  8.912000E+03  2.60577140E-032  2.13042382E-032  4.75347572E-033
  9.016000E+03  2.46724317E-032  2.01835688E-032  4.48886283E-033
  9.120000E+03  2.34004490E-032  1.91586977E-032  4.24175136E-033
  9.226000E+03  2.21827741E-032  1.81762576E-032  4.00651654E-033
  9.332000E+03  2.10390162E-032  1.72522283E-032  3.78678782E-033
  9.441000E+03  1.99345167E-032  1.63587451E-032  3.57577164E-033
  9.550000E+03  1.88975138E-032  1.55187769E-032  3.37873689E-033
  9.660000E+03  1.79145829E-032  1.47215996E-032  3.19298328E-033
  9.772000E+03  1.69747737E-032  1.39584445E-032  3.01632920E-033
  9.886000E+03  1.60769014E-032  1.32284440E-032  2.84845744E-033
  1.000000E+04  1.52337724E-032  1.25420685E-032  2.69170385E-033
  1.012000E+04  1.43759888E-032  1.18382098E-032  2.53777903E-033
  1.023000E+04  1.36379647E-032  1.12320598E-032  2.40590490E-033
  1.035000E+04  1.28817630E-032  1.06104276E-032  2.27133542E-033
  1.047000E+04  1.21730071E-032  1.00272765E-032  2.14573052E-033
  1.059000E+04  1.15082946E-032  9.47989332E-033  2.02840128E-033
  1.072000E+04  1.08342715E-032  8.92436644E-033  1.90990510E-033
  1.084000E+04  1.02515658E-032  8.44370715E-033  1.80785865E-033
  1.096000E+04  9.70404408E-033  7.99172859E-033  1.71231549E-033
  1.109000E+04  9.15817370E-033  7.54257859E-033  1.61559511E-033
  1.122000E+04  8.65160325E-033  7.12621314E-033  1.52539011E-033
  1.135000E+04  8.17679993E-033  6.73560605E-033  1.44119387E-033
  1.148000E+04  7.73148556E-033  6.36894130E-033  1.36254426E-033
  1.161000E+04  7.31356682E-033  6.02454756E-033  1.28901926E-033
  1.175000E+04  6.89193334E-033  5.67680548E-033  1.21512786E-033
  1.188000E+04  6.52493676E-033  5.37388544E-033  1.15105132E-033
  1.202000E+04  6.15420823E-033  5.06765403E-033  1.08655420E-033
  1.216000E+04  5.80706953E-033  4.78069422E-033  1.02637531E-033
  1.230000E+04  5.48181139E-033  4.51163083E-033  9.70180556E-034
  1.244000E+04  5.18107537E-033  4.26349863E-033  9.17576743E-034
  1.259000E+04  4.88954148E-033  4.02475298E-033  8.64788504E-034
  1.274000E+04  4.61673519E-033  3.80110179E-033  8.15633399E-034
  1.288000E+04  4.37779261E-033  3.60501609E-033  7.72776521E-034
  1.303000E+04  4.13737977E-033  3.40753472E-033  7.29845057E-034
  1.318000E+04  3.91196218E-033  3.22219512E-033  6.89767063E-034
  1.334000E+04  3.68683902E-033  3.03692462E-033  6.49914396E-034
  1.349000E+04  3.48911324E-033  2.87405633E-033  6.15056904E-034
  1.365000E+04  3.29138421E-033  2.71104739E-033  5.80336815E-034
  1.380000E+04  3.11749426E-033  2.56757584E-033  5.49918420E-034
  1.396000E+04  2.94338278E-033  2.42381160E-033  5.19571175E-034
  1.412000E+04  2.78017922E-033  2.28895309E-033  4.91226129E-034
  1.429000E+04  2.61785648E-033  2.15472457E-033  4.63131908E-034
  1.445000E+04  2.47475901E-033  2.03631237E-033  4.38446638E-034
  1.462000E+04  2.33225111E-033  1.91831177E-033  4.13939339E-034
  1.479000E+04  2.19885781E-033  1.80778924E-033  3.91068576E-034
  1.496000E+04  2.07391650E-033  1.70420906E-033  3.69707437E-034
  1.514000E+04  1.95725352E-033  1.60864676E-033  3.48606759E-034
  1.531000E+04  1.85573818E-033  1.52573771E-033  3.30000469E-034
  1.549000E+04  1.75484112E-033  1.44325031E-033  3.11590808E-034
  1.567000E+04  1.66023961E-033  1.36583242E-033  2.94407186E-034
  1.585000E+04  1.57148195E-033  1.29312713E-033  2.78354818E-034
  1.603000E+04  1.48815325E-033  1.22480600E-033  2.63347248E-034
  1.622000E+04  1.40566392E-033  1.15711165E-033  2.48552273E-034
  1.641000E+04  1.32838688E-033  1.09363804E-033  2.34748843E-034
  1.660000E+04  1.25594441E-033  1.03408455E-033  2.21859853E-034
  1.679000E+04  1.18798980E-033  9.78174791E-034  2.09815009E-034
  1.698000E+04  1.12420456E-033  9.25654398E-034  1.98550157E-034
  1.718000E+04  1.06124487E-033  8.73774154E-034  1.87470711E-034
  1.738000E+04  1.00226690E-033  8.25138660E-034  1.77128240E-034
  1.758000E+04  9.46982843E-034  7.79516955E-034  1.67465888E-034
  1.778000E+04  8.95128428E-034  7.36696647E-034  1.58431781E-034
  1.799000E+04  8.44106971E-034  6.94536637E-034  1.49570334E-034
  1.820000E+04  7.96340999E-034  6.55041711E-034  1.41299289E-034
  1.841000E+04  7.51593838E-034  6.18020794E-034  1.33573044E-034
  1.862000E+04  7.09648258E-034  5.83298260E-034  1.26349998E-034
  1.884000E+04  6.68492911E-034  5.49211555E-034  1.19281356E-034
  1.906000E+04  6.29982845E-034  5.17299394E-034  1.12683451E-034
  1.928000E+04  5.93924999E-034  4.87405042E-034  1.06519957E-034
  1.950000E+04  5.60142213E-034  4.59384480E-034  1.00757733E-034
  1.972000E+04  5.28471764E-034  4.33105257E-034  9.53665065E-035
  1.995000E+04  4.97458066E-034  4.07361179E-034  9.00968864E-035
  2.018000E+04  4.70266027E-034  3.85092395E-034  8.51736319E-035
  2.042000E+04  4.44199246E-034  3.63822134E-034  8.03771120E-035
  2.065000E+04  4.20768831E-034  3.44686717E-034  7.60821144E-035
  2.089000E+04  3.97821402E-034  3.25930319E-034  7.18910831E-035
  2.114000E+04  3.75431478E-034  3.07614533E-034  6.78169444E-035
  2.138000E+04  3.55285485E-034  2.91121349E-034  6.41641356E-035
  2.163000E+04  3.35603056E-034  2.74995507E-034  6.06075499E-035
  2.188000E+04  3.17155105E-034  2.59869926E-034  5.72851791E-035
  2.213000E+04  2.99853082E-034  2.45673907E-034  5.41791751E-035
  2.239000E+04  2.82987196E-034  2.31826255E-034  5.11609410E-035
  2.265000E+04  2.67188767E-034  2.18846409E-034  4.83423588E-035
  2.291000E+04  2.52380704E-034  2.06672552E-034  4.57081529E-035
  2.317000E+04  2.38492210E-034  1.95247837E-034  4.32443731E-035
  2.344000E+04  2.24973137E-034  1.84120581E-034  4.08525566E-035
  2.371000E+04  2.12308643E-034  1.73690910E-034  3.86177332E-035
  2.399000E+04  2.00012077E-034  1.63558844E-034  3.64532323E-035
  2.427000E+04  1.88505632E-034  1.54072994E-034  3.44326381E-035
  2.455000E+04  1.77731662E-034  1.45186769E-034  3.25448931E-035
  2.483000E+04  1.67712725E-034  1.36932822E-034  3.07799031E-035
  2.512000E+04  1.58548435E-034  1.29476981E-034  2.90714536E-035
  2.541000E+04  1.49955516E-034  1.22480085E-034  2.74754305E-035
  2.570000E+04  1.41893124E-034  1.15909837E-034  2.59832872E-035
  2.600000E+04  1.34071080E-034  1.09530382E-034  2.45406973E-035
  2.630000E+04  1.26738464E-034  1.03545443E-034  2.31930213E-035
  2.661000E+04  1.19638402E-034  9.77459220E-035  2.18924804E-035
  2.692000E+04  1.12988058E-034  9.23097302E-035  2.06783278E-035
  2.723000E+04  1.06754884E-034  8.72109446E-035  1.95439392E-035
  2.754000E+04  1.00908998E-034  8.24257322E-035  1.84832655E-035
  2.786000E+04  9.52516689E-035  7.77918307E-035  1.74598382E-035
  2.818000E+04  8.99500204E-035  7.34465098E-035  1.65035106E-035
  2.851000E+04  8.48282756E-035  6.92460690E-035  1.55822066E-035
  2.884000E+04  8.00320548E-035  6.53102739E-035  1.47217809E-035
  2.917000E+04  7.55378242E-035  6.16202316E-035  1.39175926E-035
  2.951000E+04  7.12004408E-035  5.80570632E-035  1.31433776E-035
  2.985000E+04  6.71389916E-035  5.47188673E-035  1.24201243E-035
  3.020000E+04  6.34390518E-035  5.17142989E-035  1.17247529E-035
  3.055000E+04  6.01217811E-035  4.90463467E-035  1.10754344E-035
  3.090000E+04  5.70065928E-035  4.65379404E-035  1.04686524E-035
  3.126000E+04  5.39982539E-035  4.41127248E-035  9.88552911E-036
  3.162000E+04  5.11744464E-035  4.18336297E-035  9.34081669E-036
  3.199000E+04  4.84507582E-035  3.96328238E-035  8.81793434E-036
  3.236000E+04  4.58951708E-035  3.75655145E-035  8.32965627E-036
  3.273000E+04  4.34957204E-035  3.56223768E-035  7.87334361E-036
  3.311000E+04  4.11824008E-035  3.37469608E-035  7.43544000E-036
  3.350000E+04  3.89559195E-035  3.19399935E-035  7.01592605E-036
  3.388000E+04  3.69201858E-035  3.02860961E-035  6.63408965E-036
  3.428000E+04  3.49095990E-035  2.86509407E-035  6.25865830E-036
  3.467000E+04  3.30706357E-035  2.71538401E-035  5.91679556E-036
  3.508000E+04  3.12572590E-035  2.56760946E-035  5.58116443E-036
  3.548000E+04  2.95981009E-035  2.43226956E-035  5.27540535E-036
  3.589000E+04  2.80021229E-035  2.30195939E-035  4.98252900E-036
  3.631000E+04  2.64692262E-035  2.17668139E-035  4.70241221E-036
  3.673000E+04  2.50321487E-035  2.05912546E-035  4.44089410E-036
  3.715000E+04  2.36840236E-035  1.94874703E-035  4.19655331E-036
  3.758000E+04  2.23893698E-035  1.84265346E-035  3.96283515E-036
  3.802000E+04  2.11477940E-035  1.74082107E-035  3.73958338E-036
  3.846000E+04  1.99842927E-035  1.64531117E-035  3.53118097E-036
  3.890000E+04  1.88932512E-035  1.55567597E-035  3.33649151E-036
  3.936000E+04  1.78244991E-035  1.46780103E-035  3.14648883E-036
  3.981000E+04  1.68449640E-035  1.38719827E-035  2.97298134E-036
