# DH21 PAH SED for Mathis ISRF, U = 1.995
# DL07 PAH cross sections, neutral + cation mixed by f_ion(a)
# columns: lambda[um]    lambda*I_lambda / N_H [erg s^-1 cm^-2 sr^-1 H^-1]
  9.120000E-02  1.25896485E-059
  9.226000E-02  3.42048019E-059
  9.332000E-02  9.08997945E-059
  9.441000E-02  2.42826657E-058
  9.550000E-02  6.34402671E-058
  9.661000E-02  1.64966221E-057
  9.772000E-02  4.19696521E-057
  9.886000E-02  1.07124229E-056
  1.000000E-01  2.67625592E-056
  1.012000E-01  6.77265753E-056
  1.023000E-01  1.56144062E-055
  1.035000E-01  3.80078352E-055
  1.047000E-01  9.05228364E-055
  1.059000E-01  2.11115226E-054
  1.072000E-01  5.16381953E-054
  1.084000E-01  1.15514398E-053
  1.097000E-01  2.70449334E-053
  1.109000E-01  5.81767064E-053
  1.122000E-01  1.30744729E-052
  1.135000E-01  2.88018094E-052
  1.148000E-01  6.22459089E-052
  1.161000E-01  1.32079225E-051
  1.175000E-01  2.91156325E-051
  1.189000E-01  6.29332874E-051
  1.202000E-01  1.26580191E-050
  1.216000E-01  2.63979795E-050
  1.230000E-01  5.40958725E-050
  1.244000E-01  1.09004242E-049
  1.259000E-01  2.26810205E-049
  1.274000E-01  4.63610309E-049
  1.288000E-01  8.89725912E-049
  1.303000E-01  1.73791453E-048
  1.318000E-01  3.40374044E-048
  1.333000E-01  6.57214727E-048
  1.349000E-01  1.30608992E-047
  1.365000E-01  2.55724278E-047
  1.380000E-01  4.73908676E-047
  1.396000E-01  9.03034563E-047
  1.412000E-01  1.69820070E-046
  1.429000E-01  3.27640156E-046
  1.445000E-01  6.00588529E-046
  1.462000E-01  1.12890073E-045
  1.479000E-01  2.09527896E-045
  1.496000E-01  3.84197589E-045
  1.514000E-01  7.20829773E-045
  1.531000E-01  1.29097625E-044
  1.549000E-01  2.36478172E-044
  1.567000E-01  4.28176948E-044
  1.585000E-01  7.66674260E-044
  1.603000E-01  1.35812623E-043
  1.622000E-01  2.45588874E-043
  1.641000E-01  4.39225787E-043
  1.660000E-01  7.77262689E-043
  1.679000E-01  1.36155262E-042
  1.698000E-01  2.36191846E-042
  1.718000E-01  4.17309632E-042
  1.738000E-01  7.29489641E-042
  1.758000E-01  1.26243002E-041
  1.778000E-01  2.16404960E-041
  1.799000E-01  3.77444923E-041
  1.820000E-01  6.52239247E-041
  1.841000E-01  1.11729626E-040
  1.862000E-01  1.89819333E-040
  1.884000E-01  3.27956066E-040
  1.905000E-01  5.48439526E-040
  1.928000E-01  9.55042819E-040
  1.950000E-01  1.60997602E-039
  1.972000E-01  2.69123071E-039
  1.995000E-01  4.56076967E-039
  2.018000E-01  7.64545174E-039
  2.042000E-01  1.29360318E-038
  2.065000E-01  2.11044300E-038
  2.089000E-01  3.45624614E-038
  2.113000E-01  5.54672571E-038
  2.138000E-01  8.86466548E-038
  2.163000E-01  1.38041254E-037
  2.188000E-01  2.09350669E-037
  2.213000E-01  3.09477294E-037
  2.239000E-01  4.53273272E-037
  2.265000E-01  6.49308829E-037
  2.291000E-01  9.13024526E-037
  2.317000E-01  1.26467324E-036
  2.344000E-01  1.75163987E-036
  2.371000E-01  2.40185734E-036
  2.399000E-01  3.30457222E-036
  2.427000E-01  4.51596996E-036
  2.455000E-01  6.13717067E-036
  2.483000E-01  8.30056731E-036
  2.512000E-01  1.12969366E-035
  2.541000E-01  1.53089341E-035
  2.570000E-01  2.06598408E-035
  2.600000E-01  2.80502790E-035
  2.630000E-01  3.79186452E-035
  2.661000E-01  5.15393617E-035
  2.691000E-01  6.90521508E-035
  2.723000E-01  9.38778221E-035
  2.754000E-01  1.25797134E-034
  2.786000E-01  1.69317057E-034
  2.818000E-01  2.26730499E-034
  2.851000E-01  3.04765716E-034
  2.884000E-01  4.07452208E-034
  2.917000E-01  5.41831336E-034
  2.951000E-01  7.22758029E-034
  2.985000E-01  9.58760943E-034
  3.020000E-01  1.27512633E-033
  3.055000E-01  1.62647267E-033
  3.090000E-01  2.11255128E-033
  3.126000E-01  2.74545788E-033
  3.162000E-01  3.54385994E-033
  3.199000E-01  4.57560553E-033
  3.236000E-01  5.86815771E-033
  3.273000E-01  7.47697101E-033
  3.311000E-01  9.52646469E-033
  3.350000E-01  1.21331230E-032
  3.388000E-01  1.52593341E-032
  3.428000E-01  1.92946704E-032
  3.467000E-01  2.40979665E-032
  3.507000E-01  3.00715670E-032
  3.548000E-01  3.74774501E-032
  3.589000E-01  4.63848880E-032
  3.631000E-01  5.72899128E-032
  3.673000E-01  7.02221773E-032
  3.715000E-01  8.53852604E-032
  3.758000E-01  1.03371456E-031
  3.802000E-01  1.24390730E-031
  3.846000E-01  1.47883279E-031
  3.891000E-01  1.74004241E-031
  3.936000E-01  2.01564320E-031
  3.981000E-01  2.30104040E-031
  4.027000E-01  2.60762247E-031
  4.074000E-01  2.95382472E-031
  4.121000E-01  3.35694331E-031
  4.169000E-01  3.84972272E-031
  4.217000E-01  4.44496237E-031
  4.266000E-01  5.17869128E-031
  4.315000E-01  6.05786883E-031
  4.365000E-01  7.11564813E-031
  4.416000E-01  8.36094280E-031
  4.467000E-01  9.75689126E-031
  4.519000E-01  1.12954828E-030
  4.571000E-01  1.28827782E-030
  4.624000E-01  1.44536618E-030
  4.677000E-01  1.58647625E-030
  4.732000E-01  1.70741643E-030
  4.786000E-01  1.80064380E-030
  4.842000E-01  1.88010402E-030
  4.898000E-01  1.95417618E-030
  4.954000E-01  2.03209898E-030
  5.012000E-01  2.12418424E-030
  5.070000E-01  2.23482425E-030
  5.129000E-01  2.37286277E-030
  5.188000E-01  2.53988934E-030
  5.248000E-01  2.73901841E-030
  5.309000E-01  2.96778561E-030
  5.370000E-01  3.21600101E-030
  5.433000E-01  3.48246720E-030
  5.495000E-01  3.74314768E-030
  5.559000E-01  4.00163384E-030
  5.623000E-01  4.25011562E-030
  5.688000E-01  4.50488811E-030
  5.754000E-01  4.78453809E-030
  5.821000E-01  5.10678633E-030
  5.888000E-01  5.48166563E-030
  5.957000E-01  5.93483039E-030
  6.026000E-01  6.46358539E-030
  6.095000E-01  7.06855258E-030
  6.166000E-01  7.76409188E-030
  6.237000E-01  8.52309285E-030
  6.310000E-01  9.35127750E-030
  6.383000E-01  1.02097314E-029
  6.457000E-01  1.10893215E-029
  6.531000E-01  1.19618911E-029
  6.607000E-01  1.28412514E-029
  6.683000E-01  1.37126083E-029
  6.761000E-01  1.46300738E-029
  6.839000E-01  1.56139087E-029
  6.918000E-01  1.67162109E-029
  6.998000E-01  1.79758084E-029
  7.079000E-01  1.94271628E-029
  7.161000E-01  2.10955667E-029
  7.244000E-01  2.29976454E-029
  7.328000E-01  2.51325134E-029
  7.413000E-01  2.75011877E-029
  7.499000E-01  3.01020736E-029
  7.586000E-01  3.29445426E-029
  7.674000E-01  3.60441585E-029
  7.763000E-01  3.94395259E-029
  7.852000E-01  4.31268047E-029
  7.943000E-01  4.72181244E-029
  8.035000E-01  5.17257998E-029
  8.128000E-01  5.66815838E-029
  8.222000E-01  6.21258834E-029
  8.318000E-01  6.81676759E-029
  8.414000E-01  7.47350632E-029
  8.511000E-01  8.19407170E-029
  8.610000E-01  8.99344494E-029
  8.710000E-01  9.87287860E-029
  8.810000E-01  1.08334437E-028
  8.913000E-01  1.19180784E-028
  9.016000E-01  1.31135911E-028
  9.120000E-01  1.44548804E-028
  9.226000E-01  1.59926288E-028
  9.333000E-01  1.77647298E-028
  9.441000E-01  1.98487267E-028
  9.550000E-01  2.23657384E-028
  9.661000E-01  2.55469516E-028
  9.772000E-01  2.96772046E-028
  9.886000E-01  3.55109643E-028
  1.000000E+00  4.40819425E-028
  1.012000E+00  5.83557477E-028
  1.023000E+00  7.94822027E-028
  1.035000E+00  1.13859580E-027
  1.047000E+00  1.47609592E-027
  1.059000E+00  1.50973814E-027
  1.071000E+00  1.29320492E-027
  1.084000E+00  1.06479202E-027
  1.097000E+00  9.25139522E-028
  1.109000E+00  8.57977484E-028
  1.122000E+00  8.29021570E-028
  1.135000E+00  8.31256365E-028
  1.148000E+00  8.57209403E-028
  1.161000E+00  9.04130049E-028
  1.175000E+00  9.78558492E-028
  1.189000E+00  1.08062910E-027
  1.202000E+00  1.20370839E-027
  1.216000E+00  1.36772461E-027
  1.230000E+00  1.55674554E-027
  1.245000E+00  1.75902282E-027
  1.259000E+00  1.90591237E-027
  1.273000E+00  1.98112648E-027
  1.288000E+00  1.98333497E-027
  1.303000E+00  1.93694660E-027
  1.318000E+00  1.87636848E-027
  1.334000E+00  1.81949526E-027
  1.349000E+00  1.78171744E-027
  1.365000E+00  1.75834657E-027
  1.380000E+00  1.75112747E-027
  1.396000E+00  1.75592538E-027
  1.413000E+00  1.77263818E-027
  1.429000E+00  1.79707008E-027
  1.445000E+00  1.82826874E-027
  1.462000E+00  1.86710407E-027
  1.479000E+00  1.91104960E-027
  1.496000E+00  1.95870057E-027
  1.514000E+00  2.01291434E-027
  1.531000E+00  2.06676520E-027
  1.549000E+00  2.12583344E-027
  1.567000E+00  2.18757949E-027
  1.585000E+00  2.25058576E-027
  1.603000E+00  2.31521116E-027
  1.622000E+00  2.38486332E-027
  1.641000E+00  2.45493755E-027
  1.660000E+00  2.52588237E-027
  1.679000E+00  2.59680472E-027
  1.698000E+00  2.66682077E-027
  1.718000E+00  2.74084260E-027
  1.738000E+00  2.81231520E-027
  1.758000E+00  2.88169410E-027
  1.778000E+00  2.94741796E-027
  1.799000E+00  3.00853331E-027
  1.820000E+00  3.06243232E-027
  1.841000E+00  3.10362030E-027
  1.862000E+00  3.13575474E-027
  1.884000E+00  3.17101039E-027
  1.906000E+00  3.22870362E-027
  1.928000E+00  3.32496213E-027
  1.950000E+00  3.45066742E-027
  1.972000E+00  3.58359969E-027
  1.995000E+00  3.71898321E-027
  2.018000E+00  3.84596862E-027
  2.042000E+00  3.97052047E-027
  2.065000E+00  4.08052269E-027
  2.089000E+00  4.19087308E-027
  2.114000E+00  4.30189467E-027
  2.138000E+00  4.40363055E-027
  2.163000E+00  4.50743269E-027
  2.188000E+00  4.61046316E-027
  2.213000E+00  4.70789705E-027
  2.239000E+00  4.80853571E-027
  2.265000E+00  4.90732348E-027
  2.291000E+00  5.00573853E-027
  2.317000E+00  5.10051555E-027
  2.344000E+00  5.19536007E-027
  2.371000E+00  5.29403524E-027
  2.399000E+00  5.38876010E-027
  2.427000E+00  5.48583563E-027
  2.455000E+00  5.57912316E-027
  2.483000E+00  5.67316215E-027
  2.512000E+00  5.76674730E-027
  2.541000E+00  5.86114175E-027
  2.570000E+00  5.95214278E-027
  2.600000E+00  6.04523708E-027
  2.630000E+00  6.13462712E-027
  2.661000E+00  6.23158982E-027
  2.691000E+00  6.32226796E-027
  2.723000E+00  6.41814162E-027
  2.754000E+00  6.51147006E-027
  2.786000E+00  6.60925123E-027
  2.818000E+00  6.70830675E-027
  2.851000E+00  6.81453305E-027
  2.884000E+00  6.92513542E-027
  2.917000E+00  7.04438972E-027
  2.951000E+00  7.18032078E-027
  2.985000E+00  7.33734388E-027
  3.020000E+00  7.53401010E-027
  3.055000E+00  7.78889469E-027
  3.090000E+00  8.14755363E-027
  3.126000E+00  8.72328941E-027
  3.162000E+00  9.75557180E-027
  3.199000E+00  1.20727198E-026
  3.236000E+00  1.90232252E-026
  3.273000E+00  5.58750121E-026
  3.311000E+00  1.16953568E-025
  3.350000E+00  2.77944766E-026
  3.388000E+00  1.51095318E-026
  3.428000E+00  1.14682433E-026
  3.467000E+00  1.00750981E-026
  3.507000E+00  9.38525088E-027
  3.548000E+00  9.00708156E-027
  3.589000E+00  8.79187867E-027
  3.631000E+00  8.66294621E-027
  3.673000E+00  8.58790636E-027
  3.715000E+00  8.54713489E-027
  3.758000E+00  8.52766375E-027
  3.802000E+00  8.52506726E-027
  3.846000E+00  8.53327506E-027
  3.891000E+00  8.54981244E-027
  3.935000E+00  8.57449462E-027
  3.981000E+00  8.60416135E-027
  4.027000E+00  8.63936167E-027
  4.074000E+00  8.67916880E-027
  4.121000E+00  8.72431936E-027
  4.169000E+00  8.77242878E-027
  4.217000E+00  8.82692963E-027
  4.266000E+00  8.88502249E-027
  4.315000E+00  8.94955379E-027
  4.365000E+00  9.02102598E-027
  4.416000E+00  9.09824699E-027
  4.467000E+00  9.18485268E-027
  4.519000E+00  9.28148049E-027
  4.571000E+00  9.38857772E-027
  4.624000E+00  9.51002199E-027
  4.677000E+00  9.64746850E-027
  4.732000E+00  9.81188613E-027
  4.786000E+00  9.99868292E-027
  4.842000E+00  1.02319579E-026
  4.898000E+00  1.05186140E-026
  4.955000E+00  1.08970973E-026
  5.012000E+00  1.14189791E-026
  5.070000E+00  1.22289928E-026
  5.129000E+00  1.36592554E-026
  5.188000E+00  1.64497148E-026
  5.248000E+00  2.07737788E-026
  5.309000E+00  2.06325985E-026
  5.370000E+00  1.78594269E-026
  5.432000E+00  1.70857005E-026
  5.495000E+00  1.80495673E-026
  5.559000E+00  2.09488919E-026
  5.623000E+00  2.70769616E-026
  5.688000E+00  3.50723676E-026
  5.754000E+00  3.34925886E-026
  5.821000E+00  2.98606389E-026
  5.888000E+00  3.10181207E-026
  5.957000E+00  3.72940733E-026
  6.026000E+00  5.17135792E-026
  6.095000E+00  8.50060288E-026
  6.166000E+00  1.62961950E-025
  6.237000E+00  2.10423342E-025
  6.310000E+00  1.27489017E-025
  6.383000E+00  7.88227472E-026
  6.457000E+00  6.15114569E-026
  6.531000E+00  5.77688541E-026
  6.607000E+00  6.00211736E-026
  6.683000E+00  6.30015347E-026
  6.761000E+00  6.31668481E-026
  6.839000E+00  6.19278798E-026
  6.918000E+00  6.24859925E-026
  6.998000E+00  6.63291923E-026
  7.080000E+00  7.39710299E-026
  7.161000E+00  8.53798456E-026
  7.244000E+00  1.01634270E-025
  7.328000E+00  1.24582587E-025
  7.413000E+00  1.59407805E-025
  7.499000E+00  2.13758652E-025
  7.586000E+00  2.69175556E-025
  7.674000E+00  2.74305794E-025
  7.762000E+00  2.67309833E-025
  7.852000E+00  2.59260511E-025
  7.943000E+00  2.15265238E-025
  8.035000E+00  1.61936756E-025
  8.128000E+00  1.25978215E-025
  8.222000E+00  1.07632444E-025
  8.318000E+00  1.00908159E-025
  8.414000E+00  1.02314338E-025
  8.511000E+00  1.17054381E-025
  8.610000E+00  1.30496826E-025
  8.710000E+00  1.04304227E-025
  8.811000E+00  7.38370888E-026
  8.913000E+00  5.63397576E-026
  9.016000E+00  4.66241150E-026
  9.120000E+00  4.07958909E-026
  9.226000E+00  3.70099791E-026
  9.333000E+00  3.44634168E-026
  9.441000E+00  3.27084130E-026
  9.550000E+00  3.15075498E-026
  9.660000E+00  3.07170949E-026
  9.772000E+00  3.02610632E-026
  9.885000E+00  3.01032275E-026
  1.000000E+01  3.02309556E-026
  1.012000E+01  3.06821748E-026
  1.023000E+01  3.14195403E-026
  1.035000E+01  3.26751456E-026
  1.047000E+01  3.46223690E-026
  1.059000E+01  3.78238647E-026
  1.072000E+01  4.29864644E-026
  1.084000E+01  5.00610133E-026
  1.097000E+01  6.68335640E-026
  1.109000E+01  1.07480003E-025
  1.122000E+01  2.68604340E-025
  1.135000E+01  2.10540749E-025
  1.148000E+01  1.37602806E-025
  1.161000E+01  9.76008199E-026
  1.175000E+01  8.96387798E-026
  1.189000E+01  9.96340207E-026
  1.202000E+01  1.05308098E-025
  1.216000E+01  9.71148440E-026
  1.230000E+01  9.56839827E-026
  1.244000E+01  1.11835837E-025
  1.259000E+01  1.37444632E-025
  1.273000E+01  1.29151958E-025
  1.288000E+01  9.26946562E-026
  1.303000E+01  7.45742098E-026
  1.318000E+01  6.86039915E-026
  1.334000E+01  7.12154733E-026
  1.349000E+01  7.36620580E-026
  1.365000E+01  6.54831348E-026
  1.380000E+01  5.79396980E-026
  1.396000E+01  5.48953351E-026
  1.412000E+01  5.69247795E-026
  1.429000E+01  5.47036971E-026
  1.445000E+01  5.00772009E-026
  1.462000E+01  4.81944232E-026
  1.479000E+01  4.75329694E-026
  1.496000E+01  4.73673968E-026
  1.514000E+01  4.74876688E-026
  1.531000E+01  4.78136575E-026
  1.549000E+01  4.84084350E-026
  1.567000E+01  4.94405919E-026
  1.585000E+01  5.14229086E-026
  1.603000E+01  5.31481847E-026
  1.622000E+01  5.78370160E-026
  1.641000E+01  7.79449752E-026
  1.660000E+01  6.98319095E-026
  1.679000E+01  6.89521777E-026
  1.698000E+01  7.20161237E-026
  1.718000E+01  7.16758127E-026
  1.738000E+01  7.19040760E-026
  1.758000E+01  6.10835092E-026
  1.778000E+01  5.77770542E-026
  1.799000E+01  5.42244092E-026
  1.820000E+01  5.07034414E-026
  1.841000E+01  4.90188037E-026
  1.862000E+01  4.79374866E-026
  1.884000E+01  4.70663728E-026
  1.906000E+01  4.62735484E-026
  1.927000E+01  4.55295629E-026
  1.950000E+01  4.47490723E-026
  1.972000E+01  4.40674070E-026
  1.995000E+01  4.34344897E-026
  2.018000E+01  4.28774979E-026
  2.042000E+01  4.23648826E-026
  2.065000E+01  4.19272190E-026
  2.089000E+01  4.15165118E-026
  2.114000E+01  4.11297563E-026
  2.138000E+01  4.07917179E-026
  2.163000E+01  4.04703810E-026
  2.188000E+01  4.01763724E-026
  2.213000E+01  3.99070078E-026
  2.239000E+01  3.96508310E-026
  2.265000E+01  3.94166044E-026
  2.291000E+01  3.92029330E-026
  2.317000E+01  3.90080838E-026
  2.344000E+01  3.88250333E-026
  2.371000E+01  3.86594851E-026
  2.399000E+01  3.85052812E-026
  2.427000E+01  3.83688549E-026
  2.455000E+01  3.82479314E-026
  2.483000E+01  3.81418080E-026
  2.512000E+01  3.80468581E-026
  2.541000E+01  3.79649927E-026
  2.570000E+01  3.78966997E-026
  2.600000E+01  3.78384948E-026
  2.630000E+01  3.77928901E-026
  2.661000E+01  3.77573123E-026
  2.692000E+01  3.77323875E-026
  2.723000E+01  3.77180762E-026
  2.754000E+01  3.77134385E-026
  2.786000E+01  3.77171840E-026
  2.818000E+01  3.77293262E-026
  2.851000E+01  3.77509451E-026
  2.884000E+01  3.77805109E-026
  2.917000E+01  3.78159998E-026
  2.951000E+01  3.78585737E-026
  2.985000E+01  3.79084797E-026
  3.020000E+01  3.79654749E-026
  3.055000E+01  3.80271006E-026
  3.090000E+01  3.80933329E-026
  3.126000E+01  3.81659568E-026
  3.162000E+01  3.82415703E-026
  3.199000E+01  3.83239403E-026
  3.236000E+01  3.84068336E-026
  3.273000E+01  3.84951722E-026
  3.311000E+01  3.85874447E-026
  3.350000E+01  3.86832518E-026
  3.388000E+01  3.87776997E-026
  3.428000E+01  3.88804032E-026
  3.467000E+01  3.89802913E-026
  3.508000E+01  3.90858683E-026
  3.548000E+01  3.91875368E-026
  3.589000E+01  3.92928176E-026
  3.631000E+01  3.94021883E-026
  3.673000E+01  3.95087300E-026
  3.715000E+01  3.96142275E-026
  3.758000E+01  3.97244107E-026
  3.802000E+01  3.98317580E-026
  3.846000E+01  3.99397804E-026
  3.890000E+01  4.00449058E-026
  3.935000E+01  4.01497537E-026
  3.981000E+01  4.02589033E-026
  4.027000E+01  4.03602666E-026
  4.074000E+01  4.04630440E-026
  4.121000E+01  4.05660173E-026
  4.169000E+01  4.06649219E-026
  4.217000E+01  4.07607137E-026
  4.266000E+01  4.08581089E-026
  4.315000E+01  4.09474003E-026
  4.365000E+01  4.10371947E-026
  4.416000E+01  4.11239272E-026
  4.467000E+01  4.12096494E-026
  4.519000E+01  4.12867967E-026
  4.571000E+01  4.13681657E-026
  4.624000E+01  4.14374580E-026
  4.677000E+01  4.15071112E-026
  4.731000E+01  4.15727929E-026
  4.786000E+01  4.16352636E-026
  4.842000E+01  4.16875267E-026
  4.898000E+01  4.17443153E-026
  4.954000E+01  4.17877095E-026
  5.012000E+01  4.18304803E-026
  5.070000E+01  4.18675485E-026
  5.129000E+01  4.18982597E-026
  5.188000E+01  4.19227499E-026
  5.248000E+01  4.19442004E-026
  5.309000E+01  4.19521388E-026
  5.370000E+01  4.19643048E-026
  5.433000E+01  4.19591640E-026
  5.495000E+01  4.19513829E-026
  5.559000E+01  4.19410446E-026
  5.623000E+01  4.19155724E-026
  5.688000E+01  4.18931722E-026
  5.754000E+01  4.18500881E-026
  5.821000E+01  4.18078968E-026
  5.888000E+01  4.17561474E-026
  5.957000E+01  4.16948265E-026
  6.026000E+01  4.16222236E-026
  6.095000E+01  4.15473590E-026
  6.166000E+01  4.14609272E-026
  6.237000E+01  4.13690073E-026
  6.310000E+01  4.12627521E-026
  6.383000E+01  4.11421723E-026
  6.457000E+01  4.10180959E-026
  6.531000E+01  4.08870653E-026
  6.607000E+01  4.07502406E-026
  6.683000E+01  4.05995232E-026
  6.761000E+01  4.04363966E-026
  6.839000E+01  4.02619023E-026
  6.918000E+01  4.00764585E-026
  6.998000E+01  3.98906639E-026
  7.079000E+01  3.96852406E-026
  7.161000E+01  3.94731440E-026
  7.244000E+01  3.92498958E-026
  7.328000E+01  3.90187366E-026
  7.413000E+01  3.87721401E-026
  7.499000E+01  3.85217367E-026
  7.586000E+01  3.82607034E-026
  7.674000E+01  3.79895764E-026
  7.762000E+01  3.77084446E-026
  7.852000E+01  3.74121369E-026
  7.943000E+01  3.71080778E-026
  8.035000E+01  3.68019241E-026
  8.128000E+01  3.64812778E-026
  8.222000E+01  3.61494161E-026
  8.318000E+01  3.58112096E-026
  8.414000E+01  3.54615605E-026
  8.511000E+01  3.51081516E-026
  8.610000E+01  3.47434978E-026
  8.710000E+01  3.43704083E-026
  8.811000E+01  3.39881387E-026
  8.912000E+01  3.36033632E-026
  9.016000E+01  3.32048428E-026
  9.120000E+01  3.28055047E-026
  9.226000E+01  3.23938462E-026
  9.332000E+01  3.19841331E-026
  9.441000E+01  3.15592627E-026
  9.550000E+01  3.11329390E-026
  9.661000E+01  3.06998547E-026
  9.772000E+01  3.02669430E-026
  9.886000E+01  2.98200970E-026
  1.000000E+02  2.93765073E-026
  1.012000E+02  2.89115697E-026
  1.023000E+02  2.84834269E-026
  1.035000E+02  2.80219633E-026
  1.047000E+02  2.75593865E-026
  1.059000E+02  2.71014506E-026
  1.072000E+02  2.66103420E-026
  1.084000E+02  2.61594888E-026
  1.097000E+02  2.56783893E-026
  1.109000E+02  2.52335079E-026
  1.122000E+02  2.47584344E-026
  1.135000E+02  2.42893166E-026
  1.148000E+02  2.38274603E-026
  1.161000E+02  2.33680988E-026
  1.175000E+02  2.28814023E-026
  1.188000E+02  2.24357955E-026
  1.202000E+02  2.19624431E-026
  1.216000E+02  2.14967309E-026
  1.230000E+02  2.10375827E-026
  1.244000E+02  2.05873956E-026
  1.259000E+02  2.01112875E-026
  1.273000E+02  1.96764664E-026
  1.288000E+02  1.92184899E-026
  1.303000E+02  1.87704643E-026
  1.318000E+02  1.83311082E-026
  1.334000E+02  1.78723467E-026
  1.349000E+02  1.74517893E-026
  1.365000E+02  1.70096636E-026
  1.380000E+02  1.66081044E-026
  1.396000E+02  1.61890330E-026
  1.412000E+02  1.57763325E-026
  1.429000E+02  1.53528332E-026
  1.445000E+02  1.49618796E-026
  1.462000E+02  1.45574460E-026
  1.479000E+02  1.41647662E-026
  1.496000E+02  1.37810655E-026
  1.514000E+02  1.33859224E-026
  1.531000E+02  1.30239749E-026
  1.549000E+02  1.26512678E-026
  1.567000E+02  1.22887937E-026
  1.585000E+02  1.19371367E-026
  1.603000E+02  1.15945032E-026
  1.622000E+02  1.12443868E-026
  1.641000E+02  1.09069925E-026
  1.660000E+02  1.05786365E-026
  1.679000E+02  1.02605604E-026
  1.698000E+02  9.95130394E-027
  1.718000E+02  9.63998511E-027
  1.738000E+02  9.33613562E-027
  1.758000E+02  9.04357554E-027
  1.778000E+02  8.76040792E-027
  1.799000E+02  8.47280130E-027
  1.820000E+02  8.19571054E-027
  1.841000E+02  7.92833890E-027
  1.862000E+02  7.67075209E-027
  1.884000E+02  7.41070150E-027
  1.906000E+02  7.16003376E-027
  1.928000E+02  6.91879491E-027
  1.950000E+02  6.68555649E-027
  1.972000E+02  6.46245528E-027
  1.995000E+02  6.23723098E-027
  2.018000E+02  6.02052556E-027
  2.042000E+02  5.80306619E-027
  2.065000E+02  5.60385256E-027
  2.089000E+02  5.40332755E-027
  2.114000E+02  5.20357236E-027
  2.138000E+02  5.01881127E-027
  2.163000E+02  4.83452867E-027
  2.188000E+02  4.65798518E-027
  2.213000E+02  4.48868436E-027
  2.239000E+02  4.31994340E-027
  2.265000E+02  4.15796720E-027
  2.291000E+02  4.00316422E-027
  2.317000E+02  3.85484603E-027
  2.344000E+02  3.70755905E-027
  2.371000E+02  3.56628722E-027
  2.399000E+02  3.42641353E-027
  2.427000E+02  3.29305366E-027
  2.455000E+02  3.16579143E-027
  2.483000E+02  3.04363582E-027
  2.512000E+02  2.92284387E-027
  2.541000E+02  2.80750145E-027
  2.570000E+02  2.69747827E-027
  2.600000E+02  2.58929206E-027
  2.630000E+02  2.48549011E-027
  2.661000E+02  2.38365798E-027
  2.691000E+02  2.28925847E-027
  2.723000E+02  2.19374166E-027
  2.754000E+02  2.10513159E-027
  2.786000E+02  2.01856651E-027
  2.818000E+02  1.93602386E-027
  2.851000E+02  1.85491718E-027
  2.884000E+02  1.77755492E-027
  2.917000E+02  1.70414373E-027
  2.951000E+02  1.63161218E-027
  2.985000E+02  1.56331577E-027
  3.020000E+02  1.49643009E-027
  3.055000E+02  1.43249893E-027
  3.090000E+02  1.37221193E-027
  3.126000E+02  1.31290507E-027
  3.162000E+02  1.25674930E-027
  3.199000E+02  1.20175142E-027
  3.236000E+02  1.14969723E-027
  3.273000E+02  1.10024185E-027
  3.311000E+02  1.05226048E-027
  3.350000E+02  1.00524163E-027
  3.388000E+02  9.61856804E-028
  3.428000E+02  9.18563875E-028
  3.467000E+02  8.78572362E-028
  3.508000E+02  8.38737508E-028
  3.548000E+02  8.01868481E-028
  3.589000E+02  7.66107298E-028
  3.631000E+02  7.31322221E-028
  3.673000E+02  6.98508695E-028
  3.715000E+02  6.67346558E-028
  3.758000E+02  6.37063559E-028
  3.802000E+02  6.07829529E-028
  3.846000E+02  5.80158015E-028
  3.890000E+02  5.53972105E-028
  3.935000E+02  5.28599437E-028
  3.981000E+02  5.04103287E-028
  4.027000E+02  4.80917985E-028
  4.074000E+02  4.58509347E-028
  4.121000E+02  4.37356125E-028
  4.169000E+02  4.16934760E-028
  4.217000E+02  3.97635396E-028
  4.266000E+02  3.78993117E-028
  4.315000E+02  3.61389801E-028
  4.365000E+02  3.44425367E-028
  4.416000E+02  3.28092889E-028
  4.467000E+02  3.12645381E-028
  4.519000E+02  2.97823517E-028
  4.571000E+02  2.83787799E-028
  4.624000E+02  2.70310448E-028
  4.677000E+02  2.57584417E-028
  4.731000E+02  2.45322888E-028
  4.786000E+02  2.33568377E-028
  4.842000E+02  2.22272373E-028
  4.898000E+02  2.11613415E-028
  4.955000E+02  2.01384408E-028
  5.012000E+02  1.91751972E-028
  5.070000E+02  1.82497091E-028
  5.129000E+02  1.73632977E-028
  5.188000E+02  1.65272765E-028
  5.248000E+02  1.57258180E-028
  5.309000E+02  1.49577215E-028
  5.370000E+02  1.42337665E-028
  5.432000E+02  1.35410574E-028
  5.495000E+02  1.28775974E-028
  5.559000E+02  1.22432982E-028
  5.623000E+02  1.16453085E-028
  5.688000E+02  1.10739348E-028
  5.754000E+02  1.05284595E-028
  5.821000E+02  1.00053502E-028
  5.888000E+02  9.51438326E-029
  5.957000E+02  9.03779954E-029
  6.026000E+02  8.58999734E-029
  6.095000E+02  8.16804201E-029
  6.166000E+02  7.75857230E-029
  6.237000E+02  7.37481483E-029
  6.310000E+02  7.00337379E-029
  6.383000E+02  6.65412429E-029
  6.457000E+02  6.32091144E-029
  6.531000E+02  6.00766807E-029
  6.607000E+02  5.70464573E-029
  6.683000E+02  5.42023499E-029
  6.761000E+02  5.14520737E-029
  6.839000E+02  4.88759893E-029
  6.918000E+02  4.64209383E-029
  6.998000E+02  4.40807022E-029
  7.080000E+02  4.18265189E-029
  7.161000E+02  3.97356681E-029
  7.244000E+02  3.77183851E-029
  7.328000E+02  3.58071051E-029
  7.413000E+02  3.39899077E-029
  7.499000E+02  3.22575553E-029
  7.586000E+02  3.06138792E-029
  7.674000E+02  2.90495182E-029
  7.762000E+02  2.75808631E-029
  7.852000E+02  2.61745988E-029
  7.943000E+02  2.48340999E-029
  8.035000E+02  2.35639462E-029
  8.128000E+02  2.23584725E-029
  8.222000E+02  2.12187270E-029
  8.318000E+02  2.01214006E-029
  8.414000E+02  1.90909933E-029
  8.511000E+02  1.81151222E-029
  8.610000E+02  1.71826026E-029
  8.710000E+02  1.62928176E-029
  8.810000E+02  1.54621681E-029
  8.912000E+02  1.46621177E-029
  9.016000E+02  1.39025737E-029
  9.120000E+02  1.31895762E-029
  9.226000E+02  1.25052933E-029
  9.333000E+02  1.18567159E-029
  9.441000E+02  1.12462362E-029
  9.550000E+02  1.06647710E-029
  9.660000E+02  1.01160167E-029
  9.772000E+02  9.59392656E-030
  9.885000E+02  9.09618674E-030
  1.000000E+03  8.62107368E-030
  1.012000E+03  8.15877487E-030
  1.023000E+03  7.76075724E-030
  1.035000E+03  7.35316066E-030
  1.047000E+03  6.96982819E-030
  1.059000E+03  6.61134625E-030
  1.072000E+03  6.24767915E-030
  1.084000E+03  5.93352792E-030
  1.096000E+03  5.63888492E-030
  1.109000E+03  5.33785329E-030
  1.122000E+03  5.05675042E-030
  1.135000E+03  4.79320660E-030
  1.148000E+03  4.54663513E-030
  1.161000E+03  4.31440256E-030
  1.175000E+03  4.08068596E-030
  1.188000E+03  3.87714218E-030
  1.202000E+03  3.67180777E-030
  1.216000E+03  3.47919997E-030
  1.230000E+03  3.29883832E-030
  1.244000E+03  3.12953492E-030
  1.259000E+03  2.95942534E-030
  1.274000E+03  2.80089977E-030
  1.288000E+03  2.66175565E-030
  1.303000E+03  2.52251128E-030
  1.318000E+03  2.39164380E-030
  1.334000E+03  2.26098208E-030
  1.349000E+03  2.14640605E-030
  1.365000E+03  2.03154958E-030
  1.380000E+03  1.93091264E-030
  1.396000E+03  1.83012921E-030
  1.412000E+03  1.73542064E-030
  1.429000E+03  1.64154796E-030
  1.445000E+03  1.55862317E-030
  1.462000E+03  1.47605025E-030
  1.479000E+03  1.39881540E-030
  1.496000E+03  1.32645179E-030
  1.514000E+03  1.25470842E-030
  1.531000E+03  1.19130383E-030
  1.549000E+03  1.12825613E-030
  1.567000E+03  1.06929294E-030
  1.585000E+03  1.01400543E-030
  1.603000E+03  9.62221296E-031
  1.622000E+03  9.11033718E-031
  1.641000E+03  8.63127788E-031
  1.660000E+03  8.18214657E-031
  1.679000E+03  7.76143487E-031
  1.698000E+03  7.36668693E-031
  1.718000E+03  6.97793766E-031
  1.738000E+03  6.61352483E-031
  1.758000E+03  6.27246792E-031
  1.778000E+03  5.95244550E-031
  1.799000E+03  5.63756715E-031
  1.820000E+03  5.34280206E-031
  1.841000E+03  5.06664770E-031
  1.862000E+03  4.80823268E-031
  1.884000E+03  4.55411293E-031
  1.906000E+03  4.31664507E-031
  1.928000E+03  4.09411644E-031
  1.950000E+03  3.88471764E-031
  1.972000E+03  3.68946721E-031
  1.995000E+03  3.49754686E-031
  2.018000E+03  3.31752194E-031
  2.042000E+03  3.14187517E-031
  2.065000E+03  2.98412063E-031
  2.089000E+03  2.82979506E-031
  2.114000E+03  2.67944049E-031
  2.138000E+03  2.54406142E-031
  2.163000E+03  2.41188516E-031
  2.188000E+03  2.28813763E-031
  2.213000E+03  2.17199967E-031
  2.239000E+03  2.05869527E-031
  2.265000E+03  1.95279895E-031
  2.291000E+03  1.85379693E-031
  2.317000E+03  1.76031706E-031
  2.344000E+03  1.66957088E-031
  2.371000E+03  1.58467141E-031
  2.399000E+03  1.50187835E-031
  2.427000E+03  1.42441810E-031
  2.455000E+03  1.35201027E-031
  2.483000E+03  1.28388763E-031
  2.512000E+03  1.21793830E-031
  2.541000E+03  1.15596416E-031
  2.570000E+03  1.09774881E-031
  2.600000E+03  1.04144533E-031
  2.630000E+03  9.88721598E-032
  2.661000E+03  9.37587016E-032
  2.692000E+03  8.89677062E-032
  2.723000E+03  8.44693967E-032
  2.754000E+03  8.02575854E-032
  2.786000E+03  7.61687985E-032
  2.818000E+03  7.23431489E-032
  2.851000E+03  6.86432819E-032
  2.884000E+03  6.51632208E-032
  2.917000E+03  6.19114510E-032
  2.951000E+03  5.87635346E-032
  2.985000E+03  5.58000821E-032
  3.020000E+03  5.29488300E-032
  3.055000E+03  5.02849122E-032
  3.090000E+03  4.77818319E-032
  3.126000E+03  4.53621717E-032
  3.162000E+03  4.30869842E-032
  3.199000E+03  4.08985033E-032
  3.236000E+03  3.88505346E-032
  3.273000E+03  3.69259012E-032
  3.311000E+03  3.50681678E-032
  3.350000E+03  3.32847517E-032
  3.388000E+03  3.16439973E-032
  3.428000E+03  3.00332862E-032
  3.467000E+03  2.85596197E-032
  3.508000E+03  2.71012104E-032
  3.548000E+03  2.57688376E-032
  3.589000E+03  2.44855187E-032
  3.631000E+03  2.32528031E-032
  3.673000E+03  2.20956064E-032
  3.715000E+03  2.10108917E-032
  3.758000E+03  1.99652507E-032
  3.802000E+03  1.89599457E-032
  3.846000E+03  1.80201618E-032
  3.890000E+03  1.71362110E-032
  3.936000E+03  1.62700202E-032
  3.981000E+03  1.54735571E-032
  4.027000E+03  1.47085932E-032
  4.074000E+03  1.39751152E-032
  4.121000E+03  1.32876123E-032
  4.169000E+03  1.26260540E-032
  4.217000E+03  1.20069985E-032
  4.266000E+03  1.14126393E-032
  4.315000E+03  1.08542125E-032
  4.365000E+03  1.03194676E-032
  4.416000E+03  9.80683785E-033
  4.467000E+03  9.32545815E-033
  4.519000E+03  8.86514592E-033
  4.571000E+03  8.43245799E-033
  4.624000E+03  8.01817919E-033
  4.677000E+03  7.62882368E-033
  4.732000E+03  7.24872510E-033
  4.786000E+03  6.89882432E-033
  4.842000E+03  6.55793897E-033
  4.898000E+03  6.23740202E-033
  4.954000E+03  5.93641960E-033
  5.012000E+03  5.64341168E-033
  5.070000E+03  5.36824819E-033
  5.129000E+03  5.10494796E-033
  5.188000E+03  4.85796823E-033
  5.248000E+03  4.62172040E-033
  5.309000E+03  4.39563965E-033
  5.370000E+03  4.18354910E-033
  5.432000E+03  3.98073864E-033
  5.495000E+03  3.78721717E-033
  5.559000E+03  3.60234736E-033
  5.623000E+03  3.42846949E-033
  5.688000E+03  3.26262951E-033
  5.754000E+03  3.10415308E-033
  5.821000E+03  2.95309101E-033
  5.888000E+03  2.81117249E-033
  5.957000E+03  2.67366493E-033
  6.026000E+03  2.54457157E-033
  6.095000E+03  2.42305806E-033
  6.166000E+03  2.30519088E-033
  6.237000E+03  2.19466847E-033
  6.310000E+03  2.08787475E-033
  6.383000E+03  1.98715600E-033
  6.456000E+03  1.89282955E-033
  6.531000E+03  1.80156562E-033
  6.607000E+03  1.71437299E-033
  6.683000E+03  1.63241057E-033
  6.761000E+03  1.55365502E-033
  6.839000E+03  1.47935583E-033
  6.918000E+03  1.40846756E-033
  6.998000E+03  1.34116267E-033
  7.080000E+03  1.27624754E-033
  7.161000E+03  1.21580365E-033
  7.244000E+03  1.15754474E-033
  7.328000E+03  1.10204125E-033
  7.413000E+03  1.04924488E-033
  7.499000E+03  9.99168457E-034
  7.586000E+03  9.51336334E-034
  7.674000E+03  9.05878391E-034
  7.762000E+03  8.63108154E-034
  7.852000E+03  8.21886251E-034
  7.943000E+03  7.82798510E-034
  8.035000E+03  7.45527056E-034
  8.128000E+03  7.09951082E-034
  8.222000E+03  6.76259722E-034
  8.318000E+03  6.43924234E-034
  8.414000E+03  6.13402727E-034
  8.511000E+03  5.84385400E-034
  8.610000E+03  5.56525801E-034
  8.710000E+03  5.30030766E-034
  8.810000E+03  5.05100893E-034
  8.912000E+03  4.81284812E-034
  9.016000E+03  4.58265686E-034
  9.120000E+03  4.36621276E-034
  9.226000E+03  4.15895667E-034
  9.332000E+03  3.96300107E-034
  9.441000E+03  3.77496673E-034
  9.550000E+03  3.59752192E-034
  9.660000E+03  3.42854584E-034
  9.772000E+03  3.26642279E-034
  9.886000E+03  3.11086455E-034
  1.000000E+04  2.96495709E-034
  1.012000E+04  2.88480470E-034
  1.023000E+04  2.81416220E-034
  1.035000E+04  2.74002652E-034
  1.047000E+04  2.66879176E-034
  1.059000E+04  2.60030828E-034
  1.072000E+04  2.52906032E-034
  1.084000E+04  2.46586890E-034
  1.096000E+04  2.40502432E-034
  1.109000E+04  2.34162448E-034
  1.122000E+04  2.28070708E-034
  1.135000E+04  2.22214395E-034
  1.148000E+04  2.16581511E-034
  1.161000E+04  2.11160811E-034
  1.175000E+04  2.05548350E-034
  1.188000E+04  2.00535391E-034
  1.202000E+04  1.95339832E-034
  1.216000E+04  1.90344235E-034
  1.230000E+04  1.85538449E-034
  1.244000E+04  1.80912960E-034
  1.259000E+04  1.76147025E-034
  1.274000E+04  1.71567542E-034
  1.288000E+04  1.67453085E-034
  1.303000E+04  1.63207341E-034
  1.318000E+04  1.59121531E-034
  1.334000E+04  1.54930667E-034
  1.349000E+04  1.51150745E-034
  1.365000E+04  1.47269739E-034
  1.380000E+04  1.43765859E-034
  1.396000E+04  1.40164845E-034
  1.412000E+04  1.36697832E-034
  1.429000E+04  1.33153603E-034
  1.445000E+04  1.29942632E-034
  1.462000E+04  1.26656941E-034
  1.479000E+04  1.23494649E-034
  1.496000E+04  1.20449641E-034
  1.514000E+04  1.17346977E-034
  1.531000E+04  1.14525746E-034
  1.549000E+04  1.11648318E-034
  1.567000E+04  1.08878259E-034
  1.585000E+04  1.06210282E-034
  1.603000E+04  1.03639423E-034
  1.622000E+04  1.01025949E-034
  1.641000E+04  9.85103351E-035
  1.660000E+04  9.60877467E-035
  1.679000E+04  9.37536451E-035
  1.698000E+04  9.15037649E-035
  1.718000E+04  8.92220514E-035
  1.738000E+04  8.70248204E-035
  1.758000E+04  8.49079447E-035
  1.778000E+04  8.28675466E-035
  1.799000E+04  8.08034508E-035
  1.820000E+04  7.88156871E-035
  1.841000E+04  7.69005314E-035
  1.862000E+04  7.50544842E-035
  1.884000E+04  7.31910699E-035
  1.906000E+04  7.13963364E-035
  1.928000E+04  6.96669443E-035
  1.950000E+04  6.79997547E-035
  1.972000E+04  6.63918154E-035
  1.995000E+04  6.47711248E-035
  2.018000E+04  6.32091699E-035
  2.042000E+04  6.16388900E-035
  2.065000E+04  6.01884063E-035
  2.089000E+04  5.87288673E-035
  2.114000E+04  5.72643497E-035
  2.138000E+04  5.59094351E-035
  2.163000E+04  5.45486530E-035
  2.188000E+04  5.32370335E-035
  2.213000E+04  5.19722333E-035
  2.239000E+04  5.07041382E-035
  2.265000E+04  4.94819656E-035
  2.291000E+04  4.83035217E-035
  2.317000E+04  4.71667424E-035
  2.344000E+04  4.60282575E-035
  2.371000E+04  4.49305596E-035
  2.399000E+04  4.38332272E-035
  2.427000E+04  4.27756646E-035
  2.455000E+04  4.17559708E-035
  2.483000E+04  4.07723571E-035
  2.512000E+04  3.97898544E-035
  2.541000E+04  3.88424875E-035
  2.570000E+04  3.79285988E-035
  2.600000E+04  3.70167661E-035
  2.630000E+04  3.61374641E-035
  2.661000E+04  3.52614019E-035
  2.692000E+04  3.44168518E-035
  2.723000E+04  3.36023189E-035
  2.754000E+04  3.28163960E-035
  2.786000E+04  3.20337251E-035
  2.818000E+04  3.12787542E-035
  2.851000E+04  3.05278347E-035
  2.884000E+04  2.98036636E-035
  2.917000E+04  2.91049843E-035
  2.951000E+04  2.84105451E-035
  2.985000E+04  2.77406909E-035
  3.020000E+04  2.70756048E-035
  3.055000E+04  2.64341760E-035
  3.090000E+04  2.58152947E-035
  3.126000E+04  2.52011535E-035
  3.162000E+04  2.46086894E-035
  3.199000E+04  2.40212957E-035
  3.236000E+04  2.34547029E-035
  3.273000E+04  2.29079394E-035
  3.311000E+04  2.23660781E-035
  3.350000E+04  2.18297226E-035
  3.388000E+04  2.13254794E-035
  3.428000E+04  2.08133558E-035
  3.467000E+04  2.03316064E-035
  3.508000E+04  1.98429794E-035
  3.548000E+04  1.93830627E-035
  3.589000E+04  1.89280578E-035
  3.631000E+04  1.84783801E-035
  3.673000E+04  1.80445497E-035
  3.715000E+04  1.76258302E-035
  3.758000E+04  1.72120713E-035
  3.802000E+04  1.68036008E-035
  3.846000E+04  1.64095094E-035
  3.890000E+04  1.60291295E-035
  3.936000E+04  1.56454377E-035
  3.981000E+04  1.52832725E-035
