# DH21 astrodust SED for Mathis ISRF, U = 1.585
# Enthalpy stage: S2
# columns: lambda[um]    lambda*I_lambda / N_H [erg s^-1 cm^-2 sr^-1 H^-1]
  9.120000E-02  6.75130313E-054
  9.226000E-02  1.10134380E-053
  9.332000E-02  1.77854049E-053
  9.441000E-02  2.88539779E-053
  9.550000E-02  4.64362881E-053
  9.661000E-02  7.48158444E-053
  9.772000E-02  1.19904989E-052
  9.886000E-02  1.93916979E-052
  1.000000E-01  3.12923200E-052
  1.012000E-01  5.17778538E-052
  1.023000E-01  8.22900335E-052
  1.035000E-01  1.36974772E-051
  1.047000E-01  2.29242055E-051
  1.059000E-01  3.86156416E-051
  1.072000E-01  6.84399858E-051
  1.084000E-01  1.16806449E-050
  1.097000E-01  2.09479757E-050
  1.109000E-01  3.60274870E-050
  1.122000E-01  6.49029867E-050
  1.135000E-01  1.16865507E-049
  1.148000E-01  2.09877169E-049
  1.161000E-01  3.74399325E-049
  1.175000E-01  6.91568782E-049
  1.189000E-01  1.26443745E-048
  1.202000E-01  2.19277115E-048
  1.216000E-01  3.92160792E-048
  1.230000E-01  6.93002179E-048
  1.244000E-01  1.21054044E-047
  1.259000E-01  2.17261847E-047
  1.274000E-01  3.84359049E-047
  1.288000E-01  6.46234592E-047
  1.303000E-01  1.11258405E-046
  1.318000E-01  1.89193971E-046
  1.333000E-01  3.17317122E-046
  1.349000E-01  5.42268817E-046
  1.365000E-01  9.12523844E-046
  1.380000E-01  1.46409473E-045
  1.396000E-01  2.37431764E-045
  1.412000E-01  3.79479018E-045
  1.429000E-01  6.14706243E-045
  1.445000E-01  9.53201198E-045
  1.462000E-01  1.49442827E-044
  1.479000E-01  2.30658535E-044
  1.496000E-01  3.51380880E-044
  1.514000E-01  5.40644700E-044
  1.531000E-01  8.00392381E-044
  1.549000E-01  1.19351123E-043
  1.567000E-01  1.76384378E-043
  1.585000E-01  2.57795281E-043
  1.603000E-01  3.72502990E-043
  1.622000E-01  5.43077033E-043
  1.641000E-01  7.82081933E-043
  1.660000E-01  1.12204539E-042
  1.679000E-01  1.61465124E-042
  1.698000E-01  2.30725451E-042
  1.718000E-01  3.33667814E-042
  1.738000E-01  4.79835012E-042
  1.758000E-01  6.87245859E-042
  1.778000E-01  9.72784439E-042
  1.799000E-01  1.37027253E-041
  1.820000E-01  1.91473194E-041
  1.841000E-01  2.65707705E-041
  1.862000E-01  3.66485306E-041
  1.884000E-01  5.10780320E-041
  1.905000E-01  6.98650791E-041
  1.928000E-01  1.00775642E-040
  1.950000E-01  1.43043763E-040
  1.972000E-01  2.02514875E-040
  1.995000E-01  2.90593613E-040
  2.018000E-01  4.16049183E-040
  2.042000E-01  6.03532829E-040
  2.065000E-01  8.60028826E-040
  2.089000E-01  1.21472214E-039
  2.113000E-01  1.70065804E-039
  2.138000E-01  2.39562284E-039
  2.163000E-01  3.34819941E-039
  2.188000E-01  4.64437646E-039
  2.213000E-01  6.39550080E-039
  2.239000E-01  8.85496120E-039
  2.265000E-01  1.21702601E-038
  2.291000E-01  1.66122599E-038
  2.317000E-01  2.25240602E-038
  2.344000E-01  3.06762889E-038
  2.371000E-01  4.14849691E-038
  2.399000E-01  5.62895570E-038
  2.427000E-01  7.58182375E-038
  2.455000E-01  1.01436853E-037
  2.483000E-01  1.34799214E-037
  2.512000E-01  1.79822315E-037
  2.541000E-01  2.38241486E-037
  2.570000E-01  3.13530630E-037
  2.600000E-01  4.13738372E-037
  2.630000E-01  5.42294077E-037
  2.661000E-01  7.12439581E-037
  2.691000E-01  9.21757706E-037
  2.723000E-01  1.20541510E-036
  2.754000E-01  1.55324953E-036
  2.786000E-01  2.00511196E-036
  2.818000E-01  2.57290842E-036
  2.851000E-01  3.30589781E-036
  2.884000E-01  4.22216680E-036
  2.917000E-01  5.36115492E-036
  2.951000E-01  6.81501681E-036
  2.985000E-01  8.61502331E-036
  3.020000E-01  1.08997081E-035
  3.055000E-01  1.37122975E-035
  3.090000E-01  1.71552371E-035
  3.126000E-01  2.14781048E-035
  3.162000E-01  2.67437619E-035
  3.199000E-01  3.33282512E-035
  3.236000E-01  4.13071851E-035
  3.273000E-01  5.09227326E-035
  3.311000E-01  6.28197777E-035
  3.350000E-01  7.75132893E-035
  3.388000E-01  9.46543896E-035
  3.428000E-01  1.16221131E-034
  3.467000E-01  1.41274842E-034
  3.507000E-01  1.71770688E-034
  3.548000E-01  2.08842982E-034
  3.589000E-01  2.52700333E-034
  3.631000E-01  3.05765174E-034
  3.673000E-01  3.68180848E-034
  3.715000E-01  4.41439076E-034
  3.758000E-01  5.29110430E-034
  3.802000E-01  6.34117687E-034
  3.846000E-01  7.56446991E-034
  3.891000E-01  9.02108826E-034
  3.936000E-01  1.07131062E-033
  3.981000E-01  1.26671459E-033
  4.027000E-01  1.49726935E-033
  4.074000E-01  1.76874118E-033
  4.121000E-01  2.08078521E-033
  4.169000E-01  2.44672269E-033
  4.217000E-01  2.86569444E-033
  4.266000E-01  3.35434074E-033
  4.315000E-01  3.91136084E-033
  4.365000E-01  4.55672153E-033
  4.416000E-01  5.30585522E-033
  4.467000E-01  6.15481094E-033
  4.519000E-01  7.13326762E-033
  4.571000E-01  8.23844951E-033
  4.624000E-01  9.50556713E-033
  4.677000E-01  1.09313535E-032
  4.732000E-01  1.25904890E-032
  4.786000E-01  1.44152110E-032
  4.842000E-01  1.65322272E-032
  4.898000E-01  1.88944222E-032
  4.954000E-01  2.15241000E-032
  5.012000E-01  2.45510665E-032
  5.070000E-01  2.79177292E-032
  5.129000E-01  3.17111465E-032
  5.188000E-01  3.59048720E-032
  5.248000E-01  4.06099639E-032
  5.309000E-01  4.58875083E-032
  5.370000E-01  5.16915513E-032
  5.433000E-01  5.82842470E-032
  5.495000E-01  6.54018390E-032
  5.559000E-01  7.34412659E-032
  5.623000E-01  8.22387486E-032
  5.688000E-01  9.19919715E-032
  5.754000E-01  1.02789228E-031
  5.821000E-01  1.14724892E-031
  5.888000E-01  1.27697874E-031
  5.957000E-01  1.42201567E-031
  6.026000E-01  1.57915216E-031
  6.095000E-01  1.74923219E-031
  6.166000E-01  1.93816162E-031
  6.237000E-01  2.14163589E-031
  6.310000E-01  2.36759387E-031
  6.383000E-01  2.61021183E-031
  6.457000E-01  2.87439044E-031
  6.531000E-01  3.15767024E-031
  6.607000E-01  3.46989907E-031
  6.683000E-01  3.80425826E-031
  6.761000E-01  4.17070883E-031
  6.839000E-01  4.56218198E-031
  6.918000E-01  4.98436963E-031
  6.998000E-01  5.43981897E-031
  7.079000E-01  5.92965475E-031
  7.161000E-01  6.45618401E-031
  7.244000E-01  7.02312453E-031
  7.328000E-01  7.62918240E-031
  7.413000E-01  8.27801192E-031
  7.499000E-01  8.97170496E-031
  7.586000E-01  9.71309967E-031
  7.674000E-01  1.05029573E-030
  7.763000E-01  1.13449868E-030
  7.852000E-01  1.22315098E-030
  7.943000E-01  1.31824106E-030
  8.035000E-01  1.41926513E-030
  8.128000E-01  1.52616904E-030
  8.222000E-01  1.63917812E-030
  8.318000E-01  1.75989545E-030
  8.414000E-01  1.88615288E-030
  8.511000E-01  2.01911779E-030
  8.610000E-01  2.16073678E-030
  8.710000E-01  2.30958029E-030
  8.810000E-01  2.46496793E-030
  8.913000E-01  2.63090487E-030
  9.016000E-01  2.80366037E-030
  9.120000E-01  2.98509402E-030
  9.226000E-01  3.17622588E-030
  9.333000E-01  3.37681562E-030
  9.441000E-01  3.58541906E-030
  9.550000E-01  3.80383317E-030
  9.661000E-01  4.03281193E-030
  9.772000E-01  4.26748854E-030
  9.886000E-01  4.50891815E-030
  1.000000E+00  4.76308293E-030
  1.012000E+00  5.06564963E-030
  1.023000E+00  5.35339696E-030
  1.035000E+00  5.67790091E-030
  1.047000E+00  6.01519694E-030
  1.059000E+00  6.36406173E-030
  1.071000E+00  6.72410606E-030
  1.084000E+00  7.12945160E-030
  1.097000E+00  7.54787772E-030
  1.109000E+00  7.94666322E-030
  1.122000E+00  8.39288051E-030
  1.135000E+00  8.85423511E-030
  1.148000E+00  9.32865289E-030
  1.161000E+00  9.81825446E-030
  1.175000E+00  1.03605424E-029
  1.189000E+00  1.09195532E-029
  1.202000E+00  1.14499299E-029
  1.216000E+00  1.20365874E-029
  1.230000E+00  1.26356816E-029
  1.245000E+00  1.32918729E-029
  1.259000E+00  1.39148684E-029
  1.273000E+00  1.45468355E-029
  1.288000E+00  1.52371603E-029
  1.303000E+00  1.59357082E-029
  1.318000E+00  1.66459639E-029
  1.334000E+00  1.74166940E-029
  1.349000E+00  1.81444963E-029
  1.365000E+00  1.89334847E-029
  1.380000E+00  1.96798581E-029
  1.396000E+00  2.04863773E-029
  1.413000E+00  2.13537838E-029
  1.429000E+00  2.21777953E-029
  1.445000E+00  2.30071047E-029
  1.462000E+00  2.38964105E-029
  1.479000E+00  2.47936827E-029
  1.496000E+00  2.56999350E-029
  1.514000E+00  2.66667723E-029
  1.531000E+00  2.75917138E-029
  1.549000E+00  2.85749657E-029
  1.567000E+00  2.95621521E-029
  1.585000E+00  3.05597129E-029
  1.603000E+00  3.15699551E-029
  1.622000E+00  3.26405919E-029
  1.641000E+00  3.37199442E-029
  1.660000E+00  3.48113924E-029
  1.679000E+00  3.59121524E-029
  1.698000E+00  3.70224169E-029
  1.718000E+00  3.82028953E-029
  1.738000E+00  3.93978279E-029
  1.758000E+00  4.06018500E-029
  1.778000E+00  4.18248340E-029
  1.799000E+00  4.31206878E-029
  1.820000E+00  4.44334658E-029
  1.841000E+00  4.57632645E-029
  1.862000E+00  4.71091934E-029
  1.884000E+00  4.85400119E-029
  1.906000E+00  4.99855536E-029
  1.928000E+00  5.14567878E-029
  1.950000E+00  5.29469081E-029
  1.972000E+00  5.44536223E-029
  1.995000E+00  5.60494341E-029
  2.018000E+00  5.76643949E-029
  2.042000E+00  5.93733821E-029
  2.065000E+00  6.10271239E-029
  2.089000E+00  6.27665945E-029
  2.114000E+00  6.45933162E-029
  2.138000E+00  6.63516403E-029
  2.163000E+00  6.81981641E-029
  2.188000E+00  7.00328062E-029
  2.213000E+00  7.18853415E-029
  2.239000E+00  7.37966556E-029
  2.265000E+00  7.57133890E-029
  2.291000E+00  7.76319600E-029
  2.317000E+00  7.95465127E-029
  2.344000E+00  8.15195864E-029
  2.371000E+00  8.35616189E-029
  2.399000E+00  8.56603261E-029
  2.427000E+00  8.77468811E-029
  2.455000E+00  8.98121498E-029
  2.483000E+00  9.18619067E-029
  2.512000E+00  9.40531197E-029
  2.541000E+00  9.62167040E-029
  2.570000E+00  9.83579972E-029
  2.600000E+00  1.00646496E-028
  2.630000E+00  1.02904276E-028
  2.661000E+00  1.05308336E-028
  2.691000E+00  1.07516775E-028
  2.723000E+00  1.10033366E-028
  2.754000E+00  1.12352719E-028
  2.786000E+00  1.14807360E-028
  2.818000E+00  1.17326902E-028
  2.851000E+00  1.19879863E-028
  2.884000E+00  1.22504667E-028
  2.917000E+00  1.25085855E-028
  2.951000E+00  1.27797076E-028
  2.985000E+00  1.30471267E-028
  3.020000E+00  1.33261942E-028
  3.055000E+00  1.35915446E-028
  3.090000E+00  1.38420252E-028
  3.126000E+00  1.40954466E-028
  3.162000E+00  1.43249996E-028
  3.199000E+00  1.45572186E-028
  3.236000E+00  1.47774487E-028
  3.273000E+00  1.49877249E-028
  3.311000E+00  1.52324103E-028
  3.350000E+00  1.58223972E-028
  3.388000E+00  1.68335723E-028
  3.428000E+00  1.70075190E-028
  3.467000E+00  1.71404179E-028
  3.507000E+00  1.69024037E-028
  3.548000E+00  1.67828413E-028
  3.589000E+00  1.65020747E-028
  3.631000E+00  1.64680520E-028
  3.673000E+00  1.65938501E-028
  3.715000E+00  1.67291248E-028
  3.758000E+00  1.68595079E-028
  3.802000E+00  1.69988262E-028
  3.846000E+00  1.71422352E-028
  3.891000E+00  1.72761976E-028
  3.935000E+00  1.74117894E-028
  3.981000E+00  1.75594381E-028
  4.027000E+00  1.77027595E-028
  4.074000E+00  1.78460065E-028
  4.121000E+00  1.79946386E-028
  4.169000E+00  1.81418242E-028
  4.217000E+00  1.82944872E-028
  4.266000E+00  1.84557424E-028
  4.315000E+00  1.86122744E-028
  4.365000E+00  1.87786776E-028
  4.416000E+00  1.89422500E-028
  4.467000E+00  1.91120897E-028
  4.519000E+00  1.92890148E-028
  4.571000E+00  1.94621714E-028
  4.624000E+00  1.96436101E-028
  4.677000E+00  1.98183887E-028
  4.732000E+00  2.00045446E-028
  4.786000E+00  2.01821592E-028
  4.842000E+00  2.03611231E-028
  4.898000E+00  2.05440022E-028
  4.955000E+00  2.07234162E-028
  5.012000E+00  2.08975680E-028
  5.070000E+00  2.10691744E-028
  5.129000E+00  2.12397312E-028
  5.188000E+00  2.14037718E-028
  5.248000E+00  2.15650497E-028
  5.309000E+00  2.17252886E-028
  5.370000E+00  2.18786317E-028
  5.432000E+00  2.20310893E-028
  5.495000E+00  2.21905124E-028
  5.559000E+00  2.23391639E-028
  5.623000E+00  2.24810970E-028
  5.688000E+00  2.26236337E-028
  5.754000E+00  2.27619620E-028
  5.821000E+00  2.28896642E-028
  5.888000E+00  2.30238387E-028
  5.957000E+00  2.31570418E-028
  6.026000E+00  2.32875163E-028
  6.095000E+00  2.34043254E-028
  6.166000E+00  2.35328951E-028
  6.237000E+00  2.36479737E-028
  6.310000E+00  2.37636499E-028
  6.383000E+00  2.38789089E-028
  6.457000E+00  2.39934226E-028
  6.531000E+00  2.40966481E-028
  6.607000E+00  2.42043757E-028
  6.683000E+00  2.43047171E-028
  6.761000E+00  2.44365748E-028
  6.839000E+00  2.50377181E-028
  6.918000E+00  2.47042900E-028
  6.998000E+00  2.46989202E-028
  7.080000E+00  2.47849431E-028
  7.161000E+00  2.48773634E-028
  7.244000E+00  2.49659595E-028
  7.328000E+00  2.50424671E-028
  7.413000E+00  2.51267719E-028
  7.499000E+00  2.52118304E-028
  7.586000E+00  2.52817090E-028
  7.674000E+00  2.53600898E-028
  7.762000E+00  2.53597318E-028
  7.852000E+00  2.54705424E-028
  7.943000E+00  2.58177205E-028
  8.035000E+00  2.64436713E-028
  8.128000E+00  2.73450202E-028
  8.222000E+00  2.85943828E-028
  8.318000E+00  3.05666886E-028
  8.414000E+00  3.24028639E-028
  8.511000E+00  3.41438221E-028
  8.610000E+00  3.51761634E-028
  8.710000E+00  3.70518431E-028
  8.811000E+00  4.06704051E-028
  8.913000E+00  4.43655649E-028
  9.016000E+00  4.78012245E-028
  9.120000E+00  5.15220083E-028
  9.226000E+00  5.54229733E-028
  9.333000E+00  5.90052278E-028
  9.441000E+00  6.18826433E-028
  9.550000E+00  6.39896578E-028
  9.660000E+00  6.53352511E-028
  9.772000E+00  6.59525482E-028
  9.885000E+00  6.58291039E-028
  1.000000E+01  6.49948382E-028
  1.012000E+01  6.34590846E-028
  1.023000E+01  6.17028958E-028
  1.035000E+01  5.97155678E-028
  1.047000E+01  5.78247475E-028
  1.059000E+01  5.60237524E-028
  1.072000E+01  5.41544208E-028
  1.084000E+01  5.24709694E-028
  1.097000E+01  5.06250318E-028
  1.109000E+01  4.88589615E-028
  1.122000E+01  4.68037449E-028
  1.135000E+01  4.45902497E-028
  1.148000E+01  4.26542199E-028
  1.161000E+01  4.09554293E-028
  1.175000E+01  3.92758805E-028
  1.189000E+01  3.76257070E-028
  1.202000E+01  3.60567098E-028
  1.216000E+01  3.44117692E-028
  1.230000E+01  3.29519549E-028
  1.244000E+01  3.18113068E-028
  1.259000E+01  3.10927800E-028
  1.273000E+01  3.08771350E-028
  1.288000E+01  3.09078389E-028
  1.303000E+01  3.08553503E-028
  1.318000E+01  3.08747944E-028
  1.334000E+01  3.09079777E-028
  1.349000E+01  3.09378299E-028
  1.365000E+01  3.10094030E-028
  1.380000E+01  3.11204993E-028
  1.396000E+01  3.13016033E-028
  1.412000E+01  3.15542056E-028
  1.429000E+01  3.19050938E-028
  1.445000E+01  3.23282042E-028
  1.462000E+01  3.28872634E-028
  1.479000E+01  3.35746209E-028
  1.496000E+01  3.43928370E-028
  1.514000E+01  3.53816856E-028
  1.531000E+01  3.64219121E-028
  1.549000E+01  3.76228024E-028
  1.567000E+01  3.88993819E-028
  1.585000E+01  4.02290596E-028
  1.603000E+01  4.16030985E-028
  1.622000E+01  4.30668012E-028
  1.641000E+01  4.45245398E-028
  1.660000E+01  4.59442768E-028
  1.679000E+01  4.73037242E-028
  1.698000E+01  4.85705122E-028
  1.718000E+01  4.97919215E-028
  1.738000E+01  5.08965275E-028
  1.758000E+01  5.18895172E-028
  1.778000E+01  5.27635109E-028
  1.799000E+01  5.35622219E-028
  1.820000E+01  5.42402593E-028
  1.841000E+01  5.47871001E-028
  1.862000E+01  5.52153875E-028
  1.884000E+01  5.55291587E-028
  1.906000E+01  5.57116105E-028
  1.927000E+01  5.58229767E-028
  1.950000E+01  5.58471146E-028
  1.972000E+01  5.58403175E-028
  1.995000E+01  5.58220859E-028
  2.018000E+01  5.60024378E-028
  2.042000E+01  5.62794599E-028
  2.065000E+01  5.66532462E-028
  2.089000E+01  5.71603991E-028
  2.114000E+01  5.77915442E-028
  2.138000E+01  5.84410321E-028
  2.163000E+01  5.91794820E-028
  2.188000E+01  5.99572966E-028
  2.213000E+01  6.07249066E-028
  2.239000E+01  6.14952074E-028
  2.265000E+01  6.23117299E-028
  2.291000E+01  6.31284562E-028
  2.317000E+01  6.39483333E-028
  2.344000E+01  6.49643332E-028
  2.371000E+01  6.60451613E-028
  2.399000E+01  6.73193858E-028
  2.427000E+01  6.87253042E-028
  2.455000E+01  7.02946156E-028
  2.483000E+01  7.19725819E-028
  2.512000E+01  7.38596561E-028
  2.541000E+01  7.59582846E-028
  2.570000E+01  7.82162178E-028
  2.600000E+01  8.06883412E-028
  2.630000E+01  8.33363088E-028
  2.661000E+01  8.62644275E-028
  2.692000E+01  8.94494910E-028
  2.723000E+01  9.27376261E-028
  2.754000E+01  9.62919832E-028
  2.786000E+01  1.00141844E-027
  2.818000E+01  1.04217522E-027
  2.851000E+01  1.08661125E-027
  2.884000E+01  1.13355960E-027
  2.917000E+01  1.18339750E-027
  2.951000E+01  1.23659993E-027
  2.985000E+01  1.29350411E-027
  3.020000E+01  1.35509015E-027
  3.055000E+01  1.41918022E-027
  3.090000E+01  1.48643055E-027
  3.126000E+01  1.55891643E-027
  3.162000E+01  1.63527061E-027
  3.199000E+01  1.71743237E-027
  3.236000E+01  1.80209062E-027
  3.273000E+01  1.89185551E-027
  3.311000E+01  1.98954009E-027
  3.350000E+01  2.09181944E-027
  3.388000E+01  2.19568484E-027
  3.428000E+01  2.31130375E-027
  3.467000E+01  2.42882761E-027
  3.508000E+01  2.55630523E-027
  3.548000E+01  2.68705168E-027
  3.589000E+01  2.82708081E-027
  3.631000E+01  2.97639585E-027
  3.673000E+01  3.12943131E-027
  3.715000E+01  3.29144023E-027
  3.758000E+01  3.46315002E-027
  3.802000E+01  3.64383048E-027
  3.846000E+01  3.83414519E-027
  3.890000E+01  4.03186646E-027
  3.935000E+01  4.24181204E-027
  3.981000E+01  4.46466379E-027
  4.027000E+01  4.69947306E-027
  4.074000E+01  4.94241806E-027
  4.121000E+01  5.20106210E-027
  4.169000E+01  5.47586672E-027
  4.217000E+01  5.75754332E-027
  4.266000E+01  6.05620359E-027
  4.315000E+01  6.37024415E-027
  4.365000E+01  6.70321615E-027
  4.416000E+01  7.05611760E-027
  4.467000E+01  7.42797945E-027
  4.519000E+01  7.81154795E-027
  4.571000E+01  8.22042714E-027
  4.624000E+01  8.65399923E-027
  4.677000E+01  9.10449182E-027
  4.731000E+01  9.58150840E-027
  4.786000E+01  1.00865045E-026
  4.842000E+01  1.06135669E-026
  4.898000E+01  1.11843816E-026
  4.954000E+01  1.17616089E-026
  5.012000E+01  1.23853070E-026
  5.070000E+01  1.30424519E-026
  5.129000E+01  1.37360892E-026
  5.188000E+01  1.44579312E-026
  5.248000E+01  1.52188505E-026
  5.309000E+01  1.60236076E-026
  5.370000E+01  1.68682921E-026
  5.433000E+01  1.77751096E-026
  5.495000E+01  1.86996957E-026
  5.559000E+01  1.96905553E-026
  5.623000E+01  2.07171891E-026
  5.688000E+01  2.18090431E-026
  5.754000E+01  2.29456688E-026
  5.821000E+01  2.41525942E-026
  5.888000E+01  2.54024763E-026
  5.957000E+01  2.67318270E-026
  6.026000E+01  2.81220770E-026
  6.095000E+01  2.95397321E-026
  6.166000E+01  3.10624229E-026
  6.237000E+01  3.26079109E-026
  6.310000E+01  3.42676379E-026
  6.383000E+01  3.59722272E-026
  6.457000E+01  3.77747444E-026
  6.531000E+01  3.95958706E-026
  6.607000E+01  4.15422999E-026
  6.683000E+01  4.35047616E-026
  6.761000E+01  4.55963131E-026
  6.839000E+01  4.77308101E-026
  6.918000E+01  4.99384119E-026
  6.998000E+01  5.22126473E-026
  7.079000E+01  5.45583893E-026
  7.161000E+01  5.70132452E-026
  7.244000E+01  5.94922274E-026
  7.328000E+01  6.20795278E-026
  7.413000E+01  6.47264212E-026
  7.499000E+01  6.73923264E-026
  7.586000E+01  7.01640734E-026
  7.674000E+01  7.29945802E-026
  7.762000E+01  7.58873285E-026
  7.852000E+01  7.88056830E-026
  7.943000E+01  8.17816897E-026
  8.035000E+01  8.48463190E-026
  8.128000E+01  8.78820457E-026
  8.222000E+01  9.10242552E-026
  8.318000E+01  9.41570992E-026
  8.414000E+01  9.73432934E-026
  8.511000E+01  1.00537030E-025
  8.610000E+01  1.03778617E-025
  8.710000E+01  1.07033434E-025
  8.811000E+01  1.10272991E-025
  8.912000E+01  1.13494516E-025
  9.016000E+01  1.16834270E-025
  9.120000E+01  1.20033301E-025
  9.226000E+01  1.23243178E-025
  9.332000E+01  1.26477380E-025
  9.441000E+01  1.29658164E-025
  9.550000E+01  1.32836247E-025
  9.661000E+01  1.35998316E-025
  9.772000E+01  1.38996652E-025
  9.886000E+01  1.42061443E-025
  1.000000E+02  1.45037880E-025
  1.012000E+02  1.48059597E-025
  1.023000E+02  1.50735584E-025
  1.035000E+02  1.53550354E-025
  1.047000E+02  1.56227266E-025
  1.059000E+02  1.58820192E-025
  1.072000E+02  1.61466485E-025
  1.084000E+02  1.63790813E-025
  1.097000E+02  1.66268315E-025
  1.109000E+02  1.68355699E-025
  1.122000E+02  1.70453108E-025
  1.135000E+02  1.72419064E-025
  1.148000E+02  1.74372543E-025
  1.161000E+02  1.76064158E-025
  1.175000E+02  1.77840054E-025
  1.188000E+02  1.79284031E-025
  1.202000E+02  1.80750343E-025
  1.216000E+02  1.81951823E-025
  1.230000E+02  1.83163800E-025
  1.244000E+02  1.84180215E-025
  1.259000E+02  1.85046926E-025
  1.273000E+02  1.85801470E-025
  1.288000E+02  1.86448413E-025
  1.303000E+02  1.86964913E-025
  1.318000E+02  1.87239653E-025
  1.334000E+02  1.87477842E-025
  1.349000E+02  1.87589043E-025
  1.365000E+02  1.87553083E-025
  1.380000E+02  1.87397996E-025
  1.396000E+02  1.87094384E-025
  1.412000E+02  1.86687489E-025
  1.429000E+02  1.86109180E-025
  1.445000E+02  1.85462691E-025
  1.462000E+02  1.84642933E-025
  1.479000E+02  1.83734651E-025
  1.496000E+02  1.82697565E-025
  1.514000E+02  1.81521327E-025
  1.531000E+02  1.80292340E-025
  1.549000E+02  1.78930571E-025
  1.567000E+02  1.77456139E-025
  1.585000E+02  1.75924629E-025
  1.603000E+02  1.74418426E-025
  1.622000E+02  1.72612943E-025
  1.641000E+02  1.70765963E-025
  1.660000E+02  1.68885701E-025
  1.679000E+02  1.66882745E-025
  1.698000E+02  1.65014190E-025
  1.718000E+02  1.62822584E-025
  1.738000E+02  1.60617242E-025
  1.758000E+02  1.58403180E-025
  1.778000E+02  1.56248197E-025
  1.799000E+02  1.53834644E-025
  1.820000E+02  1.51429120E-025
  1.841000E+02  1.49082444E-025
  1.862000E+02  1.46618707E-025
  1.884000E+02  1.44060941E-025
  1.906000E+02  1.41565841E-025
  1.928000E+02  1.39033225E-025
  1.950000E+02  1.36477946E-025
  1.972000E+02  1.34008829E-025
  1.995000E+02  1.31379149E-025
  2.018000E+02  1.28755688E-025
  2.042000E+02  1.26109592E-025
  2.065000E+02  1.23540937E-025
  2.089000E+02  1.20963245E-025
  2.114000E+02  1.18216274E-025
  2.138000E+02  1.15713060E-025
  2.163000E+02  1.13055143E-025
  2.188000E+02  1.10423117E-025
  2.213000E+02  1.07935806E-025
  2.239000E+02  1.05307797E-025
  2.265000E+02  1.02785636E-025
  2.291000E+02  1.00270731E-025
  2.317000E+02  9.78610643E-026
  2.344000E+02  9.53323674E-026
  2.371000E+02  9.29118642E-026
  2.399000E+02  9.04237545E-026
  2.427000E+02  8.80444046E-026
  2.455000E+02  8.56859956E-026
  2.483000E+02  8.34012473E-026
  2.512000E+02  8.10648747E-026
  2.541000E+02  7.88340598E-026
  2.570000E+02  7.66343403E-026
  2.600000E+02  7.44329719E-026
  2.630000E+02  7.22678484E-026
  2.661000E+02  7.01377204E-026
  2.691000E+02  6.81155510E-026
  2.723000E+02  6.60267263E-026
  2.754000E+02  6.40897240E-026
  2.786000E+02  6.21025058E-026
  2.818000E+02  6.02416654E-026
  2.851000E+02  5.83373276E-026
  2.884000E+02  5.65015207E-026
  2.917000E+02  5.47097623E-026
  2.951000E+02  5.29836656E-026
  2.985000E+02  5.12524036E-026
  3.020000E+02  4.95846707E-026
  3.055000E+02  4.79709986E-026
  3.090000E+02  4.63797492E-026
  3.126000E+02  4.48513195E-026
  3.162000E+02  4.33226822E-026
  3.199000E+02  4.18573614E-026
  3.236000E+02  4.04152572E-026
  3.273000E+02  3.90507891E-026
  3.311000E+02  3.77182070E-026
  3.350000E+02  3.63749064E-026
  3.388000E+02  3.51202056E-026
  3.428000E+02  3.38428309E-026
  3.467000E+02  3.26841756E-026
  3.508000E+02  3.14935999E-026
  3.548000E+02  3.03724218E-026
  3.589000E+02  2.92707557E-026
  3.631000E+02  2.81837732E-026
  3.673000E+02  2.71582972E-026
  3.715000E+02  2.61883137E-026
  3.758000E+02  2.52019243E-026
  3.802000E+02  2.42653157E-026
  3.846000E+02  2.33371586E-026
  3.890000E+02  2.24755689E-026
  3.935000E+02  2.16305090E-026
  3.981000E+02  2.08012873E-026
  4.027000E+02  2.00082588E-026
  4.074000E+02  1.92312759E-026
  4.121000E+02  1.85002874E-026
  4.169000E+02  1.77743906E-026
  4.217000E+02  1.70787073E-026
  4.266000E+02  1.64215179E-026
  4.315000E+02  1.57827335E-026
  4.365000E+02  1.51490071E-026
  4.416000E+02  1.45516898E-026
  4.467000E+02  1.39708363E-026
  4.519000E+02  1.34147221E-026
  4.571000E+02  1.28837070E-026
  4.624000E+02  1.23585920E-026
  4.677000E+02  1.18652168E-026
  4.731000E+02  1.13931587E-026
  4.786000E+02  1.09194226E-026
  4.842000E+02  1.04743699E-026
  4.898000E+02  1.00431323E-026
  4.955000E+02  9.63147803E-027
  5.012000E+02  9.23890359E-027
  5.070000E+02  8.85219848E-027
  5.129000E+02  8.48347764E-027
  5.188000E+02  8.13828892E-027
  5.248000E+02  7.79257246E-027
  5.309000E+02  7.46902829E-027
  5.370000E+02  7.16086629E-027
  5.432000E+02  6.85798184E-027
  5.495000E+02  6.56968714E-027
  5.559000E+02  6.28683673E-027
  5.623000E+02  6.02196013E-027
  5.688000E+02  5.77066738E-027
  5.754000E+02  5.51973001E-027
  5.821000E+02  5.28564585E-027
  5.888000E+02  5.05896238E-027
  5.957000E+02  4.83790862E-027
  6.026000E+02  4.63115539E-027
  6.095000E+02  4.43466061E-027
  6.166000E+02  4.23963673E-027
  6.237000E+02  4.05725280E-027
  6.310000E+02  3.87931206E-027
  6.383000E+02  3.71084530E-027
  6.457000E+02  3.54835552E-027
  6.531000E+02  3.39681718E-027
  6.607000E+02  3.24412209E-027
  6.683000E+02  3.10409438E-027
  6.761000E+02  2.96568173E-027
  6.839000E+02  2.83641834E-027
  6.918000E+02  2.71217818E-027
  6.998000E+02  2.59107961E-027
  7.080000E+02  2.47523340E-027
  7.161000E+02  2.36662382E-027
  7.244000E+02  2.26171999E-027
  7.328000E+02  2.16055149E-027
  7.413000E+02  2.06549097E-027
  7.499000E+02  1.97113230E-027
  7.586000E+02  1.88379724E-027
  7.674000E+02  1.80011098E-027
  7.762000E+02  1.71966859E-027
  7.852000E+02  1.64124775E-027
  7.943000E+02  1.56773399E-027
  8.035000E+02  1.49633166E-027
  8.128000E+02  1.42985149E-027
  8.222000E+02  1.36550644E-027
  8.318000E+02  1.30269359E-027
  8.414000E+02  1.24422351E-027
  8.511000E+02  1.18828927E-027
  8.610000E+02  1.13348654E-027
  8.710000E+02  1.08210159E-027
  8.810000E+02  1.03345955E-027
  8.912000E+02  9.85940891E-028
  9.016000E+02  9.40780984E-028
  9.120000E+02  8.98240165E-028
  9.226000E+02  8.56563729E-028
  9.333000E+02  8.17522622E-028
  9.441000E+02  7.80233052E-028
  9.550000E+02  7.44248754E-028
  9.660000E+02  7.10381318E-028
  9.772000E+02  6.77847747E-028
  9.885000E+02  6.46444028E-028
  1.000000E+03  6.16668776E-028
  1.012000E+03  5.87307595E-028
  1.023000E+03  5.61630628E-028
  1.035000E+03  5.35498056E-028
  1.047000E+03  5.10806077E-028
  1.059000E+03  4.87243619E-028
  1.072000E+03  4.63462032E-028
  1.084000E+03  4.42752071E-028
  1.096000E+03  4.22941523E-028
  1.109000E+03  4.02930879E-028
  1.122000E+03  3.84091654E-028
  1.135000E+03  3.66101818E-028
  1.148000E+03  3.49341212E-028
  1.161000E+03  3.33493376E-028
  1.175000E+03  3.17206888E-028
  1.188000E+03  3.03120304E-028
  1.202000E+03  2.88814311E-028
  1.216000E+03  2.75161480E-028
  1.230000E+03  2.62451080E-028
  1.244000E+03  2.50438751E-028
  1.259000E+03  2.38168213E-028
  1.274000E+03  2.26762592E-028
  1.288000E+03  2.16730880E-028
  1.303000E+03  2.06430586E-028
  1.318000E+03  1.96868890E-028
  1.334000E+03  1.87274601E-028
  1.349000E+03  1.78647979E-028
  1.365000E+03  1.70110742E-028
  1.380000E+03  1.62566814E-028
  1.396000E+03  1.54858230E-028
  1.412000E+03  1.47685845E-028
  1.429000E+03  1.40514408E-028
  1.445000E+03  1.34058803E-028
  1.462000E+03  1.27691026E-028
  1.479000E+03  1.21686738E-028
  1.496000E+03  1.15958298E-028
  1.514000E+03  1.10320212E-028
  1.531000E+03  1.05297675E-028
  1.549000E+03  1.00223871E-028
  1.567000E+03  9.55056967E-029
  1.585000E+03  9.10667316E-029
  1.603000E+03  8.68046299E-029
  1.622000E+03  8.26445908E-029
  1.641000E+03  7.87139974E-029
  1.660000E+03  7.49669521E-029
  1.679000E+03  7.14909316E-029
  1.698000E+03  6.82083027E-029
  1.718000E+03  6.49044931E-029
  1.738000E+03  6.18331572E-029
  1.758000E+03  5.89448822E-029
  1.778000E+03  5.61809342E-029
  1.799000E+03  5.34906353E-029
  1.820000E+03  5.09551893E-029
  1.841000E+03  4.85322263E-029
  1.862000E+03  4.62842034E-029
  1.884000E+03  4.40630534E-029
  1.906000E+03  4.19429176E-029
  1.928000E+03  3.99770493E-029
  1.950000E+03  3.81219203E-029
  1.972000E+03  3.63459011E-029
  1.995000E+03  3.46248136E-029
  2.018000E+03  3.29538692E-029
  2.042000E+03  3.13292910E-029
  2.065000E+03  2.98620626E-029
  2.089000E+03  2.84042521E-029
  2.114000E+03  2.69901708E-029
  2.138000E+03  2.57158118E-029
  2.163000E+03  2.44484252E-029
  2.188000E+03  2.32709580E-029
  2.213000E+03  2.21612980E-029
  2.239000E+03  2.10601593E-029
  2.265000E+03  2.00408709E-029
  2.291000E+03  1.90801057E-029
  2.317000E+03  1.81632685E-029
  2.344000E+03  1.72780739E-029
  2.371000E+03  1.64444893E-029
  2.399000E+03  1.56229173E-029
  2.427000E+03  1.48602141E-029
  2.455000E+03  1.41421034E-029
  2.483000E+03  1.34565005E-029
  2.512000E+03  1.27968927E-029
  2.541000E+03  1.21759961E-029
  2.570000E+03  1.15852729E-029
  2.600000E+03  1.10177929E-029
  2.630000E+03  1.04835006E-029
  2.661000E+03  9.95733882E-030
  2.692000E+03  9.46889352E-030
  2.723000E+03  9.01070718E-030
  2.754000E+03  8.57341437E-030
  2.786000E+03  8.15392641E-030
  2.818000E+03  7.75908050E-030
  2.851000E+03  7.37578892E-030
  2.884000E+03  7.01054120E-030
  2.917000E+03  6.67247784E-030
  2.951000E+03  6.34456049E-030
  2.985000E+03  6.03188116E-030
  3.020000E+03  5.73310455E-030
  3.055000E+03  5.45201672E-030
  3.090000E+03  5.18740783E-030
  3.126000E+03  4.92892201E-030
  3.162000E+03  4.68889998E-030
  3.199000E+03  4.45679790E-030
  3.236000E+03  4.23558970E-030
  3.273000E+03  4.03015982E-030
  3.311000E+03  3.83155906E-030
  3.350000E+03  3.64047287E-030
  3.388000E+03  3.46323972E-030
  3.428000E+03  3.28930386E-030
  3.467000E+03  3.13034862E-030
  3.508000E+03  2.97175695E-030
  3.548000E+03  2.82757703E-030
  3.589000E+03  2.68901684E-030
  3.631000E+03  2.55496669E-030
  3.673000E+03  2.42778083E-030
  3.715000E+03  2.30966630E-030
  3.758000E+03  2.19586854E-030
  3.802000E+03  2.08637313E-030
  3.846000E+03  1.98249173E-030
  3.890000E+03  1.88564672E-030
  3.936000E+03  1.79082518E-030
  3.981000E+03  1.70358653E-030
  4.027000E+03  1.61858416E-030
  4.074000E+03  1.53799965E-030
  4.121000E+03  1.46220897E-030
  4.169000E+03  1.38973199E-030
  4.217000E+03  1.32066500E-030
  4.266000E+03  1.25495444E-030
  4.315000E+03  1.19341770E-030
  4.365000E+03  1.13434436E-030
  4.416000E+03  1.07697032E-030
  4.467000E+03  1.02397688E-030
  4.519000E+03  9.72925345E-031
  4.571000E+03  9.25134209E-031
  4.624000E+03  8.78522636E-031
  4.677000E+03  8.35451543E-031
  4.732000E+03  7.93436002E-031
  4.786000E+03  7.54628153E-031
  4.842000E+03  7.16482201E-031
  4.898000E+03  6.80924299E-031
  4.954000E+03  6.47635069E-031
  5.012000E+03  6.15059255E-031
  5.070000E+03  5.84573063E-031
  5.129000E+03  5.55064192E-031
  5.188000E+03  5.27669545E-031
  5.248000E+03  5.01468975E-031
  5.309000E+03  4.76548265E-031
  5.370000E+03  4.52694515E-031
  5.432000E+03  4.30306057E-031
  5.495000E+03  4.08914826E-031
  5.559000E+03  3.88385317E-031
  5.623000E+03  3.69182727E-031
  5.688000E+03  3.50608241E-031
  5.754000E+03  3.33198933E-031
  5.821000E+03  3.16500833E-031
  5.888000E+03  3.00802479E-031
  5.957000E+03  2.85495380E-031
  6.026000E+03  2.71298051E-031
  6.095000E+03  2.57944348E-031
  6.166000E+03  2.45024413E-031
  6.237000E+03  2.32879379E-031
  6.310000E+03  2.20995466E-031
  6.383000E+03  2.09972298E-031
  6.456000E+03  1.99663003E-031
  6.531000E+03  1.89647396E-031
  6.607000E+03  1.80162517E-031
  6.683000E+03  1.71131082E-031
  6.761000E+03  1.62533514E-031
  6.839000E+03  1.54453147E-031
  6.918000E+03  1.46758382E-031
  6.998000E+03  1.39433084E-031
  7.080000E+03  1.32289945E-031
  7.161000E+03  1.25782269E-031
  7.244000E+03  1.19474681E-031
  7.328000E+03  1.13510138E-031
  7.413000E+03  1.07837336E-031
  7.499000E+03  1.02374359E-031
  7.586000E+03  9.72490085E-032
  7.674000E+03  9.23767304E-032
  7.762000E+03  8.77964625E-032
  7.852000E+03  8.33925228E-032
  7.943000E+03  7.92333915E-032
  8.035000E+03  7.52065560E-032
  8.128000E+03  7.14545921E-032
  8.222000E+03  6.78897763E-032
  8.318000E+03  6.44682552E-032
  8.414000E+03  6.12533869E-032
  8.511000E+03  5.81611991E-032
  8.610000E+03  5.52341213E-032
  8.710000E+03  5.24564317E-032
  8.810000E+03  4.98616279E-032
  8.912000E+03  4.73577855E-032
  9.016000E+03  4.49743679E-032
  9.120000E+03  4.27064149E-032
  9.226000E+03  4.05487806E-032
  9.332000E+03  3.85340547E-032
  9.441000E+03  3.65873841E-032
  9.550000E+03  3.47580745E-032
  9.660000E+03  3.30343717E-032
  9.772000E+03  3.13527508E-032
  9.886000E+03  2.97658580E-032
  1.000000E+04  2.82845732E-032
  1.012000E+04  2.68118201E-032
  1.023000E+04  2.55496714E-032
  1.035000E+04  2.42544762E-032
  1.047000E+04  2.30223799E-032
  1.059000E+04  2.18719676E-032
  1.072000E+04  2.07163887E-032
  1.084000E+04  1.97105202E-032
  1.096000E+04  1.87622699E-032
  1.109000E+04  1.77965176E-032
  1.122000E+04  1.68852299E-032
  1.135000E+04  1.60342291E-032
  1.148000E+04  1.52401443E-032
  1.161000E+04  1.44875881E-032
  1.175000E+04  1.37323484E-032
  1.188000E+04  1.30732991E-032
  1.202000E+04  1.23975365E-032
  1.216000E+04  1.17712540E-032
  1.230000E+04  1.11827719E-032
  1.244000E+04  1.06294470E-032
  1.259000E+04  1.00769190E-032
  1.274000E+04  9.55497692E-033
  1.288000E+04  9.09136445E-033
  1.303000E+04  8.63316424E-033
  1.318000E+04  8.20301269E-033
  1.334000E+04  7.76959198E-033
  1.349000E+04  7.39017745E-033
  1.365000E+04  7.01023549E-033
  1.380000E+04  6.67549458E-033
  1.396000E+04  6.33512250E-033
  1.412000E+04  6.01945276E-033
  1.429000E+04  5.70462222E-033
  1.445000E+04  5.42832165E-033
  1.462000E+04  5.15048825E-033
  1.479000E+04  4.88942258E-033
  1.496000E+04  4.64329111E-033
  1.514000E+04  4.40137022E-033
  1.531000E+04  4.18528338E-033
  1.549000E+04  3.97196315E-033
  1.567000E+04  3.77168845E-033
  1.585000E+04  3.58353466E-033
  1.603000E+04  3.40656386E-033
  1.622000E+04  3.22896540E-033
  1.641000E+04  3.06438901E-033
  1.660000E+04  2.91003546E-033
  1.679000E+04  2.76597388E-033
  1.698000E+04  2.62936532E-033
  1.718000E+04  2.49432669E-033
  1.738000E+04  2.36847669E-033
  1.758000E+04  2.24900387E-033
  1.778000E+04  2.13705942E-033
  1.799000E+04  2.02757104E-033
  1.820000E+04  1.92482729E-033
  1.841000E+04  1.82834229E-033
  1.862000E+04  1.73766935E-033
  1.884000E+04  1.64726771E-033
  1.906000E+04  1.56352725E-033
  1.928000E+04  1.48499227E-033
  1.950000E+04  1.41106174E-033
  1.972000E+04  1.34156714E-033
  1.995000E+04  1.27387067E-033
  2.018000E+04  1.20892503E-033
  2.042000E+04  1.14669426E-033
  2.065000E+04  1.09013684E-033
  2.089000E+04  1.03517043E-033
  2.114000E+04  9.81486923E-034
  2.138000E+04  9.33051973E-034
  2.163000E+04  8.85051532E-034
  2.188000E+04  8.40153417E-034
  2.213000E+04  7.98360391E-034
  2.239000E+04  7.57919176E-034
  2.265000E+04  7.19600408E-034
  2.291000E+04  6.83114386E-034
  2.317000E+04  6.49257659E-034
  2.344000E+04  6.16568698E-034
  2.371000E+04  5.85528028E-034
  2.399000E+04  5.55315484E-034
  2.427000E+04  5.26905899E-034
  2.455000E+04  5.00563317E-034
  2.483000E+04  4.75528261E-034
  2.512000E+04  4.51437335E-034
  2.541000E+04  4.28801755E-034
  2.570000E+04  4.07264963E-034
  2.600000E+04  3.86602110E-034
  2.630000E+04  3.67193416E-034
  2.661000E+04  3.48130280E-034
  2.692000E+04  3.30465309E-034
  2.723000E+04  3.13872295E-034
  2.754000E+04  2.98259271E-034
  2.786000E+04  2.83128604E-034
  2.818000E+04  2.69074410E-034
  2.851000E+04  2.55142456E-034
  2.884000E+04  2.42371416E-034
  2.917000E+04  2.30215502E-034
  2.951000E+04  2.18456147E-034
  2.985000E+04  2.07672532E-034
  3.020000E+04  1.95110178E-034
  3.055000E+04  1.73942958E-034
  3.090000E+04  1.45600095E-034
  3.126000E+04  1.17386265E-034
  3.162000E+04  9.40822743E-035
  3.199000E+04  7.58747972E-035
  3.236000E+04  6.22862550E-035
  3.273000E+04  5.20353461E-035
  3.311000E+04  4.40419720E-035
  3.350000E+04  3.77067357E-035
  3.388000E+04  3.28083630E-035
  3.428000E+04  2.86844673E-035
  3.467000E+04  2.53883502E-035
  3.508000E+04  2.25453393E-035
  3.548000E+04  2.02082929E-035
  3.589000E+04  1.81961589E-035
  3.631000E+04  1.64207696E-035
  3.673000E+04  1.48950944E-035
  3.715000E+04  1.35818141E-035
  3.758000E+04  1.23941819E-035
  3.802000E+04  1.13288380E-035
  3.846000E+04  1.03994831E-035
  3.890000E+04  9.56886011E-036
  3.936000E+04  8.79706306E-036
  3.981000E+04  8.11947937E-036
