# DH21 PAH SED for Mathis ISRF, U = 1.585
# DL07 PAH cross sections, neutral + cation mixed by f_ion(a)
# columns: lambda[um]    lambda*I_lambda / N_H [erg s^-1 cm^-2 sr^-1 H^-1]
  9.120000E-02  7.37731231E-055
  9.226000E-02  1.34780978E-054
  9.332000E-02  2.43160101E-054
  9.441000E-02  4.40366232E-054
  9.550000E-02  7.87311917E-054
  9.661000E-02  1.40431640E-053
  9.772000E-02  2.47308857E-053
  9.886000E-02  4.36594828E-053
  1.000000E-01  7.61193876E-053
  1.012000E-01  1.33150160E-052
  1.023000E-01  2.20614707E-052
  1.035000E-01  3.77756989E-052
  1.047000E-01  6.38443053E-052
  1.059000E-01  1.06559936E-051
  1.072000E-01  1.83102991E-051
  1.084000E-01  2.98162238E-051
  1.097000E-01  4.99309248E-051
  1.109000E-01  7.94708951E-051
  1.122000E-01  1.29993457E-050
  1.135000E-01  2.10307592E-050
  1.148000E-01  3.36819610E-050
  1.161000E-01  5.34483970E-050
  1.175000E-01  8.70693255E-050
  1.189000E-01  1.40642575E-049
  1.202000E-01  2.18110400E-049
  1.216000E-01  3.47868719E-049
  1.230000E-01  5.52321959E-049
  1.244000E-01  8.74297624E-049
  1.259000E-01  1.42778231E-048
  1.274000E-01  2.33177878E-048
  1.288000E-01  3.69098392E-048
  1.303000E-01  5.97538995E-048
  1.318000E-01  9.89030051E-048
  1.333000E-01  1.64527198E-047
  1.349000E-01  2.84678419E-047
  1.365000E-01  4.95011219E-047
  1.380000E-01  8.34398017E-047
  1.396000E-01  1.45977746E-046
  1.412000E-01  2.55635648E-046
  1.429000E-01  4.63325122E-046
  1.445000E-01  8.09187849E-046
  1.462000E-01  1.45803216E-045
  1.479000E-01  2.61414973E-045
  1.496000E-01  4.65923028E-045
  1.514000E-01  8.52876062E-045
  1.531000E-01  1.49840119E-044
  1.549000E-01  2.69868275E-044
  1.567000E-01  4.81778961E-044
  1.585000E-01  8.52432205E-044
  1.603000E-01  1.49477862E-043
  1.622000E-01  2.67822053E-043
  1.641000E-01  4.75186756E-043
  1.660000E-01  8.35049087E-043
  1.679000E-01  1.45375261E-042
  1.698000E-01  2.50790576E-042
  1.718000E-01  4.40770365E-042
  1.738000E-01  7.66805746E-042
  1.758000E-01  1.32115525E-041
  1.778000E-01  2.25545154E-041
  1.799000E-01  3.91810496E-041
  1.820000E-01  6.74518532E-041
  1.841000E-01  1.15136178E-040
  1.862000E-01  1.94948324E-040
  1.884000E-01  3.35686730E-040
  1.905000E-01  5.59647626E-040
  1.928000E-01  9.71427068E-040
  1.950000E-01  1.63275944E-039
  1.972000E-01  2.72154770E-039
  1.995000E-01  4.59890604E-039
  2.018000E-01  7.68799999E-039
  2.042000E-01  1.29716219E-038
  2.065000E-01  2.11075311E-038
  2.089000E-01  3.44767103E-038
  2.113000E-01  5.51886107E-038
  2.138000E-01  8.79740891E-038
  2.163000E-01  1.36651342E-037
  2.188000E-01  2.06739316E-037
  2.213000E-01  3.04895346E-037
  2.239000E-01  4.45496376E-037
  2.265000E-01  6.36687703E-037
  2.291000E-01  8.93256994E-037
  2.317000E-01  1.23457564E-036
  2.344000E-01  1.70616029E-036
  2.371000E-01  2.33444805E-036
  2.399000E-01  3.20483922E-036
  2.427000E-01  4.37041004E-036
  2.455000E-01  5.92713237E-036
  2.483000E-01  8.00043634E-036
  2.512000E-01  1.08664958E-035
  2.541000E-01  1.46967312E-035
  2.570000E-01  1.97957924E-035
  2.600000E-01  2.68255157E-035
  2.630000E-01  3.61952576E-035
  2.661000E-01  4.91045855E-035
  2.691000E-01  6.56738359E-035
  2.723000E-01  8.91213570E-035
  2.754000E-01  1.19217365E-034
  2.786000E-01  1.60183076E-034
  2.818000E-01  2.14138090E-034
  2.851000E-01  2.87353428E-034
  2.884000E-01  3.83542845E-034
  2.917000E-01  5.09223165E-034
  2.951000E-01  6.78176634E-034
  2.985000E-01  8.98226146E-034
  3.020000E-01  1.19276232E-033
  3.055000E-01  1.51916264E-033
  3.090000E-01  1.97028864E-033
  3.126000E-01  2.55683875E-033
  3.162000E-01  3.29571562E-033
  3.199000E-01  4.24920939E-033
  3.236000E-01  5.44209670E-033
  3.273000E-01  6.92489417E-033
  3.311000E-01  8.81139998E-033
  3.350000E-01  1.12076690E-032
  3.388000E-01  1.40779901E-032
  3.428000E-01  1.77785282E-032
  3.467000E-01  2.21781341E-032
  3.507000E-01  2.76435399E-032
  3.548000E-01  3.44119869E-032
  3.589000E-01  4.25443426E-032
  3.631000E-01  5.24909187E-032
  3.673000E-01  6.42764264E-032
  3.715000E-01  7.80850903E-032
  3.758000E-01  9.44562572E-032
  3.802000E-01  1.13583960E-031
  3.846000E-01  1.34967496E-031
  3.891000E-01  1.58765270E-031
  3.936000E-01  1.83918284E-031
  3.981000E-01  2.10025017E-031
  4.027000E-01  2.38112294E-031
  4.074000E-01  2.69795277E-031
  4.121000E-01  3.06543538E-031
  4.169000E-01  3.51239637E-031
  4.217000E-01  4.04995408E-031
  4.266000E-01  4.71076826E-031
  4.315000E-01  5.50154814E-031
  4.365000E-01  6.45255892E-031
  4.416000E-01  7.57220439E-031
  4.467000E-01  8.82781691E-031
  4.519000E-01  1.02129271E-030
  4.571000E-01  1.16441638E-030
  4.624000E-01  1.30648050E-030
  4.677000E-01  1.43481455E-030
  4.732000E-01  1.54594607E-030
  4.786000E-01  1.63294413E-030
  4.842000E-01  1.70810716E-030
  4.898000E-01  1.77823774E-030
  4.954000E-01  1.85124405E-030
  5.012000E-01  1.93651294E-030
  5.070000E-01  2.03828338E-030
  5.129000E-01  2.16499880E-030
  5.188000E-01  2.31829117E-030
  5.248000E-01  2.50099259E-030
  5.309000E-01  2.71064157E-030
  5.370000E-01  2.93757031E-030
  5.433000E-01  3.18022629E-030
  5.495000E-01  3.41625645E-030
  5.559000E-01  3.64850932E-030
  5.623000E-01  3.86967194E-030
  5.688000E-01  4.09411828E-030
  5.754000E-01  4.33815786E-030
  5.821000E-01  4.61750911E-030
  5.888000E-01  4.94166595E-030
  5.957000E-01  5.33385100E-030
  6.026000E-01  5.79247079E-030
  6.095000E-01  6.31823562E-030
  6.166000E-01  6.92344064E-030
  6.237000E-01  7.58416006E-030
  6.310000E-01  8.30504517E-030
  6.383000E-01  9.05223662E-030
  6.457000E-01  9.81833309E-030
  6.531000E-01  1.05798188E-029
  6.607000E-01  1.13497438E-029
  6.683000E-01  1.21154707E-029
  6.761000E-01  1.29237267E-029
  6.839000E-01  1.37907285E-029
  6.918000E-01  1.47608750E-029
  6.998000E-01  1.58674223E-029
  7.079000E-01  1.71400957E-029
  7.161000E-01  1.86004334E-029
  7.244000E-01  2.02619801E-029
  7.328000E-01  2.21225827E-029
  7.413000E-01  2.41815164E-029
  7.499000E-01  2.64358297E-029
  7.586000E-01  2.88926480E-029
  7.674000E-01  3.15654093E-029
  7.763000E-01  3.44884908E-029
  7.852000E-01  3.76602424E-029
  7.943000E-01  4.11788519E-029
  8.035000E-01  4.50566820E-029
  8.128000E-01  4.93218463E-029
  8.222000E-01  5.40090058E-029
  8.318000E-01  5.92112084E-029
  8.414000E-01  6.48655322E-029
  8.511000E-01  7.10679042E-029
  8.610000E-01  7.79462529E-029
  8.710000E-01  8.55104127E-029
  8.810000E-01  9.37688408E-029
  8.913000E-01  1.03089798E-028
  9.016000E-01  1.13359053E-028
  9.120000E-01  1.24875753E-028
  9.226000E-01  1.38074414E-028
  9.333000E-01  1.53279678E-028
  9.441000E-01  1.71156713E-028
  9.550000E-01  1.92744765E-028
  9.661000E-01  2.20027636E-028
  9.772000E-01  2.55450009E-028
  9.886000E-01  3.05485137E-028
  1.000000E+00  3.79001020E-028
  1.012000E+00  5.01429505E-028
  1.023000E+00  6.82603770E-028
  1.035000E+00  9.77283044E-028
  1.047000E+00  1.26622318E-027
  1.059000E+00  1.29428490E-027
  1.071000E+00  1.10794133E-027
  1.084000E+00  9.11602958E-028
  1.097000E+00  7.91480671E-028
  1.109000E+00  7.33549510E-028
  1.122000E+00  7.08310215E-028
  1.135000E+00  7.09748790E-028
  1.148000E+00  7.31436487E-028
  1.161000E+00  7.70989850E-028
  1.175000E+00  8.33912906E-028
  1.189000E+00  9.20313806E-028
  1.202000E+00  1.02455015E-027
  1.216000E+00  1.16345885E-027
  1.230000E+00  1.32347161E-027
  1.245000E+00  1.49449671E-027
  1.259000E+00  1.61832960E-027
  1.273000E+00  1.68116391E-027
  1.288000E+00  1.68190322E-027
  1.303000E+00  1.64143487E-027
  1.318000E+00  1.58899459E-027
  1.334000E+00  1.53969090E-027
  1.349000E+00  1.50668418E-027
  1.365000E+00  1.48584258E-027
  1.380000E+00  1.47875105E-027
  1.396000E+00  1.48176030E-027
  1.413000E+00  1.49476568E-027
  1.429000E+00  1.51433882E-027
  1.445000E+00  1.53960000E-027
  1.462000E+00  1.57120616E-027
  1.479000E+00  1.60708316E-027
  1.496000E+00  1.64604240E-027
  1.514000E+00  1.69041203E-027
  1.531000E+00  1.73450002E-027
  1.549000E+00  1.78285618E-027
  1.567000E+00  1.83340930E-027
  1.585000E+00  1.88496915E-027
  1.603000E+00  1.93783486E-027
  1.622000E+00  1.99478477E-027
  1.641000E+00  2.05203162E-027
  1.660000E+00  2.10995015E-027
  1.679000E+00  2.16779457E-027
  1.698000E+00  2.22482840E-027
  1.718000E+00  2.28507315E-027
  1.738000E+00  2.34313423E-027
  1.758000E+00  2.39939305E-027
  1.778000E+00  2.45255081E-027
  1.799000E+00  2.50173648E-027
  1.820000E+00  2.54485818E-027
  1.841000E+00  2.57735760E-027
  1.862000E+00  2.60229332E-027
  1.884000E+00  2.62973048E-027
  1.906000E+00  2.67583841E-027
  1.928000E+00  2.75400279E-027
  1.950000E+00  2.85659329E-027
  1.972000E+00  2.96511656E-027
  1.995000E+00  3.07549788E-027
  2.018000E+00  3.17882004E-027
  2.042000E+00  3.27994952E-027
  2.065000E+00  3.36904424E-027
  2.089000E+00  3.45827286E-027
  2.114000E+00  3.54790553E-027
  2.138000E+00  3.62989678E-027
  2.163000E+00  3.71345814E-027
  2.188000E+00  3.79633251E-027
  2.213000E+00  3.87455459E-027
  2.239000E+00  3.95529368E-027
  2.265000E+00  4.03447165E-027
  2.291000E+00  4.11330758E-027
  2.317000E+00  4.18912293E-027
  2.344000E+00  4.26488779E-027
  2.371000E+00  4.34376887E-027
  2.399000E+00  4.41930732E-027
  2.427000E+00  4.49675052E-027
  2.455000E+00  4.57106894E-027
  2.483000E+00  4.64598492E-027
  2.512000E+00  4.72043860E-027
  2.541000E+00  4.79554014E-027
  2.570000E+00  4.86785341E-027
  2.600000E+00  4.94179565E-027
  2.630000E+00  5.01270244E-027
  2.661000E+00  5.08971715E-027
  2.691000E+00  5.16166248E-027
  2.723000E+00  5.23770490E-027
  2.754000E+00  5.31173390E-027
  2.786000E+00  5.38932190E-027
  2.818000E+00  5.46794307E-027
  2.851000E+00  5.55233484E-027
  2.884000E+00  5.64028145E-027
  2.917000E+00  5.73525943E-027
  2.951000E+00  5.84372733E-027
  2.985000E+00  5.96932519E-027
  3.020000E+00  6.12705386E-027
  3.055000E+00  6.33203674E-027
  3.090000E+00  6.62123292E-027
  3.126000E+00  7.08650073E-027
  3.162000E+00  7.92212324E-027
  3.199000E+00  9.79984181E-027
  3.236000E+00  1.54351323E-026
  3.273000E+00  4.53163214E-026
  3.311000E+00  9.48212714E-026
  3.350000E+00  2.25302688E-026
  3.388000E+00  1.22457044E-026
  3.428000E+00  9.29256183E-027
  3.467000E+00  8.16178980E-027
  3.507000E+00  7.60102494E-027
  3.548000E+00  7.29283683E-027
  3.589000E+00  7.11673703E-027
  3.631000E+00  7.01052759E-027
  3.673000E+00  6.94801227E-027
  3.715000E+00  6.91328747E-027
  3.758000E+00  6.89580717E-027
  3.802000E+00  6.89198382E-027
  3.846000E+00  6.89694144E-027
  3.891000E+00  6.90863651E-027
  3.935000E+00  6.92698786E-027
  3.981000E+00  6.94933064E-027
  4.027000E+00  6.97617716E-027
  4.074000E+00  7.00674205E-027
  4.121000E+00  7.04165080E-027
  4.169000E+00  7.07894403E-027
  4.217000E+00  7.12142100E-027
  4.266000E+00  7.16678972E-027
  4.315000E+00  7.21737404E-027
  4.365000E+00  7.27354630E-027
  4.416000E+00  7.33434348E-027
  4.467000E+00  7.40272146E-027
  4.519000E+00  7.47916200E-027
  4.571000E+00  7.56404867E-027
  4.624000E+00  7.66047369E-027
  4.677000E+00  7.76979106E-027
  4.732000E+00  7.90077534E-027
  4.786000E+00  8.04979757E-027
  4.842000E+00  8.23617241E-027
  4.898000E+00  8.46549206E-027
  4.955000E+00  8.76865387E-027
  5.012000E+00  9.18715314E-027
  5.070000E+00  9.83736657E-027
  5.129000E+00  1.09863741E-026
  5.188000E+00  1.32291441E-026
  5.248000E+00  1.67044272E-026
  5.309000E+00  1.65877271E-026
  5.370000E+00  1.43551669E-026
  5.432000E+00  1.37306491E-026
  5.495000E+00  1.45027589E-026
  5.559000E+00  1.68296219E-026
  5.623000E+00  2.17492501E-026
  5.688000E+00  2.81666745E-026
  5.754000E+00  2.68929325E-026
  5.821000E+00  2.39721916E-026
  5.888000E+00  2.48969869E-026
  5.957000E+00  2.99290113E-026
  6.026000E+00  4.14932568E-026
  6.095000E+00  6.81933249E-026
  6.166000E+00  1.30705934E-025
  6.237000E+00  1.68741848E-025
  6.310000E+00  1.02217248E-025
  6.383000E+00  6.31874623E-026
  6.457000E+00  4.93018702E-026
  6.531000E+00  4.62943591E-026
  6.607000E+00  4.80908742E-026
  6.683000E+00  5.04700880E-026
  6.761000E+00  5.05938257E-026
  6.839000E+00  4.95931707E-026
  6.918000E+00  5.00316571E-026
  6.998000E+00  5.30996529E-026
  7.080000E+00  5.92066857E-026
  7.161000E+00  6.83262275E-026
  7.244000E+00  8.13193538E-026
  7.328000E+00  9.96626920E-026
  7.413000E+00  1.27498817E-025
  7.499000E+00  1.70939291E-025
  7.586000E+00  2.15218007E-025
  7.674000E+00  2.19284635E-025
  7.762000E+00  2.13658918E-025
  7.852000E+00  2.07193336E-025
  7.943000E+00  1.72009805E-025
  8.035000E+00  1.29382131E-025
  8.128000E+00  1.00642991E-025
  8.222000E+00  8.59801086E-026
  8.318000E+00  8.06025979E-026
  8.414000E+00  8.17192293E-026
  8.511000E+00  9.34839203E-026
  8.610000E+00  1.04207969E-025
  8.710000E+00  8.32813385E-026
  8.811000E+00  5.89480087E-026
  8.913000E+00  4.49744385E-026
  9.016000E+00  3.72154376E-026
  9.120000E+00  3.25607326E-026
  9.226000E+00  2.95368060E-026
  9.333000E+00  2.75024424E-026
  9.441000E+00  2.61000527E-026
  9.550000E+00  2.51400467E-026
  9.660000E+00  2.45076343E-026
  9.772000E+00  2.41421159E-026
  9.885000E+00  2.40145488E-026
  1.000000E+01  2.41147990E-026
  1.012000E+01  2.44730425E-026
  1.023000E+01  2.50596690E-026
  1.035000E+01  2.60595017E-026
  1.047000E+01  2.76109408E-026
  1.059000E+01  3.01627567E-026
  1.072000E+01  3.42782645E-026
  1.084000E+01  3.99182943E-026
  1.097000E+01  5.32920127E-026
  1.109000E+01  8.57034223E-026
  1.122000E+01  2.14180719E-025
  1.135000E+01  1.67857608E-025
  1.148000E+01  1.09687718E-025
  1.161000E+01  7.77872192E-026
  1.175000E+01  7.14315757E-026
  1.189000E+01  7.93887000E-026
  1.202000E+01  8.39005051E-026
  1.216000E+01  7.73605308E-026
  1.230000E+01  7.62093613E-026
  1.244000E+01  8.90637925E-026
  1.259000E+01  1.09444840E-025
  1.273000E+01  1.02824688E-025
  1.288000E+01  7.37821499E-026
  1.303000E+01  5.93449787E-026
  1.318000E+01  5.45825708E-026
  1.334000E+01  5.66495828E-026
  1.349000E+01  5.85853764E-026
  1.365000E+01  5.20682867E-026
  1.380000E+01  4.60594024E-026
  1.396000E+01  4.36288519E-026
  1.412000E+01  4.52316308E-026
  1.429000E+01  4.34561871E-026
  1.445000E+01  3.97714307E-026
  1.462000E+01  3.82664875E-026
  1.479000E+01  3.77317342E-026
  1.496000E+01  3.75906412E-026
  1.514000E+01  3.76756472E-026
  1.531000E+01  3.79241577E-026
  1.549000E+01  3.83848554E-026
  1.567000E+01  3.91918084E-026
  1.585000E+01  4.07511329E-026
  1.603000E+01  4.21055728E-026
  1.622000E+01  4.58056181E-026
  1.641000E+01  6.17125473E-026
  1.660000E+01  5.52690749E-026
  1.679000E+01  5.45534566E-026
  1.698000E+01  5.69575633E-026
  1.718000E+01  5.66666276E-026
  1.738000E+01  5.68249820E-026
  1.758000E+01  4.82529715E-026
  1.778000E+01  4.56221089E-026
  1.799000E+01  4.27978423E-026
  1.820000E+01  4.00007021E-026
  1.841000E+01  3.86542738E-026
  1.862000E+01  3.77845889E-026
  1.884000E+01  3.70805433E-026
  1.906000E+01  3.64389319E-026
  1.927000E+01  3.58372622E-026
  1.950000E+01  3.52060333E-026
  1.972000E+01  3.46539221E-026
  1.995000E+01  3.41399938E-026
  2.018000E+01  3.36862885E-026
  2.042000E+01  3.32673028E-026
  2.065000E+01  3.29083833E-026
  2.089000E+01  3.25704783E-026
  2.114000E+01  3.22512857E-026
  2.138000E+01  3.19714711E-026
  2.163000E+01  3.17046940E-026
  2.188000E+01  3.14599076E-026
  2.213000E+01  3.12349890E-026
  2.239000E+01  3.10204326E-026
  2.265000E+01  3.08236573E-026
  2.291000E+01  3.06435780E-026
  2.317000E+01  3.04788009E-026
  2.344000E+01  3.03234042E-026
  2.371000E+01  3.01823138E-026
  2.399000E+01  3.00503126E-026
  2.427000E+01  2.99328463E-026
  2.455000E+01  2.98281126E-026
  2.483000E+01  2.97355910E-026
  2.512000E+01  2.96520791E-026
  2.541000E+01  2.95794392E-026
  2.570000E+01  2.95180114E-026
  2.600000E+01  2.94648276E-026
  2.630000E+01  2.94221021E-026
  2.661000E+01  2.93876180E-026
  2.692000E+01  2.93620830E-026
  2.723000E+01  2.93454587E-026
  2.754000E+01  2.93369586E-026
  2.786000E+01  2.93354780E-026
  2.818000E+01  2.93411367E-026
  2.851000E+01  2.93546531E-026
  2.884000E+01  2.93749556E-026
  2.917000E+01  2.94004617E-026
  2.951000E+01  2.94320002E-026
  2.985000E+01  2.94698013E-026
  3.020000E+01  2.95136405E-026
  3.055000E+01  2.95616290E-026
  3.090000E+01  2.96137093E-026
  3.126000E+01  2.96713250E-026
  3.162000E+01  2.97317413E-026
  3.199000E+01  2.97979387E-026
  3.236000E+01  2.98650322E-026
  3.273000E+01  2.99367789E-026
  3.311000E+01  3.00121078E-026
  3.350000E+01  3.00907074E-026
  3.388000E+01  3.01685356E-026
  3.428000E+01  3.02534032E-026
  3.467000E+01  3.03363194E-026
  3.508000E+01  3.04242640E-026
  3.548000E+01  3.05093569E-026
  3.589000E+01  3.05977036E-026
  3.631000E+01  3.06896817E-026
  3.673000E+01  3.07797417E-026
  3.715000E+01  3.08692368E-026
  3.758000E+01  3.09627649E-026
  3.802000E+01  3.10545119E-026
  3.846000E+01  3.11469478E-026
  3.890000E+01  3.12373411E-026
  3.935000E+01  3.13278514E-026
  3.981000E+01  3.14220345E-026
  4.027000E+01  3.15103179E-026
  4.074000E+01  3.16000311E-026
  4.121000E+01  3.16899111E-026
  4.169000E+01  3.17769848E-026
  4.217000E+01  3.18616522E-026
  4.266000E+01  3.19478681E-026
  4.315000E+01  3.20277951E-026
  4.365000E+01  3.21083625E-026
  4.416000E+01  3.21867389E-026
  4.467000E+01  3.22643298E-026
  4.519000E+01  3.23354779E-026
  4.571000E+01  3.24098672E-026
  4.624000E+01  3.24750486E-026
  4.677000E+01  3.25404640E-026
  4.731000E+01  3.26029251E-026
  4.786000E+01  3.26630639E-026
  4.842000E+01  3.27154201E-026
  4.898000E+01  3.27712281E-026
  4.954000E+01  3.28165374E-026
  5.012000E+01  3.28616450E-026
  5.070000E+01  3.29023227E-026
  5.129000E+01  3.29380976E-026
  5.188000E+01  3.29689640E-026
  5.248000E+01  3.29975822E-026
  5.309000E+01  3.30158064E-026
  5.370000E+01  3.30371847E-026
  5.433000E+01  3.30454417E-026
  5.495000E+01  3.30513054E-026
  5.559000E+01  3.30555086E-026
  5.623000E+01  3.30478107E-026
  5.688000E+01  3.30426039E-026
  5.754000E+01  3.30214035E-026
  5.821000E+01  3.30009468E-026
  5.888000E+01  3.29730155E-026
  5.957000E+01  3.29378373E-026
  6.026000E+01  3.28938539E-026
  6.095000E+01  3.28479233E-026
  6.166000E+01  3.27932743E-026
  6.237000E+01  3.27343050E-026
  6.310000E+01  3.26643615E-026
  6.383000E+01  3.25831800E-026
  6.457000E+01  3.24993288E-026
  6.531000E+01  3.24099440E-026
  6.607000E+01  3.23162649E-026
  6.683000E+01  3.22116119E-026
  6.761000E+01  3.20975137E-026
  6.839000E+01  3.19744362E-026
  6.918000E+01  3.18428654E-026
  6.998000E+01  3.17110276E-026
  7.079000E+01  3.15638684E-026
  7.161000E+01  3.14114641E-026
  7.244000E+01  3.12504023E-026
  7.328000E+01  3.10830737E-026
  7.413000E+01  3.09036824E-026
  7.499000E+01  3.07212765E-026
  7.586000E+01  3.05304984E-026
  7.674000E+01  3.03317383E-026
  7.762000E+01  3.01249068E-026
  7.852000E+01  2.99062980E-026
  7.943000E+01  2.96814424E-026
  8.035000E+01  2.94547863E-026
  8.128000E+01  2.92166612E-026
  8.222000E+01  2.89695914E-026
  8.318000E+01  2.87174347E-026
  8.414000E+01  2.84559989E-026
  8.511000E+01  2.81913864E-026
  8.610000E+01  2.79177941E-026
  8.710000E+01  2.76373361E-026
  8.811000E+01  2.73493782E-026
  8.912000E+01  2.70590219E-026
  9.016000E+01  2.67577964E-026
  9.120000E+01  2.64554725E-026
  9.226000E+01  2.61431748E-026
  9.332000E+01  2.58319358E-026
  9.441000E+01  2.55086043E-026
  9.550000E+01  2.51835609E-026
  9.661000E+01  2.48529137E-026
  9.772000E+01  2.45218658E-026
  9.886000E+01  2.41795051E-026
  1.000000E+02  2.38391837E-026
  1.012000E+02  2.34819419E-026
  1.023000E+02  2.31523527E-026
  1.035000E+02  2.27966763E-026
  1.047000E+02  2.24394799E-026
  1.059000E+02  2.20853640E-026
  1.072000E+02  2.17050364E-026
  1.084000E+02  2.13553263E-026
  1.097000E+02  2.09816878E-026
  1.109000E+02  2.06354823E-026
  1.122000E+02  2.02653032E-026
  1.135000E+02  1.98992387E-026
  1.148000E+02  1.95383539E-026
  1.161000E+02  1.91787927E-026
  1.175000E+02  1.87973045E-026
  1.188000E+02  1.84474967E-026
  1.202000E+02  1.80753574E-026
  1.216000E+02  1.77086807E-026
  1.230000E+02  1.73466175E-026
  1.244000E+02  1.69911261E-026
  1.259000E+02  1.66145434E-026
  1.273000E+02  1.62701684E-026
  1.288000E+02  1.59069023E-026
  1.303000E+02  1.55510253E-026
  1.318000E+02  1.52015157E-026
  1.334000E+02  1.48360345E-026
  1.349000E+02  1.45005023E-026
  1.365000E+02  1.41471565E-026
  1.380000E+02  1.38258810E-026
  1.396000E+02  1.34901107E-026
  1.412000E+02  1.31588780E-026
  1.429000E+02  1.28185987E-026
  1.445000E+02  1.25039527E-026
  1.462000E+02  1.21780150E-026
  1.479000E+02  1.18611264E-026
  1.496000E+02  1.15510146E-026
  1.514000E+02  1.12311889E-026
  1.531000E+02  1.09378495E-026
  1.549000E+02  1.06353596E-026
  1.567000E+02  1.03407505E-026
  1.585000E+02  1.00545451E-026
  1.603000E+02  9.77526454E-027
  1.622000E+02  9.48951468E-027
  1.641000E+02  9.21380368E-027
  1.660000E+02  8.94507810E-027
  1.679000E+02  8.68440503E-027
  1.698000E+02  8.43060145E-027
  1.718000E+02  8.17484240E-027
  1.738000E+02  7.92481347E-027
  1.758000E+02  7.68378161E-027
  1.778000E+02  7.45016688E-027
  1.799000E+02  7.21257115E-027
  1.820000E+02  6.98336926E-027
  1.841000E+02  6.76190604E-027
  1.862000E+02  6.54828251E-027
  1.884000E+02  6.33234059E-027
  1.906000E+02  6.12391689E-027
  1.928000E+02  5.92307438E-027
  1.950000E+02  5.72862866E-027
  1.972000E+02  5.54243305E-027
  1.995000E+02  5.35422201E-027
  2.018000E+02  5.17289582E-027
  2.042000E+02  4.99071137E-027
  2.065000E+02  4.82362139E-027
  2.089000E+02  4.65521944E-027
  2.114000E+02  4.48726667E-027
  2.138000E+02  4.33171657E-027
  2.163000E+02  4.17638840E-027
  2.188000E+02  4.02741574E-027
  2.213000E+02  3.88438002E-027
  2.239000E+02  3.74165336E-027
  2.265000E+02  3.60448051E-027
  2.291000E+02  3.47323805E-027
  2.317000E+02  3.34734917E-027
  2.344000E+02  3.22219608E-027
  2.371000E+02  3.10201692E-027
  2.399000E+02  2.98289013E-027
  2.427000E+02  2.86919043E-027
  2.455000E+02  2.76057266E-027
  2.483000E+02  2.65619123E-027
  2.512000E+02  2.55286724E-027
  2.541000E+02  2.45409543E-027
  2.570000E+02  2.35978148E-027
  2.600000E+02  2.26695106E-027
  2.630000E+02  2.17777833E-027
  2.661000E+02  2.09021460E-027
  2.691000E+02  2.00895250E-027
  2.723000E+02  1.92665155E-027
  2.754000E+02  1.85021728E-027
  2.786000E+02  1.77547923E-027
  2.818000E+02  1.70414450E-027
  2.851000E+02  1.63397858E-027
  2.884000E+02  1.56698548E-027
  2.917000E+02  1.50335609E-027
  2.951000E+02  1.44042243E-027
  2.985000E+02  1.38111345E-027
  3.020000E+02  1.32297708E-027
  3.055000E+02  1.26734942E-027
  3.090000E+02  1.21485176E-027
  3.126000E+02  1.16315622E-027
  3.162000E+02  1.11416479E-027
  3.199000E+02  1.06613883E-027
  3.236000E+02  1.02064520E-027
  3.273000E+02  9.77383578E-028
  3.311000E+02  9.35379721E-028
  3.350000E+02  8.94178041E-028
  3.388000E+02  8.56129874E-028
  3.428000E+02  8.18129848E-028
  3.467000E+02  7.82999042E-028
  3.508000E+02  7.47978007E-028
  3.548000E+02  7.15536864E-028
  3.589000E+02  6.84045993E-028
  3.631000E+02  6.53389173E-028
  3.673000E+02  6.24449624E-028
  3.715000E+02  5.96943860E-028
  3.758000E+02  5.70191687E-028
  3.802000E+02  5.44348560E-028
  3.846000E+02  5.19867587E-028
  3.890000E+02  4.96683993E-028
  3.935000E+02  4.74203695E-028
  3.981000E+02  4.52484419E-028
  4.027000E+02  4.31912191E-028
  4.074000E+02  4.12014873E-028
  4.121000E+02  3.93219170E-028
  4.169000E+02  3.75061272E-028
  4.217000E+02  3.57888855E-028
  4.266000E+02  3.41289743E-028
  4.315000E+02  3.25605414E-028
  4.365000E+02  3.10480270E-028
  4.416000E+02  2.95908851E-028
  4.467000E+02  2.82117823E-028
  4.519000E+02  2.68877162E-028
  4.571000E+02  2.56330446E-028
  4.624000E+02  2.44275489E-028
  4.677000E+02  2.32885493E-028
  4.731000E+02  2.21904319E-028
  4.786000E+02  2.11371005E-028
  4.842000E+02  2.01242371E-028
  4.898000E+02  1.91679170E-028
  4.955000E+02  1.82496249E-028
  5.012000E+02  1.73843979E-028
  5.070000E+02  1.65525996E-028
  5.129000E+02  1.57554772E-028
  5.188000E+02  1.50032390E-028
  5.248000E+02  1.42816951E-028
  5.309000E+02  1.35898067E-028
  5.370000E+02  1.29373182E-028
  5.432000E+02  1.23126703E-028
  5.495000E+02  1.17140733E-028
  5.559000E+02  1.11414804E-028
  5.623000E+02  1.06013836E-028
  5.688000E+02  1.00850612E-028
  5.754000E+02  9.59189151E-029
  5.821000E+02  9.11869750E-029
  5.888000E+02  8.67436113E-029
  5.957000E+02  8.24282393E-029
  6.026000E+02  7.83715209E-029
  6.095000E+02  7.45470767E-029
  6.166000E+02  7.08339789E-029
  6.237000E+02  6.73524481E-029
  6.310000E+02  6.39810617E-029
  6.383000E+02  6.08096006E-029
  6.457000E+02  5.77823833E-029
  6.531000E+02  5.49352945E-029
  6.607000E+02  5.21798745E-029
  6.683000E+02  4.95925340E-029
  6.761000E+02  4.70894096E-029
  6.839000E+02  4.47438617E-029
  6.918000E+02  4.25075184E-029
  6.998000E+02  4.03748767E-029
  7.080000E+02  3.83197662E-029
  7.161000E+02  3.64127619E-029
  7.244000E+02  3.45720710E-029
  7.328000E+02  3.28274423E-029
  7.413000E+02  3.11680035E-029
  7.499000E+02  2.95853987E-029
  7.586000E+02  2.80832383E-029
  7.674000E+02  2.66529923E-029
  7.762000E+02  2.53097373E-029
  7.852000E+02  2.40230551E-029
  7.943000E+02  2.27960897E-029
  8.035000E+02  2.16330770E-029
  8.128000E+02  2.05289116E-029
  8.222000E+02  1.94845572E-029
  8.318000E+02  1.84787253E-029
  8.414000E+02  1.75339024E-029
  8.511000E+02  1.66387956E-029
  8.610000E+02  1.57831518E-029
  8.710000E+02  1.49664662E-029
  8.810000E+02  1.42038098E-029
  8.912000E+02  1.34690233E-029
  9.016000E+02  1.27712259E-029
  9.120000E+02  1.21159918E-029
  9.226000E+02  1.14869750E-029
  9.333000E+02  1.08906065E-029
  9.441000E+02  1.03291123E-029
  9.550000E+02  9.79417391E-030
  9.660000E+02  9.28918946E-030
  9.772000E+02  8.80862583E-030
  9.885000E+02  8.35037700E-030
  1.000000E+03  7.91286312E-030
  1.012000E+03  7.48705541E-030
  1.023000E+03  7.12038075E-030
  1.035000E+03  6.74481055E-030
  1.047000E+03  6.39153664E-030
  1.059000E+03  6.06111439E-030
  1.072000E+03  5.72585056E-030
  1.084000E+03  5.43620525E-030
  1.096000E+03  5.16450581E-030
  1.109000E+03  4.88689320E-030
  1.122000E+03  4.62762947E-030
  1.135000E+03  4.38453894E-030
  1.148000E+03  4.15709060E-030
  1.161000E+03  3.94286415E-030
  1.175000E+03  3.72725978E-030
  1.188000E+03  3.53948677E-030
  1.202000E+03  3.35006266E-030
  1.216000E+03  3.17238909E-030
  1.230000E+03  3.00601473E-030
  1.244000E+03  2.84985564E-030
  1.259000E+03  2.69297009E-030
  1.274000E+03  2.54677872E-030
  1.288000E+03  2.41848084E-030
  1.303000E+03  2.29010563E-030
  1.318000E+03  2.16947542E-030
  1.334000E+03  2.04906497E-030
  1.349000E+03  1.94349916E-030
  1.365000E+03  1.83770812E-030
  1.380000E+03  1.74503336E-030
  1.396000E+03  1.65225352E-030
  1.412000E+03  1.56509931E-030
  1.429000E+03  1.47874097E-030
  1.445000E+03  1.40248712E-030
  1.462000E+03  1.32658838E-030
  1.479000E+03  1.25562776E-030
  1.496000E+03  1.18917380E-030
  1.514000E+03  1.12332531E-030
  1.531000E+03  1.06516140E-030
  1.549000E+03  1.00736071E-030
  1.567000E+03  9.53337041E-031
  1.585000E+03  9.02714869E-031
  1.603000E+03  8.55331220E-031
  1.622000E+03  8.08526929E-031
  1.641000E+03  7.64757100E-031
  1.660000E+03  7.23755922E-031
  1.679000E+03  6.85380168E-031
  1.698000E+03  6.49404281E-031
  1.718000E+03  6.14005438E-031
  1.738000E+03  5.80855892E-031
  1.758000E+03  5.49860539E-031
  1.778000E+03  5.20806955E-031
  1.799000E+03  4.92251625E-031
  1.820000E+03  4.65550419E-031
  1.841000E+03  4.40564410E-031
  1.862000E+03  4.17209299E-031
  1.884000E+03  3.94273113E-031
  1.906000E+03  3.72866176E-031
  1.928000E+03  3.52833174E-031
  1.950000E+03  3.34010727E-031
  1.972000E+03  3.16480063E-031
  1.995000E+03  2.99275401E-031
  2.018000E+03  2.83162507E-031
  2.042000E+03  2.67465226E-031
  2.065000E+03  2.53389943E-031
  2.089000E+03  2.39642930E-031
  2.114000E+03  2.26272169E-031
  2.138000E+03  2.14255407E-031
  2.163000E+03  2.02543900E-031
  2.188000E+03  1.91599132E-031
  2.213000E+03  1.81347439E-031
  2.239000E+03  1.71365929E-031
  2.265000E+03  1.62054820E-031
  2.291000E+03  1.53366489E-031
  2.317000E+03  1.45182709E-031
  2.344000E+03  1.37254008E-031
  2.371000E+03  1.29851693E-031
  2.399000E+03  1.22651085E-031
  2.427000E+03  1.15929767E-031
  2.455000E+03  1.09660772E-031
  2.483000E+03  1.03778029E-031
  2.512000E+03  9.80959119E-032
  2.541000E+03  9.27707115E-032
  2.570000E+03  8.77818300E-032
  2.600000E+03  8.29685416E-032
  2.630000E+03  7.84730556E-032
  2.661000E+03  7.41256249E-032
  2.692000E+03  7.00638314E-032
  2.723000E+03  6.62615500E-032
  2.754000E+03  6.27111278E-032
  2.786000E+03  5.92751765E-032
  2.818000E+03  5.60694866E-032
  2.851000E+03  5.29787551E-032
  2.884000E+03  5.00815439E-032
  2.917000E+03  4.73822013E-032
  2.951000E+03  4.47778185E-032
  2.985000E+03  4.23348945E-032
  3.020000E+03  3.99917964E-032
  3.055000E+03  3.78095455E-032
  3.090000E+03  3.57663709E-032
  3.126000E+03  3.37984673E-032
  3.162000E+03  3.19550846E-032
  3.199000E+03  3.01881063E-032
  3.236000E+03  2.85404199E-032
  3.273000E+03  2.69978661E-032
  3.311000E+03  2.55147537E-032
  3.350000E+03  2.40962379E-032
  3.388000E+03  2.27969788E-032
  3.428000E+03  2.15259186E-032
  3.467000E+03  2.03677014E-032
  3.508000E+03  1.92264828E-032
  3.548000E+03  1.81880498E-032
  3.589000E+03  1.71920831E-032
  3.631000E+03  1.62394224E-032
  3.673000E+03  1.53490254E-032
  3.715000E+03  1.45178884E-032
  3.758000E+03  1.37204070E-032
  3.802000E+03  1.29572349E-032
  3.846000E+03  1.22468030E-032
  3.890000E+03  1.15817175E-032
  3.936000E+03  1.09329483E-032
  3.981000E+03  1.03393071E-032
  4.027000E+03  9.77183578E-033
  4.074000E+03  9.23033522E-033
  4.121000E+03  8.72516020E-033
  4.169000E+03  8.24161278E-033
  4.217000E+03  7.79122531E-033
  4.266000E+03  7.36103317E-033
  4.315000E+03  6.95891132E-033
  4.365000E+03  6.57576649E-033
  4.416000E+03  6.21041786E-033
  4.467000E+03  5.86914588E-033
  4.519000E+03  5.54448561E-033
  4.571000E+03  5.24095958E-033
  4.624000E+03  4.95190453E-033
  4.677000E+03  4.68171896E-033
  4.732000E+03  4.41945673E-033
  4.786000E+03  4.17931833E-033
  4.842000E+03  3.94666857E-033
  4.898000E+03  3.72917562E-033
  4.954000E+03  3.52608236E-033
  5.012000E+03  3.32951202E-033
  5.070000E+03  3.14598408E-033
  5.129000E+03  2.97142218E-033
  5.188000E+03  2.80860967E-033
  5.248000E+03  2.65380685E-033
  5.309000E+03  2.50658494E-033
  5.370000E+03  2.36927520E-033
  5.432000E+03  2.23878034E-033
  5.495000E+03  2.11501223E-033
  5.559000E+03  1.99752135E-033
  5.623000E+03  1.88771527E-033
  5.688000E+03  1.78362517E-033
  5.754000E+03  1.68480164E-033
  5.821000E+03  1.59119332E-033
  5.888000E+03  1.50380830E-033
  5.957000E+03  1.41969915E-033
  6.026000E+03  1.34124310E-033
  6.095000E+03  1.26788332E-033
  6.166000E+03  1.19721659E-033
  6.237000E+03  1.13137172E-033
  6.310000E+03  1.06817208E-033
  6.383000E+03  1.00899680E-033
  6.456000E+03  9.53918284E-034
  6.531000E+03  9.00998048E-034
  6.607000E+03  8.50806625E-034
  6.683000E+03  8.03948831E-034
  6.761000E+03  7.59210424E-034
  6.839000E+03  7.17318096E-034
  6.918000E+03  6.77637321E-034
  6.998000E+03  6.40211376E-034
  7.080000E+03  6.04375923E-034
  7.161000E+03  5.71257892E-034
  7.244000E+03  5.39564395E-034
  7.328000E+03  5.09592366E-034
  7.413000E+03  4.81288029E-034
  7.499000E+03  4.54626078E-034
  7.586000E+03  4.29360361E-034
  7.674000E+03  4.05522899E-034
  7.762000E+03  3.83260411E-034
  7.852000E+03  3.61968172E-034
  7.943000E+03  3.41920884E-034
  8.035000E+03  3.22956137E-034
  8.128000E+03  3.05001029E-034
  8.222000E+03  2.88116481E-034
  8.318000E+03  2.72033269E-034
  8.414000E+03  2.56976933E-034
  8.511000E+03  2.42772197E-034
  8.610000E+03  2.29239700E-034
  8.710000E+03  2.16472631E-034
  8.810000E+03  2.04552885E-034
  8.912000E+03  1.93246225E-034
  9.016000E+03  1.82417147E-034
  9.120000E+03  1.72314693E-034
  9.226000E+03  1.62715778E-034
  9.332000E+03  1.53719009E-034
  9.441000E+03  1.45144330E-034
  9.550000E+03  1.37121478E-034
  9.660000E+03  1.29545765E-034
  9.772000E+03  1.22337398E-034
  9.886000E+03  1.15479821E-034
  1.000000E+04  1.09097244E-034
  1.012000E+04  1.05176747E-034
  1.023000E+04  1.01747384E-034
  1.035000E+04  9.81752941E-035
  1.047000E+04  9.47695435E-035
  1.059000E+04  9.15205076E-035
  1.072000E+04  8.81671889E-035
  1.084000E+04  8.52165688E-035
  1.096000E+04  8.23969402E-035
  1.109000E+04  7.94817920E-035
  1.122000E+04  7.67033414E-035
  1.135000E+04  7.40536282E-035
  1.148000E+04  7.15252445E-035
  1.161000E+04  6.91112903E-035
  1.175000E+04  6.66322504E-035
  1.188000E+04  6.44358978E-035
  1.202000E+04  6.21777775E-035
  1.216000E+04  6.00244815E-035
  1.230000E+04  5.79699696E-035
  1.244000E+04  5.60086160E-035
  1.259000E+04  5.40045925E-035
  1.274000E+04  5.20954930E-035
  1.288000E+04  5.03943826E-035
  1.303000E+04  4.86533304E-035
  1.318000E+04  4.69919184E-035
  1.334000E+04  4.53024394E-035
  1.349000E+04  4.37916364E-035
  1.365000E+04  4.22535613E-035
  1.380000E+04  4.08766196E-035
  1.396000E+04  3.94733015E-035
  1.412000E+04  3.81337429E-035
  1.429000E+04  3.67763084E-035
  1.445000E+04  3.55571745E-035
  1.462000E+04  3.43203920E-035
  1.479000E+04  3.31405169E-035
  1.496000E+04  3.20143024E-035
  1.514000E+04  3.08769686E-035
  1.531000E+04  2.98519285E-035
  1.549000E+04  2.88156154E-035
  1.567000E+04  2.78268769E-035
  1.585000E+04  2.68830057E-035
  1.603000E+04  2.59814778E-035
  1.622000E+04  2.50732024E-035
  1.641000E+04  2.42069018E-035
  1.660000E+04  2.33801721E-035
  1.679000E+04  2.25907732E-035
  1.698000E+04  2.18366160E-035
  1.718000E+04  2.10786971E-035
  1.738000E+04  2.03555464E-035
  1.758000E+04  1.96651880E-035
  1.778000E+04  1.90057791E-035
  1.799000E+04  1.83448297E-035
  1.820000E+04  1.77142519E-035
  1.841000E+04  1.71123169E-035
  1.862000E+04  1.65374130E-035
  1.884000E+04  1.59624879E-035
  1.906000E+04  1.54139677E-035
  1.928000E+04  1.48903505E-035
  1.950000E+04  1.43902358E-035
  1.972000E+04  1.39123171E-035
  1.995000E+04  1.34350834E-035
  2.018000E+04  1.29794748E-035
  2.042000E+04  1.25258014E-035
  2.065000E+04  1.21106970E-035
  2.089000E+04  1.16969085E-035
  2.114000E+04  1.12857201E-035
  2.138000E+04  1.09089483E-035
  2.163000E+04  1.05341337E-035
  2.188000E+04  1.01763255E-035
  2.213000E+04  9.83456827E-036
  2.239000E+04  9.49520993E-036
  2.265000E+04  9.17131308E-036
  2.291000E+04  8.86200572E-036
  2.317000E+04  8.56647428E-036
  2.344000E+04  8.27334330E-036
  2.371000E+04  7.99345549E-036
  2.399000E+04  7.71639804E-036
  2.427000E+04  7.45201662E-036
  2.455000E+04  7.19959348E-036
  2.483000E+04  6.95845917E-036
  2.512000E+04  6.71994746E-036
  2.541000E+04  6.49222736E-036
  2.570000E+04  6.27469458E-036
  2.600000E+04  6.05978092E-036
  2.630000E+04  5.85458313E-036
  2.661000E+04  5.65217542E-036
  2.692000E+04  5.45900264E-036
  2.723000E+04  5.27454347E-036
  2.754000E+04  5.09831152E-036
  2.786000E+04  4.92454308E-036
  2.818000E+04  4.75859122E-036
  2.851000E+04  4.59518000E-036
  2.884000E+04  4.43917386E-036
  2.917000E+04  4.29015762E-036
  2.951000E+04  4.14352737E-036
  2.985000E+04  4.00351033E-036
  3.020000E+04  3.86589393E-036
  3.055000E+04  3.73451905E-036
  3.090000E+04  3.60903549E-036
  3.126000E+04  3.48576882E-036
  3.162000E+04  3.36805731E-036
  3.199000E+04  3.25253923E-036
  3.236000E+04  3.14224848E-036
  3.273000E+04  3.03689244E-036
  3.311000E+04  2.93353875E-036
  3.350000E+04  2.83228848E-036
  3.388000E+04  2.73807069E-036
  3.428000E+04  2.64335818E-036
  3.467000E+04  2.55517632E-036
  3.508000E+04  2.46665395E-036
  3.548000E+04  2.38419085E-036
  3.589000E+04  2.30343967E-036
  3.631000E+04  2.22445864E-036
  3.673000E+04  2.14904991E-036
  3.715000E+04  2.07701365E-036
  3.758000E+04  2.00656139E-036
  3.802000E+04  1.93773267E-036
  3.846000E+04  1.87201811E-036
  3.890000E+04  1.80924345E-036
  3.936000E+04  1.74658234E-036
  3.981000E+04  1.68805405E-036
