# DH21 astrodust SED for Mathis ISRF, U = 1.585
# Enthalpy stage: S1
# columns: lambda[um]    lambda*I_lambda / N_H [erg s^-1 cm^-2 sr^-1 H^-1]
  1.000000E-04  0.00000000E+000
  1.007967E-04  0.00000000E+000
  1.016230E-04  0.00000000E+000
  1.033167E-04  0.00000000E+000
  1.078087E-04  0.00000000E+000
  1.127091E-04  0.00000000E+000
  1.180762E-04  0.00000000E+000
  1.239800E-04  0.00000000E+000
  1.271590E-04  0.00000000E+000
  1.305053E-04  0.00000000E+000
  1.340324E-04  0.00000000E+000
  1.377556E-04  0.00000000E+000
  1.416914E-04  0.00000000E+000
  1.458588E-04  0.00000000E+000
  1.475952E-04  0.00000000E+000
  1.484790E-04  0.00000000E+000
  1.484968E-04  0.00000000E+000
  1.485057E-04  0.00000000E+000
  1.485111E-04  0.00000000E+000
  1.485128E-04  0.00000000E+000
  1.485137E-04  0.00000000E+000
  1.485143E-04  0.00000000E+000
  1.485144E-04  0.00000000E+000
  1.485148E-04  0.00000000E+000
  1.485150E-04  0.00000000E+000
  1.485155E-04  0.00000000E+000
  1.485164E-04  0.00000000E+000
  1.485182E-04  0.00000000E+000
  1.485235E-04  0.00000000E+000
  1.485680E-04  0.00000000E+000
  1.486571E-04  0.00000000E+000
  1.493735E-04  0.00000000E+000
  1.549750E-04  0.00000000E+000
  1.599742E-04  0.00000000E+000
  1.653067E-04  0.00000000E+000
  1.710069E-04  0.00000000E+000
  1.733986E-04  0.00000000E+000
  1.738850E-04  0.00000000E+000
  1.740070E-04  0.00000000E+000
  1.740192E-04  0.00000000E+000
  1.740266E-04  0.00000000E+000
  1.740290E-04  0.00000000E+000
  1.740302E-04  0.00000000E+000
  1.740310E-04  0.00000000E+000
  1.740312E-04  0.00000000E+000
  1.740317E-04  0.00000000E+000
  1.740319E-04  0.00000000E+000
  1.740327E-04  0.00000000E+000
  1.740339E-04  0.00000000E+000
  1.740363E-04  0.00000000E+000
  1.740437E-04  0.00000000E+000
  1.740559E-04  0.00000000E+000
  1.741292E-04  0.00000000E+000
  1.743741E-04  0.00000000E+000
  1.746197E-04  0.00000000E+000
  1.771143E-04  0.00000000E+000
  1.836741E-04  0.00000000E+000
  1.907385E-04  0.00000000E+000
  1.983680E-04  0.00000000E+000
  2.066333E-04  0.00000000E+000
  2.137586E-04  0.00000000E+000
  2.213929E-04  0.00000000E+000
  2.295926E-04  0.00000000E+000
  2.384231E-04  0.00000000E+000
  2.479600E-04  0.00000000E+000
  2.582917E-04  0.00000000E+000
  2.695217E-04  0.00000000E+000
  2.817727E-04  0.00000000E+000
  2.951905E-04  0.00000000E+000
  3.023902E-04  0.00000000E+000
  3.061235E-04  0.00000000E+000
  3.065776E-04  0.00000000E+000
  3.066156E-04  0.00000000E+000
  3.066383E-04  0.00000000E+000
  3.066459E-04  0.00000000E+000
  3.066497E-04  0.00000000E+000
  3.066520E-04  0.00000000E+000
  3.066527E-04  0.00000000E+000
  3.066542E-04  0.00000000E+000
  3.066550E-04  0.00000000E+000
  3.066573E-04  0.00000000E+000
  3.066611E-04  0.00000000E+000
  3.066686E-04  0.00000000E+000
  3.066914E-04  0.00000000E+000
  3.067293E-04  0.00000000E+000
  3.099500E-04  0.00000000E+000
  3.178974E-04  0.00000000E+000
  3.262632E-04  0.00000000E+000
  3.350811E-04  0.00000000E+000
  3.443889E-04  0.00000000E+000
  3.542286E-04  0.00000000E+000
  3.646471E-04  0.00000000E+000
  3.756970E-04  0.00000000E+000
  3.874375E-04  0.00000000E+000
  3.999355E-04  0.00000000E+000
  4.132667E-04  0.00000000E+000
  4.275172E-04  0.00000000E+000
  4.427857E-04  0.00000000E+000
  4.508364E-04  0.00000000E+000
  4.591852E-04  0.00000000E+000
  4.678491E-04  0.00000000E+000
  4.768462E-04  0.00000000E+000
  4.861961E-04  0.00000000E+000
  4.959200E-04  0.00000000E+000
  4.999194E-04  0.00000000E+000
  5.003228E-04  0.00000000E+000
  5.004238E-04  0.00000000E+000
  5.004844E-04  0.00000000E+000
  5.005046E-04  0.00000000E+000
  5.005147E-04  0.00000000E+000
  5.005208E-04  0.00000000E+000
  5.005228E-04  0.00000000E+000
  5.005268E-04  0.00000000E+000
  5.005289E-04  0.00000000E+000
  5.005349E-04  0.00000000E+000
  5.005450E-04  0.00000000E+000
  5.005652E-04  0.00000000E+000
  5.006259E-04  0.00000000E+000
  5.007270E-04  0.00000000E+000
  5.019433E-04  0.00000000E+000
  5.060408E-04  0.00000000E+000
  5.165833E-04  0.00000000E+000
  5.275745E-04  0.00000000E+000
  5.390435E-04  0.00000000E+000
  5.510222E-04  0.00000000E+000
  5.635455E-04  0.00000000E+000
  6.047805E-04  0.00000000E+000
  6.199000E-04  0.00000000E+000
  6.525263E-04  0.00000000E+000
  6.594681E-04  0.00000000E+000
  6.665591E-04  0.00000000E+000
  6.701622E-04  0.00000000E+000
  6.708874E-04  0.00000000E+000
  6.712507E-04  0.00000000E+000
  6.714324E-04  0.00000000E+000
  6.715415E-04  0.00000000E+000
  6.715779E-04  0.00000000E+000
  6.715961E-04  0.00000000E+000
  6.716070E-04  0.00000000E+000
  6.716107E-04  0.00000000E+000
  6.716179E-04  0.00000000E+000
  6.716216E-04  0.00000000E+000
  6.716325E-04  0.00000000E+000
  6.716507E-04  0.00000000E+000
  6.716871E-04  0.00000000E+000
  6.717963E-04  0.00000000E+000
  6.719783E-04  0.00000000E+000
  6.723427E-04  0.00000000E+000
  6.738043E-04  0.00000000E+000
  6.887778E-04  0.00000000E+000
  7.084571E-04  0.00000000E+000
  7.292941E-04  0.00000000E+000
  7.513939E-04  0.00000000E+000
  7.748750E-04  0.00000000E+000
  7.896815E-04  0.00000000E+000
  7.906888E-04  0.00000000E+000
  7.909410E-04  0.00000000E+000
  7.910419E-04  0.00000000E+000
  7.910924E-04  0.00000000E+000
  7.911176E-04  0.00000000E+000
  7.911328E-04  0.00000000E+000
  7.911378E-04  0.00000000E+000
  7.911984E-04  0.00000000E+000
  7.912035E-04  0.00000000E+000
  7.912186E-04  0.00000000E+000
  7.912439E-04  0.00000000E+000
  7.912944E-04  0.00000000E+000
  7.914459E-04  0.00000000E+000
  7.916986E-04  0.00000000E+000
  7.922045E-04  0.00000000E+000
  7.998710E-04  0.00000000E+000
  8.265333E-04  0.00000000E+000
  8.550345E-04  0.00000000E+000
  8.855714E-04  0.00000000E+000
  9.183704E-04  0.00000000E+000
  9.321805E-04  0.00000000E+000
  9.356981E-04  0.00000000E+000
  9.385314E-04  0.00000000E+000
  9.428137E-04  0.00000000E+000
  9.449695E-04  0.00000000E+000
  9.453298E-04  0.00000000E+000
  9.455461E-04  0.00000000E+000
  9.456182E-04  0.00000000E+000
  9.456542E-04  0.00000000E+000
  9.456759E-04  0.00000000E+000
  9.456831E-04  0.00000000E+000
  9.456975E-04  0.00000000E+000
  9.457047E-04  0.00000000E+000
  9.457264E-04  0.00000000E+000
  9.457625E-04  0.00000000E+000
  9.458346E-04  0.00000000E+000
  9.460511E-04  0.00000000E+000
  9.464122E-04  0.00000000E+000
  9.500383E-04  0.00000000E+000
  9.536923E-04  0.00000000E+000
  9.918400E-04  0.00000000E+000
  1.033167E-03  0.00000000E+000
  1.078087E-03  0.00000000E+000
  1.127091E-03  0.00000000E+000
  1.147963E-03  0.00000000E+000
  1.169623E-03  0.00000000E+000
  1.192115E-03  0.00000000E+000
  1.203689E-03  0.00000000E+000
  1.209561E-03  0.00000000E+000
  1.210151E-03  0.00000000E+000
  1.210506E-03  0.00000000E+000
  1.210624E-03  0.00000000E+000
  1.210683E-03  0.00000000E+000
  1.210719E-03  0.00000000E+000
  1.210730E-03  0.00000000E+000
  1.210754E-03  0.00000000E+000
  1.210766E-03  0.00000000E+000
  1.210801E-03  0.00000000E+000
  1.210860E-03  0.00000000E+000
  1.210979E-03  0.00000000E+000
  1.211334E-03  0.00000000E+000
  1.211926E-03  0.00000000E+000
  1.215490E-03  0.00000000E+000
  1.239800E-03  0.00000000E+000
  1.265102E-03  0.00000000E+000
  1.291458E-03  0.00000000E+000
  1.318936E-03  0.00000000E+000
  1.347609E-03  0.00000000E+000
  1.377556E-03  0.00000000E+000
  1.408864E-03  0.00000000E+000
  1.413683E-03  0.00000000E+000
  1.414489E-03  0.00000000E+000
  1.414974E-03  0.00000000E+000
  1.415135E-03  0.00000000E+000
  1.415216E-03  0.00000000E+000
  1.415264E-03  0.00000000E+000
  1.415281E-03  0.00000000E+000
  1.415313E-03  0.00000000E+000
  1.415329E-03  0.00000000E+000
  1.415378E-03  0.00000000E+000
  1.415458E-03  0.00000000E+000
  1.415620E-03  0.00000000E+000
  1.416105E-03  0.00000000E+000
  1.416914E-03  0.00000000E+000
  1.425057E-03  0.00000000E+000
  1.441628E-03  0.00000000E+000
  1.444988E-03  0.00000000E+000
  1.445831E-03  0.00000000E+000
  1.446337E-03  0.00000000E+000
  1.446506E-03  0.00000000E+000
  1.446590E-03  0.00000000E+000
  1.446641E-03  0.00000000E+000
  1.446658E-03  0.00000000E+000
  1.446691E-03  0.00000000E+000
  1.446708E-03  0.00000000E+000
  1.446759E-03  0.00000000E+000
  1.446843E-03  0.00000000E+000
  1.447012E-03  0.00000000E+000
  1.447519E-03  0.00000000E+000
  1.448364E-03  0.00000000E+000
  1.458588E-03  0.00000000E+000
  1.475952E-03  0.00000000E+000
  1.511951E-03  0.00000000E+000
  1.549750E-03  0.00000000E+000
  1.589487E-03  0.00000000E+000
  1.631316E-03  0.00000000E+000
  1.653067E-03  0.00000000E+000
  1.675405E-03  0.00000000E+000
  1.686803E-03  0.00000000E+000
  1.698356E-03  0.00000000E+000
  1.703022E-03  0.00000000E+000
  1.707713E-03  0.00000000E+000
  1.710069E-03  0.00000000E+000
  1.711249E-03  0.00000000E+000
  1.711958E-03  0.00000000E+000
  1.712194E-03  0.00000000E+000
  1.712313E-03  0.00000000E+000
  1.712384E-03  0.00000000E+000
  1.712407E-03  0.00000000E+000
  1.712455E-03  0.00000000E+000
  1.712478E-03  0.00000000E+000
  1.712549E-03  0.00000000E+000
  1.712667E-03  0.00000000E+000
  1.712904E-03  0.00000000E+000
  1.713614E-03  0.00000000E+000
  1.714799E-03  0.00000000E+000
  1.717175E-03  0.00000000E+000
  1.721944E-03  0.00000000E+000
  1.746197E-03  0.00000000E+000
  1.771143E-03  0.00000000E+000
  1.823235E-03  0.00000000E+000
  1.878485E-03  0.00000000E+000
  1.937188E-03  0.00000000E+000
  1.999677E-03  0.00000000E+000
  2.066333E-03  0.00000000E+000
  2.137586E-03  0.00000000E+000
  2.213929E-03  0.00000000E+000
  2.254182E-03  0.00000000E+000
  2.274862E-03  0.00000000E+000
  2.287454E-03  0.00000000E+000
  2.295926E-03  0.00000000E+000
  2.300186E-03  0.00000000E+000
  2.302321E-03  0.00000000E+000
  2.303605E-03  0.00000000E+000
  2.304033E-03  0.00000000E+000
  2.304247E-03  0.00000000E+000
  2.304375E-03  0.00000000E+000
  2.304418E-03  0.00000000E+000
  2.304504E-03  0.00000000E+000
  2.304547E-03  0.00000000E+000
  2.304675E-03  0.00000000E+000
  2.304889E-03  0.00000000E+000
  2.305318E-03  0.00000000E+000
  2.306605E-03  0.00000000E+000
  2.308752E-03  0.00000000E+000
  2.313060E-03  0.00000000E+000
  2.317383E-03  0.00000000E+000
  2.339245E-03  0.00000000E+000
  2.361524E-03  0.00000000E+000
  2.384231E-03  0.00000000E+000
  2.479600E-03  0.00000000E+000
  2.582917E-03  0.00000000E+000
  2.695217E-03  0.00000000E+000
  2.755111E-03  0.00000000E+000
  2.786067E-03  0.00000000E+000
  2.798646E-03  0.00000000E+000
  2.800542E-03  0.00000000E+000
  2.801175E-03  0.00000000E+000
  2.801491E-03  0.00000000E+000
  2.801681E-03  0.00000000E+000
  2.801745E-03  0.00000000E+000
  2.801871E-03  0.00000000E+000
  2.801935E-03  0.00000000E+000
  2.802125E-03  0.00000000E+000
  2.802441E-03  0.00000000E+000
  2.803075E-03  0.00000000E+000
  2.804977E-03  0.00000000E+000
  2.817727E-03  0.00000000E+000
  2.951905E-03  0.00000000E+000
  3.099500E-03  0.00000000E+000
  3.178974E-03  0.00000000E+000
  3.262632E-03  0.00000000E+000
  3.350811E-03  0.00000000E+000
  3.443889E-03  0.00000000E+000
  3.492394E-03  0.00000000E+000
  3.502260E-03  0.00000000E+000
  3.512181E-03  0.00000000E+000
  3.517163E-03  0.00000000E+000
  3.518161E-03  0.00000000E+000
  3.518660E-03  0.00000000E+000
  3.518960E-03  0.00000000E+000
  3.519060E-03  0.00000000E+000
  3.519260E-03  0.00000000E+000
  3.519360E-03  0.00000000E+000
  3.519659E-03  0.00000000E+000
  3.520159E-03  0.00000000E+000
  3.521159E-03  0.00000000E+000
  3.522159E-03  0.00000000E+000
  3.532194E-03  0.00000000E+000
  3.542286E-03  0.00000000E+000
  3.593623E-03  0.00000000E+000
  3.646471E-03  0.00000000E+000
  3.874375E-03  0.00000000E+000
  4.132667E-03  1.69958582E-321
  4.202712E-03  1.80835442E-316
  4.231399E-03  1.85323740E-314
  4.245890E-03  1.87511485E-313
  4.253173E-03  5.96440123E-313
  4.257555E-03  1.19400008E-312
  4.259018E-03  1.50516198E-312
  4.259749E-03  1.68971028E-312
  4.260188E-03  1.81162282E-312
  4.260335E-03  1.85402090E-312
  4.260628E-03  1.49865404E-312
  4.260774E-03  1.53347868E-312
  4.261213E-03  1.64312658E-312
  4.261946E-03  1.84526195E-312
  4.263411E-03  2.32654271E-312
  4.267814E-03  4.65742788E-312
  4.275172E-03  1.48225515E-311
  4.289965E-03  1.50019189E-310
  4.427857E-03  1.67208221E-301
  4.591852E-03  1.87848150E-291
  4.768462E-03  2.10427960E-281
  4.959200E-03  2.34832464E-271
  5.165833E-03  2.60898641E-261
  5.209244E-03  2.66334506E-259
  5.253390E-03  2.71801467E-257
  5.264544E-03  8.63947981E-257
  5.271259E-03  1.72892168E-256
  5.273501E-03  2.17841689E-256
  5.274622E-03  2.44553578E-256
  5.275296E-03  2.62139781E-256
  5.275520E-03  2.68225159E-256
  5.276194E-03  2.85107337E-256
  5.278440E-03  3.59225487E-256
  5.279114E-03  3.85020112E-256
  5.280239E-03  4.32304232E-256
  5.286994E-03  8.65092826E-256
  5.298291E-03  2.75035980E-255
  5.390435E-03  2.86169591E-251
  5.635455E-03  3.15083892E-241
  5.903810E-03  3.44797252E-231
  6.199000E-03  3.74786920E-221
  6.525263E-03  4.04255359E-211
  6.887778E-03  4.31998751E-201
  7.084571E-03  4.44817439E-196
  7.208140E-03  4.52076942E-193
  7.250292E-03  4.54280037E-192
  7.271554E-03  1.43965286E-191
  7.284371E-03  2.87817103E-191
  7.288654E-03  3.62437639E-191
  7.290797E-03  4.06741398E-191
  7.292083E-03  4.35677589E-191
  7.292512E-03  4.46112658E-191
  7.293370E-03  4.38437477E-191
  7.293799E-03  4.48956708E-191
  7.295087E-03  4.80919560E-191
  7.297234E-03  5.39737941E-191
  7.301531E-03  6.79924877E-191
  7.314454E-03  1.35882481E-190
  7.336095E-03  4.31190949E-190
  7.379762E-03  4.33192377E-189
  7.513939E-03  4.39819973E-186
  7.748750E-03  4.49232922E-181
  7.846835E-03  4.52773269E-179
  7.896815E-03  4.54204446E-178
  7.922045E-03  1.43881947E-177
  7.937260E-03  2.87407635E-177
  7.942345E-03  3.61974517E-177
  7.944889E-03  4.06108446E-177
  7.946417E-03  4.35256850E-177
  7.946926E-03  4.45328256E-177
  7.947945E-03  4.53350514E-177
  7.948455E-03  4.63856606E-177
  7.949984E-03  4.97214585E-177
  7.952534E-03  5.57873837E-177
  7.957638E-03  7.02820874E-177
  7.972990E-03  1.40397594E-176
  7.998710E-03  4.44754969E-176
  8.265333E-03  4.51623940E-171
  8.855714E-03  4.59410038E-161
  9.536923E-03  4.57008175E-151
  9.762205E-03  4.53739622E-148
  9.839683E-03  4.52551162E-147
  9.855326E-03  7.16911450E-147
  9.863166E-03  9.01973271E-147
  9.867091E-03  1.01248703E-146
  9.869448E-03  1.08422340E-146
  9.870233E-03  1.11005567E-146
  9.871805E-03  1.15925123E-146
  9.872591E-03  1.18689405E-146
  9.874950E-03  1.27096324E-146
  9.878884E-03  1.42558938E-146
  9.886762E-03  1.79494604E-146
  9.902556E-03  2.84334838E-146
  9.910472E-03  3.57727433E-146
  9.914434E-03  4.01539891E-146
  9.916813E-03  4.29979408E-146
  9.917607E-03  4.40238720E-146
  9.919194E-03  4.60443546E-146
  9.919987E-03  4.71058169E-146
  9.922369E-03  5.04803751E-146
  9.926341E-03  5.66210615E-146
  9.934295E-03  7.12880768E-146
  9.958233E-03  1.42056013E-145
  9.998387E-03  4.48313379E-145
  1.033167E-02  4.41092244E-141
  1.078087E-02  4.28158887E-136
  1.127091E-02  4.11665880E-131
  1.147963E-02  4.03897294E-129
  1.158692E-02  3.99416550E-128
  1.164131E-02  1.25567308E-127
  1.167420E-02  2.49451737E-127
  1.168520E-02  3.13034540E-127
  1.169071E-02  3.50906585E-127
  1.169402E-02  3.75895778E-127
  1.169512E-02  3.84722152E-127
  1.169733E-02  3.43208307E-127
  1.169843E-02  3.51294232E-127
  1.170175E-02  3.76388805E-127
  1.170727E-02  4.22211648E-127
  1.171834E-02  5.32525704E-127
  1.175166E-02  1.06203271E-126
  1.180762E-02  3.35336740E-126
  1.186411E-02  1.05771345E-125
  1.189827E-02  2.10711167E-125
  1.190970E-02  2.64960088E-125
  1.191543E-02  2.97422578E-125
  1.191886E-02  3.18560645E-125
  1.192001E-02  3.25911506E-125
  1.192230E-02  3.35987768E-125
  1.192345E-02  3.43736219E-125
  1.192689E-02  3.68207915E-125
  1.193263E-02  4.13030988E-125
  1.194412E-02  5.19955214E-125
  1.197874E-02  1.03629340E-124
  1.203689E-02  3.26709240E-124
  1.215490E-02  3.24838209E-123
  1.239800E-02  3.20798327E-121
  1.265102E-02  3.16246524E-119
  1.291458E-02  3.11135496E-117
  1.305053E-02  3.08423736E-116
  1.311958E-02  9.70790820E-116
  1.317535E-02  2.42796367E-115
  1.318235E-02  2.72178976E-115
  1.318656E-02  2.91635665E-115
  1.318796E-02  2.98312202E-115
  1.319076E-02  3.04324968E-115
  1.319217E-02  3.11338788E-115
  1.319638E-02  3.33567313E-115
  1.320341E-02  3.74195273E-115
  1.333118E-02  2.94852431E-114
  1.377556E-02  2.86241883E-111
  1.458588E-02  2.69374921E-106
  1.493735E-02  2.61880241E-104
  1.502788E-02  8.22181413E-104
  1.510110E-02  2.05252794E-103
  1.511030E-02  2.30047155E-103
  1.511583E-02  2.46457886E-103
  1.511767E-02  2.52170685E-103
  1.512136E-02  2.63560257E-103
  1.512320E-02  2.69665561E-103
  1.512874E-02  2.88801407E-103
  1.513797E-02  3.23673271E-103
  1.515648E-02  4.06918020E-103
  1.530617E-02  2.53500096E-102
  1.538213E-02  6.32711320E-102
  1.540124E-02  7.94977306E-102
  1.541081E-02  8.91206665E-102
  1.541656E-02  9.54359439E-102
  1.541848E-02  9.76525248E-102
  1.542232E-02  1.01272661E-101
  1.542423E-02  1.03611063E-101
  1.542999E-02  1.10953497E-101
  1.543960E-02  1.24439380E-101
  1.545885E-02  1.56402380E-101
  1.549750E-02  2.47151191E-101
  1.569367E-02  2.43249861E-100
  1.653067E-02  2.26402933E-096
  1.771143E-02  2.03582599E-091
  1.864361E-02  5.89586243E-088
  1.872810E-02  1.16598830E-087
  1.875643E-02  1.46269366E-087
  1.877063E-02  1.63651630E-087
  1.877916E-02  1.75216208E-087
  1.878200E-02  1.79229004E-087
  1.878770E-02  1.78532695E-087
  1.879054E-02  1.82619650E-087
  1.879909E-02  1.95442495E-087
  1.881335E-02  2.19283787E-087
  1.884195E-02  2.75320265E-087
  1.892824E-02  5.44103533E-087
  2.066333E-02  1.40374607E-081
  2.213929E-02  1.18912649E-077
  2.233874E-02  3.67937011E-077
  2.250091E-02  9.07066826E-077
  2.254182E-02  1.13660475E-076
  2.256233E-02  1.27045529E-076
  2.257465E-02  1.35955982E-076
  2.257877E-02  1.39029813E-076
  2.258699E-02  1.38945496E-076
  2.259111E-02  1.42137201E-076
  2.260346E-02  1.52182995E-076
  2.262409E-02  1.70935702E-076
  2.266545E-02  2.14738792E-076
  2.274862E-02  3.38551535E-076
  2.295926E-02  1.05603192E-075
  2.479600E-02  9.33090809E-072
  2.530204E-02  9.01719712E-071
  2.556289E-02  2.80256579E-070
  2.561570E-02  3.51595353E-070
  2.564219E-02  3.93812579E-070
  2.565811E-02  4.21580462E-070
  2.566342E-02  4.31402379E-070
  2.567405E-02  4.50987869E-070
  2.567937E-02  4.61182020E-070
  2.569534E-02  4.93703971E-070
  2.572199E-02  5.52861077E-070
  2.577547E-02  6.93661249E-070
  2.582917E-02  8.70241796E-070
  2.755111E-02  7.78782496E-067
  3.099500E-02  6.29705259E-062
  3.542286E-02  4.85819746E-057
  3.593623E-02  1.49043588E-056
  3.598839E-02  1.66548619E-056
  3.599884E-02  1.70451611E-056
  3.601976E-02  1.77107575E-056
  3.603022E-02  1.81011032E-056
  3.625146E-02  2.90326424E-056
  3.646471E-02  4.54794033E-056
  3.756970E-02  4.27567211E-055
  3.874375E-02  4.00622679E-054
  3.999355E-02  3.74158670E-053
  4.132667E-02  3.48105369E-052
  4.275172E-02  3.22770263E-051
  4.334965E-02  7.85476800E-051
  4.350175E-02  9.81074690E-051
  4.351702E-02  1.00340871E-050
  4.354759E-02  1.04861436E-050
  4.356290E-02  1.07249431E-050
  4.427857E-02  2.98081431E-050
  4.591852E-02  2.74363169E-049
  4.768462E-02  2.51596335E-048
  4.959200E-02  2.30305531E-047
  5.165833E-02  2.10731670E-046
  5.390435E-02  1.94053172E-045
  5.635455E-02  1.87401584E-044
  5.766512E-02  6.48787966E-044
  5.815197E-02  9.88057241E-044
  5.817926E-02  1.01131970E-043
  5.823391E-02  1.05972243E-043
  5.826128E-02  1.08438659E-043
  5.903810E-02  2.06821420E-043
  6.199000E-02  1.93324468E-042
  6.387429E-02  6.96404759E-042
  6.390722E-02  7.11719125E-042
  6.397317E-02  7.42834378E-042
  6.400620E-02  7.59310499E-042
  6.525263E-02  1.67647832E-041
  6.887778E-02  1.38179723E-040
  7.084571E-02  3.90579706E-040
  7.284371E-02  1.04995262E-039
  7.288654E-02  1.07153952E-039
  7.297234E-02  1.11615386E-039
  7.301531E-02  1.13918866E-039
  7.513939E-02  3.04255905E-039
  7.748750E-02  8.39578232E-039
  7.998710E-02  2.30064505E-038
  8.161949E-02  4.28597461E-038
  8.167325E-02  4.37419702E-038
  8.178100E-02  4.55240986E-038
  8.183498E-02  4.64368685E-038
  8.264782E-02  6.25938775E-038
  8.265884E-02  6.28351521E-038
  8.550345E-02  1.70092301E-037
  8.855714E-02  4.57261099E-037
  9.119088E-02  1.01076658E-036
  9.120000E-02  1.01345903E-036
  9.226000E-02  1.37479594E-036
  9.332000E-02  1.84994471E-036
  9.441000E-02  2.49139088E-036
  9.550000E-02  3.33013172E-036
  9.661000E-02  4.43857821E-036
  9.772000E-02  5.87394600E-036
  9.886000E-02  7.77670584E-036
  1.000000E-01  1.02193891E-035
  1.012000E-01  1.35179599E-035
  1.023000E-01  1.73475084E-035
  1.035000E-01  2.26135521E-035
  1.047000E-01  2.92569625E-035
  1.059000E-01  3.75798295E-035
  1.072000E-01  4.88939713E-035
  1.084000E-01  6.19012962E-035
  1.097000E-01  7.93134015E-035
  1.109000E-01  9.90513687E-035
  1.122000E-01  1.25172451E-034
  1.135000E-01  1.57230219E-034
  1.148000E-01  1.96378549E-034
  1.161000E-01  2.43420438E-034
  1.175000E-01  3.04119825E-034
  1.189000E-01  3.77147078E-034
  1.202000E-01  4.57771852E-034
  1.216000E-01  5.60222111E-034
  1.230000E-01  6.81333960E-034
  1.244000E-01  8.24187823E-034
  1.259000E-01  1.00504394E-033
  1.274000E-01  1.21735363E-033
  1.288000E-01  1.44725190E-033
  1.303000E-01  1.73161010E-033
  1.318000E-01  2.06210321E-033
  1.333000E-01  2.44037192E-033
  1.349000E-01  2.89853472E-033
  1.365000E-01  3.41804344E-033
  1.380000E-01  3.95806265E-033
  1.396000E-01  4.56740809E-033
  1.412000E-01  5.23390501E-033
  1.429000E-01  6.00175147E-033
  1.445000E-01  6.77301994E-033
  1.462000E-01  7.63337384E-033
  1.479000E-01  8.53353968E-033
  1.496000E-01  9.48471621E-033
  1.514000E-01  1.05324683E-032
  1.531000E-01  1.15401523E-032
  1.549000E-01  1.26025538E-032
  1.567000E-01  1.37379003E-032
  1.585000E-01  1.49129683E-032
  1.603000E-01  1.61119792E-032
  1.622000E-01  1.74035302E-032
  1.641000E-01  1.86983597E-032
  1.660000E-01  2.01489630E-032
  1.679000E-01  2.19194419E-032
  1.698000E-01  2.38274810E-032
  1.718000E-01  2.60088610E-032
  1.738000E-01  2.84145740E-032
  1.758000E-01  3.11118387E-032
  1.778000E-01  3.38707682E-032
  1.799000E-01  3.64456424E-032
  1.820000E-01  3.91456942E-032
  1.841000E-01  4.20080353E-032
  1.862000E-01  4.50675285E-032
  1.884000E-01  4.85670946E-032
  1.905000E-01  5.22590883E-032
  1.928000E-01  5.83097503E-032
  1.950000E-01  6.51116206E-032
  1.972000E-01  7.29097126E-032
  1.995000E-01  8.23258416E-032
  2.018000E-01  9.32609915E-032
  2.042000E-01  1.06560064E-031
  2.065000E-01  1.21432999E-031
  2.089000E-01  1.36553142E-031
  2.113000E-01  1.53004490E-031
  2.138000E-01  1.71814774E-031
  2.163000E-01  1.92441103E-031
  2.188000E-01  2.15015561E-031
  2.213000E-01  2.39667804E-031
  2.239000E-01  2.67689991E-031
  2.265000E-01  2.98272282E-031
  2.291000E-01  3.31660291E-031
  2.317000E-01  3.68025003E-031
  2.344000E-01  4.08989624E-031
  2.371000E-01  4.53427231E-031
  2.399000E-01  5.03066931E-031
  2.427000E-01  5.56657644E-031
  2.455000E-01  6.14600975E-031
  2.483000E-01  6.76967218E-031
  2.512000E-01  7.46845265E-031
  2.541000E-01  8.21891181E-031
  2.570000E-01  9.02247562E-031
  2.600000E-01  9.91230387E-031
  2.630000E-01  1.08623540E-030
  2.661000E-01  1.19110545E-030
  2.691000E-01  1.29899425E-030
  2.723000E-01  1.42165515E-030
  2.754000E-01  1.54781760E-030
  2.786000E-01  1.68581380E-030
  2.818000E-01  1.83226584E-030
  2.851000E-01  1.99165538E-030
  2.884000E-01  2.16027500E-030
  2.917000E-01  2.33836354E-030
  2.951000E-01  2.53132980E-030
  2.985000E-01  2.73516086E-030
  3.020000E-01  2.95537647E-030
  3.055000E-01  3.18697561E-030
  3.090000E-01  3.42989239E-030
  3.126000E-01  3.69134033E-030
  3.162000E-01  3.96498052E-030
  3.199000E-01  4.26005606E-030
  3.236000E-01  4.56790531E-030
  3.273000E-01  4.88816267E-030
  3.311000E-01  5.23207517E-030
  3.350000E-01  5.59968171E-030
  3.388000E-01  5.97204695E-030
  3.428000E-01  6.37986198E-030
  3.467000E-01  6.79240505E-030
  3.507000E-01  7.23151543E-030
  3.548000E-01  7.69778942E-030
  3.589000E-01  8.18038234E-030
  3.631000E-01  8.69281412E-030
  3.673000E-01  9.22074372E-030
  3.715000E-01  9.76766584E-030
  3.758000E-01  1.03439243E-029
  3.802000E-01  1.09541006E-029
  3.846000E-01  1.15803890E-029
  3.891000E-01  1.22410270E-029
  3.936000E-01  1.29219494E-029
  3.981000E-01  1.36189194E-029
  4.027000E-01  1.43516285E-029
  4.074000E-01  1.51190893E-029
  4.121000E-01  1.59047572E-029
  4.169000E-01  1.67287943E-029
  4.217000E-01  1.75726357E-029
  4.266000E-01  1.84543793E-029
  4.315000E-01  1.93562480E-029
  4.365000E-01  2.02917350E-029
  4.416000E-01  2.12713957E-029
  4.467000E-01  2.22699329E-029
  4.519000E-01  2.33059495E-029
  4.571000E-01  2.43643575E-029
  4.624000E-01  2.54587732E-029
  4.677000E-01  2.65771468E-029
  4.732000E-01  2.77531906E-029
  4.786000E-01  2.89269888E-029
  4.842000E-01  3.01666977E-029
  4.898000E-01  3.14224833E-029
  4.954000E-01  3.26967609E-029
  5.012000E-01  3.40328606E-029
  5.070000E-01  3.53931974E-029
  5.129000E-01  3.67916201E-029
  5.188000E-01  3.82047494E-029
  5.248000E-01  3.96558923E-029
  5.309000E-01  4.11508559E-029
  5.370000E-01  4.26588127E-029
  5.433000E-01  4.42353559E-029
  5.495000E-01  4.58020243E-029
  5.559000E-01  4.74306095E-029
  5.623000E-01  4.90768314E-029
  5.688000E-01  5.07624953E-029
  5.754000E-01  5.24873507E-029
  5.821000E-01  5.42510893E-029
  5.888000E-01  5.60267695E-029
  5.957000E-01  5.78669946E-029
  6.026000E-01  5.97135947E-029
  6.095000E-01  6.15743178E-029
  6.166000E-01  6.34936310E-029
  6.237000E-01  6.54099919E-029
  6.310000E-01  6.74033907E-029
  6.383000E-01  6.93881332E-029
  6.457000E-01  7.14052278E-029
  6.531000E-01  7.34264649E-029
  6.607000E-01  7.55194812E-029
  6.683000E-01  7.76216570E-029
  6.761000E-01  7.97761596E-029
  6.839000E-01  8.19383904E-029
  6.918000E-01  8.41232238E-029
  6.998000E-01  8.63420065E-029
  7.079000E-01  8.85812164E-029
  7.161000E-01  9.08461040E-029
  7.244000E-01  9.31586730E-029
  7.328000E-01  9.54724630E-029
  7.413000E-01  9.78088557E-029
  7.499000E-01  1.00166773E-028
  7.586000E-01  1.02552706E-028
  7.674000E-01  1.04950564E-028
  7.763000E-01  1.07375024E-028
  7.852000E-01  1.09799750E-028
  7.943000E-01  1.12257730E-028
  8.035000E-01  1.14742184E-028
  8.128000E-01  1.17229385E-028
  8.222000E-01  1.19720446E-028
  8.318000E-01  1.22248980E-028
  8.414000E-01  1.24770127E-028
  8.511000E-01  1.27290942E-028
  8.610000E-01  1.29854438E-028
  8.710000E-01  1.32415566E-028
  8.810000E-01  1.34987529E-028
  8.913000E-01  1.37592866E-028
  9.016000E-01  1.40198392E-028
  9.120000E-01  1.42830439E-028
  9.226000E-01  1.45464429E-028
  9.333000E-01  1.48134291E-028
  9.441000E-01  1.50767244E-028
  9.550000E-01  1.53433189E-028
  9.661000E-01  1.56093568E-028
  9.772000E-01  1.58670297E-028
  9.886000E-01  1.61041890E-028
  1.000000E+00  1.63589667E-028
  1.012000E+00  1.67142251E-028
  1.023000E+00  1.70423557E-028
  1.035000E+00  1.74003961E-028
  1.047000E+00  1.77635976E-028
  1.059000E+00  1.81279229E-028
  1.071000E+00  1.84921981E-028
  1.084000E+00  1.88939224E-028
  1.097000E+00  1.92950983E-028
  1.109000E+00  1.96673689E-028
  1.122000E+00  2.00741247E-028
  1.135000E+00  2.04851143E-028
  1.148000E+00  2.08954269E-028
  1.161000E+00  2.13098787E-028
  1.175000E+00  2.17564909E-028
  1.189000E+00  2.22058988E-028
  1.202000E+00  2.26184196E-028
  1.216000E+00  2.30645476E-028
  1.230000E+00  2.35059694E-028
  1.245000E+00  2.39753466E-028
  1.259000E+00  2.44057399E-028
  1.273000E+00  2.48275191E-028
  1.288000E+00  2.52763485E-028
  1.303000E+00  2.57137710E-028
  1.318000E+00  2.61464996E-028
  1.334000E+00  2.66040112E-028
  1.349000E+00  2.70192368E-028
  1.365000E+00  2.74592793E-028
  1.380000E+00  2.78623210E-028
  1.396000E+00  2.82876716E-028
  1.413000E+00  2.87334961E-028
  1.429000E+00  2.91451881E-028
  1.445000E+00  2.95473950E-028
  1.462000E+00  2.99683683E-028
  1.479000E+00  3.03830472E-028
  1.496000E+00  3.07934214E-028
  1.514000E+00  3.12210023E-028
  1.531000E+00  3.16247205E-028
  1.549000E+00  3.20427826E-028
  1.567000E+00  3.24520446E-028
  1.585000E+00  3.28603139E-028
  1.603000E+00  3.32704159E-028
  1.622000E+00  3.36957216E-028
  1.641000E+00  3.41184258E-028
  1.660000E+00  3.45423752E-028
  1.679000E+00  3.49651061E-028
  1.698000E+00  3.53871754E-028
  1.718000E+00  3.58325256E-028
  1.738000E+00  3.62814101E-028
  1.758000E+00  3.67291013E-028
  1.778000E+00  3.71847352E-028
  1.799000E+00  3.76639837E-028
  1.820000E+00  3.81485747E-028
  1.841000E+00  3.86386273E-028
  1.862000E+00  3.91334241E-028
  1.884000E+00  3.96597911E-028
  1.906000E+00  4.01889921E-028
  1.928000E+00  4.07298775E-028
  1.950000E+00  4.12768950E-028
  1.972000E+00  4.18282864E-028
  1.995000E+00  4.24116782E-028
  2.018000E+00  4.30007063E-028
  2.042000E+00  4.36239000E-028
  2.065000E+00  4.42242930E-028
  2.089000E+00  4.48522220E-028
  2.114000E+00  4.55079347E-028
  2.138000E+00  4.61325805E-028
  2.163000E+00  4.67855979E-028
  2.188000E+00  4.74228156E-028
  2.213000E+00  4.80650048E-028
  2.239000E+00  4.87155619E-028
  2.265000E+00  4.93630749E-028
  2.291000E+00  5.00055798E-028
  2.317000E+00  5.06397411E-028
  2.344000E+00  5.12831487E-028
  2.371000E+00  5.19643140E-028
  2.399000E+00  5.26530137E-028
  2.427000E+00  5.33288634E-028
  2.455000E+00  5.39869874E-028
  2.483000E+00  5.46315632E-028
  2.512000E+00  5.53352688E-028
  2.541000E+00  5.60182180E-028
  2.570000E+00  5.66842848E-028
  2.600000E+00  5.74114670E-028
  2.630000E+00  5.81169567E-028
  2.661000E+00  5.88817558E-028
  2.691000E+00  5.95522001E-028
  2.723000E+00  6.03525701E-028
  2.754000E+00  6.10590847E-028
  2.786000E+00  6.18178947E-028
  2.818000E+00  6.26078425E-028
  2.851000E+00  6.33944361E-028
  2.884000E+00  6.42152113E-028
  2.917000E+00  6.50093993E-028
  2.951000E+00  6.58508820E-028
  2.985000E+00  6.66696644E-028
  3.020000E+00  6.75282909E-028
  3.055000E+00  6.83143957E-028
  3.090000E+00  6.90240489E-028
  3.126000E+00  6.97320324E-028
  3.162000E+00  7.03221219E-028
  3.199000E+00  7.09116408E-028
  3.236000E+00  7.14445336E-028
  3.273000E+00  7.19317670E-028
  3.311000E+00  7.25718143E-028
  3.350000E+00  7.48321185E-028
  3.388000E+00  7.90624645E-028
  3.428000E+00  7.93115460E-028
  3.467000E+00  7.93914164E-028
  3.507000E+00  7.77603927E-028
  3.548000E+00  7.66896888E-028
  3.589000E+00  7.49111698E-028
  3.631000E+00  7.42662711E-028
  3.673000E+00  7.43550339E-028
  3.715000E+00  7.44937478E-028
  3.758000E+00  7.46069630E-028
  3.802000E+00  7.47562832E-028
  3.846000E+00  7.49303899E-028
  3.891000E+00  7.50598137E-028
  3.935000E+00  7.52129848E-028
  3.981000E+00  7.54049424E-028
  4.027000E+00  7.55844685E-028
  4.074000E+00  7.57604888E-028
  4.121000E+00  7.59652873E-028
  4.169000E+00  7.61607624E-028
  4.217000E+00  7.63847607E-028
  4.266000E+00  7.66411847E-028
  4.315000E+00  7.68829339E-028
  4.365000E+00  7.71619901E-028
  4.416000E+00  7.74260409E-028
  4.467000E+00  7.77202342E-028
  4.519000E+00  7.80396726E-028
  4.571000E+00  7.83478925E-028
  4.624000E+00  7.86858856E-028
  4.677000E+00  7.90009772E-028
  4.732000E+00  7.93508466E-028
  4.786000E+00  7.96775010E-028
  4.842000E+00  7.99993840E-028
  4.898000E+00  8.03403208E-028
  4.955000E+00  8.06646421E-028
  5.012000E+00  8.09721619E-028
  5.070000E+00  8.12671501E-028
  5.129000E+00  8.15556462E-028
  5.188000E+00  8.18230183E-028
  5.248000E+00  8.20777371E-028
  5.309000E+00  8.23266073E-028
  5.370000E+00  8.25534484E-028
  5.432000E+00  8.27753505E-028
  5.495000E+00  8.30218472E-028
  5.559000E+00  8.32266445E-028
  5.623000E+00  8.34107089E-028
  5.688000E+00  8.35959882E-028
  5.754000E+00  8.37648422E-028
  5.821000E+00  8.38940343E-028
  5.888000E+00  8.40514629E-028
  5.957000E+00  8.41999092E-028
  6.026000E+00  8.43428976E-028
  6.095000E+00  8.44408904E-028
  6.166000E+00  8.45765145E-028
  6.237000E+00  8.46681644E-028
  6.310000E+00  8.47576635E-028
  6.383000E+00  8.48503175E-028
  6.457000E+00  8.49405641E-028
  6.531000E+00  8.49954486E-028
  6.607000E+00  8.50625839E-028
  6.683000E+00  8.51084390E-028
  6.761000E+00  8.52610161E-028
  6.839000E+00  8.70490982E-028
  6.918000E+00  8.55878957E-028
  6.998000E+00  8.52706608E-028
  7.080000E+00  8.52676473E-028
  7.161000E+00  8.52950497E-028
  7.244000E+00  8.53069055E-028
  7.328000E+00  8.52788669E-028
  7.413000E+00  8.52788772E-028
  7.499000E+00  8.52828831E-028
  7.586000E+00  8.52371806E-028
  7.674000E+00  8.52218956E-028
  7.762000E+00  8.49476297E-028
  7.852000E+00  8.50448442E-028
  7.943000E+00  8.59298488E-028
  8.035000E+00  8.77359617E-028
  8.128000E+00  9.04435210E-028
  8.222000E+00  9.42838020E-028
  8.318000E+00  1.00475951E-027
  8.414000E+00  1.06189838E-027
  8.511000E+00  1.11560925E-027
  8.610000E+00  1.14591074E-027
  8.710000E+00  1.20345613E-027
  8.811000E+00  1.31714382E-027
  8.913000E+00  1.43268741E-027
  9.016000E+00  1.53926026E-027
  9.120000E+00  1.65443890E-027
  9.226000E+00  1.77475817E-027
  9.333000E+00  1.88430021E-027
  9.441000E+00  1.97087043E-027
  9.550000E+00  2.03258437E-027
  9.660000E+00  2.06993415E-027
  9.772000E+00  2.08411738E-027
  9.885000E+00  2.07497464E-027
  1.000000E+01  2.04358240E-027
  1.012000E+01  1.99028216E-027
  1.023000E+01  1.93088984E-027
  1.035000E+01  1.86431011E-027
  1.047000E+01  1.80119352E-027
  1.059000E+01  1.74129598E-027
  1.072000E+01  1.67939273E-027
  1.084000E+01  1.62394445E-027
  1.097000E+01  1.56359103E-027
  1.109000E+01  1.50632325E-027
  1.122000E+01  1.44029392E-027
  1.135000E+01  1.36979518E-027
  1.148000E+01  1.30819555E-027
  1.161000E+01  1.25420350E-027
  1.175000E+01  1.20098186E-027
  1.189000E+01  1.14897746E-027
  1.202000E+01  1.09983718E-027
  1.216000E+01  1.04855509E-027
  1.230000E+01  1.00317240E-027
  1.244000E+01  9.67735060E-028
  1.259000E+01  9.45307552E-028
  1.273000E+01  9.38392832E-028
  1.288000E+01  9.39129016E-028
  1.303000E+01  9.37538074E-028
  1.318000E+01  9.38340855E-028
  1.334000E+01  9.39814072E-028
  1.349000E+01  9.41390146E-028
  1.365000E+01  9.44540778E-028
  1.380000E+01  9.49092306E-028
  1.396000E+01  9.56149590E-028
  1.412000E+01  9.65716503E-028
  1.429000E+01  9.78794715E-028
  1.445000E+01  9.94354002E-028
  1.462000E+01  1.01472852E-027
  1.479000E+01  1.03961010E-027
  1.496000E+01  1.06916392E-027
  1.514000E+01  1.10502992E-027
  1.531000E+01  1.14303691E-027
  1.549000E+01  1.18736844E-027
  1.567000E+01  1.23519527E-027
  1.585000E+01  1.28592896E-027
  1.603000E+01  1.33941713E-027
  1.622000E+01  1.39788007E-027
  1.641000E+01  1.45788633E-027
  1.660000E+01  1.51849469E-027
  1.679000E+01  1.57904758E-027
  1.698000E+01  1.63851134E-027
  1.718000E+01  1.69953432E-027
  1.738000E+01  1.75886377E-027
  1.758000E+01  1.81663954E-027
  1.778000E+01  1.87254233E-027
  1.799000E+01  1.92945044E-027
  1.820000E+01  1.98444896E-027
  1.841000E+01  2.03699540E-027
  1.862000E+01  2.08736487E-027
  1.884000E+01  2.13726726E-027
  1.906000E+01  2.18420540E-027
  1.927000E+01  2.22832984E-027
  1.950000E+01  2.27455199E-027
  1.972000E+01  2.31912888E-027
  1.995000E+01  2.36677564E-027
  2.018000E+01  2.42441747E-027
  2.042000E+01  2.49021346E-027
  2.065000E+01  2.55981364E-027
  2.089000E+01  2.63961354E-027
  2.114000E+01  2.72955512E-027
  2.138000E+01  2.81986877E-027
  2.163000E+01  2.91878957E-027
  2.188000E+01  3.02138199E-027
  2.213000E+01  3.12492858E-027
  2.239000E+01  3.23236056E-027
  2.265000E+01  3.34309816E-027
  2.291000E+01  3.45440956E-027
  2.317000E+01  3.56609320E-027
  2.344000E+01  3.69125037E-027
  2.371000E+01  3.81992348E-027
  2.399000E+01  3.96184668E-027
  2.427000E+01  4.11096142E-027
  2.455000E+01  4.26911996E-027
  2.483000E+01  4.43294517E-027
  2.512000E+01  4.61058511E-027
  2.541000E+01  4.80000325E-027
  2.570000E+01  4.99786976E-027
  2.600000E+01  5.20929083E-027
  2.630000E+01  5.42976846E-027
  2.661000E+01  5.66741122E-027
  2.692000E+01  5.91895009E-027
  2.723000E+01  6.17402073E-027
  2.754000E+01  6.44322675E-027
  2.786000E+01  6.72916939E-027
  2.818000E+01  7.02586242E-027
  2.851000E+01  7.34309857E-027
  2.884000E+01  7.67197482E-027
  2.917000E+01  8.01475971E-027
  2.951000E+01  8.37425846E-027
  2.985000E+01  8.75217521E-027
  3.020000E+01  9.15427054E-027
  3.055000E+01  9.56555003E-027
  3.090000E+01  9.99007365E-027
  3.126000E+01  1.04402514E-026
  3.162000E+01  1.09071112E-026
  3.199000E+01  1.14015409E-026
  3.236000E+01  1.19020985E-026
  3.273000E+01  1.24255792E-026
  3.311000E+01  1.29875633E-026
  3.350000E+01  1.35648307E-026
  3.388000E+01  1.41419066E-026
  3.428000E+01  1.47758314E-026
  3.467000E+01  1.54102341E-026
  3.508000E+01  1.60864179E-026
  3.548000E+01  1.67703136E-026
  3.589000E+01  1.74919163E-026
  3.631000E+01  1.82491131E-026
  3.673000E+01  1.90101456E-026
  3.715000E+01  1.98061116E-026
  3.758000E+01  2.06351724E-026
  3.802000E+01  2.14906449E-026
  3.846000E+01  2.23794313E-026
  3.890000E+01  2.32870687E-026
  3.935000E+01  2.42339943E-026
  3.981000E+01  2.52210584E-026
  4.027000E+01  2.62462895E-026
  4.074000E+01  2.72796360E-026
  4.121000E+01  2.83672222E-026
  4.169000E+01  2.95011278E-026
  4.217000E+01  3.06358910E-026
  4.266000E+01  3.18152350E-026
  4.315000E+01  3.30353787E-026
  4.365000E+01  3.43026365E-026
  4.416000E+01  3.56173890E-026
  4.467000E+01  3.69799906E-026
  4.519000E+01  3.83409959E-026
  4.571000E+01  3.97741278E-026
  4.624000E+01  4.12604884E-026
  4.677000E+01  4.27698420E-026
  4.731000E+01  4.43316605E-026
  4.786000E+01  4.59466260E-026
  4.842000E+01  4.75821114E-026
  4.898000E+01  4.93432285E-026
  4.954000E+01  5.10604075E-026
  5.012000E+01  5.28748289E-026
  5.070000E+01  5.47524965E-026
  5.129000E+01  5.66850045E-026
  5.188000E+01  5.86491692E-026
  5.248000E+01  6.06678900E-026
  5.309000E+01  6.27533160E-026
  5.370000E+01  6.49020657E-026
  5.433000E+01  6.71550884E-026
  5.495000E+01  6.93959396E-026
  5.559000E+01  7.17425689E-026
  5.623000E+01  7.41165014E-026
  5.688000E+01  7.65978162E-026
  5.754000E+01  7.91074171E-026
  5.821000E+01  8.17275865E-026
  5.888000E+01  8.43822537E-026
  5.957000E+01  8.71418791E-026
  6.026000E+01  8.99849029E-026
  6.095000E+01  9.28025207E-026
  6.166000E+01  9.57868817E-026
  6.237000E+01  9.87269232E-026
  6.310000E+01  1.01847208E-025
  6.383000E+01  1.04984508E-025
  6.457000E+01  1.08265765E-025
  6.531000E+01  1.11486492E-025
  6.607000E+01  1.14893789E-025
  6.683000E+01  1.18233295E-025
  6.761000E+01  1.21758841E-025
  6.839000E+01  1.25288415E-025
  6.918000E+01  1.28875175E-025
  6.998000E+01  1.32501196E-025
  7.079000E+01  1.36178251E-025
  7.161000E+01  1.39997938E-025
  7.244000E+01  1.43749965E-025
  7.328000E+01  1.47639809E-025
  7.413000E+01  1.51549173E-025
  7.499000E+01  1.55385904E-025
  7.586000E+01  1.59352887E-025
  7.674000E+01  1.63341502E-025
  7.762000E+01  1.67388025E-025
  7.852000E+01  1.71359989E-025
  7.943000E+01  1.75357869E-025
  8.035000E+01  1.79448768E-025
  8.128000E+01  1.83386388E-025
  8.222000E+01  1.87458252E-025
  8.318000E+01  1.91400741E-025
  8.414000E+01  1.95397712E-025
  8.511000E+01  1.99333998E-025
  8.610000E+01  2.03268646E-025
  8.710000E+01  2.07161563E-025
  8.811000E+01  2.10962128E-025
  8.912000E+01  2.14694113E-025
  9.016000E+01  2.18547083E-025
  9.120000E+01  2.22109171E-025
  9.226000E+01  2.25624021E-025
  9.332000E+01  2.29163889E-025
  9.441000E+01  2.32525179E-025
  9.550000E+01  2.35869603E-025
  9.661000E+01  2.39133810E-025
  9.772000E+01  2.42105564E-025
  9.886000E+01  2.45131350E-025
  1.000000E+02  2.48005941E-025
  1.012000E+02  2.50846386E-025
  1.023000E+02  2.53298408E-025
  1.035000E+02  2.55808780E-025
  1.047000E+02  2.58103985E-025
  1.059000E+02  2.60277411E-025
  1.072000E+02  2.62387123E-025
  1.084000E+02  2.64164678E-025
  1.097000E+02  2.66050428E-025
  1.109000E+02  2.67496832E-025
  1.122000E+02  2.68833546E-025
  1.135000E+02  2.69996052E-025
  1.148000E+02  2.71171999E-025
  1.161000E+02  2.71974822E-025
  1.175000E+02  2.72808171E-025
  1.188000E+02  2.73304619E-025
  1.202000E+02  2.73745010E-025
  1.216000E+02  2.73827958E-025
  1.230000E+02  2.73970375E-025
  1.244000E+02  2.73863256E-025
  1.259000E+02  2.73466960E-025
  1.273000E+02  2.73062206E-025
  1.288000E+02  2.72439189E-025
  1.303000E+02  2.71674938E-025
  1.318000E+02  2.70609049E-025
  1.334000E+02  2.69447082E-025
  1.349000E+02  2.68245999E-025
  1.365000E+02  2.66795730E-025
  1.380000E+02  2.65311428E-025
  1.396000E+02  2.63582937E-025
  1.412000E+02  2.61759914E-025
  1.429000E+02  2.59672942E-025
  1.445000E+02  2.57616451E-025
  1.462000E+02  2.55299118E-025
  1.479000E+02  2.52911817E-025
  1.496000E+02  2.50398267E-025
  1.514000E+02  2.47683835E-025
  1.531000E+02  2.45008627E-025
  1.549000E+02  2.42144727E-025
  1.567000E+02  2.39179019E-025
  1.585000E+02  2.36185410E-025
  1.603000E+02  2.33272552E-025
  1.622000E+02  2.29958738E-025
  1.641000E+02  2.26638972E-025
  1.660000E+02  2.23322283E-025
  1.679000E+02  2.19889026E-025
  1.698000E+02  2.16676289E-025
  1.718000E+02  2.13044452E-025
  1.738000E+02  2.09439668E-025
  1.758000E+02  2.05866460E-025
  1.778000E+02  2.02410723E-025
  1.799000E+02  1.98628900E-025
  1.820000E+02  1.94899080E-025
  1.841000E+02  1.91284375E-025
  1.862000E+02  1.87557213E-025
  1.884000E+02  1.83721323E-025
  1.906000E+02  1.80003011E-025
  1.928000E+02  1.76272786E-025
  1.950000E+02  1.72548173E-025
  1.972000E+02  1.68965044E-025
  1.995000E+02  1.65191175E-025
  2.018000E+02  1.61457520E-025
  2.042000E+02  1.57708781E-025
  2.065000E+02  1.54104837E-025
  2.089000E+02  1.50501522E-025
  2.114000E+02  1.46701298E-025
  2.138000E+02  1.43246678E-025
  2.163000E+02  1.39612736E-025
  2.188000E+02  1.36037167E-025
  2.213000E+02  1.32664602E-025
  2.239000E+02  1.29131222E-025
  2.265000E+02  1.25751541E-025
  2.291000E+02  1.22403258E-025
  2.317000E+02  1.19204673E-025
  2.344000E+02  1.15872225E-025
  2.371000E+02  1.12691777E-025
  2.399000E+02  1.09440604E-025
  2.427000E+02  1.06340521E-025
  2.455000E+02  1.03284004E-025
  2.483000E+02  1.00333525E-025
  2.512000E+02  9.73308689E-026
  2.541000E+02  9.44713165E-026
  2.570000E+02  9.16643729E-026
  2.600000E+02  8.88646023E-026
  2.630000E+02  8.61226588E-026
  2.661000E+02  8.34313357E-026
  2.691000E+02  8.08864649E-026
  2.723000E+02  7.82660691E-026
  2.754000E+02  7.58422805E-026
  2.786000E+02  7.33665971E-026
  2.818000E+02  7.10513956E-026
  2.851000E+02  6.86920539E-026
  2.884000E+02  6.64238687E-026
  2.917000E+02  6.42172745E-026
  2.951000E+02  6.20941342E-026
  2.985000E+02  5.99739855E-026
  3.020000E+02  5.79342534E-026
  3.055000E+02  5.59659901E-026
  3.090000E+02  5.40317095E-026
  3.126000E+02  5.21759087E-026
  3.162000E+02  5.03270696E-026
  3.199000E+02  4.85567703E-026
  3.236000E+02  4.68200121E-026
  3.273000E+02  4.51793688E-026
  3.311000E+02  4.35798705E-026
  3.350000E+02  4.19722579E-026
  3.388000E+02  4.04736981E-026
  3.428000E+02  3.89515491E-026
  3.467000E+02  3.75721834E-026
  3.508000E+02  3.61584618E-026
  3.548000E+02  3.48299839E-026
  3.589000E+02  3.35270394E-026
  3.631000E+02  3.22440439E-026
  3.673000E+02  3.10352888E-026
  3.715000E+02  2.98935114E-026
  3.758000E+02  2.87356432E-026
  3.802000E+02  2.76371380E-026
  3.846000E+02  2.65514299E-026
  3.890000E+02  2.55444092E-026
  3.935000E+02  2.45583483E-026
  3.981000E+02  2.35924055E-026
  4.027000E+02  2.26700751E-026
  4.074000E+02  2.17678660E-026
  4.121000E+02  2.09200132E-026
  4.169000E+02  2.00796636E-026
  4.217000E+02  1.92755224E-026
  4.266000E+02  1.85163964E-026
  4.315000E+02  1.77798546E-026
  4.365000E+02  1.70504389E-026
  4.416000E+02  1.63633813E-026
  4.467000E+02  1.56964217E-026
  4.519000E+02  1.50584885E-026
  4.571000E+02  1.44501376E-026
  4.624000E+02  1.38495092E-026
  4.677000E+02  1.32857144E-026
  4.731000E+02  1.27467659E-026
  4.786000E+02  1.22068920E-026
  4.842000E+02  1.17000032E-026
  4.898000E+02  1.12095731E-026
  4.955000E+02  1.07418147E-026
  5.012000E+02  1.02962427E-026
  5.070000E+02  9.85793721E-027
  5.129000E+02  9.44035765E-027
  5.188000E+02  9.04973024E-027
  5.248000E+02  8.65913192E-027
  5.309000E+02  8.29376365E-027
  5.370000E+02  7.94612018E-027
  5.432000E+02  7.60485401E-027
  5.495000E+02  7.28026643E-027
  5.559000E+02  6.96219069E-027
  5.623000E+02  6.66454142E-027
  5.688000E+02  6.38234246E-027
  5.754000E+02  6.10093813E-027
  5.821000E+02  5.83854559E-027
  5.888000E+02  5.58473988E-027
  5.957000E+02  5.33744268E-027
  6.026000E+02  5.10629503E-027
  6.095000E+02  4.88680026E-027
  6.166000E+02  4.66917202E-027
  6.237000E+02  4.46577517E-027
  6.310000E+02  4.26749157E-027
  6.383000E+02  4.07990795E-027
  6.457000E+02  3.89912524E-027
  6.531000E+02  3.73061867E-027
  6.607000E+02  3.56101941E-027
  6.683000E+02  3.40554385E-027
  6.761000E+02  3.25199985E-027
  6.839000E+02  3.10868326E-027
  6.918000E+02  2.97103309E-027
  6.998000E+02  2.83697806E-027
  7.080000E+02  2.70880422E-027
  7.161000E+02  2.58871915E-027
  7.244000E+02  2.47280039E-027
  7.328000E+02  2.36108814E-027
  7.413000E+02  2.25616604E-027
  7.499000E+02  2.15212018E-027
  7.586000E+02  2.05584648E-027
  7.674000E+02  1.96365124E-027
  7.762000E+02  1.87509482E-027
  7.852000E+02  1.78881984E-027
  7.943000E+02  1.70797508E-027
  8.035000E+02  1.62950764E-027
  8.128000E+02  1.55647271E-027
  8.222000E+02  1.48582960E-027
  8.318000E+02  1.41691247E-027
  8.414000E+02  1.35278589E-027
  8.511000E+02  1.29147291E-027
  8.610000E+02  1.23143876E-027
  8.710000E+02  1.17516916E-027
  8.810000E+02  1.12193025E-027
  8.912000E+02  1.06995169E-027
  9.016000E+02  1.02057214E-027
  9.120000E+02  9.74077520E-028
  9.226000E+02  9.28554892E-028
  9.333000E+02  8.85925043E-028
  9.441000E+02  8.45226777E-028
  9.550000E+02  8.05974115E-028
  9.660000E+02  7.69043521E-028
  9.772000E+02  7.33582546E-028
  9.885000E+02  6.99370857E-028
  1.000000E+03  6.66944077E-028
  1.012000E+03  6.34982248E-028
  1.023000E+03  6.07044100E-028
  1.035000E+03  5.78619021E-028
  1.047000E+03  5.51771914E-028
  1.059000E+03  5.26164658E-028
  1.072000E+03  5.00327665E-028
  1.084000E+03  4.77836520E-028
  1.096000E+03  4.56331396E-028
  1.109000E+03  4.34615418E-028
  1.122000E+03  4.14178135E-028
  1.135000E+03  3.94670761E-028
  1.148000E+03  3.76501402E-028
  1.161000E+03  3.59327556E-028
  1.175000E+03  3.41685681E-028
  1.188000E+03  3.26430926E-028
  1.202000E+03  3.10943589E-028
  1.216000E+03  2.96169269E-028
  1.230000E+03  2.82418346E-028
  1.244000E+03  2.69426854E-028
  1.259000E+03  2.56161144E-028
  1.274000E+03  2.43833724E-028
  1.288000E+03  2.32994477E-028
  1.303000E+03  2.21869137E-028
  1.318000E+03  2.11543878E-028
  1.334000E+03  2.01186482E-028
  1.349000E+03  1.91877229E-028
  1.365000E+03  1.82666389E-028
  1.380000E+03  1.74529464E-028
  1.396000E+03  1.66217749E-028
  1.412000E+03  1.58485855E-028
  1.429000E+03  1.50757079E-028
  1.445000E+03  1.43802083E-028
  1.462000E+03  1.36943050E-028
  1.479000E+03  1.30477274E-028
  1.496000E+03  1.24310440E-028
  1.514000E+03  1.18242119E-028
  1.531000E+03  1.12837697E-028
  1.549000E+03  1.07379706E-028
  1.567000E+03  1.02305266E-028
  1.585000E+03  9.75322246E-029
  1.603000E+03  9.29507427E-029
  1.622000E+03  8.84797041E-029
  1.641000E+03  8.42563110E-029
  1.660000E+03  8.02312374E-029
  1.679000E+03  7.64979168E-029
  1.698000E+03  7.29730833E-029
  1.718000E+03  6.94264604E-029
  1.738000E+03  6.61299709E-029
  1.758000E+03  6.30305989E-029
  1.778000E+03  6.00654057E-029
  1.799000E+03  5.71796671E-029
  1.820000E+03  5.44606032E-029
  1.841000E+03  5.18628156E-029
  1.862000E+03  4.94529435E-029
  1.884000E+03  4.70723560E-029
  1.906000E+03  4.48005800E-029
  1.928000E+03  4.26944073E-029
  1.950000E+03  4.07072553E-029
  1.972000E+03  3.88052763E-029
  1.995000E+03  3.69623693E-029
  2.018000E+03  3.51736393E-029
  2.042000E+03  3.34348113E-029
  2.065000E+03  3.18646810E-029
  2.089000E+03  3.03049449E-029
  2.114000E+03  2.87922212E-029
  2.138000E+03  2.74291912E-029
  2.163000E+03  2.60738956E-029
  2.188000E+03  2.48149240E-029
  2.213000E+03  2.36286481E-029
  2.239000E+03  2.24517136E-029
  2.265000E+03  2.13623950E-029
  2.291000E+03  2.03357845E-029
  2.317000E+03  1.93562943E-029
  2.344000E+03  1.84107245E-029
  2.371000E+03  1.75204210E-029
  2.399000E+03  1.66431011E-029
  2.427000E+03  1.58287424E-029
  2.455000E+03  1.50621092E-029
  2.483000E+03  1.43303080E-029
  2.512000E+03  1.36263328E-029
  2.541000E+03  1.29637665E-029
  2.570000E+03  1.23334998E-029
  2.600000E+03  1.17280974E-029
  2.630000E+03  1.11581785E-029
  2.661000E+03  1.05970232E-029
  2.692000E+03  1.00761487E-029
  2.723000E+03  9.58760260E-030
  2.754000E+03  9.12140646E-030
  2.786000E+03  8.67423703E-030
  2.818000E+03  8.25338849E-030
  2.851000E+03  7.84490617E-030
  2.884000E+03  7.45571129E-030
  2.917000E+03  7.09551495E-030
  2.951000E+03  6.74617065E-030
  2.985000E+03  6.41310759E-030
  3.020000E+03  6.09488311E-030
  3.055000E+03  5.79553357E-030
  3.090000E+03  5.51376549E-030
  3.126000E+03  5.23855284E-030
  3.162000E+03  4.98302130E-030
  3.199000E+03  4.73594859E-030
  3.236000E+03  4.50050325E-030
  3.273000E+03  4.28187007E-030
  3.311000E+03  4.07052715E-030
  3.350000E+03  3.86720127E-030
  3.388000E+03  3.67863866E-030
  3.428000E+03  3.49360030E-030
  3.467000E+03  3.32451477E-030
  3.508000E+03  3.15583504E-030
  3.548000E+03  3.00249670E-030
  3.589000E+03  2.85514825E-030
  3.631000E+03  2.71261042E-030
  3.673000E+03  2.57738609E-030
  3.715000E+03  2.45181565E-030
  3.758000E+03  2.33084548E-030
  3.802000E+03  2.21445943E-030
  3.846000E+03  2.10405203E-030
  3.890000E+03  2.00113080E-030
  3.936000E+03  1.90036828E-030
  3.981000E+03  1.80767178E-030
  4.027000E+03  1.71736068E-030
  4.074000E+03  1.63174908E-030
  4.121000E+03  1.55123709E-030
  4.169000E+03  1.47425110E-030
  4.217000E+03  1.40089444E-030
  4.266000E+03  1.33110747E-030
  4.315000E+03  1.26575805E-030
  4.365000E+03  1.20302954E-030
  4.416000E+03  1.14211115E-030
  4.467000E+03  1.08584709E-030
  4.519000E+03  1.03164918E-030
  4.571000E+03  9.80916105E-031
  4.624000E+03  9.31439818E-031
  4.677000E+03  8.85724008E-031
  4.732000E+03  8.41131755E-031
  4.786000E+03  7.99946851E-031
  4.842000E+03  7.59467564E-031
  4.898000E+03  7.21736918E-031
  4.954000E+03  6.86415780E-031
  5.012000E+03  6.51854105E-031
  5.070000E+03  6.19511455E-031
  5.129000E+03  5.88208094E-031
  5.188000E+03  5.59149046E-031
  5.248000E+03  5.31358398E-031
  5.309000E+03  5.04926830E-031
  5.370000E+03  4.79628934E-031
  5.432000E+03  4.55886087E-031
  5.495000E+03  4.33202182E-031
  5.559000E+03  4.11433494E-031
  5.623000E+03  3.91072939E-031
  5.688000E+03  3.71379753E-031
  5.754000E+03  3.52922693E-031
  5.821000E+03  3.35220748E-031
  5.888000E+03  3.18579596E-031
  5.957000E+03  3.02354218E-031
  6.026000E+03  2.87305856E-031
  6.095000E+03  2.73152463E-031
  6.166000E+03  2.59459553E-031
  6.237000E+03  2.46588592E-031
  6.310000E+03  2.33995159E-031
  6.383000E+03  2.22314353E-031
  6.456000E+03  2.11390519E-031
  6.531000E+03  2.00778467E-031
  6.607000E+03  1.90729211E-031
  6.683000E+03  1.81160953E-031
  6.761000E+03  1.72052707E-031
  6.839000E+03  1.63492799E-031
  6.918000E+03  1.55341768E-031
  6.998000E+03  1.47582477E-031
  7.080000E+03  1.40016565E-031
  7.161000E+03  1.33123952E-031
  7.244000E+03  1.26443594E-031
  7.328000E+03  1.20126813E-031
  7.413000E+03  1.14119272E-031
  7.499000E+03  1.08334244E-031
  7.586000E+03  1.02906935E-031
  7.674000E+03  9.77478298E-032
  7.762000E+03  9.28981310E-032
  7.852000E+03  8.82353283E-032
  7.943000E+03  8.38318889E-032
  8.035000E+03  7.95687434E-032
  8.128000E+03  7.55967129E-032
  8.222000E+03  7.18229584E-032
  8.318000E+03  6.82010418E-032
  8.414000E+03  6.47980143E-032
  8.511000E+03  6.15249988E-032
  8.610000E+03  5.84268434E-032
  8.710000E+03  5.54869185E-032
  8.810000E+03  5.27406533E-032
  8.912000E+03  5.00907658E-032
  9.016000E+03  4.75684105E-032
  9.120000E+03  4.51683541E-032
  9.226000E+03  4.28851153E-032
  9.332000E+03  4.07531713E-032
  9.441000E+03  3.86933135E-032
  9.550000E+03  3.67577073E-032
  9.660000E+03  3.49338994E-032
  9.772000E+03  3.31546948E-032
  9.886000E+03  3.14757600E-032
  1.000000E+04  2.99086047E-032
  1.012000E+04  2.83505316E-032
  1.023000E+04  2.70153020E-032
  1.035000E+04  2.56451541E-032
  1.047000E+04  2.43418059E-032
  1.059000E+04  2.31248990E-032
  1.072000E+04  2.19025582E-032
  1.084000E+04  2.08386117E-032
  1.096000E+04  1.98356392E-032
  1.109000E+04  1.88141845E-032
  1.122000E+04  1.78503666E-032
  1.135000E+04  1.69503347E-032
  1.148000E+04  1.61105189E-032
  1.161000E+04  1.53146480E-032
  1.175000E+04  1.45159587E-032
  1.188000E+04  1.38190129E-032
  1.202000E+04  1.31044156E-032
  1.216000E+04  1.24421562E-032
  1.230000E+04  1.18198852E-032
  1.244000E+04  1.12348051E-032
  1.259000E+04  1.06505812E-032
  1.274000E+04  1.00987139E-032
  1.288000E+04  9.60853520E-033
  1.303000E+04  9.12408696E-033
  1.318000E+04  8.66930519E-033
  1.334000E+04  8.21107959E-033
  1.349000E+04  7.80995991E-033
  1.365000E+04  7.40829195E-033
  1.380000E+04  7.05441789E-033
  1.396000E+04  6.69460064E-033
  1.412000E+04  6.36090303E-033
  1.429000E+04  6.02810018E-033
  1.445000E+04  5.73603264E-033
  1.462000E+04  5.44235191E-033
  1.479000E+04  5.16640152E-033
  1.496000E+04  4.90624272E-033
  1.514000E+04  4.65053909E-033
  1.531000E+04  4.42214670E-033
  1.549000E+04  4.19668254E-033
  1.567000E+04  3.98501097E-033
  1.585000E+04  3.78615409E-033
  1.603000E+04  3.59912007E-033
  1.622000E+04  3.41142716E-033
  1.641000E+04  3.23749930E-033
  1.660000E+04  3.07437828E-033
  1.679000E+04  2.92213642E-033
  1.698000E+04  2.77777383E-033
  1.718000E+04  2.63507293E-033
  1.738000E+04  2.50208425E-033
  1.758000E+04  2.37583718E-033
  1.778000E+04  2.25754737E-033
  1.799000E+04  2.14185463E-033
  1.820000E+04  2.03329068E-033
  1.841000E+04  1.93134178E-033
  1.862000E+04  1.83553573E-033
  1.884000E+04  1.74001830E-033
  1.906000E+04  1.65154022E-033
  1.928000E+04  1.56856348E-033
  1.950000E+04  1.49045291E-033
  1.972000E+04  1.41703024E-033
  1.995000E+04  1.34550834E-033
  2.018000E+04  1.27689415E-033
  2.042000E+04  1.21114888E-033
  2.065000E+04  1.15139844E-033
  2.089000E+04  1.09332959E-033
  2.114000E+04  1.03661691E-033
  2.138000E+04  9.85449730E-034
  2.163000E+04  9.34742466E-034
  2.188000E+04  8.87313133E-034
  2.213000E+04  8.43164485E-034
  2.239000E+04  8.00444362E-034
  2.265000E+04  7.59966946E-034
  2.291000E+04  7.21426176E-034
  2.317000E+04  6.85663161E-034
  2.344000E+04  6.51134051E-034
  2.371000E+04  6.18346538E-034
  2.399000E+04  5.86434182E-034
  2.427000E+04  5.56426638E-034
  2.455000E+04  5.28602651E-034
  2.483000E+04  5.02160118E-034
  2.512000E+04  4.76715061E-034
  2.541000E+04  4.52807458E-034
  2.570000E+04  4.30060726E-034
  2.600000E+04  4.08237245E-034
  2.630000E+04  3.87738618E-034
  2.661000E+04  3.67605247E-034
  2.692000E+04  3.48948717E-034
  2.723000E+04  3.31424520E-034
  2.754000E+04  3.14935502E-034
  2.786000E+04  2.98956084E-034
  2.818000E+04  2.84113662E-034
  2.851000E+04  2.69400561E-034
  2.884000E+04  2.55913559E-034
  2.917000E+04  2.43076336E-034
  2.951000E+04  2.30658032E-034
  2.985000E+04  2.19270220E-034
  3.020000E+04  2.06004534E-034
  3.055000E+04  1.83653857E-034
  3.090000E+04  1.53727403E-034
  3.126000E+04  1.23937670E-034
  3.162000E+04  9.93322664E-035
  3.199000E+04  8.01081236E-035
  3.236000E+04  6.57609071E-035
  3.273000E+04  5.49377236E-035
  3.311000E+04  4.64981416E-035
  3.350000E+04  3.98092864E-035
  3.388000E+04  3.46375204E-035
  3.428000E+04  3.02834750E-035
  3.467000E+04  2.68034220E-035
  3.508000E+04  2.38017723E-035
  3.548000E+04  2.13343324E-035
  3.589000E+04  1.92099420E-035
  3.631000E+04  1.73355147E-035
  3.673000E+04  1.57247397E-035
  3.715000E+04  1.43382129E-035
  3.758000E+04  1.30843499E-035
  3.802000E+04  1.19596009E-035
  3.846000E+04  1.09784286E-035
  3.890000E+04  1.01014986E-035
  3.936000E+04  9.28667870E-036
  3.981000E+04  8.57132846E-036
