# DH21 astrodust SED for Mathis ISRF, U = 1.585
# Enthalpy stage: S2
# columns: lambda[um]    lambda*I_lambda / N_H [erg s^-1 cm^-2 sr^-1 H^-1]
  9.120000E-02  3.04285185E-062
  9.226000E-02  8.09637911E-062
  9.332000E-02  3.51243701E-061
  9.441000E-02  9.24548952E-061
  9.550000E-02  2.37851482E-060
  9.661000E-02  6.46046400E-060
  9.772000E-02  1.61990105E-059
  9.886000E-02  4.10526727E-059
  1.000000E-01  1.01018013E-058
  1.012000E-01  2.54700499E-058
  1.023000E-01  5.83287311E-058
  1.035000E-01  1.40876365E-057
  1.047000E-01  3.32961488E-057
  1.059000E-01  7.70848966E-057
  1.072000E-01  1.87032537E-056
  1.084000E-01  4.15372588E-056
  1.097000E-01  9.64932236E-056
  1.109000E-01  2.06142149E-055
  1.122000E-01  4.60025016E-055
  1.135000E-01  1.00722854E-054
  1.148000E-01  2.16543869E-054
  1.161000E-01  4.56450638E-054
  1.175000E-01  9.97022974E-054
  1.189000E-01  2.13347526E-053
  1.202000E-01  4.24896989E-053
  1.216000E-01  8.75907862E-053
  1.230000E-01  1.77325531E-052
  1.244000E-01  3.52999021E-052
  1.259000E-01  7.25080329E-052
  1.274000E-01  1.46131108E-051
  1.288000E-01  2.76445369E-051
  1.303000E-01  5.38091578E-051
  1.318000E-01  1.03097707E-050
  1.333000E-01  1.94213909E-050
  1.349000E-01  3.74455389E-050
  1.365000E-01  7.08703602E-050
  1.380000E-01  1.26609603E-049
  1.396000E-01  2.29637710E-049
  1.412000E-01  4.09389755E-049
  1.429000E-01  7.42697722E-049
  1.445000E-01  1.27801602E-048
  1.462000E-01  2.23226247E-048
  1.479000E-01  3.82873666E-048
  1.496000E-01  6.46576396E-048
  1.514000E-01  1.10670160E-047
  1.531000E-01  1.80765773E-047
  1.549000E-01  2.98410600E-047
  1.567000E-01  4.87078367E-047
  1.585000E-01  7.84471986E-047
  1.603000E-01  1.24635852E-046
  1.622000E-01  2.00390381E-046
  1.641000E-01  3.17526906E-046
  1.660000E-01  5.00145713E-046
  1.679000E-01  7.88497636E-046
  1.698000E-01  1.23186058E-045
  1.718000E-01  1.95269249E-045
  1.738000E-01  3.07144997E-045
  1.758000E-01  4.80181714E-045
  1.778000E-01  7.40443711E-045
  1.799000E-01  1.13875221E-044
  1.820000E-01  1.73377273E-044
  1.841000E-01  2.61634833E-044
  1.862000E-01  3.91678161E-044
  1.884000E-01  5.93645103E-044
  1.905000E-01  8.78067408E-044
  1.928000E-01  1.37714385E-043
  1.950000E-01  2.11378159E-043
  1.972000E-01  3.23037139E-043
  1.995000E-01  5.01194742E-043
  2.018000E-01  7.74481284E-043
  2.042000E-01  1.21437223E-042
  2.065000E-01  1.86122138E-042
  2.089000E-01  2.83153907E-042
  2.113000E-01  4.26269260E-042
  2.138000E-01  6.46488820E-042
  2.163000E-01  9.71138335E-042
  2.188000E-01  1.44544549E-041
  2.213000E-01  2.13233329E-041
  2.239000E-01  3.16631439E-041
  2.265000E-01  4.65960616E-041
  2.291000E-01  6.79953312E-041
  2.317000E-01  9.84101824E-041
  2.344000E-01  1.43204359E-040
  2.371000E-01  2.06605396E-040
  2.399000E-01  2.99323535E-040
  2.427000E-01  4.29817577E-040
  2.455000E-01  6.12155418E-040
  2.483000E-01  8.64745762E-040
  2.512000E-01  1.22714466E-039
  2.541000E-01  1.72702889E-039
  2.570000E-01  2.41097209E-039
  2.600000E-01  3.37708334E-039
  2.630000E-01  4.69197029E-039
  2.661000E-01  6.53744723E-039
  2.691000E-01  8.94178712E-039
  2.723000E-01  1.23909916E-038
  2.754000E-01  1.68663112E-038
  2.786000E-01  2.30107342E-038
  2.818000E-01  3.11655741E-038
  2.851000E-01  4.22835798E-038
  2.884000E-01  5.69507618E-038
  2.917000E-01  7.61681296E-038
  2.951000E-01  1.02018631E-037
  2.985000E-01  1.35718989E-037
  3.020000E-01  1.80755732E-037
  3.055000E-01  2.39089508E-037
  3.090000E-01  3.14136111E-037
  3.126000E-01  4.13132698E-037
  3.162000E-01  5.39750208E-037
  3.199000E-01  7.05895681E-037
  3.236000E-01  9.17112752E-037
  3.273000E-01  1.18387568E-036
  3.311000E-01  1.52951616E-036
  3.350000E-01  1.97670688E-036
  3.388000E-01  2.52258194E-036
  3.428000E-01  3.24091376E-036
  3.467000E-01  4.11326556E-036
  3.507000E-01  5.22214398E-036
  3.548000E-01  6.63007027E-036
  3.589000E-01  8.36880904E-036
  3.631000E-01  1.05636466E-035
  3.673000E-01  1.32563989E-035
  3.715000E-01  1.65485114E-035
  3.758000E-01  2.06519185E-035
  3.802000E-01  2.57690016E-035
  3.846000E-01  3.19749442E-035
  3.891000E-01  3.96618465E-035
  3.936000E-01  4.89454322E-035
  3.981000E-01  6.00858275E-035
  4.027000E-01  7.37337339E-035
  4.074000E-01  9.04208242E-035
  4.121000E-01  1.10329012E-034
  4.169000E-01  1.34544085E-034
  4.217000E-01  1.63289361E-034
  4.266000E-01  1.98032945E-034
  4.315000E-01  2.39057075E-034
  4.365000E-01  2.88283256E-034
  4.416000E-01  3.47421309E-034
  4.467000E-01  4.16773289E-034
  4.519000E-01  4.99454339E-034
  4.571000E-01  5.95985340E-034
  4.624000E-01  7.10373199E-034
  4.677000E-01  8.43280827E-034
  4.732000E-01  1.00303350E-033
  4.786000E-01  1.18438575E-033
  4.842000E-01  1.40144069E-033
  4.898000E-01  1.65131208E-033
  4.954000E-01  1.93804887E-033
  5.012000E-01  2.27825838E-033
  5.070000E-01  2.66807213E-033
  5.129000E-01  3.12053840E-033
  5.188000E-01  3.63558227E-033
  5.248000E-01  4.23030988E-033
  5.309000E-01  4.91659758E-033
  5.370000E-01  5.69291149E-033
  5.433000E-01  6.59952419E-033
  5.495000E-01  7.60552499E-033
  5.559000E-01  8.77307522E-033
  5.623000E-01  1.00852612E-032
  5.688000E-01  1.15789017E-032
  5.754000E-01  1.32762899E-032
  5.821000E-01  1.52019953E-032
  5.888000E-01  1.73492242E-032
  5.957000E-01  1.98114143E-032
  6.026000E-01  2.25471904E-032
  6.095000E-01  2.55814311E-032
  6.166000E-01  2.90353882E-032
  6.237000E-01  3.28472001E-032
  6.310000E-01  3.71805678E-032
  6.383000E-01  4.19468287E-032
  6.457000E-01  4.72588271E-032
  6.531000E-01  5.30867995E-032
  6.607000E-01  5.96552221E-032
  6.683000E-01  6.68476409E-032
  6.761000E-01  7.49086356E-032
  6.839000E-01  8.37100060E-032
  6.918000E-01  9.34108245E-032
  6.998000E-01  1.04100412E-031
  7.079000E-01  1.15844882E-031
  7.161000E-01  1.28736219E-031
  7.244000E-01  1.42899389E-031
  7.328000E-01  1.58361901E-031
  7.413000E-01  1.75254427E-031
  7.499000E-01  1.93680402E-031
  7.586000E-01  2.13763666E-031
  7.674000E-01  2.35586729E-031
  7.763000E-01  2.59301156E-031
  7.852000E-01  2.84742071E-031
  7.943000E-01  3.12555318E-031
  8.035000E-01  3.42653535E-031
  8.128000E-01  3.75105704E-031
  8.222000E-01  4.10049925E-031
  8.318000E-01  4.48060367E-031
  8.414000E-01  4.88524867E-031
  8.511000E-01  5.31904652E-031
  8.610000E-01  5.78912072E-031
  8.710000E-01  6.29191327E-031
  8.810000E-01  6.82544980E-031
  8.913000E-01  7.40521098E-031
  9.016000E-01  8.01868790E-031
  9.120000E-01  8.67332691E-031
  9.226000E-01  9.37470655E-031
  9.333000E-01  1.01222140E-030
  9.441000E-01  1.09127542E-030
  9.550000E-01  1.17529748E-030
  9.661000E-01  1.26482618E-030
  9.772000E-01  1.35812731E-030
  9.886000E-01  1.45614723E-030
  1.000000E+00  1.56040446E-030
  1.012000E+00  1.68411785E-030
  1.023000E+00  1.80338243E-030
  1.035000E+00  1.93974790E-030
  1.047000E+00  2.08335484E-030
  1.059000E+00  2.23390871E-030
  1.071000E+00  2.39138636E-030
  1.084000E+00  2.57089118E-030
  1.097000E+00  2.75879142E-030
  1.109000E+00  2.94014650E-030
  1.122000E+00  3.14554145E-030
  1.135000E+00  3.36050269E-030
  1.148000E+00  3.58438061E-030
  1.161000E+00  3.81811406E-030
  1.175000E+00  4.08024008E-030
  1.189000E+00  4.35375815E-030
  1.202000E+00  4.61659099E-030
  1.216000E+00  4.91061396E-030
  1.230000E+00  5.21465586E-030
  1.245000E+00  5.55183648E-030
  1.259000E+00  5.87610762E-030
  1.273000E+00  6.20914735E-030
  1.288000E+00  6.57714580E-030
  1.303000E+00  6.95440187E-030
  1.318000E+00  7.34245426E-030
  1.334000E+00  7.76843226E-030
  1.349000E+00  8.17596000E-030
  1.365000E+00  8.62254582E-030
  1.380000E+00  9.05003143E-030
  1.396000E+00  9.51689274E-030
  1.413000E+00  1.00246573E-029
  1.429000E+00  1.05125290E-029
  1.445000E+00  1.10090381E-029
  1.462000E+00  1.15471186E-029
  1.479000E+00  1.20958068E-029
  1.496000E+00  1.26555617E-029
  1.514000E+00  1.32590281E-029
  1.531000E+00  1.38415755E-029
  1.549000E+00  1.44673889E-029
  1.567000E+00  1.51023052E-029
  1.585000E+00  1.57495319E-029
  1.603000E+00  1.64102452E-029
  1.622000E+00  1.71173287E-029
  1.641000E+00  1.78365038E-029
  1.660000E+00  1.85695102E-029
  1.679000E+00  1.93148312E-029
  1.698000E+00  2.00725167E-029
  1.718000E+00  2.08842101E-029
  1.738000E+00  2.17116651E-029
  1.758000E+00  2.25518957E-029
  1.778000E+00  2.34103520E-029
  1.799000E+00  2.43265023E-029
  1.820000E+00  2.52605211E-029
  1.841000E+00  2.62124680E-029
  1.862000E+00  2.71818349E-029
  1.884000E+00  2.82180725E-029
  1.906000E+00  2.92716999E-029
  1.928000E+00  3.03491353E-029
  1.950000E+00  3.14464321E-029
  1.972000E+00  3.25622208E-029
  1.995000E+00  3.37501979E-029
  2.018000E+00  3.49589711E-029
  2.042000E+00  3.62445257E-029
  2.065000E+00  3.74955417E-029
  2.089000E+00  3.88189896E-029
  2.114000E+00  4.02169189E-029
  2.138000E+00  4.15714323E-029
  2.163000E+00  4.30015342E-029
  2.188000E+00  4.44338734E-029
  2.213000E+00  4.58870420E-029
  2.239000E+00  4.73983368E-029
  2.265000E+00  4.89227671E-029
  2.291000E+00  5.04577858E-029
  2.317000E+00  5.19993244E-029
  2.344000E+00  5.35995782E-029
  2.371000E+00  5.52545925E-029
  2.399000E+00  5.69682196E-029
  2.427000E+00  5.86833867E-029
  2.455000E+00  6.03935302E-029
  2.483000E+00  6.21020510E-029
  2.512000E+00  6.39269372E-029
  2.541000E+00  6.57422738E-029
  2.570000E+00  6.75511638E-029
  2.600000E+00  6.94819596E-029
  2.630000E+00  7.14007223E-029
  2.661000E+00  7.34422026E-029
  2.691000E+00  7.53442241E-029
  2.723000E+00  7.74951280E-029
  2.754000E+00  7.95043011E-029
  2.786000E+00  8.16298837E-029
  2.818000E+00  8.38107039E-029
  2.851000E+00  8.60366033E-029
  2.884000E+00  8.83233135E-029
  2.917000E+00  9.05876356E-029
  2.951000E+00  9.29673106E-029
  2.985000E+00  9.53291640E-029
  3.020000E+00  9.77973453E-029
  3.055000E+00  1.00173629E-028
  3.090000E+00  1.02447925E-028
  3.126000E+00  1.04763086E-028
  3.162000E+00  1.06906963E-028
  3.199000E+00  1.09088015E-028
  3.236000E+00  1.11183974E-028
  3.273000E+00  1.13208992E-028
  3.311000E+00  1.15510268E-028
  3.350000E+00  1.20457411E-028
  3.388000E+00  1.28636194E-028
  3.428000E+00  1.30466248E-028
  3.467000E+00  1.31967894E-028
  3.507000E+00  1.30613275E-028
  3.548000E+00  1.30165881E-028
  3.589000E+00  1.28447334E-028
  3.631000E+00  1.28642262E-028
  3.673000E+00  1.30078796E-028
  3.715000E+00  1.31587583E-028
  3.758000E+00  1.33066492E-028
  3.802000E+00  1.34624319E-028
  3.846000E+00  1.36212801E-028
  3.891000E+00  1.37734480E-028
  3.935000E+00  1.39257040E-028
  3.981000E+00  1.40894172E-028
  4.027000E+00  1.42494896E-028
  4.074000E+00  1.44102882E-028
  4.121000E+00  1.45752614E-028
  4.169000E+00  1.47398443E-028
  4.217000E+00  1.49087182E-028
  4.266000E+00  1.50853927E-028
  4.315000E+00  1.52580866E-028
  4.365000E+00  1.54396668E-028
  4.416000E+00  1.56197087E-028
  4.467000E+00  1.58048191E-028
  4.519000E+00  1.59965934E-028
  4.571000E+00  1.61851794E-028
  4.624000E+00  1.63814539E-028
  4.677000E+00  1.65721208E-028
  4.732000E+00  1.67739277E-028
  4.786000E+00  1.69676945E-028
  4.842000E+00  1.71641762E-028
  4.898000E+00  1.73638983E-028
  4.955000E+00  1.75614372E-028
  5.012000E+00  1.77544387E-028
  5.070000E+00  1.79459730E-028
  5.129000E+00  1.81372864E-028
  5.188000E+00  1.83229136E-028
  5.248000E+00  1.85068023E-028
  5.309000E+00  1.86904039E-028
  5.370000E+00  1.88679097E-028
  5.432000E+00  1.90452178E-028
  5.495000E+00  1.92291128E-028
  5.559000E+00  1.94042223E-028
  5.623000E+00  1.95732914E-028
  5.688000E+00  1.97433804E-028
  5.754000E+00  1.99102778E-028
  5.821000E+00  2.00683253E-028
  5.888000E+00  2.02317919E-028
  5.957000E+00  2.03955222E-028
  6.026000E+00  2.05566062E-028
  6.095000E+00  2.07053592E-028
  6.166000E+00  2.08655700E-028
  6.237000E+00  2.10135445E-028
  6.310000E+00  2.11630430E-028
  6.383000E+00  2.13118915E-028
  6.457000E+00  2.14604132E-028
  6.531000E+00  2.15985441E-028
  6.607000E+00  2.17416473E-028
  6.683000E+00  2.18777976E-028
  6.761000E+00  2.20432632E-028
  6.839000E+00  2.26327590E-028
  6.918000E+00  2.23778482E-028
  6.998000E+00  2.24193700E-028
  7.080000E+00  2.25444938E-028
  7.161000E+00  2.26745144E-028
  7.244000E+00  2.28018591E-028
  7.328000E+00  2.29183970E-028
  7.413000E+00  2.30422436E-028
  7.499000E+00  2.31669955E-028
  7.586000E+00  2.32780163E-028
  7.674000E+00  2.33970035E-028
  7.762000E+00  2.34428673E-028
  7.852000E+00  2.35921655E-028
  7.943000E+00  2.39610937E-028
  8.035000E+00  2.45904231E-028
  8.128000E+00  2.54785866E-028
  8.222000E+00  2.66947581E-028
  8.318000E+00  2.85921741E-028
  8.414000E+00  3.03685603E-028
  8.511000E+00  3.20619621E-028
  8.610000E+00  3.30955062E-028
  8.710000E+00  3.49276614E-028
  8.811000E+00  3.84124758E-028
  8.913000E+00  4.19827445E-028
  9.016000E+00  4.53201491E-028
  9.120000E+00  4.89403748E-028
  9.226000E+00  5.27463941E-028
  9.333000E+00  5.62619904E-028
  9.441000E+00  5.91167685E-028
  9.550000E+00  6.12444983E-028
  9.660000E+00  6.26489300E-028
  9.772000E+00  6.33590426E-028
  9.885000E+00  6.33584964E-028
  1.000000E+01  6.26720554E-028
  1.012000E+01  6.13082766E-028
  1.023000E+01  5.97151317E-028
  1.035000E+01  5.78991976E-028
  1.047000E+01  5.61683397E-028
  1.059000E+01  5.45173814E-028
  1.072000E+01  5.27993795E-028
  1.084000E+01  5.12470215E-028
  1.097000E+01  4.95364785E-028
  1.109000E+01  4.78887190E-028
  1.122000E+01  4.59563692E-028
  1.135000E+01  4.38605373E-028
  1.148000E+01  4.20286168E-028
  1.161000E+01  4.04229511E-028
  1.175000E+01  3.88351193E-028
  1.189000E+01  3.72685168E-028
  1.202000E+01  3.57710331E-028
  1.216000E+01  3.41968804E-028
  1.230000E+01  3.27996951E-028
  1.244000E+01  3.17146355E-028
  1.259000E+01  3.10504543E-028
  1.273000E+01  3.08816118E-028
  1.288000E+01  3.09606236E-028
  1.303000E+01  3.09557190E-028
  1.318000E+01  3.10206542E-028
  1.334000E+01  3.11005380E-028
  1.349000E+01  3.11736295E-028
  1.365000E+01  3.12889682E-028
  1.380000E+01  3.14396118E-028
  1.396000E+01  3.16631688E-028
  1.412000E+01  3.19563898E-028
  1.429000E+01  3.23500452E-028
  1.445000E+01  3.28131220E-028
  1.462000E+01  3.34139200E-028
  1.479000E+01  3.41436172E-028
  1.496000E+01  3.50045212E-028
  1.514000E+01  3.60376097E-028
  1.531000E+01  3.71195459E-028
  1.549000E+01  3.83633525E-028
  1.567000E+01  3.96795908E-028
  1.585000E+01  4.10460376E-028
  1.603000E+01  4.24525227E-028
  1.622000E+01  4.39427023E-028
  1.641000E+01  4.54194382E-028
  1.660000E+01  4.68476447E-028
  1.679000E+01  4.82041921E-028
  1.698000E+01  4.94549494E-028
  1.718000E+01  5.06431123E-028
  1.738000E+01  5.16983125E-028
  1.758000E+01  5.26242002E-028
  1.778000E+01  5.34117931E-028
  1.799000E+01  5.41005336E-028
  1.820000E+01  5.46474417E-028
  1.841000E+01  5.50412566E-028
  1.862000E+01  5.52968076E-028
  1.884000E+01  5.54087935E-028
  1.906000E+01  5.53640360E-028
  1.927000E+01  5.52420126E-028
  1.950000E+01  5.49908060E-028
  1.972000E+01  5.46965175E-028
  1.995000E+01  5.43601335E-028
  2.018000E+01  5.41962831E-028
  2.042000E+01  5.40816718E-028
  2.065000E+01  5.40545177E-028
  2.089000E+01  5.41119077E-028
  2.114000E+01  5.42339290E-028
  2.138000E+01  5.43699261E-028
  2.163000E+01  5.45335607E-028
  2.188000E+01  5.47007335E-028
  2.213000E+01  5.48376079E-028
  2.239000E+01  5.49202179E-028
  2.265000E+01  5.50151148E-028
  2.291000E+01  5.50932955E-028
  2.317000E+01  5.51473159E-028
  2.344000E+01  5.53203185E-028
  2.371000E+01  5.55355868E-028
  2.399000E+01  5.58608806E-028
  2.427000E+01  5.62714369E-028
  2.455000E+01  5.68031316E-028
  2.483000E+01  5.74010769E-028
  2.512000E+01  5.81169617E-028
  2.541000E+01  5.89895158E-028
  2.570000E+01  5.99672073E-028
  2.600000E+01  6.10634318E-028
  2.630000E+01  6.22868648E-028
  2.661000E+01  6.36824294E-028
  2.692000E+01  6.52526492E-028
  2.723000E+01  6.68983718E-028
  2.754000E+01  6.87321786E-028
  2.786000E+01  7.07466717E-028
  2.818000E+01  7.29296857E-028
  2.851000E+01  7.53537050E-028
  2.884000E+01  7.79547793E-028
  2.917000E+01  8.07735154E-028
  2.951000E+01  8.38206454E-028
  2.985000E+01  8.71325067E-028
  3.020000E+01  9.07745731E-028
  3.055000E+01  9.46153732E-028
  3.090000E+01  9.86987210E-028
  3.126000E+01  1.03163041E-027
  3.162000E+01  1.07927187E-027
  3.199000E+01  1.13121368E-027
  3.236000E+01  1.18535265E-027
  3.273000E+01  1.24353010E-027
  3.311000E+01  1.30759096E-027
  3.350000E+01  1.37550490E-027
  3.388000E+01  1.44530351E-027
  3.428000E+01  1.52393407E-027
  3.467000E+01  1.60475095E-027
  3.508000E+01  1.69350612E-027
  3.548000E+01  1.78559179E-027
  3.589000E+01  1.88528765E-027
  3.631000E+01  1.99284260E-027
  3.673000E+01  2.10450084E-027
  3.715000E+01  2.22387136E-027
  3.758000E+01  2.35186763E-027
  3.802000E+01  2.48824168E-027
  3.846000E+01  2.63336180E-027
  3.890000E+01  2.78579905E-027
  3.935000E+01  2.94948945E-027
  3.981000E+01  3.12520831E-027
  4.027000E+01  3.31212287E-027
  4.074000E+01  3.50821586E-027
  4.121000E+01  3.71867854E-027
  4.169000E+01  3.94465406E-027
  4.217000E+01  4.17911094E-027
  4.266000E+01  4.43036949E-027
  4.315000E+01  4.69684518E-027
  4.365000E+01  4.98219744E-027
  4.416000E+01  5.28769554E-027
  4.467000E+01  5.61220366E-027
  4.519000E+01  5.95132022E-027
  4.571000E+01  6.31488586E-027
  4.624000E+01  6.70388046E-027
  4.677000E+01  7.11160192E-027
  4.731000E+01  7.54697384E-027
  4.786000E+01  8.01170431E-027
  4.842000E+01  8.50161835E-027
  4.898000E+01  9.03321303E-027
  4.954000E+01  9.57675997E-027
  5.012000E+01  1.01678579E-026
  5.070000E+01  1.07937450E-026
  5.129000E+01  1.14587834E-026
  5.188000E+01  1.21549109E-026
  5.248000E+01  1.28931403E-026
  5.309000E+01  1.36780230E-026
  5.370000E+01  1.45049269E-026
  5.433000E+01  1.53968860E-026
  5.495000E+01  1.63106959E-026
  5.559000E+01  1.72940284E-026
  5.623000E+01  1.83170532E-026
  5.688000E+01  1.94077889E-026
  5.754000E+01  2.05485468E-026
  5.821000E+01  2.17624542E-026
  5.888000E+01  2.30232087E-026
  5.957000E+01  2.43680165E-026
  6.026000E+01  2.57764931E-026
  6.095000E+01  2.72178155E-026
  6.166000E+01  2.87675375E-026
  6.237000E+01  3.03458112E-026
  6.310000E+01  3.20417616E-026
  6.383000E+01  3.37867163E-026
  6.457000E+01  3.56325610E-026
  6.531000E+01  3.75024760E-026
  6.607000E+01  3.95013720E-026
  6.683000E+01  4.15214562E-026
  6.761000E+01  4.36743685E-026
  6.839000E+01  4.58738516E-026
  6.918000E+01  4.81505211E-026
  6.998000E+01  5.04980339E-026
  7.079000E+01  5.29208928E-026
  7.161000E+01  5.54555304E-026
  7.244000E+01  5.80191616E-026
  7.328000E+01  6.06935991E-026
  7.413000E+01  6.34310929E-026
  7.499000E+01  6.61914999E-026
  7.586000E+01  6.90597949E-026
  7.674000E+01  7.19895692E-026
  7.762000E+01  7.49824546E-026
  7.852000E+01  7.80050584E-026
  7.943000E+01  8.10872938E-026
  8.035000E+01  8.42594982E-026
  8.128000E+01  8.74048394E-026
  8.222000E+01  9.06575675E-026
  8.318000E+01  9.39034396E-026
  8.414000E+01  9.72020801E-026
  8.511000E+01  1.00508849E-025
  8.610000E+01  1.03864950E-025
  8.710000E+01  1.07234342E-025
  8.811000E+01  1.10588179E-025
  8.912000E+01  1.13922432E-025
  9.016000E+01  1.17376747E-025
  9.120000E+01  1.20687821E-025
  9.226000E+01  1.24009582E-025
  9.332000E+01  1.27353725E-025
  9.441000E+01  1.30644315E-025
  9.550000E+01  1.33929800E-025
  9.661000E+01  1.37198197E-025
  9.772000E+01  1.40298924E-025
  9.886000E+01  1.43466050E-025
  1.000000E+02  1.46541335E-025
  1.012000E+02  1.49663131E-025
  1.023000E+02  1.52427290E-025
  1.035000E+02  1.55334343E-025
  1.047000E+02  1.58099190E-025
  1.059000E+02  1.60776274E-025
  1.072000E+02  1.63508703E-025
  1.084000E+02  1.65908336E-025
  1.097000E+02  1.68464104E-025
  1.109000E+02  1.70618599E-025
  1.122000E+02  1.72783852E-025
  1.135000E+02  1.74813246E-025
  1.148000E+02  1.76827461E-025
  1.161000E+02  1.78573713E-025
  1.175000E+02  1.80405230E-025
  1.188000E+02  1.81895653E-025
  1.202000E+02  1.83408392E-025
  1.216000E+02  1.84650120E-025
  1.230000E+02  1.85900399E-025
  1.244000E+02  1.86950168E-025
  1.259000E+02  1.87847162E-025
  1.273000E+02  1.88627315E-025
  1.288000E+02  1.89297432E-025
  1.303000E+02  1.89833347E-025
  1.318000E+02  1.90122165E-025
  1.334000E+02  1.90372850E-025
  1.349000E+02  1.90492571E-025
  1.365000E+02  1.90461897E-025
  1.380000E+02  1.90308662E-025
  1.396000E+02  1.90003702E-025
  1.412000E+02  1.89592740E-025
  1.429000E+02  1.89006726E-025
  1.445000E+02  1.88350425E-025
  1.462000E+02  1.87517268E-025
  1.479000E+02  1.86593374E-025
  1.496000E+02  1.85537935E-025
  1.514000E+02  1.84340336E-025
  1.531000E+02  1.83088763E-025
  1.549000E+02  1.81701597E-025
  1.567000E+02  1.80199540E-025
  1.585000E+02  1.78639110E-025
  1.603000E+02  1.77104033E-025
  1.622000E+02  1.75264599E-025
  1.641000E+02  1.73382654E-025
  1.660000E+02  1.71466710E-025
  1.679000E+02  1.69426066E-025
  1.698000E+02  1.67521915E-025
  1.718000E+02  1.65289230E-025
  1.738000E+02  1.63042608E-025
  1.758000E+02  1.60787166E-025
  1.778000E+02  1.58591769E-025
  1.799000E+02  1.56133632E-025
  1.820000E+02  1.53683892E-025
  1.841000E+02  1.51293931E-025
  1.862000E+02  1.48785368E-025
  1.884000E+02  1.46181220E-025
  1.906000E+02  1.43640916E-025
  1.928000E+02  1.41062911E-025
  1.950000E+02  1.38462096E-025
  1.972000E+02  1.35948996E-025
  1.995000E+02  1.33272952E-025
  2.018000E+02  1.30603557E-025
  2.042000E+02  1.27911288E-025
  2.065000E+02  1.25298190E-025
  2.089000E+02  1.22675955E-025
  2.114000E+02  1.19882106E-025
  2.138000E+02  1.17336158E-025
  2.163000E+02  1.14633413E-025
  2.188000E+02  1.11957390E-025
  2.213000E+02  1.09428421E-025
  2.239000E+02  1.06756936E-025
  2.265000E+02  1.04193158E-025
  2.291000E+02  1.01637137E-025
  2.317000E+02  9.91881794E-026
  2.344000E+02  9.66187796E-026
  2.371000E+02  9.41593810E-026
  2.399000E+02  9.16316461E-026
  2.427000E+02  8.92145286E-026
  2.455000E+02  8.68190221E-026
  2.483000E+02  8.44985254E-026
  2.512000E+02  8.21259532E-026
  2.541000E+02  7.98606567E-026
  2.570000E+02  7.76272226E-026
  2.600000E+02  7.53923078E-026
  2.630000E+02  7.31944623E-026
  2.661000E+02  7.10323011E-026
  2.691000E+02  6.89799273E-026
  2.723000E+02  6.68600995E-026
  2.754000E+02  6.48944841E-026
  2.786000E+02  6.28782393E-026
  2.818000E+02  6.09902321E-026
  2.851000E+02  5.90583710E-026
  2.884000E+02  5.71961922E-026
  2.917000E+02  5.53788956E-026
  2.951000E+02  5.36282698E-026
  2.985000E+02  5.18726638E-026
  3.020000E+02  5.01815327E-026
  3.055000E+02  4.85453759E-026
  3.090000E+02  4.69321626E-026
  3.126000E+02  4.53827053E-026
  3.162000E+02  4.38332508E-026
  3.199000E+02  4.23480177E-026
  3.236000E+02  4.08865002E-026
  3.273000E+02  3.95037410E-026
  3.311000E+02  3.81533784E-026
  3.350000E+02  3.67923392E-026
  3.388000E+02  3.55211493E-026
  3.428000E+02  3.42271096E-026
  3.467000E+02  3.30533712E-026
  3.508000E+02  3.18474304E-026
  3.548000E+02  3.07118832E-026
  3.589000E+02  2.95962007E-026
  3.631000E+02  2.84954672E-026
  3.673000E+02  2.74570736E-026
  3.715000E+02  2.64749257E-026
  3.758000E+02  2.54762957E-026
  3.802000E+02  2.45281085E-026
  3.846000E+02  2.35885799E-026
  3.890000E+02  2.27164616E-026
  3.935000E+02  2.18611387E-026
  3.981000E+02  2.10219129E-026
  4.027000E+02  2.02193874E-026
  4.074000E+02  1.94331495E-026
  4.121000E+02  1.86934892E-026
  4.169000E+02  1.79590513E-026
  4.217000E+02  1.72552341E-026
  4.266000E+02  1.65903893E-026
  4.315000E+02  1.59442132E-026
  4.365000E+02  1.53032129E-026
  4.416000E+02  1.46990560E-026
  4.467000E+02  1.41116055E-026
  4.519000E+02  1.35492094E-026
  4.571000E+02  1.30122239E-026
  4.624000E+02  1.24812509E-026
  4.677000E+02  1.19823952E-026
  4.731000E+02  1.15051156E-026
  4.786000E+02  1.10261947E-026
  4.842000E+02  1.05762774E-026
  4.898000E+02  1.01403617E-026
  4.955000E+02  9.72426055E-027
  5.012000E+02  9.32747079E-027
  5.070000E+02  8.93664909E-027
  5.129000E+02  8.56401484E-027
  5.188000E+02  8.21517646E-027
  5.248000E+02  7.86583826E-027
  5.309000E+02  7.53891244E-027
  5.370000E+02  7.22754832E-027
  5.432000E+02  6.92154326E-027
  5.495000E+02  6.63028651E-027
  5.559000E+02  6.34455057E-027
  5.623000E+02  6.07698296E-027
  5.688000E+02  5.82314964E-027
  5.754000E+02  5.56969531E-027
  5.821000E+02  5.33326800E-027
  5.888000E+02  5.10433205E-027
  5.957000E+02  4.88109313E-027
  6.026000E+02  4.67230633E-027
  6.095000E+02  4.47388727E-027
  6.166000E+02  4.27696664E-027
  6.237000E+02  4.09281602E-027
  6.310000E+02  3.91316050E-027
  6.383000E+02  3.74307855E-027
  6.457000E+02  3.57904090E-027
  6.531000E+02  3.42606288E-027
  6.607000E+02  3.27192906E-027
  6.683000E+02  3.13058479E-027
  6.761000E+02  2.99088017E-027
  6.839000E+02  2.86041384E-027
  6.918000E+02  2.73502344E-027
  6.998000E+02  2.61281081E-027
  7.080000E+02  2.49590292E-027
  7.161000E+02  2.38630309E-027
  7.244000E+02  2.28044761E-027
  7.328000E+02  2.17836574E-027
  7.413000E+02  2.08244977E-027
  7.499000E+02  1.98724863E-027
  7.586000E+02  1.89913580E-027
  7.674000E+02  1.81470744E-027
  7.762000E+02  1.73355602E-027
  7.852000E+02  1.65444764E-027
  7.943000E+02  1.58029133E-027
  8.035000E+02  1.50826865E-027
  8.128000E+02  1.44121250E-027
  8.222000E+02  1.37631288E-027
  8.318000E+02  1.31296162E-027
  8.414000E+02  1.25399205E-027
  8.511000E+02  1.19758217E-027
  8.610000E+02  1.14231619E-027
  8.710000E+02  1.09049812E-027
  8.810000E+02  1.04144794E-027
  8.912000E+02  9.93532712E-028
  9.016000E+02  9.47997206E-028
  9.120000E+02  9.05104090E-028
  9.226000E+02  8.63084393E-028
  9.333000E+02  8.23722711E-028
  9.441000E+02  7.86128288E-028
  9.550000E+02  7.49851318E-028
  9.660000E+02  7.15709367E-028
  9.772000E+02  6.82913137E-028
  9.885000E+02  6.51257185E-028
  1.000000E+03  6.21243547E-028
  1.012000E+03  5.91648310E-028
  1.023000E+03  5.65767641E-028
  1.035000E+03  5.39428373E-028
  1.047000E+03  5.14541905E-028
  1.059000E+03  4.90794740E-028
  1.072000E+03  4.66827335E-028
  1.084000E+03  4.45956219E-028
  1.096000E+03  4.25992213E-028
  1.109000E+03  4.05827030E-028
  1.122000E+03  3.86842879E-028
  1.135000E+03  3.68715303E-028
  1.148000E+03  3.51826757E-028
  1.161000E+03  3.35858401E-028
  1.175000E+03  3.19448635E-028
  1.188000E+03  3.05255742E-028
  1.202000E+03  2.90842170E-028
  1.216000E+03  2.77087145E-028
  1.230000E+03  2.64281875E-028
  1.244000E+03  2.52180221E-028
  1.259000E+03  2.39818843E-028
  1.274000E+03  2.28329037E-028
  1.288000E+03  2.18223538E-028
  1.303000E+03  2.07847816E-028
  1.318000E+03  1.98216283E-028
  1.334000E+03  1.88552169E-028
  1.349000E+03  1.79863050E-028
  1.365000E+03  1.71264123E-028
  1.380000E+03  1.63665866E-028
  1.396000E+03  1.55902001E-028
  1.412000E+03  1.48678316E-028
  1.429000E+03  1.41455759E-028
  1.445000E+03  1.34954334E-028
  1.462000E+03  1.28541468E-028
  1.479000E+03  1.22494811E-028
  1.496000E+03  1.16726112E-028
  1.514000E+03  1.11048505E-028
  1.531000E+03  1.05990877E-028
  1.549000E+03  1.00881765E-028
  1.567000E+03  9.61308404E-029
  1.585000E+03  9.16611583E-029
  1.603000E+03  8.73696850E-029
  1.622000E+03  8.31810399E-029
  1.641000E+03  7.92235100E-029
  1.660000E+03  7.54508835E-029
  1.679000E+03  7.19511853E-029
  1.698000E+03  6.86462654E-029
  1.718000E+03  6.53201063E-029
  1.738000E+03  6.22280440E-029
  1.758000E+03  5.93203351E-029
  1.778000E+03  5.65378593E-029
  1.799000E+03  5.38295650E-029
  1.820000E+03  5.12772118E-029
  1.841000E+03  4.88381509E-029
  1.862000E+03  4.65752236E-029
  1.884000E+03  4.43393915E-029
  1.906000E+03  4.22052923E-029
  1.928000E+03  4.02265036E-029
  1.950000E+03  3.83592173E-029
  1.972000E+03  3.65715995E-029
  1.995000E+03  3.48392949E-029
  2.018000E+03  3.31575068E-029
  2.042000E+03  3.15224102E-029
  2.065000E+03  3.00457090E-029
  2.089000E+03  2.85785166E-029
  2.114000E+03  2.71553562E-029
  2.138000E+03  2.58728367E-029
  2.163000E+03  2.45973610E-029
  2.188000E+03  2.34123945E-029
  2.213000E+03  2.22956859E-029
  2.239000E+03  2.11875753E-029
  2.265000E+03  2.01618460E-029
  2.291000E+03  1.91950255E-029
  2.317000E+03  1.82724279E-029
  2.344000E+03  1.73816831E-029
  2.371000E+03  1.65428851E-029
  2.399000E+03  1.57161902E-029
  2.427000E+03  1.49487409E-029
  2.455000E+03  1.42261726E-029
  2.483000E+03  1.35363269E-029
  2.512000E+03  1.28726450E-029
  2.541000E+03  1.22479229E-029
  2.570000E+03  1.16535704E-029
  2.600000E+03  1.10826103E-029
  2.630000E+03  1.05450494E-029
  2.661000E+03  1.00156780E-029
  2.692000E+03  9.52425891E-030
  2.723000E+03  9.06328918E-030
  2.754000E+03  8.62334736E-030
  2.786000E+03  8.20132284E-030
  2.818000E+03  7.80409479E-030
  2.851000E+03  7.41849605E-030
  2.884000E+03  7.05105587E-030
  2.917000E+03  6.71096648E-030
  2.951000E+03  6.38108832E-030
  2.985000E+03  6.06654428E-030
  3.020000E+03  5.76598896E-030
  3.055000E+03  5.48323139E-030
  3.090000E+03  5.21705402E-030
  3.126000E+03  4.95703974E-030
  3.162000E+03  4.71560087E-030
  3.199000E+03  4.48213157E-030
  3.236000E+03  4.25962362E-030
  3.273000E+03  4.05298867E-030
  3.311000E+03  3.85322525E-030
  3.350000E+03  3.66102257E-030
  3.388000E+03  3.48275639E-030
  3.428000E+03  3.30780848E-030
  3.467000E+03  3.14793006E-030
  3.508000E+03  2.98841942E-030
  3.548000E+03  2.84340543E-030
  3.589000E+03  2.70404512E-030
  3.631000E+03  2.56922248E-030
  3.673000E+03  2.44130531E-030
  3.715000E+03  2.32251263E-030
  3.758000E+03  2.20806271E-030
  3.802000E+03  2.09794098E-030
  3.846000E+03  1.99346664E-030
  3.890000E+03  1.89606972E-030
  3.936000E+03  1.80070870E-030
  3.981000E+03  1.71297459E-030
  4.027000E+03  1.62749053E-030
  4.074000E+03  1.54645000E-030
  4.121000E+03  1.47023117E-030
  4.169000E+03  1.39734543E-030
  4.217000E+03  1.32788973E-030
  4.266000E+03  1.26180987E-030
  4.315000E+03  1.19992784E-030
  4.365000E+03  1.14052359E-030
  4.416000E+03  1.08282880E-030
  4.467000E+03  1.02953946E-030
  4.519000E+03  9.78203360E-031
  4.571000E+03  9.30146229E-031
  4.624000E+03  8.83275771E-031
  4.677000E+03  8.39965722E-031
  4.732000E+03  7.97717450E-031
  4.786000E+03  7.58694975E-031
  4.842000E+03  7.20338425E-031
  4.898000E+03  6.84584473E-031
  4.954000E+03  6.51111963E-031
  5.012000E+03  6.18357092E-031
  5.070000E+03  5.87703555E-031
  5.129000E+03  5.58032986E-031
  5.188000E+03  5.30488411E-031
  5.248000E+03  5.04144652E-031
  5.309000E+03  4.79087923E-031
  5.370000E+03  4.55104224E-031
  5.432000E+03  4.32593915E-031
  5.495000E+03  4.11086430E-031
  5.559000E+03  3.90445511E-031
  5.623000E+03  3.71138848E-031
  5.688000E+03  3.52463854E-031
  5.754000E+03  3.34960434E-031
  5.821000E+03  3.18172202E-031
  5.888000E+03  3.02389220E-031
  5.957000E+03  2.86999725E-031
  6.026000E+03  2.72726053E-031
  6.095000E+03  2.59300635E-031
  6.166000E+03  2.46311403E-031
  6.237000E+03  2.34101308E-031
  6.310000E+03  2.22153832E-031
  6.383000E+03  2.11071762E-031
  6.456000E+03  2.00707441E-031
  6.531000E+03  1.90638446E-031
  6.607000E+03  1.81103063E-031
  6.683000E+03  1.72023607E-031
  6.761000E+03  1.63380370E-031
  6.839000E+03  1.55257130E-031
  6.918000E+03  1.47521586E-031
  6.998000E+03  1.40157509E-031
  7.080000E+03  1.32976610E-031
  7.161000E+03  1.26434559E-031
  7.244000E+03  1.20093692E-031
  7.328000E+03  1.14097713E-031
  7.413000E+03  1.08395044E-031
  7.499000E+03  1.02903343E-031
  7.586000E+03  9.77510672E-032
  7.674000E+03  9.28532192E-032
  7.762000E+03  8.82489390E-032
  7.852000E+03  8.38219369E-032
  7.943000E+03  7.96410441E-032
  8.035000E+03  7.55931673E-032
  8.128000E+03  7.18216119E-032
  8.222000E+03  6.82382013E-032
  8.318000E+03  6.47988497E-032
  8.414000E+03  6.15672445E-032
  8.511000E+03  5.84589772E-032
  8.610000E+03  5.55166900E-032
  8.710000E+03  5.27245812E-032
  8.810000E+03  5.01163186E-032
  8.912000E+03  4.75995022E-032
  9.016000E+03  4.52037456E-032
  9.120000E+03  4.29240637E-032
  9.226000E+03  4.07552796E-032
  9.332000E+03  3.87301519E-032
  9.441000E+03  3.67734388E-032
  9.550000E+03  3.49347008E-032
  9.660000E+03  3.32021205E-032
  9.772000E+03  3.15118484E-032
  9.886000E+03  2.99167978E-032
  1.000000E+04  2.84279035E-032
  1.012000E+04  2.69475917E-032
  1.023000E+04  2.56789698E-032
  1.035000E+04  2.43771375E-032
  1.047000E+04  2.31387337E-032
  1.059000E+04  2.19824358E-032
  1.072000E+04  2.08209489E-032
  1.084000E+04  1.98099424E-032
  1.096000E+04  1.88568519E-032
  1.109000E+04  1.78861739E-032
  1.122000E+04  1.69702419E-032
  1.135000E+04  1.61149072E-032
  1.148000E+04  1.53167811E-032
  1.161000E+04  1.45603979E-032
  1.175000E+04  1.38013201E-032
  1.188000E+04  1.31389238E-032
  1.202000E+04  1.24597323E-032
  1.216000E+04  1.18302739E-032
  1.230000E+04  1.12388096E-032
  1.244000E+04  1.06826824E-032
  1.259000E+04  1.01273580E-032
  1.274000E+04  9.60277644E-033
  1.288000E+04  9.13682126E-033
  1.303000E+04  8.67630670E-033
  1.318000E+04  8.24398389E-033
  1.334000E+04  7.80837700E-033
  1.349000E+04  7.42704981E-033
  1.365000E+04  7.04519367E-033
  1.380000E+04  6.70876741E-033
  1.396000E+04  6.36668288E-033
  1.412000E+04  6.04942573E-033
  1.429000E+04  5.73301293E-033
  1.445000E+04  5.45532450E-033
  1.462000E+04  5.17609645E-033
  1.479000E+04  4.91372110E-033
  1.496000E+04  4.66635563E-033
  1.514000E+04  4.42322243E-033
  1.531000E+04  4.20605346E-033
  1.549000E+04  3.99166540E-033
  1.567000E+04  3.79038879E-033
  1.585000E+04  3.60129424E-033
  1.603000E+04  3.42343905E-033
  1.622000E+04  3.24495363E-033
  1.641000E+04  3.07955569E-033
  1.660000E+04  2.92443203E-033
  1.679000E+04  2.77965202E-033
  1.698000E+04  2.64236256E-033
  1.718000E+04  2.50665123E-033
  1.738000E+04  2.38017459E-033
  1.758000E+04  2.26010719E-033
  1.778000E+04  2.14760592E-033
  1.799000E+04  2.03757316E-033
  1.820000E+04  1.93431881E-033
  1.841000E+04  1.83735452E-033
  1.862000E+04  1.74623141E-033
  1.884000E+04  1.65538118E-033
  1.906000E+04  1.57122534E-033
  1.928000E+04  1.49230099E-033
  1.950000E+04  1.41800406E-033
  1.972000E+04  1.34816522E-033
  1.995000E+04  1.28013354E-033
  2.018000E+04  1.21486649E-033
  2.042000E+04  1.15232783E-033
  2.065000E+04  1.09549073E-033
  2.089000E+04  1.04025262E-033
  2.114000E+04  9.86303858E-034
  2.138000E+04  9.37629687E-034
  2.163000E+04  8.89392282E-034
  2.188000E+04  8.44272611E-034
  2.213000E+04  8.02273421E-034
  2.239000E+04  7.61632778E-034
  2.265000E+04  7.23125129E-034
  2.291000E+04  6.86459344E-034
  2.317000E+04  6.52435862E-034
  2.344000E+04  6.19585949E-034
  2.371000E+04  5.88392508E-034
  2.399000E+04  5.58031326E-034
  2.427000E+04  5.29482024E-034
  2.455000E+04  5.03009930E-034
  2.483000E+04  4.77851841E-034
  2.512000E+04  4.53642555E-034
  2.541000E+04  4.30895807E-034
  2.570000E+04  4.09253291E-034
  2.600000E+04  3.88489025E-034
  2.630000E+04  3.68985111E-034
  2.661000E+04  3.49828482E-034
  2.692000E+04  3.32076904E-034
  2.723000E+04  3.15402564E-034
  2.754000E+04  2.99713041E-034
  2.786000E+04  2.84508263E-034
  2.818000E+04  2.70385251E-034
  2.851000E+04  2.56385105E-034
  2.884000E+04  2.43551563E-034
  2.917000E+04  2.31336184E-034
  2.951000E+04  2.19519321E-034
  2.985000E+04  2.08682978E-034
  3.020000E+04  1.96059269E-034
  3.055000E+04  1.74788882E-034
  3.090000E+04  1.46308016E-034
  3.126000E+04  1.17956874E-034
  3.162000E+04  9.45394986E-035
  3.199000E+04  7.62434501E-035
  3.236000E+04  6.25888178E-035
  3.273000E+04  5.22880582E-035
  3.311000E+04  4.42558165E-035
  3.350000E+04  3.78897791E-035
  3.388000E+04  3.29675938E-035
  3.428000E+04  2.88236530E-035
  3.467000E+04  2.55115166E-035
  3.508000E+04  2.26546903E-035
  3.548000E+04  2.03062885E-035
  3.589000E+04  1.82843793E-035
  3.631000E+04  1.65003661E-035
  3.673000E+04  1.49672809E-035
  3.715000E+04  1.36476233E-035
  3.758000E+04  1.24542249E-035
  3.802000E+04  1.13837092E-035
  3.846000E+04  1.04498434E-035
  3.890000E+04  9.61518936E-036
  3.936000E+04  8.83964746E-036
  3.981000E+04  8.15877658E-036
