# DH21 astrodust SED for Mathis ISRF, U = 1.585
# Enthalpy stage: S2
# columns: lambda[um]    lambda*I_lambda / N_H [erg s^-1 cm^-2 sr^-1 H^-1]
  9.120000E-02  6.75130337E-054
  9.226000E-02  1.10134384E-053
  9.332000E-02  1.77854056E-053
  9.441000E-02  2.88539787E-053
  9.550000E-02  4.64362882E-053
  9.661000E-02  7.48158463E-053
  9.772000E-02  1.19904990E-052
  9.886000E-02  1.93916981E-052
  1.000000E-01  3.12923204E-052
  1.012000E-01  5.17778548E-052
  1.023000E-01  8.22900367E-052
  1.035000E-01  1.36974769E-051
  1.047000E-01  2.29242058E-051
  1.059000E-01  3.86156404E-051
  1.072000E-01  6.84399886E-051
  1.084000E-01  1.16806447E-050
  1.097000E-01  2.09479763E-050
  1.109000E-01  3.60274882E-050
  1.122000E-01  6.49029914E-050
  1.135000E-01  1.16865506E-049
  1.148000E-01  2.09877179E-049
  1.161000E-01  3.74399330E-049
  1.175000E-01  6.91568817E-049
  1.189000E-01  1.26443745E-048
  1.202000E-01  2.19277114E-048
  1.216000E-01  3.92160813E-048
  1.230000E-01  6.93002206E-048
  1.244000E-01  1.21054049E-047
  1.259000E-01  2.17261859E-047
  1.274000E-01  3.84359069E-047
  1.288000E-01  6.46234601E-047
  1.303000E-01  1.11258410E-046
  1.318000E-01  1.89193982E-046
  1.333000E-01  3.17317131E-046
  1.349000E-01  5.42268830E-046
  1.365000E-01  9.12523822E-046
  1.380000E-01  1.46409481E-045
  1.396000E-01  2.37431772E-045
  1.412000E-01  3.79479033E-045
  1.429000E-01  6.14706269E-045
  1.445000E-01  9.53201186E-045
  1.462000E-01  1.49442827E-044
  1.479000E-01  2.30658534E-044
  1.496000E-01  3.51380893E-044
  1.514000E-01  5.40644738E-044
  1.531000E-01  8.00392374E-044
  1.549000E-01  1.19351127E-043
  1.567000E-01  1.76384384E-043
  1.585000E-01  2.57795296E-043
  1.603000E-01  3.72503002E-043
  1.622000E-01  5.43077020E-043
  1.641000E-01  7.82081939E-043
  1.660000E-01  1.12204544E-042
  1.679000E-01  1.61465132E-042
  1.698000E-01  2.30725454E-042
  1.718000E-01  3.33667822E-042
  1.738000E-01  4.79835006E-042
  1.758000E-01  6.87245868E-042
  1.778000E-01  9.72784426E-042
  1.799000E-01  1.37027259E-041
  1.820000E-01  1.91473194E-041
  1.841000E-01  2.65707705E-041
  1.862000E-01  3.66485307E-041
  1.884000E-01  5.10780324E-041
  1.905000E-01  6.98650809E-041
  1.928000E-01  1.00775645E-040
  1.950000E-01  1.43043761E-040
  1.972000E-01  2.02514886E-040
  1.995000E-01  2.90593620E-040
  2.018000E-01  4.16049191E-040
  2.042000E-01  6.03532861E-040
  2.065000E-01  8.60028862E-040
  2.089000E-01  1.21472214E-039
  2.113000E-01  1.70065801E-039
  2.138000E-01  2.39562289E-039
  2.163000E-01  3.34819935E-039
  2.188000E-01  4.64437655E-039
  2.213000E-01  6.39550087E-039
  2.239000E-01  8.85496112E-039
  2.265000E-01  1.21702607E-038
  2.291000E-01  1.66122607E-038
  2.317000E-01  2.25240606E-038
  2.344000E-01  3.06762882E-038
  2.371000E-01  4.14849685E-038
  2.399000E-01  5.62895557E-038
  2.427000E-01  7.58182409E-038
  2.455000E-01  1.01436859E-037
  2.483000E-01  1.34799215E-037
  2.512000E-01  1.79822313E-037
  2.541000E-01  2.38241486E-037
  2.570000E-01  3.13530627E-037
  2.600000E-01  4.13738377E-037
  2.630000E-01  5.42294098E-037
  2.661000E-01  7.12439568E-037
  2.691000E-01  9.21757721E-037
  2.723000E-01  1.20541509E-036
  2.754000E-01  1.55324962E-036
  2.786000E-01  2.00511198E-036
  2.818000E-01  2.57290852E-036
  2.851000E-01  3.30589781E-036
  2.884000E-01  4.22216699E-036
  2.917000E-01  5.36115503E-036
  2.951000E-01  6.81501682E-036
  2.985000E-01  8.61502334E-036
  3.020000E-01  1.08997085E-035
  3.055000E-01  1.37122980E-035
  3.090000E-01  1.71552372E-035
  3.126000E-01  2.14781039E-035
  3.162000E-01  2.67437614E-035
  3.199000E-01  3.33282525E-035
  3.236000E-01  4.13071862E-035
  3.273000E-01  5.09227332E-035
  3.311000E-01  6.28197785E-035
  3.350000E-01  7.75132917E-035
  3.388000E-01  9.46543887E-035
  3.428000E-01  1.16221135E-034
  3.467000E-01  1.41274846E-034
  3.507000E-01  1.71770688E-034
  3.548000E-01  2.08842983E-034
  3.589000E-01  2.52700335E-034
  3.631000E-01  3.05765181E-034
  3.673000E-01  3.68180842E-034
  3.715000E-01  4.41439089E-034
  3.758000E-01  5.29110438E-034
  3.802000E-01  6.34117687E-034
  3.846000E-01  7.56447017E-034
  3.891000E-01  9.02108840E-034
  3.936000E-01  1.07131062E-033
  3.981000E-01  1.26671461E-033
  4.027000E-01  1.49726935E-033
  4.074000E-01  1.76874114E-033
  4.121000E-01  2.08078522E-033
  4.169000E-01  2.44672274E-033
  4.217000E-01  2.86569436E-033
  4.266000E-01  3.35434065E-033
  4.315000E-01  3.91136096E-033
  4.365000E-01  4.55672157E-033
  4.416000E-01  5.30585518E-033
  4.467000E-01  6.15481084E-033
  4.519000E-01  7.13326758E-033
  4.571000E-01  8.23844937E-033
  4.624000E-01  9.50556702E-033
  4.677000E-01  1.09313537E-032
  4.732000E-01  1.25904894E-032
  4.786000E-01  1.44152106E-032
  4.842000E-01  1.65322269E-032
  4.898000E-01  1.88944217E-032
  4.954000E-01  2.15241002E-032
  5.012000E-01  2.45510659E-032
  5.070000E-01  2.79177299E-032
  5.129000E-01  3.17111456E-032
  5.188000E-01  3.59048717E-032
  5.248000E-01  4.06099641E-032
  5.309000E-01  4.58875092E-032
  5.370000E-01  5.16915520E-032
  5.433000E-01  5.82842484E-032
  5.495000E-01  6.54018418E-032
  5.559000E-01  7.34412691E-032
  5.623000E-01  8.22387512E-032
  5.688000E-01  9.19919716E-032
  5.754000E-01  1.02789230E-031
  5.821000E-01  1.14724889E-031
  5.888000E-01  1.27697875E-031
  5.957000E-01  1.42201568E-031
  6.026000E-01  1.57915215E-031
  6.095000E-01  1.74923213E-031
  6.166000E-01  1.93816159E-031
  6.237000E-01  2.14163582E-031
  6.310000E-01  2.36759393E-031
  6.383000E-01  2.61021193E-031
  6.457000E-01  2.87439037E-031
  6.531000E-01  3.15767037E-031
  6.607000E-01  3.46989918E-031
  6.683000E-01  3.80425806E-031
  6.761000E-01  4.17070882E-031
  6.839000E-01  4.56218198E-031
  6.918000E-01  4.98436958E-031
  6.998000E-01  5.43981882E-031
  7.079000E-01  5.92965489E-031
  7.161000E-01  6.45618405E-031
  7.244000E-01  7.02312466E-031
  7.328000E-01  7.62918223E-031
  7.413000E-01  8.27801210E-031
  7.499000E-01  8.97170518E-031
  7.586000E-01  9.71309946E-031
  7.674000E-01  1.05029573E-030
  7.763000E-01  1.13449867E-030
  7.852000E-01  1.22315097E-030
  7.943000E-01  1.31824110E-030
  8.035000E-01  1.41926511E-030
  8.128000E-01  1.52616906E-030
  8.222000E-01  1.63917808E-030
  8.318000E-01  1.75989542E-030
  8.414000E-01  1.88615290E-030
  8.511000E-01  2.01911777E-030
  8.610000E-01  2.16073680E-030
  8.710000E-01  2.30958022E-030
  8.810000E-01  2.46496792E-030
  8.913000E-01  2.63090485E-030
  9.016000E-01  2.80366037E-030
  9.120000E-01  2.98509396E-030
  9.226000E-01  3.17622592E-030
  9.333000E-01  3.37681568E-030
  9.441000E-01  3.58541900E-030
  9.550000E-01  3.80383311E-030
  9.661000E-01  4.03281207E-030
  9.772000E-01  4.26748843E-030
  9.886000E-01  4.50891829E-030
  1.000000E+00  4.76308292E-030
  1.012000E+00  5.06564970E-030
  1.023000E+00  5.35339695E-030
  1.035000E+00  5.67790090E-030
  1.047000E+00  6.01519700E-030
  1.059000E+00  6.36406157E-030
  1.071000E+00  6.72410616E-030
  1.084000E+00  7.12945166E-030
  1.097000E+00  7.54787777E-030
  1.109000E+00  7.94666325E-030
  1.122000E+00  8.39288034E-030
  1.135000E+00  8.85423481E-030
  1.148000E+00  9.32865293E-030
  1.161000E+00  9.81825450E-030
  1.175000E+00  1.03605424E-029
  1.189000E+00  1.09195533E-029
  1.202000E+00  1.14499302E-029
  1.216000E+00  1.20365873E-029
  1.230000E+00  1.26356820E-029
  1.245000E+00  1.32918729E-029
  1.259000E+00  1.39148682E-029
  1.273000E+00  1.45468357E-029
  1.288000E+00  1.52371603E-029
  1.303000E+00  1.59357083E-029
  1.318000E+00  1.66459633E-029
  1.334000E+00  1.74166939E-029
  1.349000E+00  1.81444965E-029
  1.365000E+00  1.89334849E-029
  1.380000E+00  1.96798584E-029
  1.396000E+00  2.04863778E-029
  1.413000E+00  2.13537834E-029
  1.429000E+00  2.21777949E-029
  1.445000E+00  2.30071045E-029
  1.462000E+00  2.38964101E-029
  1.479000E+00  2.47936826E-029
  1.496000E+00  2.56999346E-029
  1.514000E+00  2.66667718E-029
  1.531000E+00  2.75917134E-029
  1.549000E+00  2.85749662E-029
  1.567000E+00  2.95621525E-029
  1.585000E+00  3.05597123E-029
  1.603000E+00  3.15699545E-029
  1.622000E+00  3.26405919E-029
  1.641000E+00  3.37199439E-029
  1.660000E+00  3.48113928E-029
  1.679000E+00  3.59121526E-029
  1.698000E+00  3.70224156E-029
  1.718000E+00  3.82028948E-029
  1.738000E+00  3.93978277E-029
  1.758000E+00  4.06018501E-029
  1.778000E+00  4.18248338E-029
  1.799000E+00  4.31206873E-029
  1.820000E+00  4.44334651E-029
  1.841000E+00  4.57632638E-029
  1.862000E+00  4.71091922E-029
  1.884000E+00  4.85400113E-029
  1.906000E+00  4.99855551E-029
  1.928000E+00  5.14567867E-029
  1.950000E+00  5.29469083E-029
  1.972000E+00  5.44536226E-029
  1.995000E+00  5.60494329E-029
  2.018000E+00  5.76643930E-029
  2.042000E+00  5.93733815E-029
  2.065000E+00  6.10271245E-029
  2.089000E+00  6.27665945E-029
  2.114000E+00  6.45933174E-029
  2.138000E+00  6.63516413E-029
  2.163000E+00  6.81981633E-029
  2.188000E+00  7.00328048E-029
  2.213000E+00  7.18853412E-029
  2.239000E+00  7.37966541E-029
  2.265000E+00  7.57133887E-029
  2.291000E+00  7.76319577E-029
  2.317000E+00  7.95465137E-029
  2.344000E+00  8.15195840E-029
  2.371000E+00  8.35616185E-029
  2.399000E+00  8.56603246E-029
  2.427000E+00  8.77468809E-029
  2.455000E+00  8.98121499E-029
  2.483000E+00  9.18619055E-029
  2.512000E+00  9.40531203E-029
  2.541000E+00  9.62167026E-029
  2.570000E+00  9.83579984E-029
  2.600000E+00  1.00646494E-028
  2.630000E+00  1.02904277E-028
  2.661000E+00  1.05308337E-028
  2.691000E+00  1.07516776E-028
  2.723000E+00  1.10033367E-028
  2.754000E+00  1.12352719E-028
  2.786000E+00  1.14807360E-028
  2.818000E+00  1.17326904E-028
  2.851000E+00  1.19879862E-028
  2.884000E+00  1.22504666E-028
  2.917000E+00  1.25085852E-028
  2.951000E+00  1.27797074E-028
  2.985000E+00  1.30471269E-028
  3.020000E+00  1.33261937E-028
  3.055000E+00  1.35915445E-028
  3.090000E+00  1.38420253E-028
  3.126000E+00  1.40954464E-028
  3.162000E+00  1.43249992E-028
  3.199000E+00  1.45572186E-028
  3.236000E+00  1.47774488E-028
  3.273000E+00  1.49877250E-028
  3.311000E+00  1.52324102E-028
  3.350000E+00  1.58223974E-028
  3.388000E+00  1.68335724E-028
  3.428000E+00  1.70075185E-028
  3.467000E+00  1.71404179E-028
  3.507000E+00  1.69024040E-028
  3.548000E+00  1.67828412E-028
  3.589000E+00  1.65020746E-028
  3.631000E+00  1.64680524E-028
  3.673000E+00  1.65938498E-028
  3.715000E+00  1.67291247E-028
  3.758000E+00  1.68595079E-028
  3.802000E+00  1.69988262E-028
  3.846000E+00  1.71422351E-028
  3.891000E+00  1.72761977E-028
  3.935000E+00  1.74117895E-028
  3.981000E+00  1.75594378E-028
  4.027000E+00  1.77027598E-028
  4.074000E+00  1.78460068E-028
  4.121000E+00  1.79946386E-028
  4.169000E+00  1.81418244E-028
  4.217000E+00  1.82944872E-028
  4.266000E+00  1.84557424E-028
  4.315000E+00  1.86122745E-028
  4.365000E+00  1.87786776E-028
  4.416000E+00  1.89422499E-028
  4.467000E+00  1.91120900E-028
  4.519000E+00  1.92890146E-028
  4.571000E+00  1.94621712E-028
  4.624000E+00  1.96436101E-028
  4.677000E+00  1.98183889E-028
  4.732000E+00  2.00045446E-028
  4.786000E+00  2.01821593E-028
  4.842000E+00  2.03611230E-028
  4.898000E+00  2.05440023E-028
  4.955000E+00  2.07234164E-028
  5.012000E+00  2.08975685E-028
  5.070000E+00  2.10691741E-028
  5.129000E+00  2.12397313E-028
  5.188000E+00  2.14037723E-028
  5.248000E+00  2.15650496E-028
  5.309000E+00  2.17252884E-028
  5.370000E+00  2.18786318E-028
  5.432000E+00  2.20310891E-028
  5.495000E+00  2.21905125E-028
  5.559000E+00  2.23391641E-028
  5.623000E+00  2.24810970E-028
  5.688000E+00  2.26236338E-028
  5.754000E+00  2.27619622E-028
  5.821000E+00  2.28896644E-028
  5.888000E+00  2.30238388E-028
  5.957000E+00  2.31570415E-028
  6.026000E+00  2.32875163E-028
  6.095000E+00  2.34043254E-028
  6.166000E+00  2.35328951E-028
  6.237000E+00  2.36479736E-028
  6.310000E+00  2.37636497E-028
  6.383000E+00  2.38789087E-028
  6.457000E+00  2.39934228E-028
  6.531000E+00  2.40966478E-028
  6.607000E+00  2.42043755E-028
  6.683000E+00  2.43047170E-028
  6.761000E+00  2.44365748E-028
  6.839000E+00  2.50377178E-028
  6.918000E+00  2.47042899E-028
  6.998000E+00  2.46989203E-028
  7.080000E+00  2.47849430E-028
  7.161000E+00  2.48773634E-028
  7.244000E+00  2.49659595E-028
  7.328000E+00  2.50424670E-028
  7.413000E+00  2.51267719E-028
  7.499000E+00  2.52118305E-028
  7.586000E+00  2.52817091E-028
  7.674000E+00  2.53600897E-028
  7.762000E+00  2.53597317E-028
  7.852000E+00  2.54705421E-028
  7.943000E+00  2.58177203E-028
  8.035000E+00  2.64436711E-028
  8.128000E+00  2.73450203E-028
  8.222000E+00  2.85943826E-028
  8.318000E+00  3.05666888E-028
  8.414000E+00  3.24028639E-028
  8.511000E+00  3.41438220E-028
  8.610000E+00  3.51761630E-028
  8.710000E+00  3.70518432E-028
  8.811000E+00  4.06704049E-028
  8.913000E+00  4.43655651E-028
  9.016000E+00  4.78012245E-028
  9.120000E+00  5.15220085E-028
  9.226000E+00  5.54229728E-028
  9.333000E+00  5.90052272E-028
  9.441000E+00  6.18826437E-028
  9.550000E+00  6.39896573E-028
  9.660000E+00  6.53352512E-028
  9.772000E+00  6.59525482E-028
  9.885000E+00  6.58291034E-028
  1.000000E+01  6.49948381E-028
  1.012000E+01  6.34590845E-028
  1.023000E+01  6.17028960E-028
  1.035000E+01  5.97155675E-028
  1.047000E+01  5.78247474E-028
  1.059000E+01  5.60237524E-028
  1.072000E+01  5.41544212E-028
  1.084000E+01  5.24709696E-028
  1.097000E+01  5.06250315E-028
  1.109000E+01  4.88589620E-028
  1.122000E+01  4.68037447E-028
  1.135000E+01  4.45902498E-028
  1.148000E+01  4.26542199E-028
  1.161000E+01  4.09554297E-028
  1.175000E+01  3.92758802E-028
  1.189000E+01  3.76257070E-028
  1.202000E+01  3.60567097E-028
  1.216000E+01  3.44117691E-028
  1.230000E+01  3.29519552E-028
  1.244000E+01  3.18113070E-028
  1.259000E+01  3.10927800E-028
  1.273000E+01  3.08771352E-028
  1.288000E+01  3.09078394E-028
  1.303000E+01  3.08553503E-028
  1.318000E+01  3.08747941E-028
  1.334000E+01  3.09079778E-028
  1.349000E+01  3.09378296E-028
  1.365000E+01  3.10094029E-028
  1.380000E+01  3.11204993E-028
  1.396000E+01  3.13016036E-028
  1.412000E+01  3.15542059E-028
  1.429000E+01  3.19050937E-028
  1.445000E+01  3.23282038E-028
  1.462000E+01  3.28872634E-028
  1.479000E+01  3.35746207E-028
  1.496000E+01  3.43928370E-028
  1.514000E+01  3.53816855E-028
  1.531000E+01  3.64219122E-028
  1.549000E+01  3.76228028E-028
  1.567000E+01  3.88993820E-028
  1.585000E+01  4.02290596E-028
  1.603000E+01  4.16030985E-028
  1.622000E+01  4.30668011E-028
  1.641000E+01  4.45245397E-028
  1.660000E+01  4.59442771E-028
  1.679000E+01  4.73037243E-028
  1.698000E+01  4.85705121E-028
  1.718000E+01  4.97919214E-028
  1.738000E+01  5.08965282E-028
  1.758000E+01  5.18895173E-028
  1.778000E+01  5.27635113E-028
  1.799000E+01  5.35622220E-028
  1.820000E+01  5.42402592E-028
  1.841000E+01  5.47871003E-028
  1.862000E+01  5.52153875E-028
  1.884000E+01  5.55291588E-028
  1.906000E+01  5.57116108E-028
  1.927000E+01  5.58229764E-028
  1.950000E+01  5.58471145E-028
  1.972000E+01  5.58403171E-028
  1.995000E+01  5.58220851E-028
  2.018000E+01  5.60024384E-028
  2.042000E+01  5.62794597E-028
  2.065000E+01  5.66532465E-028
  2.089000E+01  5.71603990E-028
  2.114000E+01  5.77915443E-028
  2.138000E+01  5.84410325E-028
  2.163000E+01  5.91794821E-028
  2.188000E+01  5.99572963E-028
  2.213000E+01  6.07249069E-028
  2.239000E+01  6.14952074E-028
  2.265000E+01  6.23117297E-028
  2.291000E+01  6.31284566E-028
  2.317000E+01  6.39483335E-028
  2.344000E+01  6.49643328E-028
  2.371000E+01  6.60451612E-028
  2.399000E+01  6.73193859E-028
  2.427000E+01  6.87253039E-028
  2.455000E+01  7.02946159E-028
  2.483000E+01  7.19725822E-028
  2.512000E+01  7.38596564E-028
  2.541000E+01  7.59582850E-028
  2.570000E+01  7.82162180E-028
  2.600000E+01  8.06883411E-028
  2.630000E+01  8.33363091E-028
  2.661000E+01  8.62644285E-028
  2.692000E+01  8.94494906E-028
  2.723000E+01  9.27376263E-028
  2.754000E+01  9.62919827E-028
  2.786000E+01  1.00141845E-027
  2.818000E+01  1.04217522E-027
  2.851000E+01  1.08661127E-027
  2.884000E+01  1.13355961E-027
  2.917000E+01  1.18339751E-027
  2.951000E+01  1.23659993E-027
  2.985000E+01  1.29350411E-027
  3.020000E+01  1.35509015E-027
  3.055000E+01  1.41918021E-027
  3.090000E+01  1.48643056E-027
  3.126000E+01  1.55891644E-027
  3.162000E+01  1.63527061E-027
  3.199000E+01  1.71743237E-027
  3.236000E+01  1.80209062E-027
  3.273000E+01  1.89185551E-027
  3.311000E+01  1.98954010E-027
  3.350000E+01  2.09181944E-027
  3.388000E+01  2.19568486E-027
  3.428000E+01  2.31130374E-027
  3.467000E+01  2.42882763E-027
  3.508000E+01  2.55630523E-027
  3.548000E+01  2.68705170E-027
  3.589000E+01  2.82708081E-027
  3.631000E+01  2.97639586E-027
  3.673000E+01  3.12943131E-027
  3.715000E+01  3.29144022E-027
  3.758000E+01  3.46315000E-027
  3.802000E+01  3.64383049E-027
  3.846000E+01  3.83414521E-027
  3.890000E+01  4.03186645E-027
  3.935000E+01  4.24181202E-027
  3.981000E+01  4.46466379E-027
  4.027000E+01  4.69947304E-027
  4.074000E+01  4.94241810E-027
  4.121000E+01  5.20106211E-027
  4.169000E+01  5.47586671E-027
  4.217000E+01  5.75754336E-027
  4.266000E+01  6.05620362E-027
  4.315000E+01  6.37024417E-027
  4.365000E+01  6.70321619E-027
  4.416000E+01  7.05611753E-027
  4.467000E+01  7.42797940E-027
  4.519000E+01  7.81154797E-027
  4.571000E+01  8.22042712E-027
  4.624000E+01  8.65399920E-027
  4.677000E+01  9.10449187E-027
  4.731000E+01  9.58150835E-027
  4.786000E+01  1.00865045E-026
  4.842000E+01  1.06135669E-026
  4.898000E+01  1.11843816E-026
  4.954000E+01  1.17616090E-026
  5.012000E+01  1.23853069E-026
  5.070000E+01  1.30424518E-026
  5.129000E+01  1.37360892E-026
  5.188000E+01  1.44579312E-026
  5.248000E+01  1.52188505E-026
  5.309000E+01  1.60236076E-026
  5.370000E+01  1.68682920E-026
  5.433000E+01  1.77751095E-026
  5.495000E+01  1.86996956E-026
  5.559000E+01  1.96905553E-026
  5.623000E+01  2.07171891E-026
  5.688000E+01  2.18090432E-026
  5.754000E+01  2.29456688E-026
  5.821000E+01  2.41525942E-026
  5.888000E+01  2.54024762E-026
  5.957000E+01  2.67318272E-026
  6.026000E+01  2.81220771E-026
  6.095000E+01  2.95397322E-026
  6.166000E+01  3.10624228E-026
  6.237000E+01  3.26079108E-026
  6.310000E+01  3.42676377E-026
  6.383000E+01  3.59722271E-026
  6.457000E+01  3.77747447E-026
  6.531000E+01  3.95958704E-026
  6.607000E+01  4.15422995E-026
  6.683000E+01  4.35047617E-026
  6.761000E+01  4.55963131E-026
  6.839000E+01  4.77308098E-026
  6.918000E+01  4.99384122E-026
  6.998000E+01  5.22126475E-026
  7.079000E+01  5.45583893E-026
  7.161000E+01  5.70132450E-026
  7.244000E+01  5.94922273E-026
  7.328000E+01  6.20795279E-026
  7.413000E+01  6.47264211E-026
  7.499000E+01  6.73923263E-026
  7.586000E+01  7.01640732E-026
  7.674000E+01  7.29945800E-026
  7.762000E+01  7.58873283E-026
  7.852000E+01  7.88056829E-026
  7.943000E+01  8.17816891E-026
  8.035000E+01  8.48463194E-026
  8.128000E+01  8.78820454E-026
  8.222000E+01  9.10242553E-026
  8.318000E+01  9.41570991E-026
  8.414000E+01  9.73432938E-026
  8.511000E+01  1.00537030E-025
  8.610000E+01  1.03778617E-025
  8.710000E+01  1.07033434E-025
  8.811000E+01  1.10272991E-025
  8.912000E+01  1.13494516E-025
  9.016000E+01  1.16834270E-025
  9.120000E+01  1.20033300E-025
  9.226000E+01  1.23243178E-025
  9.332000E+01  1.26477380E-025
  9.441000E+01  1.29658165E-025
  9.550000E+01  1.32836248E-025
  9.661000E+01  1.35998316E-025
  9.772000E+01  1.38996652E-025
  9.886000E+01  1.42061442E-025
  1.000000E+02  1.45037880E-025
  1.012000E+02  1.48059596E-025
  1.023000E+02  1.50735584E-025
  1.035000E+02  1.53550355E-025
  1.047000E+02  1.56227266E-025
  1.059000E+02  1.58820192E-025
  1.072000E+02  1.61466485E-025
  1.084000E+02  1.63790812E-025
  1.097000E+02  1.66268314E-025
  1.109000E+02  1.68355698E-025
  1.122000E+02  1.70453108E-025
  1.135000E+02  1.72419064E-025
  1.148000E+02  1.74372542E-025
  1.161000E+02  1.76064158E-025
  1.175000E+02  1.77840056E-025
  1.188000E+02  1.79284031E-025
  1.202000E+02  1.80750343E-025
  1.216000E+02  1.81951824E-025
  1.230000E+02  1.83163800E-025
  1.244000E+02  1.84180215E-025
  1.259000E+02  1.85046926E-025
  1.273000E+02  1.85801470E-025
  1.288000E+02  1.86448413E-025
  1.303000E+02  1.86964914E-025
  1.318000E+02  1.87239653E-025
  1.334000E+02  1.87477841E-025
  1.349000E+02  1.87589043E-025
  1.365000E+02  1.87553083E-025
  1.380000E+02  1.87397995E-025
  1.396000E+02  1.87094384E-025
  1.412000E+02  1.86687491E-025
  1.429000E+02  1.86109180E-025
  1.445000E+02  1.85462692E-025
  1.462000E+02  1.84642933E-025
  1.479000E+02  1.83734650E-025
  1.496000E+02  1.82697563E-025
  1.514000E+02  1.81521325E-025
  1.531000E+02  1.80292340E-025
  1.549000E+02  1.78930572E-025
  1.567000E+02  1.77456139E-025
  1.585000E+02  1.75924631E-025
  1.603000E+02  1.74418425E-025
  1.622000E+02  1.72612943E-025
  1.641000E+02  1.70765963E-025
  1.660000E+02  1.68885701E-025
  1.679000E+02  1.66882746E-025
  1.698000E+02  1.65014190E-025
  1.718000E+02  1.62822584E-025
  1.738000E+02  1.60617242E-025
  1.758000E+02  1.58403179E-025
  1.778000E+02  1.56248198E-025
  1.799000E+02  1.53834643E-025
  1.820000E+02  1.51429120E-025
  1.841000E+02  1.49082444E-025
  1.862000E+02  1.46618707E-025
  1.884000E+02  1.44060942E-025
  1.906000E+02  1.41565841E-025
  1.928000E+02  1.39033225E-025
  1.950000E+02  1.36477946E-025
  1.972000E+02  1.34008828E-025
  1.995000E+02  1.31379150E-025
  2.018000E+02  1.28755689E-025
  2.042000E+02  1.26109592E-025
  2.065000E+02  1.23540937E-025
  2.089000E+02  1.20963245E-025
  2.114000E+02  1.18216274E-025
  2.138000E+02  1.15713059E-025
  2.163000E+02  1.13055144E-025
  2.188000E+02  1.10423118E-025
  2.213000E+02  1.07935806E-025
  2.239000E+02  1.05307797E-025
  2.265000E+02  1.02785636E-025
  2.291000E+02  1.00270730E-025
  2.317000E+02  9.78610646E-026
  2.344000E+02  9.53323678E-026
  2.371000E+02  9.29118641E-026
  2.399000E+02  9.04237543E-026
  2.427000E+02  8.80444048E-026
  2.455000E+02  8.56859957E-026
  2.483000E+02  8.34012478E-026
  2.512000E+02  8.10648747E-026
  2.541000E+02  7.88340592E-026
  2.570000E+02  7.66343400E-026
  2.600000E+02  7.44329723E-026
  2.630000E+02  7.22678484E-026
  2.661000E+02  7.01377207E-026
  2.691000E+02  6.81155504E-026
  2.723000E+02  6.60267258E-026
  2.754000E+02  6.40897241E-026
  2.786000E+02  6.21025057E-026
  2.818000E+02  6.02416654E-026
  2.851000E+02  5.83373271E-026
  2.884000E+02  5.65015204E-026
  2.917000E+02  5.47097620E-026
  2.951000E+02  5.29836655E-026
  2.985000E+02  5.12524035E-026
  3.020000E+02  4.95846707E-026
  3.055000E+02  4.79709985E-026
  3.090000E+02  4.63797490E-026
  3.126000E+02  4.48513192E-026
  3.162000E+02  4.33226823E-026
  3.199000E+02  4.18573613E-026
  3.236000E+02  4.04152573E-026
  3.273000E+02  3.90507892E-026
  3.311000E+02  3.77182068E-026
  3.350000E+02  3.63749063E-026
  3.388000E+02  3.51202054E-026
  3.428000E+02  3.38428307E-026
  3.467000E+02  3.26841758E-026
  3.508000E+02  3.14936000E-026
  3.548000E+02  3.03724219E-026
  3.589000E+02  2.92707559E-026
  3.631000E+02  2.81837731E-026
  3.673000E+02  2.71582973E-026
  3.715000E+02  2.61883137E-026
  3.758000E+02  2.52019243E-026
  3.802000E+02  2.42653158E-026
  3.846000E+02  2.33371586E-026
  3.890000E+02  2.24755689E-026
  3.935000E+02  2.16305088E-026
  3.981000E+02  2.08012872E-026
  4.027000E+02  2.00082587E-026
  4.074000E+02  1.92312759E-026
  4.121000E+02  1.85002875E-026
  4.169000E+02  1.77743906E-026
  4.217000E+02  1.70787074E-026
  4.266000E+02  1.64215180E-026
  4.315000E+02  1.57827335E-026
  4.365000E+02  1.51490071E-026
  4.416000E+02  1.45516897E-026
  4.467000E+02  1.39708363E-026
  4.519000E+02  1.34147222E-026
  4.571000E+02  1.28837070E-026
  4.624000E+02  1.23585921E-026
  4.677000E+02  1.18652167E-026
  4.731000E+02  1.13931587E-026
  4.786000E+02  1.09194226E-026
  4.842000E+02  1.04743700E-026
  4.898000E+02  1.00431323E-026
  4.955000E+02  9.63147795E-027
  5.012000E+02  9.23890368E-027
  5.070000E+02  8.85219844E-027
  5.129000E+02  8.48347769E-027
  5.188000E+02  8.13828888E-027
  5.248000E+02  7.79257250E-027
  5.309000E+02  7.46902828E-027
  5.370000E+02  7.16086630E-027
  5.432000E+02  6.85798184E-027
  5.495000E+02  6.56968713E-027
  5.559000E+02  6.28683669E-027
  5.623000E+02  6.02196009E-027
  5.688000E+02  5.77066735E-027
  5.754000E+02  5.51973002E-027
  5.821000E+02  5.28564585E-027
  5.888000E+02  5.05896239E-027
  5.957000E+02  4.83790866E-027
  6.026000E+02  4.63115535E-027
  6.095000E+02  4.43466060E-027
  6.166000E+02  4.23963671E-027
  6.237000E+02  4.05725280E-027
  6.310000E+02  3.87931204E-027
  6.383000E+02  3.71084529E-027
  6.457000E+02  3.54835552E-027
  6.531000E+02  3.39681719E-027
  6.607000E+02  3.24412208E-027
  6.683000E+02  3.10409438E-027
  6.761000E+02  2.96568173E-027
  6.839000E+02  2.83641836E-027
  6.918000E+02  2.71217819E-027
  6.998000E+02  2.59107962E-027
  7.080000E+02  2.47523337E-027
  7.161000E+02  2.36662383E-027
  7.244000E+02  2.26172000E-027
  7.328000E+02  2.16055149E-027
  7.413000E+02  2.06549096E-027
  7.499000E+02  1.97113231E-027
  7.586000E+02  1.88379725E-027
  7.674000E+02  1.80011098E-027
  7.762000E+02  1.71966859E-027
  7.852000E+02  1.64124775E-027
  7.943000E+02  1.56773399E-027
  8.035000E+02  1.49633166E-027
  8.128000E+02  1.42985149E-027
  8.222000E+02  1.36550644E-027
  8.318000E+02  1.30269358E-027
  8.414000E+02  1.24422351E-027
  8.511000E+02  1.18828928E-027
  8.610000E+02  1.13348654E-027
  8.710000E+02  1.08210159E-027
  8.810000E+02  1.03345955E-027
  8.912000E+02  9.85940891E-028
  9.016000E+02  9.40780988E-028
  9.120000E+02  8.98240166E-028
  9.226000E+02  8.56563726E-028
  9.333000E+02  8.17522626E-028
  9.441000E+02  7.80233053E-028
  9.550000E+02  7.44248754E-028
  9.660000E+02  7.10381323E-028
  9.772000E+02  6.77847747E-028
  9.885000E+02  6.46444030E-028
  1.000000E+03  6.16668778E-028
  1.012000E+03  5.87307594E-028
  1.023000E+03  5.61630626E-028
  1.035000E+03  5.35498054E-028
  1.047000E+03  5.10806076E-028
  1.059000E+03  4.87243622E-028
  1.072000E+03  4.63462032E-028
  1.084000E+03  4.42752072E-028
  1.096000E+03  4.22941524E-028
  1.109000E+03  4.02930878E-028
  1.122000E+03  3.84091653E-028
  1.135000E+03  3.66101817E-028
  1.148000E+03  3.49341215E-028
  1.161000E+03  3.33493374E-028
  1.175000E+03  3.17206887E-028
  1.188000E+03  3.03120305E-028
  1.202000E+03  2.88814310E-028
  1.216000E+03  2.75161481E-028
  1.230000E+03  2.62451080E-028
  1.244000E+03  2.50438751E-028
  1.259000E+03  2.38168213E-028
  1.274000E+03  2.26762593E-028
  1.288000E+03  2.16730881E-028
  1.303000E+03  2.06430587E-028
  1.318000E+03  1.96868890E-028
  1.334000E+03  1.87274602E-028
  1.349000E+03  1.78647978E-028
  1.365000E+03  1.70110741E-028
  1.380000E+03  1.62566815E-028
  1.396000E+03  1.54858230E-028
  1.412000E+03  1.47685846E-028
  1.429000E+03  1.40514409E-028
  1.445000E+03  1.34058804E-028
  1.462000E+03  1.27691026E-028
  1.479000E+03  1.21686738E-028
  1.496000E+03  1.15958298E-028
  1.514000E+03  1.10320213E-028
  1.531000E+03  1.05297675E-028
  1.549000E+03  1.00223872E-028
  1.567000E+03  9.55056973E-029
  1.585000E+03  9.10667321E-029
  1.603000E+03  8.68046301E-029
  1.622000E+03  8.26445908E-029
  1.641000E+03  7.87139973E-029
  1.660000E+03  7.49669520E-029
  1.679000E+03  7.14909314E-029
  1.698000E+03  6.82083027E-029
  1.718000E+03  6.49044929E-029
  1.738000E+03  6.18331570E-029
  1.758000E+03  5.89448821E-029
  1.778000E+03  5.61809343E-029
  1.799000E+03  5.34906351E-029
  1.820000E+03  5.09551894E-029
  1.841000E+03  4.85322264E-029
  1.862000E+03  4.62842032E-029
  1.884000E+03  4.40630533E-029
  1.906000E+03  4.19429176E-029
  1.928000E+03  3.99770493E-029
  1.950000E+03  3.81219204E-029
  1.972000E+03  3.63459008E-029
  1.995000E+03  3.46248134E-029
  2.018000E+03  3.29538694E-029
  2.042000E+03  3.13292910E-029
  2.065000E+03  2.98620626E-029
  2.089000E+03  2.84042520E-029
  2.114000E+03  2.69901708E-029
  2.138000E+03  2.57158118E-029
  2.163000E+03  2.44484253E-029
  2.188000E+03  2.32709580E-029
  2.213000E+03  2.21612980E-029
  2.239000E+03  2.10601593E-029
  2.265000E+03  2.00408709E-029
  2.291000E+03  1.90801056E-029
  2.317000E+03  1.81632684E-029
  2.344000E+03  1.72780740E-029
  2.371000E+03  1.64444893E-029
  2.399000E+03  1.56229173E-029
  2.427000E+03  1.48602141E-029
  2.455000E+03  1.41421033E-029
  2.483000E+03  1.34565004E-029
  2.512000E+03  1.27968926E-029
  2.541000E+03  1.21759961E-029
  2.570000E+03  1.15852730E-029
  2.600000E+03  1.10177929E-029
  2.630000E+03  1.04835006E-029
  2.661000E+03  9.95733876E-030
  2.692000E+03  9.46889348E-030
  2.723000E+03  9.01070717E-030
  2.754000E+03  8.57341438E-030
  2.786000E+03  8.15392644E-030
  2.818000E+03  7.75908051E-030
  2.851000E+03  7.37578889E-030
  2.884000E+03  7.01054119E-030
  2.917000E+03  6.67247782E-030
  2.951000E+03  6.34456050E-030
  2.985000E+03  6.03188116E-030
  3.020000E+03  5.73310456E-030
  3.055000E+03  5.45201673E-030
  3.090000E+03  5.18740784E-030
  3.126000E+03  4.92892198E-030
  3.162000E+03  4.68889999E-030
  3.199000E+03  4.45679792E-030
  3.236000E+03  4.23558971E-030
  3.273000E+03  4.03015985E-030
  3.311000E+03  3.83155906E-030
  3.350000E+03  3.64047284E-030
  3.388000E+03  3.46323970E-030
  3.428000E+03  3.28930386E-030
  3.467000E+03  3.13034861E-030
  3.508000E+03  2.97175695E-030
  3.548000E+03  2.82757703E-030
  3.589000E+03  2.68901684E-030
  3.631000E+03  2.55496668E-030
  3.673000E+03  2.42778083E-030
  3.715000E+03  2.30966630E-030
  3.758000E+03  2.19586853E-030
  3.802000E+03  2.08637312E-030
  3.846000E+03  1.98249172E-030
  3.890000E+03  1.88564673E-030
  3.936000E+03  1.79082518E-030
  3.981000E+03  1.70358652E-030
  4.027000E+03  1.61858415E-030
  4.074000E+03  1.53799965E-030
  4.121000E+03  1.46220897E-030
  4.169000E+03  1.38973199E-030
  4.217000E+03  1.32066502E-030
  4.266000E+03  1.25495445E-030
  4.315000E+03  1.19341770E-030
  4.365000E+03  1.13434436E-030
  4.416000E+03  1.07697032E-030
  4.467000E+03  1.02397689E-030
  4.519000E+03  9.72925346E-031
  4.571000E+03  9.25134203E-031
  4.624000E+03  8.78522636E-031
  4.677000E+03  8.35451542E-031
  4.732000E+03  7.93436002E-031
  4.786000E+03  7.54628152E-031
  4.842000E+03  7.16482200E-031
  4.898000E+03  6.80924294E-031
  4.954000E+03  6.47635065E-031
  5.012000E+03  6.15059260E-031
  5.070000E+03  5.84573066E-031
  5.129000E+03  5.55064190E-031
  5.188000E+03  5.27669547E-031
  5.248000E+03  5.01468977E-031
  5.309000E+03  4.76548263E-031
  5.370000E+03  4.52694516E-031
  5.432000E+03  4.30306056E-031
  5.495000E+03  4.08914829E-031
  5.559000E+03  3.88385316E-031
  5.623000E+03  3.69182729E-031
  5.688000E+03  3.50608241E-031
  5.754000E+03  3.33198932E-031
  5.821000E+03  3.16500835E-031
  5.888000E+03  3.00802480E-031
  5.957000E+03  2.85495381E-031
  6.026000E+03  2.71298052E-031
  6.095000E+03  2.57944348E-031
  6.166000E+03  2.45024414E-031
  6.237000E+03  2.32879377E-031
  6.310000E+03  2.20995466E-031
  6.383000E+03  2.09972298E-031
  6.456000E+03  1.99663003E-031
  6.531000E+03  1.89647396E-031
  6.607000E+03  1.80162516E-031
  6.683000E+03  1.71131080E-031
  6.761000E+03  1.62533514E-031
  6.839000E+03  1.54453147E-031
  6.918000E+03  1.46758383E-031
  6.998000E+03  1.39433084E-031
  7.080000E+03  1.32289946E-031
  7.161000E+03  1.25782270E-031
  7.244000E+03  1.19474681E-031
  7.328000E+03  1.13510138E-031
  7.413000E+03  1.07837336E-031
  7.499000E+03  1.02374359E-031
  7.586000E+03  9.72490088E-032
  7.674000E+03  9.23767301E-032
  7.762000E+03  8.77964617E-032
  7.852000E+03  8.33925231E-032
  7.943000E+03  7.92333915E-032
  8.035000E+03  7.52065558E-032
  8.128000E+03  7.14545916E-032
  8.222000E+03  6.78897764E-032
  8.318000E+03  6.44682550E-032
  8.414000E+03  6.12533867E-032
  8.511000E+03  5.81611990E-032
  8.610000E+03  5.52341212E-032
  8.710000E+03  5.24564318E-032
  8.810000E+03  4.98616279E-032
  8.912000E+03  4.73577853E-032
  9.016000E+03  4.49743680E-032
  9.120000E+03  4.27064149E-032
  9.226000E+03  4.05487802E-032
  9.332000E+03  3.85340549E-032
  9.441000E+03  3.65873841E-032
  9.550000E+03  3.47580746E-032
  9.660000E+03  3.30343717E-032
  9.772000E+03  3.13527506E-032
  9.886000E+03  2.97658581E-032
  1.000000E+04  2.82845733E-032
  1.012000E+04  2.68118201E-032
  1.023000E+04  2.55496713E-032
  1.035000E+04  2.42544762E-032
  1.047000E+04  2.30223801E-032
  1.059000E+04  2.18719676E-032
  1.072000E+04  2.07163886E-032
  1.084000E+04  1.97105202E-032
  1.096000E+04  1.87622699E-032
  1.109000E+04  1.77965177E-032
  1.122000E+04  1.68852298E-032
  1.135000E+04  1.60342291E-032
  1.148000E+04  1.52401444E-032
  1.161000E+04  1.44875881E-032
  1.175000E+04  1.37323484E-032
  1.188000E+04  1.30732991E-032
  1.202000E+04  1.23975364E-032
  1.216000E+04  1.17712540E-032
  1.230000E+04  1.11827719E-032
  1.244000E+04  1.06294469E-032
  1.259000E+04  1.00769189E-032
  1.274000E+04  9.55497691E-033
  1.288000E+04  9.09136446E-033
  1.303000E+04  8.63316425E-033
  1.318000E+04  8.20301272E-033
  1.334000E+04  7.76959203E-033
  1.349000E+04  7.39017748E-033
  1.365000E+04  7.01023548E-033
  1.380000E+04  6.67549459E-033
  1.396000E+04  6.33512253E-033
  1.412000E+04  6.01945280E-033
  1.429000E+04  5.70462222E-033
  1.445000E+04  5.42832165E-033
  1.462000E+04  5.15048823E-033
  1.479000E+04  4.88942256E-033
  1.496000E+04  4.64329110E-033
  1.514000E+04  4.40137021E-033
  1.531000E+04  4.18528341E-033
  1.549000E+04  3.97196314E-033
  1.567000E+04  3.77168844E-033
  1.585000E+04  3.58353467E-033
  1.603000E+04  3.40656386E-033
  1.622000E+04  3.22896539E-033
  1.641000E+04  3.06438900E-033
  1.660000E+04  2.91003547E-033
  1.679000E+04  2.76597389E-033
  1.698000E+04  2.62936531E-033
  1.718000E+04  2.49432669E-033
  1.738000E+04  2.36847671E-033
  1.758000E+04  2.24900387E-033
  1.778000E+04  2.13705943E-033
  1.799000E+04  2.02757106E-033
  1.820000E+04  1.92482731E-033
  1.841000E+04  1.82834228E-033
  1.862000E+04  1.73766936E-033
  1.884000E+04  1.64726771E-033
  1.906000E+04  1.56352726E-033
  1.928000E+04  1.48499228E-033
  1.950000E+04  1.41106173E-033
  1.972000E+04  1.34156714E-033
  1.995000E+04  1.27387068E-033
  2.018000E+04  1.20892504E-033
  2.042000E+04  1.14669426E-033
  2.065000E+04  1.09013683E-033
  2.089000E+04  1.03517043E-033
  2.114000E+04  9.81486923E-034
  2.138000E+04  9.33051973E-034
  2.163000E+04  8.85051527E-034
  2.188000E+04  8.40153416E-034
  2.213000E+04  7.98360392E-034
  2.239000E+04  7.57919179E-034
  2.265000E+04  7.19600409E-034
  2.291000E+04  6.83114385E-034
  2.317000E+04  6.49257659E-034
  2.344000E+04  6.16568699E-034
  2.371000E+04  5.85528029E-034
  2.399000E+04  5.55315486E-034
  2.427000E+04  5.26905899E-034
  2.455000E+04  5.00563317E-034
  2.483000E+04  4.75528261E-034
  2.512000E+04  4.51437333E-034
  2.541000E+04  4.28801752E-034
  2.570000E+04  4.07264965E-034
  2.600000E+04  3.86602109E-034
  2.630000E+04  3.67193418E-034
  2.661000E+04  3.48130278E-034
  2.692000E+04  3.30465308E-034
  2.723000E+04  3.13872295E-034
  2.754000E+04  2.98259269E-034
  2.786000E+04  2.83128603E-034
  2.818000E+04  2.69074412E-034
  2.851000E+04  2.55142458E-034
  2.884000E+04  2.42371415E-034
  2.917000E+04  2.30215502E-034
  2.951000E+04  2.18456147E-034
  2.985000E+04  2.07672531E-034
  3.020000E+04  1.95110177E-034
  3.055000E+04  1.73942958E-034
  3.090000E+04  1.45600095E-034
  3.126000E+04  1.17386266E-034
  3.162000E+04  9.40822745E-035
  3.199000E+04  7.58747964E-035
  3.236000E+04  6.22862551E-035
  3.273000E+04  5.20353463E-035
  3.311000E+04  4.40419721E-035
  3.350000E+04  3.77067359E-035
  3.388000E+04  3.28083629E-035
  3.428000E+04  2.86844672E-035
  3.467000E+04  2.53883501E-035
  3.508000E+04  2.25453394E-035
  3.548000E+04  2.02082928E-035
  3.589000E+04  1.81961590E-035
  3.631000E+04  1.64207696E-035
  3.673000E+04  1.48950943E-035
  3.715000E+04  1.35818141E-035
  3.758000E+04  1.23941820E-035
  3.802000E+04  1.13288379E-035
  3.846000E+04  1.03994831E-035
  3.890000E+04  9.56886007E-036
  3.936000E+04  8.79706307E-036
  3.981000E+04  8.11947937E-036
