# Zubko/ZDA BARE-GR-S model SED (this work), Mathis ISRF U =  1.00
# solver = heuristic
# artificial EUV component below the Lyman limit: W*B_lambda(T), T =  1.000E+05 K, W =  2.000E-19
# columns: lambda[um]  lamI_total/NH  lamI_PAH/NH  lamI_GRA/NH  lamI_SIL/NH
#          [erg s^-1 cm^-2 sr^-1 H^-1]
  1.000000E-03   0.00000000E+00   0.00000000E+00   0.00000000E+00   0.00000000E+00
  1.013520E-03   0.00000000E+00   0.00000000E+00   0.00000000E+00   0.00000000E+00
  1.027230E-03   0.00000000E+00   0.00000000E+00   0.00000000E+00   0.00000000E+00
  1.041120E-03   0.00000000E+00   0.00000000E+00   0.00000000E+00   0.00000000E+00
  1.055200E-03   0.00000000E+00   0.00000000E+00   0.00000000E+00   0.00000000E+00
  1.069470E-03   0.00000000E+00   0.00000000E+00   0.00000000E+00   0.00000000E+00
  1.083930E-03   0.00000000E+00   0.00000000E+00   0.00000000E+00   0.00000000E+00
  1.098580E-03   0.00000000E+00   0.00000000E+00   0.00000000E+00   0.00000000E+00
  1.113440E-03   0.00000000E+00   0.00000000E+00   0.00000000E+00   0.00000000E+00
  1.128500E-03   0.00000000E+00   0.00000000E+00   0.00000000E+00   0.00000000E+00
  1.143760E-03   0.00000000E+00   0.00000000E+00   0.00000000E+00   0.00000000E+00
  1.159220E-03   0.00000000E+00   0.00000000E+00   0.00000000E+00   0.00000000E+00
  1.174900E-03   0.00000000E+00   0.00000000E+00   0.00000000E+00   0.00000000E+00
  1.190780E-03   0.00000000E+00   0.00000000E+00   0.00000000E+00   0.00000000E+00
  1.206890E-03   0.00000000E+00   0.00000000E+00   0.00000000E+00   0.00000000E+00
  1.223210E-03   0.00000000E+00   0.00000000E+00   0.00000000E+00   0.00000000E+00
  1.239750E-03   0.00000000E+00   0.00000000E+00   0.00000000E+00   0.00000000E+00
  1.256510E-03   0.00000000E+00   0.00000000E+00   0.00000000E+00   0.00000000E+00
  1.273500E-03   0.00000000E+00   0.00000000E+00   0.00000000E+00   0.00000000E+00
  1.290720E-03   0.00000000E+00   0.00000000E+00   0.00000000E+00   0.00000000E+00
  1.308180E-03   0.00000000E+00   0.00000000E+00   0.00000000E+00   0.00000000E+00
  1.325870E-03   0.00000000E+00   0.00000000E+00   0.00000000E+00   0.00000000E+00
  1.343800E-03   0.00000000E+00   0.00000000E+00   0.00000000E+00   0.00000000E+00
  1.361970E-03   0.00000000E+00   0.00000000E+00   0.00000000E+00   0.00000000E+00
  1.380380E-03   0.00000000E+00   0.00000000E+00   0.00000000E+00   0.00000000E+00
  1.399050E-03   0.00000000E+00   0.00000000E+00   0.00000000E+00   0.00000000E+00
  1.417970E-03   0.00000000E+00   0.00000000E+00   0.00000000E+00   0.00000000E+00
  1.437140E-03   0.00000000E+00   0.00000000E+00   0.00000000E+00   0.00000000E+00
  1.456580E-03   0.00000000E+00   0.00000000E+00   0.00000000E+00   0.00000000E+00
  1.476270E-03   0.00000000E+00   0.00000000E+00   0.00000000E+00   0.00000000E+00
  1.496240E-03   0.00000000E+00   0.00000000E+00   0.00000000E+00   0.00000000E+00
  1.516470E-03   0.00000000E+00   0.00000000E+00   0.00000000E+00   0.00000000E+00
  1.536970E-03   0.00000000E+00   0.00000000E+00   0.00000000E+00   0.00000000E+00
  1.557760E-03   0.00000000E+00   0.00000000E+00   0.00000000E+00   0.00000000E+00
  1.578820E-03   0.00000000E+00   0.00000000E+00   0.00000000E+00   0.00000000E+00
  1.600170E-03   0.00000000E+00   0.00000000E+00   0.00000000E+00   0.00000000E+00
  1.621810E-03   0.00000000E+00   0.00000000E+00   0.00000000E+00   0.00000000E+00
  1.643740E-03   0.00000000E+00   0.00000000E+00   0.00000000E+00   0.00000000E+00
  1.665970E-03   0.00000000E+00   0.00000000E+00   0.00000000E+00   0.00000000E+00
  1.688500E-03   0.00000000E+00   0.00000000E+00   0.00000000E+00   0.00000000E+00
  1.711330E-03   0.00000000E+00   0.00000000E+00   0.00000000E+00   0.00000000E+00
  1.734470E-03   0.00000000E+00   0.00000000E+00   0.00000000E+00   0.00000000E+00
  1.757920E-03   0.00000000E+00   0.00000000E+00   0.00000000E+00   0.00000000E+00
  1.781690E-03   0.00000000E+00   0.00000000E+00   0.00000000E+00   0.00000000E+00
  1.805790E-03   0.00000000E+00   0.00000000E+00   0.00000000E+00   0.00000000E+00
  1.830210E-03   0.00000000E+00   0.00000000E+00   0.00000000E+00   0.00000000E+00
  1.854950E-03   0.00000000E+00   0.00000000E+00   0.00000000E+00   0.00000000E+00
  1.880040E-03   0.00000000E+00   0.00000000E+00   0.00000000E+00   0.00000000E+00
  1.905460E-03   0.00000000E+00   0.00000000E+00   0.00000000E+00   0.00000000E+00
  1.931230E-03   0.00000000E+00   0.00000000E+00   0.00000000E+00   0.00000000E+00
  1.957340E-03   0.00000000E+00   0.00000000E+00   0.00000000E+00   0.00000000E+00
  1.983810E-03   0.00000000E+00   0.00000000E+00   0.00000000E+00   0.00000000E+00
  2.010640E-03   0.00000000E+00   0.00000000E+00   0.00000000E+00   0.00000000E+00
  2.037820E-03   0.00000000E+00   0.00000000E+00   0.00000000E+00   0.00000000E+00
  2.065380E-03   0.00000000E+00   0.00000000E+00   0.00000000E+00   0.00000000E+00
  2.093310E-03   0.00000000E+00   0.00000000E+00   0.00000000E+00   0.00000000E+00
  2.121620E-03   0.00000000E+00   0.00000000E+00   0.00000000E+00   0.00000000E+00
  2.150300E-03   0.00000000E+00   0.00000000E+00   0.00000000E+00   0.00000000E+00
  2.179380E-03   0.00000000E+00   0.00000000E+00   0.00000000E+00   0.00000000E+00
  2.208850E-03   0.00000000E+00   0.00000000E+00   0.00000000E+00   0.00000000E+00
  2.238720E-03   0.00000000E+00   0.00000000E+00   0.00000000E+00   0.00000000E+00
  2.268990E-03   0.00000000E+00   0.00000000E+00   0.00000000E+00   0.00000000E+00
  2.299680E-03   0.00000000E+00   0.00000000E+00   0.00000000E+00   0.00000000E+00
  2.330770E-03   0.00000000E+00   0.00000000E+00   0.00000000E+00   0.00000000E+00
  2.362290E-03   0.00000000E+00   0.00000000E+00   0.00000000E+00   0.00000000E+00
  2.394230E-03   0.00000000E+00   0.00000000E+00   0.00000000E+00   0.00000000E+00
  2.426610E-03   0.00000000E+00   0.00000000E+00   0.00000000E+00   0.00000000E+00
  2.459420E-03   0.00000000E+00   0.00000000E+00   0.00000000E+00   0.00000000E+00
  2.492680E-03   0.00000000E+00   0.00000000E+00   0.00000000E+00   0.00000000E+00
  2.526390E-03   0.00000000E+00   0.00000000E+00   0.00000000E+00   0.00000000E+00
  2.560550E-03   0.00000000E+00   0.00000000E+00   0.00000000E+00   0.00000000E+00
  2.595180E-03   0.00000000E+00   0.00000000E+00   0.00000000E+00   0.00000000E+00
  2.630270E-03   0.00000000E+00   0.00000000E+00   0.00000000E+00   0.00000000E+00
  2.665840E-03   0.00000000E+00   0.00000000E+00   0.00000000E+00   0.00000000E+00
  2.701880E-03   0.00000000E+00   0.00000000E+00   0.00000000E+00   0.00000000E+00
  2.738420E-03   0.00000000E+00   0.00000000E+00   0.00000000E+00   0.00000000E+00
  2.775450E-03   0.00000000E+00   0.00000000E+00   0.00000000E+00   0.00000000E+00
  2.812980E-03   0.00000000E+00   0.00000000E+00   0.00000000E+00   0.00000000E+00
  2.851020E-03   0.00000000E+00   0.00000000E+00   0.00000000E+00   0.00000000E+00
  2.889570E-03   0.00000000E+00   0.00000000E+00   0.00000000E+00   0.00000000E+00
  2.928640E-03   0.00000000E+00   0.00000000E+00   0.00000000E+00   0.00000000E+00
  2.968250E-03   0.00000000E+00   0.00000000E+00   0.00000000E+00   0.00000000E+00
  3.008380E-03   0.00000000E+00   0.00000000E+00   0.00000000E+00   0.00000000E+00
  3.049070E-03   0.00000000E+00   0.00000000E+00   0.00000000E+00   0.00000000E+00
  3.090300E-03   0.00000000E+00   0.00000000E+00   0.00000000E+00   0.00000000E+00
  3.132080E-03   0.00000000E+00   0.00000000E+00   0.00000000E+00   0.00000000E+00
  3.174440E-03   0.00000000E+00   0.00000000E+00   0.00000000E+00   0.00000000E+00
  3.217360E-03   0.00000000E+00   0.00000000E+00   0.00000000E+00   0.00000000E+00
  3.260870E-03   0.00000000E+00   0.00000000E+00   0.00000000E+00   0.00000000E+00
  3.304960E-03   0.00000000E+00   0.00000000E+00   0.00000000E+00   0.00000000E+00
  3.349650E-03   0.00000000E+00   0.00000000E+00   0.00000000E+00   0.00000000E+00
  3.394950E-03   0.00000000E+00   0.00000000E+00   0.00000000E+00   0.00000000E+00
  3.440860E-03   0.00000000E+00   0.00000000E+00   0.00000000E+00   0.00000000E+00
  3.487390E-03   0.00000000E+00   0.00000000E+00   0.00000000E+00   0.00000000E+00
  3.534540E-03   0.00000000E+00   0.00000000E+00   0.00000000E+00   0.00000000E+00
  3.582340E-03   0.00000000E+00   0.00000000E+00   0.00000000E+00   0.00000000E+00
  3.630780E-03   0.00000000E+00   0.00000000E+00   0.00000000E+00   0.00000000E+00
  3.679880E-03   0.00000000E+00   0.00000000E+00   0.00000000E+00   0.00000000E+00
  3.729640E-03   0.00000000E+00   0.00000000E+00   0.00000000E+00   0.00000000E+00
  3.780070E-03   0.00000000E+00   0.00000000E+00   0.00000000E+00   0.00000000E+00
  3.831190E-03   0.00000000E+00   0.00000000E+00   0.00000000E+00   0.00000000E+00
  3.882990E-03   0.00000000E+00   0.00000000E+00   0.00000000E+00   0.00000000E+00
  3.935500E-03   0.00000000E+00   0.00000000E+00   0.00000000E+00   0.00000000E+00
  3.988720E-03   0.00000000E+00   0.00000000E+00   0.00000000E+00   0.00000000E+00
  4.042660E-03   0.00000000E+00   0.00000000E+00   0.00000000E+00   0.00000000E+00
  4.097320E-03   0.00000000E+00   0.00000000E+00   0.00000000E+00   0.00000000E+00
  4.152730E-03   8.76745674-318   1.75050917-318   7.80648424-319   6.23629915-318
  4.208880E-03   9.54585431-314   2.24358007-314   1.00053343-314   6.30174081-314
  4.265800E-03   7.18239390-310   1.07259980-310   4.78344907-311   5.63144920-310
  4.323480E-03   6.39782958-306   1.34380490-306   5.99275457-307   4.45474922-306
  4.381940E-03   3.19523261-302   5.00946838-304   2.23414660-304   3.12279646-302
  4.441200E-03   1.98197477-298   2.47242627-300   1.10264268-300   1.94622408-298
  4.501250E-03   1.09853328-294   1.37528420-296   6.13338962-297   1.07864705-294
  4.562120E-03   5.42490928-291   6.82481872-293   3.04366841-293   5.32622441-291
  4.623810E-03   2.39055794-287   3.02164125-289   1.34755894-289   2.34686594-287
  4.686340E-03   9.42412703-284   1.19637969-285   5.33547165-286   9.25113435-284
  4.749710E-03   3.31917020-280   4.23062395-282   1.88671925-282   3.25799677-280
  4.813930E-03   1.04827013-276   1.34417322-278   5.99456114-279   1.02883384-276
  4.879030E-03   2.97561490-273   3.84028662-275   1.71263697-275   2.92008566-273
  4.945000E-03   7.57569678-270   9.83576193-272   4.38640891-272   7.43347507-270
  5.011870E-03   1.74040699-266   2.26670931-268   1.01087252-268   1.70763117-266
  5.079640E-03   3.60118952-263   4.70082022-265   2.09639766-265   3.53321734-263
  5.148330E-03   6.72241624-260   8.79360019-262   3.92162685-262   6.59526397-260
  5.217950E-03   1.13608637-256   1.49534318-258   6.66868337-259   1.11446425-256
  5.288510E-03   1.73720761-253   2.30288095-255   1.02699969-255   1.70390880-253
  5.360020E-03   2.40427689-250   3.20824239-252   1.43075639-252   2.35788690-250
  5.432500E-03   3.02349789-247   4.05197385-249   1.80702779-249   2.96490787-247
  5.505960E-03   3.45623715-244   4.64455628-246   2.07129559-246   3.38907863-244
  5.580420E-03   3.59356828-241   4.84136107-243   2.15906212-243   3.52356404-241
  5.655880E-03   3.40167126-238   4.60153950-240   2.05210957-240   3.33513477-238
  5.732360E-03   2.94129766-235   4.01187939-237   1.78914273-237   2.88328744-235
  5.809870E-03   2.31960377-232   3.18827180-234   1.42184474-234   2.27350260-232
  5.888440E-03   1.67285511-229   2.31576211-231   1.03273889-231   1.63937010-229
  5.968060E-03   1.10505122-226   1.53624318-228   6.85103711-229   1.08283776-226
  6.048760E-03   6.69004599-224   9.33201075-226   4.16170636-226   6.55510882-224
  6.130560E-03   3.71570561-221   5.19944468-223   2.31874479-223   3.64052372-221
  6.213460E-03   1.89417958-218   2.66055896-220   1.18650272-220   1.85570896-218
  6.297480E-03   8.88969783-216   1.25785192-217   5.60951288-218   8.70781751-216
  6.382640E-03   3.84002819-213   5.46949390-215   2.43917301-215   3.76094152-213
  6.468940E-03   1.52734527-210   2.18770390-212   9.75626938-213   1.49571196-210
  6.556420E-03   5.61061295-208   8.08772064-210   3.60679321-210   5.49366781-208
  6.645080E-03   1.90464851-205   2.76738819-207   1.23414175-207   1.86463321-205
  6.734930E-03   5.97917510-203   8.73964535-205   3.89752235-205   5.85280342-203
  6.826010E-03   1.74175493-200   2.55417059-202   1.13905460-202   1.70482267-200
  6.918310E-03   4.70090166-198   6.91317550-200   3.08298946-200   4.60094001-198
  7.011860E-03   1.18308903-195   1.73833439-197   7.75224770-198   1.15795344-195
  7.106680E-03   2.76308178-193   4.05761237-195   1.80952553-195   2.70441040-193
  7.202780E-03   5.91608916-191   8.81147173-193   3.92954676-193   5.78867897-191
  7.300180E-03   1.17523644-188   1.77854723-190   7.93157270-191   1.14951940-188
  7.398890E-03   2.18705716-186   3.35096747-188   1.49439013-188   2.13860358-186
  7.498940E-03   3.84410053-184   5.87850189-186   2.62156248-186   3.75909989-184
  7.600350E-03   6.28336546-182   9.61265823-184   4.28683819-184   6.14437050-182
  7.703120E-03   9.38378999-180   1.46537977-181   6.53497480-182   9.17190226-180
  7.807280E-03   1.33154699-177   2.09300634-179   9.33391209-180   1.30128302-177
  7.912860E-03   1.83451345-175   2.80211509-177   1.24962350-177   1.79399606-175
  8.019860E-03   2.20575119-173   3.50689937-175   1.56392650-175   2.15504293-173
  8.128310E-03   2.45221067-171   4.10885304-173   1.83237204-173   2.39279842-171
  8.238220E-03   2.65723043-169   4.50936977-171   2.01098485-171   2.59202689-169
  8.349620E-03   2.71524339-167   4.66437630-169   2.08011059-169   2.64779852-167
  8.462530E-03   2.60479687-165   4.53492611-167   2.02237931-167   2.53922381-165
  8.576960E-03   2.34838442-163   4.13967518-165   1.84611453-165   2.28852652-163
  8.692940E-03   1.99725045-161   3.55260235-163   1.58430526-163   1.94588138-161
  8.810490E-03   1.59915764-159   2.86866490-161   1.27929942-161   1.55767799-159
  8.929630E-03   1.20710581-157   2.19045049-159   9.76844765-160   1.17543286-157
  9.050380E-03   8.59431146-156   1.57981557-157   7.04527931-158   8.36587711-156
  9.172760E-03   5.77370321-154   1.07424320-155   4.79064940-156   5.61837239-154
  9.296800E-03   3.71311430-152   6.89466135-154   3.07471415-154   3.61342055-152
  9.422510E-03   2.25751370-150   4.17861959-152   1.86347809-152   2.19709272-150
  9.549930E-03   1.29934168-148   2.39653314-150   1.06874656-150   1.26468888-148
  9.679060E-03   7.18175907-147   1.30820475-148   5.83400893-149   6.99259850-147
  9.809950E-03   3.84104558-145   6.76085968-147   3.01503904-147   3.74328659-145
  9.942600E-03   1.92649044-143   3.30836092-145   1.47537963-145   1.87865304-143
  1.007700E-02   8.61761887-142   1.53270381-143   6.83516311-144   8.39599686-142
  1.021330E-02   3.66194730-140   6.75157323-142   3.01089284-142   3.56432264-140
  1.035140E-02   1.45877118-138   2.82326290-140   1.25904571-140   1.41794810-138
  1.049140E-02   5.67527603-137   1.12983110-138   5.03852433-139   5.51190768-137
  1.063330E-02   2.19839379-135   4.29732236-137   1.91640585-137   2.13625650-135
  1.077710E-02   8.27850993-134   1.55368818-135   6.92872108-136   8.05385391-134
  1.092280E-02   2.91206475-132   5.34054971-134   2.38163233-134   2.83484293-132
  1.107050E-02   8.96434361-131   1.74968083-132   7.80273958-133   8.71134813-131
  1.122020E-02   2.69243305-129   5.46397065-131   2.43666667-131   2.61342667-129
  1.137190E-02   8.05545719-128   1.63553301-129   7.29367832-130   7.81896710-128
  1.152570E-02   2.47070667-126   4.68844283-128   2.09081385-128   2.40291410-126
  1.168150E-02   8.16600624-125   1.28080135-126   5.71173228-127   7.98080878-125
  1.183950E-02   1.78663376-123   3.34882102-125   1.49340347-125   1.73821151-123
  1.199960E-02   3.27336026-122   8.36360543-124   3.72973519-124   3.15242685-122
  1.216190E-02   7.20998461-121   1.99937314-122   8.91615204-123   6.92088577-121
  1.232630E-02   1.60471559-119   4.56677697-121   2.03653765-121   1.53868245-119
  1.249300E-02   3.42440166-118   1.00419063-119   4.47813983-120   3.27920120-118
  1.266190E-02   7.12307665-117   2.11943425-118   9.45148625-119   6.81661837-117
  1.283320E-02   1.41361815-115   4.29668812-117   1.91607548-117   1.35149052-115
  1.300670E-02   2.69843324-114   8.33853198-116   3.71849320-116   2.57786299-114
  1.318260E-02   5.13604107-113   1.55996361-114   6.95649011-115   4.91047980-113
  1.336080E-02   8.88311758-112   2.80172704-113   1.24939473-113   8.47800540-112
  1.354150E-02   1.45860247-110   4.84099119-112   2.15876862-112   1.38860487-110
  1.372460E-02   2.37602534-109   8.03509875-111   3.58311508-111   2.25984320-109
  1.391020E-02   3.75793798-108   1.28764524-109   5.74200286-110   3.57175343-108
  1.409830E-02   5.72470282-107   1.98765914-108   8.86352198-109   5.43730169-107
  1.428890E-02   8.41615890-106   2.95180758-107   1.31628407-107   7.98934973-106
  1.448220E-02   1.19502328-104   4.22936808-106   1.88596555-106   1.13386994-104
  1.467800E-02   1.63243538-103   5.84568006-105   2.60669302-105   1.54791165-103
  1.487650E-02   2.15153546-102   7.81645860-104   3.48546726-104   2.03851620-102
  1.507760E-02   2.73841315-101   1.00696176-102   4.49013860-103   2.59281559-101
  1.528150E-02   3.37069603-100   1.25308226-101   5.58755543-102   3.18951225-100
  1.548820E-02   4.01090812E-99   1.50634110-100   6.71677303-101   3.79310628E-99
  1.569760E-02   4.60834828E-98   1.75649780E-99   7.83212477-100   4.35437725E-98
  1.590990E-02   5.12306605E-97   1.98098505E-98   8.83298298E-99   4.83663771E-97
  1.612500E-02   5.50663502E-96   2.15806163E-97   9.62240758E-98   5.19460478E-96
  1.634310E-02   5.73472502E-95   2.27607249E-96   1.01484373E-96   5.40563339E-95
  1.656410E-02   5.79827169E-94   2.32375638E-95   1.03608721E-95   5.46228733E-94
  1.678800E-02   5.74998951E-93   2.30582697E-94   1.02807420E-94   5.41659940E-93
  1.701510E-02   5.42720325E-92   2.21922810E-93   9.89443784E-94   5.10633607E-92
  1.724510E-02   4.94068560E-91   2.06575862E-92   9.20999694E-93   4.64200977E-91
  1.747830E-02   4.40809312E-90   1.86535426E-91   8.31632343E-92   4.13839446E-90
  1.771470E-02   3.83179856E-89   1.63416109E-90   7.28541376E-91   3.59552831E-89
  1.795420E-02   3.15494351E-88   1.39615299E-89   6.22416279E-90   2.95308659E-88
  1.819700E-02   2.54367495E-87   1.15788849E-88   5.16181325E-89   2.37626797E-87
  1.844310E-02   2.03111538E-86   9.32243801E-88   4.15577425E-88   1.89633326E-86
  1.869250E-02   1.58347515E-85   7.28728914E-87   3.24843642E-87   1.47811789E-85
  1.894520E-02   1.20425210E-84   5.53131996E-86   2.46559698E-86   1.12428293E-84
  1.920140E-02   8.92295575E-84   4.09727122E-85   1.82629934E-85   8.33059869E-84
  1.946110E-02   6.42137377E-83   2.96120049E-84   1.31986009E-84   5.99326771E-83
  1.972420E-02   4.49888497E-82   2.07938943E-83   9.26782142E-84   4.19826782E-82
  1.999090E-02   3.00661070E-81   1.42097365E-82   6.33298314E-83   2.80118351E-81
  2.026130E-02   1.92058226E-80   9.45695379E-82   4.21456736E-82   1.78386704E-80
  2.053530E-02   1.20354790E-79   6.12580659E-81   2.72987595E-81   1.11499107E-79
  2.081290E-02   7.43069523E-79   3.87317881E-80   1.72593284E-80   6.87078406E-79
  2.109440E-02   4.52338123E-78   2.39374210E-79   1.06661799E-79   4.17734522E-78
  2.137960E-02   2.69344706E-77   1.44080138E-78   6.41962029E-79   2.48517072E-77
  2.166870E-02   1.56751151E-76   8.46681738E-78   3.77222618E-78   1.44512107E-76
  2.196170E-02   9.20998263E-76   4.86128110E-77   2.16570375E-77   8.50728414E-76
  2.225870E-02   5.51669504E-75   2.72637120E-76   1.21451254E-76   5.12260667E-75
  2.255970E-02   3.16079281E-74   1.49429108E-75   6.65609361E-76   2.94480276E-74
  2.286480E-02   1.63100439E-73   7.99584205E-75   3.56134296E-75   1.51543254E-73
  2.317390E-02   7.12835312E-73   4.18332940E-74   1.86309561E-74   6.52371062E-73
  2.348730E-02   3.28811159E-72   2.14092468E-73   9.53401843E-74   2.97867894E-72
  2.380490E-02   1.55828270E-71   1.07247489E-72   4.77552382E-73   1.40327998E-71
  2.412680E-02   7.41309722E-71   5.25750507E-72   2.34083641E-72   6.65326308E-71
  2.445310E-02   3.48268000E-70   2.52012833E-71   1.12193846E-71   3.11847332E-70
  2.478370E-02   1.61273277E-69   1.18072768E-70   5.25592615E-71   1.44210074E-69
  2.511890E-02   7.29762520E-69   5.43379926E-70   2.41854193E-70   6.51239108E-69
  2.545850E-02   3.23776196E-68   2.44560149E-69   1.08838825E-69   2.88436299E-68
  2.580280E-02   1.41083976E-67   1.07780651E-68   4.79606030E-69   1.25509850E-67
  2.615170E-02   6.03602830E-67   4.66612643E-68   2.07607718E-68   5.36180794E-67
  2.650530E-02   2.52948173E-66   1.97851364E-67   8.80169619E-68   2.24361340E-66
  2.686380E-02   1.03853266E-65   8.22118674E-67   3.65678443E-67   9.19752949E-66
  2.722700E-02   4.17016618E-65   3.35367471E-66   1.49149074E-66   3.68564963E-65
  2.759520E-02   1.64066165E-64   1.34222133E-65   5.96836952E-66   1.44675582E-64
  2.796830E-02   6.34480743E-64   5.26452742E-65   2.34056070E-65   5.58429862E-64
  2.834650E-02   2.42017074E-63   2.02885661E-64   9.01857057E-65   2.12709937E-63
  2.872980E-02   9.06147584E-63   7.68503600E-64   3.41550365E-64   7.95142187E-63
  2.911830E-02   3.33064385E-62   2.85580951E-63   1.26898742E-63   2.91816416E-62
  2.951210E-02   1.20223362E-61   1.04154823E-62   4.62725556E-63   1.05180624E-61
  2.991120E-02   4.26673647E-61   3.74080197E-62   1.66157941E-62   3.72649833E-61
  3.031560E-02   1.48715759E-60   1.31864453E-61   5.85589250E-62   1.29673421E-60
  3.072560E-02   5.09531168E-60   4.56643289E-61   2.02743859E-61   4.43592453E-60
  3.114110E-02   1.71616666E-59   1.55454633E-60   6.90042356E-61   1.49170779E-59
  3.156220E-02   5.68561350E-59   5.20797522E-60   2.31120585E-60   4.93369539E-59
  3.198900E-02   1.85233535E-58   1.71548100E-59   7.61113446E-60   1.60467591E-58
  3.242150E-02   5.93479190E-58   5.55660241E-59   2.46468998E-59   5.13266266E-58
  3.285990E-02   1.87157864E-57   1.77120970E-58   7.85432042E-59   1.61591446E-57
  3.330430E-02   5.81056119E-57   5.55704811E-58   2.46356477E-58   5.00849991E-57
  3.375460E-02   1.77417450E-56   1.70891791E-57   7.57387706E-58   1.52754394E-56
  3.421110E-02   5.33223894E-56   5.15874229E-57   2.28567192E-57   4.58779752E-56
  3.467370E-02   1.56800094E-55   1.46321662E-56   6.48106540E-57   1.35686863E-55
  3.514260E-02   4.51528375E-55   3.89256988E-56   1.72360166E-56   3.95366660E-55
  3.561780E-02   1.28730715E-54   1.05730424E-55   4.68013490E-56   1.13477537E-54
  3.609940E-02   3.64146301E-54   2.99780347E-55   1.32652109E-55   3.20903055E-54
  3.658760E-02   1.01553236E-53   8.38545645E-55   3.70924496E-55   8.94585342E-54
  3.708230E-02   2.79277929E-53   2.31900043E-54   1.02542130E-54   2.45833711E-53
  3.758370E-02   7.57211865E-53   6.32125431E-54   2.79410202E-54   6.66058302E-53
  3.809200E-02   2.02533227E-52   1.70181827E-53   7.51942063E-54   1.77995624E-52
  3.860710E-02   5.34205399E-52   4.51657882E-53   1.99483613E-53   4.69091250E-52
  3.912910E-02   1.39183851E-51   1.18823783E-52   5.24592377E-53   1.22055549E-51
  3.965820E-02   3.57988666E-51   3.08848681E-52   1.36294871E-52   3.13474311E-51
  4.019450E-02   9.08729844E-51   7.92254852E-52   3.49468361E-52   7.94557523E-51
  4.073800E-02   2.27676600E-50   2.00656702E-51   8.84707903E-52   1.98763851E-50
  4.128890E-02   5.63134442E-50   5.01400344E-51   2.20967209E-51   4.90897686E-50
  4.184720E-02   1.39073022E-49   1.24111740E-50   5.46697074E-51   1.21194877E-49
  4.241310E-02   3.39302961E-49   3.03186630E-50   1.33483650E-50   2.95635933E-49
  4.298660E-02   8.17306462E-49   7.39192223E-50   3.25276696E-50   7.10859570E-49
  4.356790E-02   1.94453371E-48   1.80628351E-49   7.94423832E-50   1.68446297E-48
  4.415700E-02   4.56835756E-48   4.34836098E-49   1.91141905E-49   3.94237956E-48
  4.475420E-02   1.05737847E-47   1.02707509E-48   4.51221103E-49   9.09548851E-48
  4.535930E-02   2.41584388E-47   2.38986359E-48   1.04932514E-48   2.07192501E-47
  4.597270E-02   5.45566891E-47   5.49640672E-48   2.41189388E-48   4.66483885E-47
  4.659440E-02   1.21799783E-46   1.26484899E-47   5.54693162E-48   1.03604362E-46
  4.722440E-02   2.68795643E-46   2.87147657E-47   1.25848044E-47   2.27496073E-46
  4.786300E-02   5.86359458E-46   6.43414282E-47   2.81806589E-47   4.93837371E-46
  4.851020E-02   1.26358811E-45   1.42311940E-46   6.22892477E-47   1.05898693E-45
  4.916620E-02   2.69378991E-45   3.11001876E-46   1.36030964E-46   2.24675707E-45
  4.983100E-02   5.68139083E-45   6.72692982E-46   2.94026356E-46   4.71467149E-45
  5.050490E-02   1.18591205E-44   1.44259248E-45   6.30084789E-46   9.78644320E-45
  5.118780E-02   2.44978391E-44   3.05864231E-45   1.33493818E-45   2.01042586E-44
  5.188000E-02   5.01160550E-44   6.41890583E-45   2.79937837E-45   4.08977708E-44
  5.258150E-02   1.01575796E-43   1.33456452E-44   5.81566247E-45   8.24144882E-44
  5.329260E-02   2.03891861E-43   2.74643335E-44   1.19585396E-44   1.64468988E-43
  5.401320E-02   4.05648968E-43   5.59465247E-44   2.43400873E-44   3.25362356E-43
  5.474360E-02   8.03349662E-43   1.12864193E-43   4.90608791E-44   6.41424590E-43
  5.548390E-02   1.57604889E-42   2.25557673E-43   9.79617885E-44   1.25252942E-42
  5.623410E-02   3.06315297E-42   4.46617643E-43   1.93795937E-43   2.42273939E-42
  5.699460E-02   5.94902523E-42   8.70886402E-43   3.77545413E-43   4.70059342E-42
  5.776530E-02   1.14648772E-41   1.68227509E-42   7.28606268E-43   9.05399580E-42
  5.854640E-02   2.21529868E-41   3.48234601E-42   1.39493762E-42   1.72757032E-41
  5.933810E-02   4.24423844E-41   7.03440435E-42   2.65056222E-42   3.27574178E-41
  6.014050E-02   8.07808450E-41   1.39598549E-41   4.99654640E-42   6.18244437E-41
  6.095370E-02   1.52164747E-40   2.72603715E-41   9.33728665E-42   1.15567089E-40
  6.177790E-02   2.83754279E-40   5.24515086E-41   1.72988774E-41   2.14003893E-40
  6.261330E-02   5.22857481E-40   9.95476186E-41   3.20703762E-41   3.91239486E-40
  6.346000E-02   9.53208526E-40   1.86508072E-40   5.91074608E-41   7.07592993E-40
  6.431810E-02   1.72075109E-39   3.45183647E-40   1.07948329E-40   1.26761912E-39
  6.518790E-02   3.07669503E-39   6.31534085E-40   1.95383236E-40   2.24977771E-39
  6.606930E-02   5.42379981E-39   1.14258113E-39   3.56672701E-40   3.92454598E-39
  6.696280E-02   9.46148736E-39   2.03872671E-39   6.44657181E-40   6.77810347E-39
  6.786830E-02   1.63694580E-38   3.62108675E-39   1.15148132E-39   1.15968899E-38
  6.878600E-02   2.80709282E-38   6.38078444E-39   2.03227575E-39   1.96578680E-38
  6.971610E-02   4.72840562E-38   1.11056975E-38   3.46641260E-39   3.27119462E-38
  7.065890E-02   7.86940464E-38   1.89908642E-38   5.81033752E-39   5.38928447E-38
  7.161430E-02   1.29323009E-37   3.17340282E-38   9.59393403E-39   8.79950467E-38
  7.258270E-02   2.09678703E-37   5.16392503E-38   1.56121841E-38   1.42427269E-37
  7.356420E-02   3.33470089E-37   8.17699958E-38   2.48378711E-38   2.26862222E-37
  7.455900E-02   5.22100826E-37   1.26305777E-37   3.88660067E-38   3.56929042E-37
  7.556720E-02   8.08390309E-37   1.91178627E-37   6.01420725E-38   5.57069609E-37
  7.658910E-02   1.23979266E-36   2.85076692E-37   9.20736215E-38   8.62642346E-37
  7.762470E-02   1.88231550E-36   4.20746040E-37   1.39160204E-37   1.32240926E-36
  7.867440E-02   2.80366741E-36   6.16925482E-37   2.05224215E-37   1.98151771E-36
  7.973820E-02   4.15024892E-36   9.00768048E-37   3.00867384E-37   2.94861349E-36
  8.081650E-02   6.10845445E-36   1.31160061E-36   4.38683581E-37   4.35817025E-36
  8.190930E-02   8.94028986E-36   1.90573806E-36   6.36275695E-37   6.39827610E-36
  8.301690E-02   1.30958112E-35   2.76370473E-36   9.23799963E-37   9.40830653E-36
  8.413950E-02   1.93363434E-35   3.99992663E-36   1.35288465E-36   1.39835321E-35
  8.527730E-02   2.84064487E-35   5.77624839E-36   1.97447254E-36   2.06557277E-35
  8.643040E-02   4.15165561E-35   8.32017542E-36   2.87137321E-36   3.03250074E-35
  8.759920E-02   6.03665605E-35   1.19510854E-35   4.16052830E-36   4.42549467E-35
  8.878370E-02   8.74534704E-35   1.71127320E-35   5.99653421E-36   6.43442042E-35
  8.998430E-02   1.26814832E-34   2.44220150E-35   8.53067474E-36   9.38621424E-35
  9.120110E-02   1.82634113E-34   3.47283660E-35   1.20213210E-35   1.35884426E-34
  9.243430E-02   2.56792836E-34   4.91976898E-35   1.66228891E-35   1.90972257E-34
  9.368430E-02   3.58579870E-34   6.94255237E-35   2.27501181E-35   2.66404229E-34
  9.495110E-02   4.96858654E-34   9.75722576E-35   3.07087706E-35   3.68577626E-34
  9.623510E-02   6.83271868E-34   1.36566948E-34   4.02322740E-35   5.06472646E-34
  9.753640E-02   9.33823299E-34   1.90339650E-34   5.18021966E-35   6.91681452E-34
  9.885530E-02   1.26903761E-33   2.64156916E-34   6.63660427E-35   9.38514651E-34
  1.001920E-01   1.70466656E-33   3.54424847E-34   8.47730109E-35   1.26546870E-33
  1.015470E-01   2.28184716E-33   4.82811617E-34   1.09245892E-34   1.68978965E-33
  1.029200E-01   3.02863789E-33   6.53587457E-34   1.38553823E-34   2.23649661E-33
  1.043120E-01   3.97348267E-33   8.79483317E-34   1.70919819E-34   2.92307954E-33
  1.057220E-01   5.20882544E-33   1.17621855E-33   2.07465481E-34   3.82514141E-33
  1.071520E-01   6.82625348E-33   1.56420745E-33   2.49373259E-34   5.01267277E-33
  1.086010E-01   8.91991005E-33   2.06818436E-33   2.98128846E-34   6.55359684E-33
  1.100690E-01   1.16161453E-32   2.71899292E-33   3.51954904E-34   8.54519744E-33
  1.115580E-01   1.50846863E-32   3.55587472E-33   4.26534993E-34   1.11022766E-32
  1.130660E-01   1.95532738E-32   4.62470468E-33   5.43097566E-34   1.43854715E-32
  1.145950E-01   2.51994021E-32   5.98431865E-33   6.72230388E-34   1.85428530E-32
  1.161450E-01   3.23947199E-32   7.70510233E-33   8.46060612E-34   2.38435569E-32
  1.177150E-01   4.14357376E-32   9.87080871E-33   1.05508031E-33   3.05098486E-32
  1.193070E-01   5.28301740E-32   1.25871659E-32   1.31707336E-33   3.89259347E-32
  1.209210E-01   6.70480361E-32   1.59792946E-32   1.62651004E-33   4.94422315E-32
  1.225560E-01   8.47569798E-32   2.01948350E-32   2.01596804E-33   6.25461768E-32
  1.242130E-01   1.06705005E-31   2.54162548E-32   2.49841335E-33   7.87903369E-32
  1.258930E-01   1.33827367E-31   3.18644609E-32   3.09980677E-33   9.88630989E-32
  1.275950E-01   1.67184010E-31   3.97971546E-32   3.85353298E-33   1.23533322E-31
  1.293200E-01   2.08045002E-31   4.95334769E-32   4.83960225E-33   1.53671923E-31
  1.310690E-01   2.60591894E-31   6.41629518E-32   6.08824301E-33   1.90340699E-31
  1.328410E-01   3.22586573E-31   8.01129680E-32   7.71077875E-33   2.34762826E-31
  1.346380E-01   3.97864025E-31   9.98987717E-32   9.82071840E-33   2.88144535E-31
  1.364580E-01   4.88808544E-31   1.24398557E-31   1.25130767E-32   3.51896910E-31
  1.383040E-01   5.98257441E-31   1.54772221E-31   1.60165028E-32   4.27468717E-31
  1.401740E-01   7.28910121E-31   1.92376130E-31   2.04909127E-32   5.16043078E-31
  1.420690E-01   8.81925219E-31   2.38948431E-31   2.62902237E-32   6.16686564E-31
  1.439900E-01   1.05407933E-30   2.96660025E-31   3.38763371E-32   7.23542968E-31
  1.459370E-01   1.24422211E-30   3.68189579E-31   4.38901130E-32   8.32142422E-31
  1.479110E-01   1.45937092E-30   4.56919822E-31   5.73454934E-32   9.45105607E-31
  1.499110E-01   1.70732520E-30   5.66978920E-31   7.49795705E-32   1.06536671E-30
  1.519380E-01   1.99234720E-30   7.03635015E-31   9.81678118E-32   1.19054437E-30
  1.539930E-01   2.31284506E-30   8.73514320E-31   1.27937318E-31   1.31139342E-30
  1.560750E-01   2.69534143E-30   1.08475849E-30   1.66606724E-31   1.44397622E-30
  1.581860E-01   3.15355986E-30   1.34793123E-30   2.16685536E-31   1.58894309E-30
  1.603250E-01   3.68332217E-30   1.67599976E-30   2.80943538E-31   1.72637887E-30
  1.624930E-01   4.34833734E-30   2.08563706E-30   3.66091854E-31   1.89660843E-30
  1.646900E-01   5.12062384E-30   2.59782777E-30   4.74463015E-31   2.04833305E-30
  1.669170E-01   6.08448289E-30   3.23954265E-30   6.17142887E-31   2.22779735E-30
  1.691740E-01   7.25489561E-30   4.04498191E-30   8.01060355E-31   2.40885334E-30
  1.714620E-01   8.72866883E-30   5.05620455E-30   1.04328283E-30   2.62918145E-30
  1.737800E-01   1.05581894E-29   6.32351029E-30   1.35817282E-30   2.87650633E-30
  1.761300E-01   1.27804889E-29   7.91688868E-30   1.76000483E-30   3.10359542E-30
  1.785120E-01   1.54909135E-29   9.92611864E-30   2.27180090E-30   3.29299392E-30
  1.809260E-01   1.89094411E-29   1.24680801E-29   2.93957874E-30   3.50178223E-30
  1.833720E-01   2.33305681E-29   1.56957584E-29   3.82652378E-30   3.80828594E-30
  1.858520E-01   2.88725561E-29   1.98130827E-29   4.96794678E-30   4.09152654E-30
  1.883650E-01   3.58523186E-29   2.50827037E-29   6.43693831E-30   4.33267665E-30
  1.909120E-01   4.47672039E-29   3.18511885E-29   8.32984096E-30   4.58617441E-30
  1.934940E-01   5.62445018E-29   4.05664824E-29   1.07416516E-29   4.93636774E-30
  1.961100E-01   7.08122560E-29   5.17857121E-29   1.37753192E-29   5.25122474E-30
  1.987620E-01   8.92576019E-29   6.61973106E-29   1.75501349E-29   5.51015633E-30
  2.014500E-01   1.12475864E-28   8.45749817E-29   2.20495092E-29   5.85137312E-30
  2.041740E-01   1.41210248E-28   1.07696709E-28   2.72119617E-29   6.30157689E-30
  2.069350E-01   1.75957668E-28   1.36183793E-28   3.30500329E-29   6.72384197E-30
  2.097330E-01   2.16737266E-28   1.70224491E-28   3.94139342E-29   7.09884029E-30
  2.125690E-01   2.62707996E-28   2.09312390E-28   4.57350831E-29   7.66052287E-30
  2.154430E-01   3.11992890E-28   2.52078721E-28   5.15969335E-29   8.31723548E-30
  2.183570E-01   3.61986469E-28   2.96516179E-28   5.63991892E-29   9.07110089E-30
  2.213090E-01   4.10110624E-28   3.40434555E-28   5.96929850E-29   9.98308397E-30
  2.243020E-01   4.55641361E-28   3.82269044E-28   6.22645662E-29   1.11077510E-29
  2.273350E-01   4.98548698E-28   4.21384771E-28   6.47231899E-29   1.24407372E-29
  2.304090E-01   5.39290885E-28   4.58181453E-28   6.71231630E-29   1.39862694E-29
  2.335250E-01   5.78698625E-28   4.93763681E-28   6.91726843E-29   1.57622591E-29
  2.366830E-01   6.18209261E-28   5.29557043E-28   7.08462172E-29   1.78060003E-29
  2.398830E-01   6.59987360E-28   5.67039156E-28   7.28412093E-29   2.01069951E-29
  2.431270E-01   7.05988881E-28   6.07611557E-28   7.56131558E-29   2.27641684E-29
  2.464150E-01   7.57116888E-28   6.52520864E-28   7.88692909E-29   2.57267329E-29
  2.497470E-01   8.14499503E-28   7.02892901E-28   8.25867747E-29   2.90198278E-29
  2.531240E-01   8.79667406E-28   7.59793425E-28   8.74409243E-29   3.24330559E-29
  2.565470E-01   9.53098499E-28   8.24259984E-28   9.26803381E-29   3.61581764E-29
  2.600160E-01   1.03635633E-27   8.97327164E-28   9.88146238E-29   4.02145403E-29
  2.635320E-01   1.13041576E-27   9.80095009E-28   1.05701341E-28   4.46194076E-29
  2.670960E-01   1.23589892E-27   1.07375539E-27   1.12723199E-28   4.94203363E-29
  2.707070E-01   1.35406343E-27   1.17953467E-27   1.19887545E-28   5.46412180E-29
  2.743680E-01   1.48666539E-27   1.29891654E-27   1.27442970E-28   6.03058713E-29
  2.780780E-01   1.63693490E-27   1.43340721E-27   1.37151697E-28   6.63759857E-29
  2.818380E-01   1.80458578E-27   1.58475365E-27   1.46896701E-28   7.29354262E-29
  2.856490E-01   1.99180035E-27   1.75489313E-27   1.56897896E-28   8.00093223E-29
  2.895120E-01   2.20204756E-27   1.94599212E-27   1.68444282E-28   8.76111496E-29
  2.934270E-01   2.43678981E-27   2.16041147E-27   1.80614307E-28   9.57640333E-29
  2.973950E-01   2.69899454E-27   2.40082792E-27   1.93681185E-28   1.04485427E-28
  3.014160E-01   2.99107197E-27   2.67014183E-27   2.07106405E-28   1.13823738E-28
  3.054920E-01   3.20790268E-27   2.86325202E-27   2.20839611E-28   1.23811047E-28
  3.096230E-01   3.51014773E-27   3.14086068E-27   2.34813125E-28   1.34473930E-28
  3.138100E-01   3.83729925E-27   3.44062161E-27   2.50962281E-28   1.45715359E-28
  3.180530E-01   4.18909866E-27   3.76365164E-27   2.67793620E-28   1.57653400E-28
  3.223540E-01   4.56661259E-27   4.11118091E-27   2.85103538E-28   1.70328148E-28
  3.267130E-01   4.97095990E-27   4.48415100E-27   3.03047301E-28   1.83761598E-28
  3.311310E-01   5.40497410E-27   4.88344633E-27   3.23567069E-28   1.97960699E-28
  3.356090E-01   5.86740190E-27   5.30957224E-27   3.44861031E-28   2.12968628E-28
  3.401470E-01   6.35829272E-27   5.76259181E-27   3.66894989E-28   2.28805916E-28
  3.447470E-01   6.87749337E-27   6.24199793E-27   3.90015066E-28   2.45480371E-28
  3.494080E-01   7.42483740E-27   6.74589060E-27   4.16045306E-28   2.62901494E-28
  3.541330E-01   7.99542985E-27   7.27105253E-27   4.43172398E-28   2.81204921E-28
  3.589220E-01   8.58309104E-27   7.81129943E-27   4.71385565E-28   3.00406047E-28
  3.637750E-01   9.17737853E-27   8.35619258E-27   5.00667173E-28   3.20518778E-28
  3.686950E-01   9.76217107E-27   8.88949425E-27   5.31155722E-28   3.41521090E-28
  3.736800E-01   1.03125050E-26   9.38627494E-27   5.62790943E-28   3.63439145E-28
  3.787330E-01   1.07977673E-26   9.81590442E-27   5.95548618E-28   3.86314307E-28
  3.838550E-01   1.11941334E-26   1.01545919E-26   6.29427559E-28   4.10113991E-28
  3.890450E-01   1.15141357E-26   1.04148987E-26   6.64414894E-28   4.34822185E-28
  3.943060E-01   1.18206646E-26   1.06596463E-26   7.00508187E-28   4.60510073E-28
  3.996380E-01   1.21839540E-26   1.09590905E-26   7.37683019E-28   4.87180533E-28
  4.050420E-01   1.26291003E-26   1.13392930E-26   7.75206426E-28   5.14600829E-28
  4.105190E-01   1.31358046E-26   1.17791981E-26   8.13635229E-28   5.42971339E-28
  4.160700E-01   1.36618398E-26   1.22365559E-26   8.52976067E-28   5.72307838E-28
  4.216970E-01   1.41759254E-26   1.26801016E-26   8.93206987E-28   6.02616801E-28
  4.273990E-01   1.46785956E-26   1.31104455E-26   9.34265550E-28   6.33884533E-28
  4.331780E-01   1.51798357E-26   1.35376001E-26   9.76121563E-28   6.66114085E-28
  4.390360E-01   1.56535760E-26   1.39342736E-26   1.01996757E-27   6.99334805E-28
  4.449730E-01   1.60252145E-26   1.42253421E-26   1.06658515E-27   7.33287278E-28
  4.509900E-01   1.62009240E-26   1.43183323E-26   1.11447316E-27   7.68118606E-28
  4.570880E-01   1.61282258E-26   1.41611114E-26   1.16325539E-27   8.03858977E-28
  4.632690E-01   1.58546336E-26   1.38012414E-26   1.21288762E-27   8.40504557E-28
  4.695340E-01   1.55099995E-26   1.33686470E-26   1.26331100E-27   8.78041470E-28
  4.758830E-01   1.51981784E-26   1.29672853E-26   1.31444376E-27   9.16449277E-28
  4.823180E-01   1.49246560E-26   1.26027059E-26   1.36623160E-27   9.55718446E-28
  4.888400E-01   1.46294668E-26   1.22120830E-26   1.42159894E-27   9.95784788E-28
  4.954500E-01   1.42538489E-26   1.17352772E-26   1.48196582E-27   1.03660592E-27
  5.021500E-01   1.37904441E-26   1.11686775E-26   1.54353507E-27   1.07823149E-27
  5.089400E-01   1.32972802E-26   1.05704099E-26   1.60623986E-27   1.12063053E-27
  5.158220E-01   1.28389718E-26   1.00051381E-26   1.67004611E-27   1.16378763E-27
  5.227970E-01   1.24290486E-26   9.48647301E-27   1.73489506E-27   1.20768050E-27
  5.298670E-01   1.20342743E-26   8.98124095E-27   1.80074120E-27   1.25229214E-27
  5.370320E-01   1.16148281E-26   8.44973662E-27   1.86749989E-27   1.29759163E-27
  5.442940E-01   1.11613908E-26   7.88272133E-27   1.93511557E-27   1.34355394E-27
  5.516540E-01   1.07083706E-26   7.31342663E-27   2.00485088E-27   1.39009310E-27
  5.591140E-01   1.02986917E-26   6.78114714E-27   2.08055604E-27   1.43698854E-27
  5.666740E-01   9.93341941E-27   6.29141831E-27   2.15756192E-27   1.48443918E-27
  5.743370E-01   9.58742502E-27   5.81915044E-27   2.23584185E-27   1.53243273E-27
  5.821030E-01   9.23881631E-27   5.34254534E-27   2.31534275E-27   1.58092822E-27
  5.899750E-01   8.89579011E-27   4.86984089E-27   2.39603378E-27   1.62991545E-27
  5.979530E-01   8.58423677E-27   4.42704609E-27   2.47784446E-27   1.67934622E-27
  6.060380E-01   8.31376867E-27   4.02386796E-27   2.56070796E-27   1.72919275E-27
  6.142330E-01   8.07185207E-27   3.64781262E-27   2.64459824E-27   1.77944121E-27
  6.225390E-01   7.84570723E-27   3.28620433E-27   2.72945096E-27   1.83005194E-27
  6.309570E-01   7.63852878E-27   2.94234784E-27   2.81518789E-27   1.88099305E-27
  6.394890E-01   7.46068983E-27   2.62669488E-27   2.90175298E-27   1.93224197E-27
  6.481370E-01   7.31333150E-27   2.34046738E-27   2.98908901E-27   1.98377510E-27
  6.569010E-01   7.18964777E-27   2.07679329E-27   3.07731244E-27   2.03554204E-27
  6.657840E-01   7.08929313E-27   1.83211725E-27   3.16958770E-27   2.08758817E-27
  6.747870E-01   7.01208686E-27   1.60952265E-27   3.26274320E-27   2.13982101E-27
  6.839120E-01   6.96016195E-27   1.41121393E-27   3.35673466E-27   2.19221336E-27
  6.931600E-01   6.93110009E-27   1.23486991E-27   3.45149314E-27   2.24473704E-27
  7.025330E-01   6.92233824E-27   1.07770968E-27   3.54725017E-27   2.29737838E-27
  7.120330E-01   6.93391515E-27   9.39172210E-28   3.64460172E-27   2.35014122E-27
  7.216610E-01   6.96439425E-27   8.18762166E-28   3.74268561E-27   2.40294648E-27
  7.314200E-01   7.01182774E-27   7.14585646E-28   3.84146093E-27   2.45578116E-27
  7.413100E-01   7.07407924E-27   6.24619620E-28   3.94086125E-27   2.50859836E-27
  7.513350E-01   7.14953300E-27   5.47309226E-28   4.04083930E-27   2.56138447E-27
  7.614940E-01   7.23652766E-27   4.81132319E-28   4.14129679E-27   2.61409855E-27
  7.717920E-01   7.33340356E-27   4.24436548E-28   4.24223231E-27   2.66673470E-27
  7.822280E-01   7.43853875E-27   3.75787653E-28   4.34351171E-27   2.71923938E-27
  7.928060E-01   7.55065086E-27   3.33923914E-28   4.44512059E-27   2.77160636E-27
  8.035260E-01   7.66906592E-27   2.97750801E-28   4.54773535E-27   2.82357977E-27
  8.143920E-01   7.79350875E-27   2.66327227E-28   4.65223849E-27   2.87494303E-27
  8.254040E-01   7.92200866E-27   2.38886220E-28   4.75708340E-27   2.92603904E-27
  8.365660E-01   8.05391826E-27   2.14790766E-28   4.86226239E-27   2.97686511E-27
  8.478780E-01   8.18856863E-27   1.93530516E-28   4.96766391E-27   3.02737421E-27
  8.593430E-01   8.32551507E-27   1.74687835E-28   5.07326757E-27   3.07755967E-27
  8.709640E-01   8.46433255E-27   1.57924983E-28   5.17901146E-27   3.12739610E-27
  8.827410E-01   8.60461775E-27   1.42970476E-28   5.28481115E-27   3.17683613E-27
  8.946780E-01   8.74611929E-27   1.29597490E-28   5.39062969E-27   3.22589210E-27
  9.067760E-01   8.88990701E-27   1.17620783E-28   5.49803763E-27   3.27424860E-27
  9.190380E-01   9.03557064E-27   1.06884388E-28   5.60673413E-27   3.32195213E-27
  9.314650E-01   9.18191338E-27   9.72572343E-29   5.71551199E-27   3.36914415E-27
  9.440610E-01   9.32882483E-27   8.86264372E-29   5.82434890E-27   3.41584949E-27
  9.568270E-01   9.47609043E-27   8.08961763E-29   5.93318934E-27   3.46200492E-27
  9.697650E-01   9.62350991E-27   7.39831793E-29   6.04192315E-27   3.50760357E-27
  9.828790E-01   9.77103204E-27   6.78133046E-29   6.15059524E-27   3.55262350E-27
  9.961700E-01   9.91843783E-27   6.23235603E-29   6.25905611E-27   3.59705816E-27
  1.009640E+00   1.00697167E-26   5.74572138E-29   6.37115879E-27   3.64110071E-27
  1.023290E+00   1.02224457E-26   5.31646132E-29   6.48469073E-27   3.68459039E-27
  1.037130E+00   1.03751954E-26   4.93989103E-29   6.59831359E-27   3.72748294E-27
  1.051150E+00   1.05275588E-26   4.61235461E-29   6.71178118E-27   3.76965404E-27
  1.065370E+00   1.06798315E-26   4.32989045E-29   6.82532584E-27   3.81120679E-27
  1.079780E+00   1.08316189E-26   4.08959341E-29   6.93867611E-27   3.85204687E-27
  1.094380E+00   1.09827495E-26   3.88860288E-29   7.05173611E-27   3.89212733E-27
  1.109170E+00   1.11331177E-26   3.72432921E-29   7.16444482E-27   3.93142956E-27
  1.124170E+00   1.12829953E-26   3.59427864E-29   7.27702118E-27   3.97003130E-27
  1.139380E+00   1.14418416E-26   3.49647303E-29   7.39921837E-27   4.00765852E-27
  1.154780E+00   1.16022907E-26   3.42917654E-29   7.52365942E-27   4.04433956E-27
  1.170400E+00   1.17625879E-26   3.39061294E-29   7.64841754E-27   4.08026418E-27
  1.186220E+00   1.19221709E-26   3.37937830E-29   7.77307234E-27   4.11530474E-27
  1.202260E+00   1.20813452E-26   3.39416169E-29   7.89787027E-27   4.14953334E-27
  1.218520E+00   1.22399843E-26   3.43385130E-29   8.02272675E-27   4.18291904E-27
  1.235000E+00   1.23979239E-26   3.49747647E-29   8.14752374E-27   4.21542541E-27
  1.251700E+00   1.25581339E-26   3.58417978E-29   8.27255626E-27   4.24973580E-27
  1.268630E+00   1.27214930E-26   3.69330242E-29   8.40094421E-27   4.28361576E-27
  1.285780E+00   1.28839980E-26   3.82416851E-29   8.52913760E-27   4.31661869E-27
  1.303170E+00   1.30459833E-26   3.97645062E-29   8.65739660E-27   4.34882223E-27
  1.320790E+00   1.32097036E-26   4.14969656E-29   8.78765201E-27   4.38055467E-27
  1.338650E+00   1.33730860E-26   4.34373062E-29   8.91815849E-27   4.41149022E-27
  1.356750E+00   1.35356932E-26   4.55838065E-29   9.04856654E-27   4.44154281E-27
  1.375100E+00   1.36976154E-26   4.79370397E-29   9.17893783E-27   4.47074054E-27
  1.393690E+00   1.38620045E-26   5.04958151E-29   9.31266718E-27   4.49884156E-27
  1.412540E+00   1.40264239E-26   5.32639077E-29   9.44708881E-27   4.52607120E-27
  1.431640E+00   1.41899468E-26   5.62419545E-29   9.58134381E-27   4.55236105E-27
  1.451000E+00   1.43526675E-26   5.94341550E-29   9.71550952E-27   4.57772385E-27
  1.470620E+00   1.45202870E-26   6.28440583E-29   9.85534808E-27   4.60209489E-27
  1.490500E+00   1.46908846E-26   6.64760041E-29   9.99893362E-27   4.62547499E-27
  1.510660E+00   1.48611078E-26   7.03389624E-29   1.01428267E-26   4.64794215E-27
  1.531090E+00   1.50305855E-26   7.44370675E-29   1.02867201E-26   4.66942837E-27
  1.551790E+00   1.51997882E-26   7.87771031E-29   1.04311591E-26   4.68985198E-27
  1.572780E+00   1.53738831E-26   8.33708793E-29   1.05818923E-26   4.70861991E-27
  1.594040E+00   1.55470815E-26   8.82224767E-29   1.07325132E-26   4.72634589E-27
  1.615600E+00   1.57198883E-26   9.33480902E-29   1.08834169E-26   4.74312330E-27
  1.637440E+00   1.58917575E-26   9.87533455E-29   1.10341436E-26   4.75886049E-27
  1.659590E+00   1.60633872E-26   1.04456837E-28   1.11850344E-26   4.77389592E-27
  1.682030E+00   1.62343333E-26   1.10465921E-28   1.13356415E-26   4.78822592E-27
  1.704770E+00   1.64044265E-26   1.16796399E-28   1.14860790E-26   4.80155102E-27
  1.727830E+00   1.65739475E-26   1.23468527E-28   1.16365656E-26   4.81391328E-27
  1.751190E+00   1.67423559E-26   1.30492440E-28   1.17866282E-26   4.82523532E-27
  1.774870E+00   1.69113633E-26   1.37891271E-28   1.19374428E-26   4.83602921E-27
  1.798870E+00   1.70873628E-26   1.45684150E-28   1.20933662E-26   4.84831238E-27
  1.823200E+00   1.72627709E-26   1.53894707E-28   1.22492247E-26   4.85965150E-27
  1.847850E+00   1.74372584E-26   1.62542306E-28   1.24047058E-26   4.87001031E-27
  1.872840E+00   1.76111037E-26   1.71658548E-28   1.25600297E-26   4.87941550E-27
  1.898160E+00   1.77839938E-26   1.81267106E-28   1.27148686E-26   4.88785808E-27
  1.923830E+00   1.79625121E-26   1.91405469E-28   1.28754431E-26   4.89566353E-27
  1.949840E+00   1.81438899E-26   2.02102968E-28   1.30391067E-26   4.90268017E-27
  1.976210E+00   1.83248364E-26   2.13404795E-28   1.32026644E-26   4.90876715E-27
  2.002930E+00   1.85050501E-26   2.25348126E-28   1.33658005E-26   4.91390143E-27
  2.030020E+00   1.86847926E-26   2.37987805E-28   1.35286902E-26   4.91811465E-27
  2.057470E+00   1.88637821E-26   2.51371497E-28   1.36910281E-26   4.92138257E-27
  2.085290E+00   1.90449555E-26   2.65561681E-28   1.38557977E-26   4.92359618E-27
  2.113490E+00   1.92270212E-26   2.80631272E-28   1.40215471E-26   4.92484279E-27
  2.142070E+00   1.94093175E-26   2.96655002E-28   1.41863548E-26   4.92630766E-27
  2.171030E+00   1.95913474E-26   3.13720491E-28   1.43502748E-26   4.92735214E-27
  2.200390E+00   1.97731214E-26   3.31940512E-28   1.45136738E-26   4.92750712E-27
  2.230150E+00   1.99566976E-26   3.51431086E-28   1.46792113E-26   4.92605528E-27
  2.260300E+00   2.01413159E-26   3.72323306E-28   1.48452435E-26   4.92374912E-27
  2.290870E+00   2.03322560E-26   3.94795495E-28   1.50166767E-26   4.92078385E-27
  2.321850E+00   2.05233197E-26   4.19032591E-28   1.51873289E-26   4.91695823E-27
  2.353240E+00   2.07145571E-26   4.45258357E-28   1.53570193E-26   4.91227947E-27
  2.385060E+00   2.09064204E-26   4.73763331E-28   1.55258833E-26   4.90677379E-27
  2.417320E+00   2.10992272E-26   5.04885397E-28   1.56938784E-26   4.90046336E-27
  2.450000E+00   2.13030096E-26   5.39010159E-28   1.58703337E-26   4.89366571E-27
  2.483130E+00   2.15110260E-26   5.76665124E-28   1.60480834E-26   4.88627748E-27
  2.516710E+00   2.17183296E-26   6.18474278E-28   1.62208677E-26   4.87898764E-27
  2.550740E+00   2.19285208E-26   6.65224960E-28   1.63923701E-26   4.87092571E-27
  2.585230E+00   2.21425677E-26   7.17932995E-28   1.65625152E-26   4.86211951E-27
  2.620190E+00   2.23617529E-26   7.77920647E-28   1.67312518E-26   4.85258053E-27
  2.655620E+00   2.25875995E-26   8.46901385E-28   1.68983818E-26   4.84231636E-27
  2.691530E+00   2.28223724E-26   9.27189714E-28   1.70638375E-26   4.83134522E-27
  2.727930E+00   2.30691795E-26   1.02194139E-27   1.72275526E-26   4.81968554E-27
  2.764820E+00   2.33344111E-26   1.13551450E-27   1.73912500E-26   4.80764661E-27
  2.802210E+00   2.36286160E-26   1.27415929E-27   1.75586611E-26   4.79579560E-27
  2.840100E+00   2.39543902E-26   1.44698210E-27   1.77241030E-26   4.78330513E-27
  2.878500E+00   2.43255534E-26   1.66781764E-27   1.78875468E-26   4.77018900E-27
  2.917430E+00   2.47639942E-26   1.95850185E-27   1.80490226E-26   4.75646967E-27
  2.956880E+00   2.53050120E-26   2.35470082E-27   1.82081496E-26   4.74216164E-27
  2.996860E+00   2.60108108E-26   2.91865372E-27   1.83648806E-26   4.72727643E-27
  3.037390E+00   2.69978848E-26   3.76680055E-27   1.85192443E-26   4.71183992E-27
  3.078460E+00   2.85029933E-26   5.13625400E-27   1.86708784E-26   4.69586088E-27
  3.120090E+00   3.10847773E-26   7.57608189E-27   1.88266117E-26   4.68208364E-27
  3.162280E+00   3.62535084E-26   1.25962426E-26   1.89866526E-26   4.67061316E-27
  3.205040E+00   4.94643303E-26   2.56617594E-26   1.91439311E-26   4.65863982E-27
  3.248380E+00   1.02956997E-25   7.90124661E-26   1.92983428E-26   4.64618819E-27
  3.292300E+00   5.65072038E-25   5.40992276E-25   1.94495187E-26   4.63024350E-27
  3.336820E+00   1.66676639E-25   1.42466640E-25   1.95976025E-26   4.61239621E-27
  3.381950E+00   6.07897184E-26   3.64530705E-26   1.97425054E-26   4.59414248E-27
  3.427680E+00   4.08492291E-26   1.63879727E-26   1.98879295E-26   4.57332689E-27
  3.474030E+00   3.41434930E-26   9.55995597E-27   2.00330031E-26   4.55053395E-27
  3.521010E+00   3.11820381E-26   6.48002593E-27   2.01746012E-26   4.52741101E-27
  3.568620E+00   2.96661773E-26   4.84970350E-27   2.03124907E-26   4.50398311E-27
  3.616870E+00   2.88223731E-26   3.89555850E-27   2.04465485E-26   4.48026607E-27
  3.665780E+00   2.83370489E-26   3.29926739E-27   2.05818959E-26   4.45588558E-27
  3.715350E+00   2.80628131E-26   2.91082379E-27   2.07213583E-26   4.43063098E-27
  3.765590E+00   2.79139459E-26   2.65189395E-27   2.08568852E-26   4.40516676E-27
  3.816510E+00   2.78463157E-26   2.47847037E-27   2.09883331E-26   4.37951220E-27
  3.868120E+00   2.78335885E-26   2.36434436E-27   2.11155554E-26   4.35368877E-27
  3.920430E+00   2.78676149E-26   2.29319129E-27   2.12467008E-26   4.32772274E-27
  3.973440E+00   2.79305611E-26   2.25448199E-27   2.13744434E-26   4.30163570E-27
  4.027170E+00   2.80143104E-26   2.24124277E-27   2.14976189E-26   4.27544871E-27
  4.081630E+00   2.81140757E-26   2.24880596E-27   2.16160853E-26   4.24918447E-27
  4.136820E+00   2.82263477E-26   2.27404000E-27   2.17297714E-26   4.22253626E-27
  4.192760E+00   2.83472534E-26   2.31489884E-27   2.18406121E-26   4.19174247E-27
  4.249460E+00   2.84775041E-26   2.37013770E-27   2.19463945E-26   4.16097193E-27
  4.306920E+00   2.86163360E-26   2.43912911E-27   2.20469638E-26   4.13024311E-27
  4.365160E+00   2.87635791E-26   2.52181536E-27   2.21421876E-26   4.09957612E-27
  4.424190E+00   2.89196460E-26   2.61865332E-27   2.22319968E-26   4.06899585E-27
  4.484010E+00   2.90990703E-26   2.73063192E-27   2.23260509E-26   4.04238746E-27
  4.544650E+00   2.92909201E-26   2.85946697E-27   2.24153065E-26   4.01614662E-27
  4.606100E+00   2.94965673E-26   3.00769371E-27   2.24988486E-26   3.99002495E-27
  4.668390E+00   2.97199529E-26   3.17922673E-27   2.25766814E-26   3.96404471E-27
  4.731510E+00   2.99666917E-26   3.37994023E-27   2.26485310E-26   3.93822046E-27
  4.795490E+00   3.02569974E-26   3.61933437E-27   2.27224056E-26   3.91525748E-27
  4.860340E+00   3.06111283E-26   3.91347499E-27   2.28014603E-26   3.89619298E-27
  4.926060E+00   3.10435378E-26   4.29196038E-27   2.28742704E-26   3.87730701E-27
  4.992680E+00   3.16156679E-26   4.81611162E-27   2.29409374E-26   3.85861889E-27
  5.060190E+00   3.24658887E-26   5.63042232E-27   2.29910286E-26   3.84443775E-27
  5.128610E+00   3.39948684E-26   7.13056247E-27   2.30333677E-26   3.83093820E-27
  5.197970E+00   3.72549113E-26   1.03637107E-26   2.30689975E-26   3.82220309E-27
  5.268250E+00   4.12893875E-26   1.43728373E-26   2.30975293E-26   3.81902094E-27
  5.339490E+00   3.88805636E-26   1.19449878E-26   2.31195131E-26   3.81606264E-27
  5.411700E+00   3.70554130E-26   1.01073113E-26   2.31347491E-26   3.81335260E-27
  5.484870E+00   3.75689198E-26   1.06149353E-26   2.31430754E-26   3.81090909E-27
  5.559040E+00   4.02396600E-26   1.32743240E-26   2.31507201E-26   3.81461587E-27
  5.634210E+00   4.66002299E-26   1.96237557E-26   2.31547634E-26   3.82171073E-27
  5.710400E+00   5.24895346E-26   2.54964820E-26   2.31559147E-26   3.83713791E-27
  5.787620E+00   4.83219806E-26   2.13186121E-26   2.31503175E-26   3.85305099E-27
  5.865880E+00   4.72861887E-26   2.02789607E-26   2.31379050E-26   3.86932295E-27
  5.945200E+00   5.16128775E-26   2.45958392E-26   2.31273996E-26   3.88963866E-27
  6.025600E+00   6.37878057E-26   3.67557275E-26   2.31182869E-26   3.91379125E-27
  6.107080E+00   9.65741699E-26   6.95336203E-26   2.31021417E-26   3.93840789E-27
  6.189660E+00   1.72033324E-25   1.44990690E-25   2.30791061E-26   3.96352719E-27
  6.273360E+00   1.52668294E-25   1.25672319E-25   2.30140127E-26   3.98196152E-27
  6.358190E+00   9.08073481E-26   6.38691963E-26   2.29380613E-26   4.00009053E-27
  6.444170E+00   7.00359236E-26   4.31059974E-26   2.29201069E-26   4.00981935E-27
  6.531310E+00   6.55410003E-26   3.86271064E-26   2.28940318E-26   4.01986208E-27
  6.619620E+00   6.70200804E-26   4.01479898E-26   2.28471812E-26   4.02490936E-27
  6.709140E+00   6.84142966E-26   4.15902833E-26   2.27935572E-26   4.03045607E-27
  6.799860E+00   6.71489470E-26   4.03833789E-26   2.27319963E-26   4.03357181E-27
  6.891810E+00   6.61317282E-26   3.94304082E-26   2.26638296E-26   4.03749040E-27
  6.985000E+00   6.77766460E-26   4.11161227E-26   2.25984470E-26   4.06207634E-27
  7.079460E+00   7.25583106E-26   4.59363550E-26   2.25290909E-26   4.09286476E-27
  7.175190E+00   8.07177091E-26   5.40474249E-26   2.24549387E-26   4.21534551E-27
  7.272210E+00   9.27943699E-26   6.60739556E-26   2.23746092E-26   4.34580513E-27
  7.370550E+00   1.11344128E-25   8.43403520E-26   2.22966496E-26   4.70712692E-27
  7.470220E+00   1.42254528E-25   1.14899296E-25   2.22148761E-26   5.14035668E-27
  7.571230E+00   1.82015509E-25   1.53910979E-25   2.21337488E-26   5.97078077E-27
  7.673620E+00   1.88334668E-25   1.59153040E-25   2.20518414E-26   7.12978628E-27
  7.777380E+00   1.84154035E-25   1.53605764E-25   2.19641833E-26   8.58408750E-27
  7.882550E+00   1.74316278E-25   1.41652570E-25   2.18713228E-26   1.07923849E-26
  7.989140E+00   1.41410485E-25   1.06569714E-25   2.17725141E-26   1.30682575E-26
  8.097170E+00   1.15939456E-25   7.79335473E-26   2.16612782E-26   1.63446300E-26
  8.206660E+00   1.05384336E-25   6.40447021E-26   2.15440276E-26   1.97956064E-26
  8.317640E+00   1.04732638E-25   6.01002509E-26   2.14232471E-26   2.32091399E-26
  8.430110E+00   1.10356833E-25   6.27347143E-26   2.13006984E-26   2.63214203E-26
  8.544110E+00   1.26339864E-25   7.59716093E-26   2.11745953E-26   2.91936594E-26
  8.659640E+00   1.27694345E-25   7.43898249E-26   2.10465632E-26   3.22579573E-26
  8.776740E+00   1.07859445E-25   5.10261829E-26   2.09188884E-26   3.59143737E-26
  8.895420E+00   9.79600942E-26   3.69040648E-26   2.07892800E-26   4.02667494E-26
  9.015710E+00   9.58720560E-26   3.01400264E-26   2.06602740E-26   4.50717556E-26
  9.137630E+00   9.70007254E-26   2.66810832E-26   2.05321963E-26   4.97874459E-26
  9.261190E+00   9.89042961E-26   2.48284745E-26   2.04050936E-26   5.36707281E-26
  9.386420E+00   1.00193348E-25   2.38768855E-26   2.02829523E-26   5.60335100E-26
  9.513350E+00   1.00317707E-25   2.35064344E-26   2.01577290E-26   5.66535434E-26
  9.641990E+00   9.96320109E-26   2.35639015E-26   2.00353128E-26   5.60327966E-26
  9.772370E+00   9.86066398E-26   2.39803475E-26   1.99162789E-26   5.47100134E-26
  9.904520E+00   9.78691033E-26   2.47399997E-26   1.98004688E-26   5.33286348E-26
  1.003850E+01   9.76467049E-26   2.58732655E-26   1.96867306E-26   5.20867087E-26
  1.017420E+01   9.80048100E-26   2.74652601E-26   1.95767506E-26   5.09627993E-26
  1.031180E+01   9.87681366E-26   2.96990812E-26   1.94669118E-26   4.96021435E-26
  1.045120E+01   9.97415319E-26   3.29642233E-26   1.93584678E-26   4.74188409E-26
  1.059250E+01   1.02355584E-25   3.83107376E-26   1.92530678E-26   4.47917790E-26
  1.073580E+01   1.07709323E-25   4.64111379E-26   1.91525400E-26   4.21456454E-26
  1.088090E+01   1.19346642E-25   6.04901432E-26   1.90582215E-26   3.97982777E-26
  1.102810E+01   1.53962347E-25   9.71292648E-26   1.89765922E-26   3.78564900E-26
  1.117720E+01   3.08385456E-25   2.53520484E-25   1.89283984E-26   3.59365736E-26
  1.132840E+01   3.39317560E-25   2.86248702E-25   1.89430476E-26   3.41258101E-26
  1.148150E+01   2.26622398E-25   1.73184749E-25   2.09723040E-26   3.24653451E-26
  1.163680E+01   1.66809712E-25   1.17318364E-25   1.84885972E-26   3.10027511E-26
  1.179420E+01   1.63144202E-25   1.15282054E-25   1.84073774E-26   2.94547710E-26
  1.195360E+01   1.80023208E-25   1.33790004E-25   1.83574484E-26   2.78757553E-26
  1.211530E+01   1.73273467E-25   1.28636739E-25   1.83091607E-26   2.63275670E-26
  1.227910E+01   1.65162871E-25   1.21916654E-25   1.82701180E-26   2.49760989E-26
  1.244510E+01   1.89277501E-25   1.47294137E-25   1.82239264E-26   2.37594376E-26
  1.261340E+01   2.26019125E-25   1.85328244E-25   1.81648788E-26   2.25260028E-26
  1.278400E+01   1.89667248E-25   1.50212145E-25   1.81142206E-26   2.13408818E-26
  1.295690E+01   1.43841691E-25   1.05553390E-25   1.80686073E-26   2.02196937E-26
  1.313210E+01   1.26297455E-25   8.89788733E-26   1.80284733E-26   1.92901085E-26
  1.330970E+01   1.26642380E-25   9.02216275E-26   1.80014282E-26   1.84193241E-26
  1.348960E+01   1.30881645E-25   9.53259344E-26   1.79831265E-26   1.75725838E-26
  1.367200E+01   1.17447056E-25   8.25359512E-26   1.79756029E-26   1.69355021E-26
  1.385690E+01   1.06505656E-25   7.20342866E-26   1.79804795E-26   1.64908900E-26
  1.404430E+01   1.05723896E-25   7.13922506E-26   1.80009311E-26   1.63307145E-26
  1.423420E+01   1.08313380E-25   7.36817705E-26   1.80340731E-26   1.65975367E-26
  1.442670E+01   1.00284407E-25   6.51698599E-26   1.80751730E-26   1.70393737E-26
  1.462180E+01   9.81367159E-26   6.21219089E-26   1.81361157E-26   1.78786913E-26
  1.481950E+01   9.84348075E-26   6.14315902E-26   1.82087271E-26   1.87944902E-26
  1.501990E+01   9.97334848E-26   6.16092588E-26   1.83030602E-26   1.98211659E-26
  1.522300E+01   1.01648843E-25   6.22725992E-26   1.84215581E-26   2.09546860E-26
  1.542880E+01   1.04123443E-25   6.33778487E-26   1.85536606E-26   2.21919332E-26
  1.563750E+01   1.07429930E-25   6.51873287E-26   1.87089404E-26   2.35336614E-26
  1.584890E+01   1.12582620E-25   6.87426505E-26   1.88794828E-26   2.49604869E-26
  1.606320E+01   1.17797435E-25   7.22403178E-26   1.90772584E-26   2.64798587E-26
  1.628050E+01   1.31680924E-25   8.43185446E-26   1.92887246E-26   2.80736550E-26
  1.650060E+01   1.59844465E-25   1.10594729E-25   1.95322633E-26   2.97174720E-26
  1.672370E+01   1.45947727E-25   9.47466086E-26   1.97893868E-26   3.14117317E-26
  1.694990E+01   1.53491087E-25   1.00376566E-25   2.00835128E-26   3.30310086E-26
  1.717910E+01   1.55565029E-25   1.00505767E-25   2.03928041E-26   3.46664574E-26
  1.741140E+01   1.55376313E-25   9.84083789E-26   2.07492746E-26   3.62186591E-26
  1.764680E+01   1.40704798E-25   8.18269306E-26   2.11257977E-26   3.77520693E-26
  1.788550E+01   1.38852292E-25   7.82564916E-26   2.15556416E-26   3.90401583E-26
  1.812730E+01   1.32171657E-25   6.99363922E-26   2.20155736E-26   4.02196916E-26
  1.837240E+01   1.29956184E-25   6.62546021E-26   2.25158320E-26   4.11857503E-26
  1.862090E+01   1.29067864E-25   6.40479154E-26   2.30514260E-26   4.19685230E-26
  1.887270E+01   1.28529339E-25   6.23518683E-26   2.36252773E-26   4.25521935E-26
  1.912790E+01   1.27855393E-25   6.07922008E-26   2.42580277E-26   4.28051645E-26
  1.938650E+01   1.27193807E-25   5.92692736E-26   2.49137298E-26   4.30108040E-26
  1.964870E+01   1.26283709E-25   5.78204552E-26   2.56467470E-26   4.28165063E-26
  1.991440E+01   1.25494293E-25   5.64784767E-26   2.64035216E-26   4.26122948E-26
  2.018370E+01   1.24732102E-25   5.52378015E-26   2.72229999E-26   4.22713005E-26
  2.045660E+01   1.24191394E-25   5.40781846E-26   2.81130522E-26   4.20001572E-26
  2.073320E+01   1.23913765E-25   5.29791338E-26   2.90719915E-26   4.18626399E-26
  2.101360E+01   1.23730508E-25   5.19252149E-26   3.00997085E-26   4.17055845E-26
  2.129770E+01   1.23641846E-25   5.09063679E-26   3.12199648E-26   4.15155137E-26
  2.158570E+01   1.23757403E-25   4.99148485E-26   3.24230403E-26   4.14195145E-26
  2.187760E+01   1.24015448E-25   4.89461975E-26   3.37114398E-26   4.13578109E-26
  2.217350E+01   1.24359285E-25   4.79972682E-26   3.50880747E-26   4.12739423E-26
  2.247330E+01   1.24670141E-25   4.70665262E-26   3.65733635E-26   4.10302514E-26
  2.277720E+01   1.25202829E-25   4.61522657E-26   3.81649163E-26   4.08856467E-26
  2.308520E+01   1.25943754E-25   4.52539395E-26   3.98579894E-26   4.08318251E-26
  2.339740E+01   1.26894401E-25   4.43707576E-26   4.16553777E-26   4.08682658E-26
  2.371370E+01   1.27913446E-25   4.35029246E-26   4.35923012E-26   4.08182206E-26
  2.403440E+01   1.29101848E-25   4.26494293E-26   4.56379030E-26   4.08145159E-26
  2.435940E+01   1.30452850E-25   4.18106100E-26   4.77949047E-26   4.08473356E-26
  2.468880E+01   1.31987933E-25   4.09861438E-26   5.00925305E-26   4.09092591E-26
  2.502270E+01   1.33560785E-25   4.01758365E-26   5.24818027E-26   4.09031463E-26
  2.536100E+01   1.35390703E-25   3.93798520E-26   5.50721246E-26   4.09387261E-26
  2.570400E+01   1.37315278E-25   3.85975058E-26   5.77412375E-26   4.09765343E-26
  2.605150E+01   1.39338080E-25   3.78292044E-26   6.04933751E-26   4.10155000E-26
  2.640380E+01   1.41464147E-25   3.70742338E-26   6.33335592E-26   4.10563541E-26
  2.676090E+01   1.43697596E-25   3.63325104E-26   6.62663850E-26   4.10987010E-26
  2.712270E+01   1.46042395E-25   3.56041585E-26   6.92963608E-26   4.11418755E-26
  2.748950E+01   1.48503040E-25   3.48884579E-26   7.24279846E-26   4.11865978E-26
  2.786120E+01   1.50907250E-25   3.41854726E-26   7.54266356E-26   4.12951415E-26
  2.823800E+01   1.53323743E-25   3.34947231E-26   7.84105381E-26   4.14184823E-26
  2.861980E+01   1.55772148E-25   3.28162232E-26   8.14126483E-26   4.15432762E-26
  2.900680E+01   1.58241172E-25   3.21494807E-26   8.44217609E-26   4.16699307E-26
  2.939910E+01   1.60716450E-25   3.14941989E-26   8.74237156E-26   4.17985354E-26
  2.979660E+01   1.63179809E-25   3.08503898E-26   9.04008809E-26   4.19285383E-26
  3.019950E+01   1.65213367E-25   3.02175690E-26   9.29018709E-26   4.20939266E-26
  3.060790E+01   1.66735214E-25   2.95954423E-26   9.48444344E-26   4.22953374E-26
  3.102180E+01   1.68107803E-25   2.89838910E-26   9.66253089E-26   4.24986033E-26
  3.144130E+01   1.69310096E-25   2.83825843E-26   9.82236973E-26   4.27038145E-26
  3.186640E+01   1.70321465E-25   2.77914045E-26   9.96192291E-26   4.29108315E-26
  3.229730E+01   1.71123574E-25   2.72099732E-26   1.00793466E-25   4.31201350E-26
  3.273410E+01   1.71699656E-25   2.66380014E-26   1.01729735E-25   4.33319193E-26
  3.317670E+01   1.72034749E-25   2.60755580E-26   1.02413418E-25   4.35457731E-26
  3.362530E+01   1.71955462E-25   2.55222256E-26   1.02632500E-25   4.38007366E-26
  3.408000E+01   1.71199634E-25   2.49778319E-26   1.02049979E-25   4.41718229E-26
  3.454090E+01   1.70276116E-25   2.44421104E-26   1.01284452E-25   4.45495540E-26
  3.500800E+01   1.69198427E-25   2.39150324E-26   1.00349354E-25   4.49340405E-26
  3.548130E+01   1.67982610E-25   2.33965129E-26   9.92607422E-26   4.53253545E-26
  3.596110E+01   1.66648198E-25   2.28861176E-26   9.80374609E-26   4.57246192E-26
  3.644740E+01   1.65214596E-25   2.23838318E-26   9.66987625E-26   4.61320016E-26
  3.694030E+01   1.63702845E-25   2.18894821E-26   9.52652861E-26   4.65480767E-26
  3.743980E+01   1.62133581E-25   2.14030103E-26   9.37575622E-26   4.69730086E-26
  3.794610E+01   1.60455326E-25   2.09242003E-26   9.21197398E-26   4.74113862E-26
  3.845920E+01   1.58791091E-25   2.04529984E-26   9.04767385E-26   4.78613545E-26
  3.897920E+01   1.57190437E-25   1.99893039E-26   8.88787009E-26   4.83224322E-26
  3.950630E+01   1.55667557E-25   1.95329029E-26   8.73390343E-26   4.87956195E-26
  4.004050E+01   1.54234068E-25   1.90837893E-26   8.58689595E-26   4.92813197E-26
  4.058200E+01   1.52901682E-25   1.86417582E-26   8.44792505E-26   4.97806734E-26
  4.113080E+01   1.51679341E-25   1.82068445E-26   8.31783926E-26   5.02941035E-26
  4.168690E+01   1.50669778E-25   1.77790164E-26   8.20434549E-26   5.08473069E-26
  4.225060E+01   1.49854702E-25   1.73580204E-26   8.10661691E-26   5.14305120E-26
  4.282200E+01   1.49188981E-25   1.69438563E-26   8.02146324E-26   5.20304923E-26
  4.340100E+01   1.48673797E-25   1.65365391E-26   7.94898688E-26   5.26473893E-26
  4.398790E+01   1.48312859E-25   1.61358798E-26   7.88943371E-26   5.32826424E-26
  4.458270E+01   1.48106629E-25   1.57418983E-26   7.84281278E-26   5.39366027E-26
  4.518560E+01   1.48100074E-25   1.53544733E-26   7.81221075E-26   5.46234934E-26
  4.579660E+01   1.48472927E-25   1.49736530E-26   7.81013905E-26   5.53978832E-26
  4.641590E+01   1.49011048E-25   1.45992674E-26   7.82158918E-26   5.61958886E-26
  4.704350E+01   1.49712229E-25   1.42313413E-26   7.84630689E-26   5.70178193E-26
  4.767970E+01   1.50576644E-25   1.38697603E-26   7.88418982E-26   5.78649854E-26
  4.832440E+01   1.51600036E-25   1.35145800E-26   7.93483449E-26   5.87371112E-26
  4.897790E+01   1.52781524E-25   1.31656482E-26   7.99805172E-26   5.96353583E-26
  4.964020E+01   1.54116559E-25   1.28229720E-26   8.07340118E-26   6.05595751E-26
  5.031140E+01   1.55712300E-25   1.24865500E-26   8.16783094E-26   6.15474406E-26
  5.099180E+01   1.57584972E-25   1.21562062E-26   8.28220373E-26   6.26067288E-26
  5.168130E+01   1.59609567E-25   1.18320423E-26   8.40807208E-26   6.36968037E-26
  5.238010E+01   1.61911431E-25   1.15139738E-26   8.55338712E-26   6.48635860E-26
  5.308840E+01   1.64356677E-25   1.12018962E-26   8.70927475E-26   6.60620337E-26
  5.380630E+01   1.66938729E-25   1.08958161E-26   8.87514022E-26   6.72915102E-26
  5.453390E+01   1.69781274E-25   1.05956876E-26   9.05921357E-26   6.85934502E-26
  5.527130E+01   1.72771759E-25   1.03014731E-26   9.25367878E-26   6.99334984E-26
  5.601870E+01   1.75882476E-25   1.00131151E-26   9.45651256E-26   7.13042349E-26
  5.677620E+01   1.79211257E-25   9.73057333E-27   9.67341461E-26   7.27465375E-26
  5.754400E+01   1.82735527E-25   9.45376835E-27   9.90274916E-26   7.42542674E-26
  5.832210E+01   1.86358440E-25   9.18271287E-27   1.01384411E-25   7.57913167E-26
  5.911080E+01   1.90090742E-25   8.91729994E-27   1.03808681E-25   7.73647609E-26
  5.991010E+01   1.94105390E-25   8.65755133E-27   1.06393982E-25   7.90538569E-26
  6.072020E+01   1.98195415E-25   8.40337295E-27   1.09021484E-25   8.07705584E-26
  6.154130E+01   2.02348497E-25   8.15470126E-27   1.11682157E-25   8.25116385E-26
  6.237350E+01   2.06627671E-25   7.91150005E-27   1.14413302E-25   8.43028692E-26
  6.321690E+01   2.11038496E-25   7.67373698E-27   1.17216131E-25   8.61486276E-26
  6.407180E+01   2.15566742E-25   7.44131059E-27   1.20067132E-25   8.80582993E-26
  6.493820E+01   2.20178939E-25   7.21420253E-27   1.22946211E-25   9.00185262E-26
  6.581630E+01   2.24881325E-25   6.99233844E-27   1.25864960E-25   9.20240263E-26
  6.670630E+01   2.29626206E-25   6.77566708E-27   1.28792496E-25   9.40580434E-26
  6.760830E+01   2.34434688E-25   6.56413049E-27   1.31736889E-25   9.61336688E-26
  6.852250E+01   2.39254613E-25   6.35766130E-27   1.34666410E-25   9.82305409E-26
  6.944910E+01   2.44140456E-25   6.15618677E-27   1.37589847E-25   1.00394422E-25
  7.038820E+01   2.49033841E-25   5.95966098E-27   1.40495802E-25   1.02578379E-25
  7.134000E+01   2.53946372E-25   5.76801186E-27   1.43387685E-25   1.04790675E-25
  7.230470E+01   2.58867945E-25   5.58117135E-27   1.46233148E-25   1.07053626E-25
  7.328250E+01   2.63744422E-25   5.39906308E-27   1.49022064E-25   1.09323294E-25
  7.427340E+01   2.68609281E-25   5.22165774E-27   1.51770963E-25   1.11616661E-25
  7.527780E+01   2.73363799E-25   5.04884349E-27   1.54425654E-25   1.13889301E-25
  7.629570E+01   2.78127305E-25   4.88057878E-27   1.57050074E-25   1.16196652E-25
  7.732740E+01   2.82725428E-25   4.71677820E-27   1.59549024E-25   1.18459626E-25
  7.837300E+01   2.87343237E-25   4.55738269E-27   1.62000875E-25   1.20784979E-25
  7.943280E+01   2.91806593E-25   4.40230512E-27   1.64327373E-25   1.23076915E-25
  8.050690E+01   2.96167222E-25   4.25148463E-27   1.66560035E-25   1.25355702E-25
  8.159560E+01   3.00426022E-25   4.10483474E-27   1.68699168E-25   1.27622019E-25
  8.269900E+01   3.04458970E-25   3.96229502E-27   1.70679928E-25   1.29816746E-25
  8.381720E+01   3.08502852E-25   3.82380571E-27   1.72612629E-25   1.32066417E-25
  8.495060E+01   3.12290785E-25   3.68926400E-27   1.74373380E-25   1.34228141E-25
  8.609940E+01   3.15950062E-25   3.55860130E-27   1.76031279E-25   1.36360182E-25
  8.726360E+01   3.19465978E-25   3.43176320E-27   1.77579904E-25   1.38454311E-25
  8.844370E+01   3.22692876E-25   3.30864436E-27   1.78945309E-25   1.40438923E-25
  8.963960E+01   3.25897687E-25   3.18920360E-27   1.80240919E-25   1.42467564E-25
  9.085180E+01   3.28829195E-25   3.07333617E-27   1.81361238E-25   1.44394621E-25
  9.208030E+01   3.31495265E-25   2.96099113E-27   1.82314983E-25   1.46219291E-25
  9.332540E+01   3.34057676E-25   2.85208358E-27   1.83180944E-25   1.48024649E-25
  9.458740E+01   3.36290593E-25   2.74653464E-27   1.83853576E-25   1.49690483E-25
  9.586650E+01   3.38317855E-25   2.64427011E-27   1.84385426E-25   1.51288159E-25
  9.716280E+01   3.40218700E-25   2.54523057E-27   1.84808668E-25   1.52864801E-25
  9.847670E+01   3.41774172E-25   2.44932974E-27   1.85038101E-25   1.54286741E-25
  9.980830E+01   3.42974772E-25   2.35649956E-27   1.85073431E-25   1.55544841E-25
  1.011580E+02   3.44152417E-25   2.26666283E-27   1.85074856E-25   1.56810898E-25
  1.025260E+02   3.45031581E-25   2.17974737E-27   1.84916630E-25   1.57935204E-25
  1.039120E+02   3.45811877E-25   2.09571581E-27   1.84712632E-25   1.59003529E-25
  1.053170E+02   3.46609422E-25   2.01445153E-27   1.84529975E-25   1.60064996E-25
  1.067420E+02   3.47085609E-25   1.93584645E-27   1.84194520E-25   1.60955242E-25
  1.081850E+02   3.47224360E-25   1.85995374E-27   1.83704309E-25   1.61660096E-25
  1.096480E+02   3.47038542E-25   1.78661065E-27   1.83071462E-25   1.62180469E-25
  1.111310E+02   3.46528092E-25   1.71576703E-27   1.82301897E-25   1.62510427E-25
  1.126330E+02   3.45688836E-25   1.64741354E-27   1.81399731E-25   1.62641691E-25
  1.141560E+02   3.45231581E-25   1.58140250E-27   1.80773811E-25   1.62876367E-25
  1.157000E+02   3.44536373E-25   1.51768564E-27   1.80079409E-25   1.62939278E-25
  1.172650E+02   3.43572487E-25   1.45621176E-27   1.79305698E-25   1.62810577E-25
  1.188500E+02   3.42584153E-25   1.39696513E-27   1.78577987E-25   1.62609201E-25
  1.204570E+02   3.41611086E-25   1.33981892E-27   1.77918195E-25   1.62353072E-25
  1.220860E+02   3.40405617E-25   1.28472236E-27   1.77211685E-25   1.61909210E-25
  1.237370E+02   3.38975941E-25   1.23162802E-27   1.76468260E-25   1.61276053E-25
  1.254100E+02   3.37727219E-25   1.18048467E-27   1.75832371E-25   1.60714364E-25
  1.271060E+02   3.36279608E-25   1.13121313E-27   1.75129428E-25   1.60018967E-25
  1.288250E+02   3.34548892E-25   1.08376761E-27   1.74320184E-25   1.59144940E-25
  1.305670E+02   3.32521580E-25   1.03809849E-27   1.73391050E-25   1.58092432E-25
  1.323330E+02   3.30184973E-25   9.94135429E-28   1.72326130E-25   1.56864707E-25
  1.341220E+02   3.27517477E-25   9.51856656E-28   1.71104131E-25   1.55461489E-25
  1.359360E+02   3.24382425E-25   9.11168304E-28   1.69352186E-25   1.54119070E-25
  1.377740E+02   3.20682777E-25   8.72050008E-28   1.66978253E-25   1.52832473E-25
  1.396370E+02   3.16511528E-25   8.34438224E-28   1.64287244E-25   1.51389846E-25
  1.415250E+02   3.11880221E-25   7.98289819E-28   1.61288059E-25   1.49793872E-25
  1.434390E+02   3.06809545E-25   7.63543691E-28   1.57996906E-25   1.48049096E-25
  1.453780E+02   3.01322305E-25   7.30178481E-28   1.54434053E-25   1.46158073E-25
  1.473440E+02   2.95451980E-25   6.98118685E-28   1.50626665E-25   1.44127196E-25
  1.493370E+02   2.89233252E-25   6.67327157E-28   1.46605049E-25   1.41960876E-25
  1.513560E+02   2.82963194E-25   6.37781687E-28   1.42308020E-25   1.40017392E-25
  1.534030E+02   2.76674187E-25   6.09414228E-28   1.37939426E-25   1.38125348E-25
  1.554770E+02   2.70286900E-25   5.82203999E-28   1.33587603E-25   1.36117093E-25
  1.575800E+02   2.63823411E-25   5.56089937E-28   1.29268355E-25   1.33998965E-25
  1.597100E+02   2.57300338E-25   5.31060113E-28   1.24994660E-25   1.31774618E-25
  1.618700E+02   2.50736118E-25   5.07047147E-28   1.20778005E-25   1.29451066E-25
  1.640590E+02   2.44144525E-25   4.84030221E-28   1.16627560E-25   1.27032935E-25
  1.662770E+02   2.37538770E-25   4.61976274E-28   1.12550887E-25   1.24525907E-25
  1.685260E+02   2.30931818E-25   4.40835656E-28   1.08554362E-25   1.21936621E-25
  1.708050E+02   2.24333528E-25   4.20587142E-28   1.04642699E-25   1.19270241E-25
  1.731140E+02   2.17753881E-25   4.01201013E-28   1.00819659E-25   1.16533021E-25
  1.754550E+02   2.11351809E-25   3.82631534E-28   9.71454638E-26   1.13823714E-25
  1.778280E+02   2.05586778E-25   3.64852639E-28   9.37878269E-26   1.11434099E-25
  1.802330E+02   1.99840057E-25   3.47837340E-28   9.05031820E-26   1.08989038E-25
  1.826700E+02   1.94117459E-25   3.31559219E-28   8.72920274E-26   1.06493872E-25
  1.851400E+02   1.88424581E-25   3.15985890E-28   8.41547062E-26   1.03953889E-25
  1.876430E+02   1.82767160E-25   3.01092677E-28   8.10917090E-26   1.01374358E-25
  1.901810E+02   1.77150558E-25   2.86844398E-28   7.81029984E-26   9.87607155E-26
  1.927530E+02   1.71579901E-25   2.73224383E-28   7.51888359E-26   9.61178406E-26
  1.953590E+02   1.66060575E-25   2.60209290E-28   7.23493664E-26   9.34509988E-26
  1.980010E+02   1.60597290E-25   2.47767856E-28   6.95842866E-26   9.07652357E-26
  2.006780E+02   1.55316411E-25   2.35884051E-28   6.69371573E-26   8.81433701E-26
  2.033920E+02   1.50452467E-25   2.24528445E-28   6.44844541E-26   8.57434847E-26
  2.061420E+02   1.45636306E-25   2.13686338E-28   6.20891403E-26   8.33334797E-26
  2.089300E+02   1.40872347E-25   2.03330581E-28   5.97516923E-26   8.09173246E-26
  2.117550E+02   1.36165470E-25   1.93446815E-28   5.74728790E-26   7.84991439E-26
  2.146180E+02   1.31519714E-25   1.84013705E-28   5.52529072E-26   7.60827932E-26
  2.175200E+02   1.26938856E-25   1.75011063E-28   5.30918979E-26   7.36719474E-26
  2.204620E+02   1.22426476E-25   1.66419502E-28   5.09899117E-26   7.12701446E-26
  2.234430E+02   1.17986441E-25   1.58226250E-28   4.89471700E-26   6.88810453E-26
  2.264640E+02   1.13710780E-25   1.50412933E-28   4.69634031E-26   6.65969645E-26
  2.295270E+02   1.09606584E-25   1.42960096E-28   4.50381877E-26   6.44254358E-26
  2.326310E+02   1.05578043E-25   1.35855885E-28   4.31713572E-26   6.22708297E-26
  2.357760E+02   1.01627461E-25   1.29086594E-28   4.13625864E-26   6.01357879E-26
  2.389640E+02   9.77563371E-26   1.22634502E-28   3.96110584E-26   5.80226442E-26
  2.421960E+02   9.39687782E-26   1.16485318E-28   3.79161111E-26   5.59361818E-26
  2.454710E+02   9.02659054E-26   1.10628797E-28   3.62772404E-26   5.38780362E-26
  2.487900E+02   8.66412532E-26   1.05051135E-28   3.46937131E-26   5.18424890E-26
  2.521540E+02   8.30904758E-26   9.97395108E-29   3.32091418E-26   4.97815945E-26
  2.555640E+02   7.96272404E-26   9.46815734E-29   3.17981603E-26   4.77343985E-26
  2.590200E+02   7.62470391E-26   8.98669189E-29   3.04332054E-26   4.57239668E-26
  2.625230E+02   7.30169610E-26   8.52842029E-29   2.91136525E-26   4.38180244E-26
  2.660730E+02   6.98934099E-26   8.09238406E-29   2.78389336E-26   4.19735525E-26
  2.696700E+02   6.68514759E-26   7.67764005E-29   2.66084846E-26   4.01662149E-26
  2.733170E+02   6.38908110E-26   7.28296301E-29   2.54212309E-26   3.83967505E-26
  2.770130E+02   6.10908274E-26   6.90762512E-29   2.42765874E-26   3.67451637E-26
  2.807590E+02   5.84322355E-26   6.55070276E-29   2.31737220E-26   3.51930064E-26
  2.845550E+02   5.58495233E-26   6.21140952E-29   2.21118175E-26   3.36755917E-26
  2.884030E+02   5.33421215E-26   5.88881559E-29   2.10898567E-26   3.21933767E-26
  2.923030E+02   5.09097660E-26   5.58220886E-29   2.01069922E-26   3.07469517E-26
  2.962560E+02   4.85519515E-26   5.29082294E-29   1.91622539E-26   2.93367894E-26
  3.002620E+02   4.62809122E-26   5.01400166E-29   1.82566736E-26   2.79740985E-26
  3.043220E+02   4.42508656E-26   4.75103848E-29   1.74118829E-26   2.67914723E-26
  3.084370E+02   4.22836383E-26   4.50126002E-29   1.65996555E-26   2.56389702E-26
  3.126080E+02   4.03784615E-26   4.26402564E-29   1.58191246E-26   2.45166967E-26
  3.168350E+02   3.85348023E-26   4.03879300E-29   1.50695646E-26   2.34248498E-26
  3.211200E+02   3.67516388E-26   3.82491589E-29   1.43500196E-26   2.23633700E-26
  3.254620E+02   3.50283843E-26   3.62194100E-29   1.36598128E-26   2.13323521E-26
  3.298630E+02   3.33639697E-26   3.42928929E-29   1.29980104E-26   2.03316664E-26
  3.343230E+02   3.17574952E-26   3.24649405E-29   1.23638130E-26   1.93612173E-26
  3.388440E+02   3.02077914E-26   3.07303148E-29   1.17563264E-26   1.84207347E-26
  3.434260E+02   2.87138751E-26   2.90848001E-29   1.11747450E-26   1.75100453E-26
  3.480700E+02   2.72746494E-26   2.75239767E-29   1.06182438E-26   1.66288816E-26
  3.527770E+02   2.59757517E-26   2.60436839E-29   1.00859834E-26   1.58637246E-26
  3.575470E+02   2.47502618E-26   2.46402244E-29   9.58555811E-27   1.51400634E-26
  3.623820E+02   2.35732609E-26   2.33094385E-29   9.11040048E-27   1.44395510E-26
  3.672820E+02   2.24398831E-26   2.20480149E-29   8.65590267E-27   1.37619324E-26
  3.722490E+02   2.13490496E-26   2.08522233E-29   8.22133247E-27   1.31068649E-26
  3.772830E+02   2.02998006E-26   1.97189932E-29   7.80602998E-27   1.24740516E-26
  3.823840E+02   1.92911854E-26   1.86454258E-29   7.40935949E-27   1.18631805E-26
  3.875550E+02   1.83219789E-26   1.76280851E-29   7.03057591E-27   1.12737749E-26
  3.927960E+02   1.73912143E-26   1.66643412E-29   6.66905932E-27   1.07054906E-26
  3.981070E+02   1.64979200E-26   1.57516636E-29   6.32419783E-27   1.01579705E-26
  4.034910E+02   1.56862404E-26   1.48871087E-29   5.99530914E-27   9.67604415E-27
  4.089470E+02   1.49123899E-26   1.40685848E-29   5.68182811E-27   9.21649324E-27
  4.144770E+02   1.41714048E-26   1.32935618E-29   5.38458247E-27   8.77352881E-27
  4.200810E+02   1.34658083E-26   1.25599627E-29   5.10640905E-27   8.34683929E-27
  4.257620E+02   1.27889937E-26   1.18654276E-29   4.84115156E-27   7.93597674E-27
  4.315190E+02   1.21402184E-26   1.12082002E-29   4.58835445E-27   7.54065576E-27
  4.373540E+02   1.15185526E-26   1.05862360E-29   4.34751088E-27   7.16045552E-27
  4.432680E+02   1.09231551E-26   9.99772881E-30   4.11813753E-27   6.79501981E-27
  4.492620E+02   1.03561781E-26   9.44095427E-30   3.89977365E-27   6.44696346E-27
  4.553370E+02   9.83604495E-27   8.91426980E-30   3.69196968E-27   6.13516100E-27
  4.614950E+02   9.33807116E-27   8.41604700E-30   3.49427068E-27   5.83538443E-27
  4.677350E+02   8.86160379E-27   7.94495242E-30   3.30628802E-27   5.54737081E-27
  4.740600E+02   8.40582644E-27   7.49943851E-30   3.12757596E-27   5.27075103E-27
  4.804700E+02   7.97005855E-27   7.07823920E-30   2.95775531E-27   5.00522500E-27
  4.869680E+02   7.55352885E-27   6.67996928E-30   2.79641294E-27   4.75043594E-27
  4.935520E+02   7.15564772E-27   6.30358355E-30   2.64321653E-27   4.50612760E-27
  5.002260E+02   6.77643736E-27   5.94779672E-30   2.49796117E-27   4.27252839E-27
  5.069910E+02   6.43114899E-27   5.61150373E-30   2.36404751E-27   4.06148998E-27
  5.138460E+02   6.10117060E-27   5.29380231E-30   2.23676676E-27   3.85911003E-27
  5.207950E+02   5.78587593E-27   4.99355680E-30   2.11580280E-27   3.66507957E-27
  5.278370E+02   5.48477140E-27   4.70994913E-30   2.00089861E-27   3.47916284E-27
  5.349750E+02   5.19728773E-27   4.44200334E-30   1.89176876E-27   3.30107697E-27
  5.422090E+02   4.92293645E-27   4.18894049E-30   1.78816709E-27   3.13058042E-27
  5.495410E+02   4.66274239E-27   3.94993249E-30   1.68983717E-27   2.96895529E-27
  5.569720E+02   4.42079974E-27   3.72423167E-30   1.59654022E-27   2.82053529E-27
  5.645040E+02   4.18996991E-27   3.51110445E-30   1.50804124E-27   2.67841756E-27
  5.721370E+02   3.96984203E-27   3.30990368E-30   1.42412812E-27   2.54240400E-27
  5.798740E+02   3.75995856E-27   3.11994357E-30   1.34457397E-27   2.41226465E-27
  5.877150E+02   3.55992989E-27   2.94064565E-30   1.26918284E-27   2.28780640E-27
  5.956620E+02   3.36934795E-27   2.77141454E-30   1.19775420E-27   2.16882234E-27
  6.037170E+02   3.19016367E-27   2.61169224E-30   1.13009471E-27   2.05745727E-27
  6.118810E+02   3.02048417E-27   2.46096749E-30   1.06602622E-27   1.95199698E-27
  6.201550E+02   2.85895212E-27   2.31875846E-30   1.00537709E-27   1.85125627E-27
  6.285410E+02   2.70663456E-27   2.18458410E-30   9.47975841E-28   1.75647414E-27
  6.370400E+02   2.56164230E-27   2.05801304E-30   8.93666518E-28   1.66591777E-27
  6.456540E+02   2.42482364E-27   1.93861800E-30   8.42293549E-28   1.58059147E-27
  6.543850E+02   2.29473132E-27   1.82599622E-30   7.93709948E-28   1.49919537E-27
  6.632340E+02   2.17152922E-27   1.71978428E-30   7.47777546E-28   1.42203189E-27
  6.722020E+02   2.05467629E-27   1.61962877E-30   7.04363666E-28   1.34869300E-27
  6.812920E+02   1.94390253E-27   1.52518145E-30   6.63337195E-28   1.27904015E-27
  6.905050E+02   1.83915322E-27   1.43613113E-30   6.24577456E-28   1.21313963E-27
  6.998420E+02   1.73957116E-27   1.35218196E-30   5.87970671E-28   1.15024831E-27
  7.093060E+02   1.64726701E-27   1.27303907E-30   5.54551327E-28   1.09144264E-27
  7.188970E+02   1.55951285E-27   1.19844586E-30   5.22960697E-28   1.03535371E-27
  7.286180E+02   1.47604249E-27   1.12813839E-30   4.93075052E-28   9.81839303E-28
  7.384710E+02   1.39666416E-27   1.06187451E-30   4.64808511E-28   9.30793770E-28
  7.484570E+02   1.32120084E-27   9.99431833E-31   4.38080712E-28   8.82120692E-28
  7.585780E+02   1.25026026E-27   9.40593743E-31   4.12812992E-28   8.36506679E-28
  7.688350E+02   1.18297682E-27   8.85161316E-31   3.88932472E-28   7.93159185E-28
  7.792320E+02   1.11902843E-27   8.32930837E-31   3.66364607E-28   7.51830893E-28
  7.897690E+02   1.05827347E-27   7.83730414E-31   3.45045300E-28   7.12444442E-28
  8.004480E+02   1.00078048E-27   7.37387491E-31   3.24908500E-28   6.75134593E-28
  8.112720E+02   9.46683409E-28   6.93735245E-31   3.05892008E-28   6.40097666E-28
  8.222430E+02   8.95300760E-28   6.52620587E-31   2.87937242E-28   6.06710898E-28
  8.333610E+02   8.46511726E-28   6.13906214E-31   2.70990417E-28   5.74907402E-28
  8.446300E+02   8.00190958E-28   5.77448350E-31   2.54996589E-28   5.44616922E-28
  8.560520E+02   7.56222230E-28   5.43117894E-31   2.39904999E-28   5.15774113E-28
  8.676280E+02   7.14498330E-28   5.10796701E-31   2.25668583E-28   4.88318950E-28
  8.793600E+02   6.74913140E-28   4.80369021E-31   2.12241782E-28   4.62190989E-28
  8.912510E+02   6.37363151E-28   4.51724711E-31   1.99580425E-28   4.37331002E-28
  9.033030E+02   6.01917795E-28   4.24761096E-31   1.87643252E-28   4.13849783E-28
  9.155180E+02   5.68687589E-28   3.99381953E-31   1.76391299E-28   3.91896907E-28
  9.278980E+02   5.37172650E-28   3.75496331E-31   1.65787130E-28   3.71010024E-28
  9.404450E+02   5.07291635E-28   3.53017801E-31   1.55795787E-28   3.51142830E-28
  9.531620E+02   4.78963853E-28   3.31864975E-31   1.46383096E-28   3.32248892E-28
  9.660510E+02   4.52114153E-28   3.11960573E-31   1.37517365E-28   3.14284827E-28
  9.791140E+02   4.26671073E-28   2.93232856E-31   1.29168660E-28   2.97209180E-28
  9.923540E+02   4.02565016E-28   2.75612596E-31   1.21307882E-28   2.80981522E-28
  1.005770E+03   3.80037110E-28   2.59039703E-31   1.13988309E-28   2.65789761E-28
  1.019370E+03   3.59058685E-28   2.43446742E-31   1.07188982E-28   2.51626256E-28
  1.033160E+03   3.39163998E-28   2.28772738E-31   1.00778283E-28   2.38156943E-28
  1.047130E+03   3.20310706E-28   2.14977329E-31   9.47381648E-29   2.25357564E-28
  1.061290E+03   3.02441429E-28   2.02001623E-31   8.90464059E-29   2.13193021E-28
  1.075640E+03   2.85509953E-28   1.89799617E-31   8.36844513E-29   2.01635702E-28
  1.090180E+03   2.69471353E-28   1.78328017E-31   7.86344683E-29   1.90658556E-28
  1.104930E+03   2.54270746E-28   1.67531179E-31   7.38759590E-29   1.80227256E-28
  1.119870E+03   2.39880339E-28   1.57385789E-31   6.93969079E-29   1.70326045E-28
  1.135010E+03   2.26255132E-28   1.47848150E-31   6.51802159E-29   1.60927068E-28
  1.150360E+03   2.13353212E-28   1.38878122E-31   6.12102202E-29   1.52004113E-28
  1.165910E+03   2.01144289E-28   1.30449470E-31   5.74748020E-29   1.43539037E-28
  1.181680E+03   1.89585916E-28   1.22521311E-31   5.39585272E-29   1.35504868E-28
  1.197660E+03   1.78650609E-28   1.15070513E-31   5.06505784E-29   1.27884960E-28
  1.213850E+03   1.68467564E-28   1.08069871E-31   4.75641860E-29   1.20795308E-28
  1.230270E+03   1.58855800E-28   1.01485700E-31   4.46629522E-29   1.14091362E-28
  1.246900E+03   1.49846494E-28   9.53022932E-32   4.19459234E-29   1.07805269E-28
  1.263770E+03   1.41421957E-28   8.94862373E-32   3.94028164E-29   1.01929655E-28
  1.280860E+03   1.33448423E-28   8.40234454E-32   3.70094938E-29   9.63549053E-29
  1.298180E+03   1.25900726E-28   7.88907156E-32   3.47569175E-29   9.10649174E-29
  1.315730E+03   1.18758093E-28   7.40690343E-32   3.26373253E-29   8.60466986E-29
  1.333520E+03   1.11998223E-28   6.95381148E-32   3.06427051E-29   8.12859801E-29
  1.351550E+03   1.05602272E-28   6.52814507E-32   2.87662178E-29   7.67707729E-29
  1.369830E+03   9.95503842E-29   6.12811860E-32   2.70007178E-29   7.24883852E-29
  1.388350E+03   9.38274852E-29   5.75247734E-32   2.53406184E-29   6.84293421E-29
  1.407130E+03   8.84135065E-29   5.39944642E-32   2.37790253E-29   6.45804867E-29
  1.426150E+03   8.32965798E-29   5.06808786E-32   2.23113732E-29   6.09345258E-29
  1.445440E+03   7.84570193E-29   4.75664989E-32   2.09310943E-29   5.74783585E-29
  1.464990E+03   7.38825497E-29   4.46417147E-32   1.96337297E-29   5.42041783E-29
  1.484800E+03   6.95598558E-29   4.18954729E-32   1.84145701E-29   5.11033902E-29
  1.504870E+03   6.55183779E-29   3.93174582E-32   1.72750772E-29   4.82039833E-29
  1.525220E+03   6.18218669E-29   3.68955311E-32   1.62208203E-29   4.55641511E-29
  1.545850E+03   5.83238183E-29   3.46207704E-32   1.52288591E-29   4.30603384E-29
  1.566750E+03   5.50154462E-29   3.24858500E-32   1.42960166E-29   4.06869438E-29
  1.587940E+03   5.18852864E-29   3.04806164E-32   1.34184774E-29   3.84363283E-29
  1.609410E+03   4.89254033E-29   2.85985073E-32   1.25933975E-29   3.63034073E-29
  1.631170E+03   4.61263479E-29   2.68315603E-32   1.18175953E-29   3.42819211E-29
  1.653230E+03   4.34793754E-29   2.51723730E-32   1.10881348E-29   3.23660682E-29
  1.675590E+03   4.09768181E-29   2.36147000E-32   1.04024073E-29   3.05507961E-29
  1.698240E+03   3.86120475E-29   2.21533337E-32   9.75810558E-30   2.88317886E-29
  1.721210E+03   3.63762093E-29   2.07808134E-32   9.15240085E-30   2.72030276E-29
  1.744480E+03   3.42639213E-29   1.94931174E-32   8.58341237E-30   2.56610158E-29
  1.768070E+03   3.22678320E-29   1.82842738E-32   8.04876867E-30   2.42007790E-29
  1.791980E+03   3.03820308E-29   1.71496801E-32   7.54652046E-30   2.28183607E-29
  1.816210E+03   2.86008549E-29   1.60850536E-32   7.07481856E-30   2.15099513E-29
  1.840770E+03   2.69185241E-29   1.50858470E-32   6.63179362E-30   2.02716447E-29
  1.865660E+03   2.53299666E-29   1.41482818E-32   6.21580883E-30   1.91000094E-29
  1.890890E+03   2.38299496E-29   1.32683876E-32   5.82520861E-30   1.79914726E-29
  1.916460E+03   2.24139393E-29   1.24428026E-32   5.45853271E-30   1.69429637E-29
  1.942380E+03   2.10772521E-29   1.16680621E-32   5.11431897E-30   1.59512651E-29
  1.968640E+03   1.98160664E-29   1.09414522E-32   4.79133570E-30   1.50137893E-29
  1.995260E+03   1.86258693E-29   1.02596100E-32   4.48820810E-30   1.41274016E-29
  2.022240E+03   1.75614117E-29   9.61992852E-33   4.22397836E-30   1.33278134E-29
  2.049590E+03   1.65669279E-29   9.01971665E-33   3.97906503E-30   1.25788432E-29
  2.077300E+03   1.56264058E-29   8.45686163E-33   3.74805519E-30   1.18698938E-29
  2.105390E+03   1.47367188E-29   7.92876998E-33   3.53010712E-30   1.11986829E-29
  2.133860E+03   1.38953337E-29   7.43341154E-33   3.32452639E-30   1.05633739E-29
  2.162720E+03   1.30996493E-29   6.96869147E-33   3.13060868E-30   9.96207193E-30
  2.191960E+03   1.23475210E-29   6.53296887E-33   2.94776792E-30   9.39322012E-30
  2.221600E+03   1.16364262E-29   6.12423221E-33   2.77532976E-30   8.85497217E-30
  2.251650E+03   1.09641591E-29   5.74077274E-33   2.61270732E-30   8.34571103E-30
  2.282090E+03   1.03290197E-29   5.38134589E-33   2.45943549E-30   7.86420286E-30
  2.312950E+03   9.72872003E-30   5.04417574E-33   2.31491459E-30   7.40876126E-30
  2.344230E+03   9.16150349E-30   4.72796460E-33   2.17867109E-30   6.97810444E-30
  2.375930E+03   8.62567991E-30   4.43146702E-33   2.05026361E-30   6.57098483E-30
  2.408060E+03   8.11953430E-30   4.15342938E-33   1.92923867E-30   6.18614221E-30
  2.440620E+03   7.64154811E-30   3.89275762E-33   1.81519491E-30   5.82246044E-30
  2.473620E+03   7.19017427E-30   3.64834061E-33   1.70773220E-30   5.47879374E-30
  2.507070E+03   6.77525351E-30   3.41914681E-33   1.60647307E-30   5.16536129E-30
  2.540970E+03   6.38561825E-30   3.20427568E-33   1.51107717E-30   4.87133680E-30
  2.575330E+03   6.01740826E-30   3.00281441E-33   1.42120828E-30   4.59319717E-30
  2.610160E+03   5.66946548E-30   2.81391087E-33   1.33654887E-30   4.33010270E-30
  2.645450E+03   5.34081312E-30   2.63687501E-33   1.25682788E-30   4.08134836E-30
  2.681230E+03   5.03028565E-30   2.47085147E-33   1.18173244E-30   3.84608235E-30
  2.717480E+03   4.73705516E-30   2.31527639E-33   1.11103278E-30   3.62370710E-30
  2.754230E+03   4.46007934E-30   2.16940290E-33   1.04445152E-30   3.41345841E-30
  2.791470E+03   4.19856498E-30   2.03269118E-33   9.81773321E-31   3.21475897E-30
  2.829220E+03   3.95162751E-30   1.90452268E-33   9.22762135E-31   3.02696086E-30
  2.867480E+03   3.71850985E-30   1.78439314E-33   8.67214561E-31   2.84951090E-30
  2.906250E+03   3.49848939E-30   1.67181771E-33   8.14936635E-31   2.68188094E-30
  2.945550E+03   3.29081529E-30   1.56629290E-33   7.65732512E-31   2.52351649E-30
  2.985380E+03   3.09484376E-30   1.46739385E-33   7.19430772E-31   2.37394559E-30
  3.025750E+03   2.91437754E-30   1.37470336E-33   6.75861686E-31   2.23714115E-30
  3.066670E+03   2.74636041E-30   1.28782772E-33   6.34866825E-31   2.11020575E-30
  3.108140E+03   2.58766687E-30   1.20642081E-33   5.96302136E-31   1.99015831E-30
  3.150170E+03   2.43779072E-30   1.13013459E-33   5.60026708E-31   1.87663388E-30
  3.192760E+03   2.29627028E-30   1.05866047E-33   5.25910519E-31   1.76930110E-30
  3.235940E+03   2.16260965E-30   9.91663281E-34   4.93817845E-31   1.66780014E-30
  3.279690E+03   2.03643962E-30   9.28903631E-34   4.63644039E-31   1.57186668E-30
  3.324040E+03   1.91731445E-30   8.70085495E-34   4.35268379E-31   1.48117599E-30
  3.368990E+03   1.80486526E-30   8.14974063E-34   4.08589174E-31   1.39546111E-30
  3.414550E+03   1.69872974E-30   7.63333584E-34   3.83507207E-31   1.31445920E-30
  3.460720E+03   1.59857460E-30   7.14955584E-34   3.59931268E-31   1.23792838E-30
  3.507520E+03   1.50405901E-30   6.69625180E-34   3.37770137E-31   1.16561925E-30
  3.554950E+03   1.41488471E-30   6.27156961E-34   3.16942726E-31   1.09731483E-30
  3.603020E+03   1.33076044E-30   5.87371060E-34   2.97371129E-31   1.03280194E-30
  3.651740E+03   1.25140780E-30   5.50098243E-34   2.78980711E-31   9.71876995E-31
  3.701120E+03   1.17656328E-30   5.15179055E-34   2.61701554E-31   9.14346542E-31
  3.751170E+03   1.10597905E-30   4.82465196E-34   2.45468185E-31   8.60028403E-31
  3.801890E+03   1.03942845E-30   4.51823725E-34   2.30220426E-31   8.08756196E-31
  3.853300E+03   9.76680442E-31   4.23117940E-34   2.15897844E-31   7.60359480E-31
  3.905410E+03   9.17525320E-31   3.96225435E-34   2.02445796E-31   7.14683299E-31
  3.958220E+03   8.61771290E-31   3.71037242E-34   1.89813941E-31   6.71586312E-31
  4.011750E+03   8.09720843E-31   3.47441410E-34   1.77952078E-31   6.31421324E-31
  4.065990E+03   7.62275294E-31   3.25345117E-34   1.66816724E-31   5.95133225E-31
  4.120980E+03   7.17498866E-31   3.04642956E-34   1.56361106E-31   5.60833117E-31
  4.176700E+03   6.75260232E-31   2.85257073E-34   1.46547775E-31   5.28427199E-31
  4.233180E+03   6.35410237E-31   2.67098024E-34   1.37336371E-31   4.97806768E-31
  4.290420E+03   5.97822120E-31   2.50091792E-34   1.28691706E-31   4.68880323E-31
  4.348440E+03   5.62367447E-31   2.34162082E-34   1.20578902E-31   4.41554383E-31
  4.407240E+03   5.28932346E-31   2.19244884E-34   1.12966856E-31   4.15746245E-31
  4.466840E+03   4.97402193E-31   2.05273085E-34   1.05824704E-31   3.91372216E-31
  4.527240E+03   4.67674936E-31   1.92189691E-34   9.91247995E-32   3.68357947E-31
  4.588460E+03   4.39647937E-31   1.79936587E-34   9.28399196E-32   3.46628081E-31
  4.650500E+03   4.13229848E-31   1.68463294E-34   8.69454854E-32   3.26115899E-31
  4.713390E+03   3.88326201E-31   1.57717076E-34   8.14168157E-32   3.06751668E-31
  4.777130E+03   3.64856121E-31   1.47653949E-34   7.62323735E-32   2.88476094E-31
  4.841720E+03   3.42741683E-31   1.38232526E-34   7.13716229E-32   2.71231827E-31
  4.907200E+03   3.21901643E-31   1.29408037E-34   6.68137654E-32   2.54958469E-31
  4.973550E+03   3.02270723E-31   1.21146902E-34   6.25414815E-32   2.39608095E-31
  5.040810E+03   2.84182048E-31   1.13409881E-34   5.85363211E-32   2.25532317E-31
  5.108970E+03   2.67376362E-31   1.06166352E-34   5.47827132E-32   2.12487482E-31
  5.178060E+03   2.51528122E-31   9.93832921E-35   5.12646537E-32   2.00164085E-31
  5.248070E+03   2.36587282E-31   9.30334124E-35   4.79682983E-32   1.88525950E-31
  5.319040E+03   2.22499662E-31   8.70868513E-35   4.48793119E-32   1.77533263E-31
  5.390970E+03   2.09219392E-31   8.15192389E-35   4.19852252E-32   1.67152647E-31
  5.463870E+03   1.96701797E-31   7.63066959E-35   3.92740989E-32   1.57351392E-31
  5.537750E+03   1.84904743E-31   7.14267480E-35   3.67346769E-32   1.48098639E-31
  5.612630E+03   1.73786885E-31   6.68579422E-35   3.43562024E-32   1.39363824E-31
  5.688530E+03   1.63309807E-31   6.25801209E-35   3.21285865E-32   1.31118641E-31
  5.765450E+03   1.53438784E-31   5.85754989E-35   3.00426764E-32   1.23337532E-31
  5.843410E+03   1.44139170E-31   5.48264366E-35   2.80895438E-32   1.15994800E-31
  5.922430E+03   1.35378578E-31   5.13164120E-35   2.62609029E-32   1.09066359E-31
  6.002520E+03   1.27126824E-31   4.80303890E-35   2.45489873E-32   1.02529806E-31
  6.083680E+03   1.19356146E-31   4.49547194E-35   2.29466755E-32   9.63645158E-32
  6.165950E+03   1.12037904E-31   4.20750206E-35   2.14468617E-32   9.05489675E-32
  6.249330E+03   1.05264206E-31   3.93793858E-35   2.00432456E-32   8.51815806E-32
  6.333830E+03   9.89581531E-32   3.68561957E-35   1.87298420E-32   8.01914550E-32
  6.419480E+03   9.30156490E-32   3.44940644E-35   1.75008376E-32   7.54803173E-32
  6.506290E+03   8.74164931E-32   3.22828836E-35   1.63509915E-32   7.10332187E-32
  6.594270E+03   8.21415673E-32   3.02131827E-35   1.52753179E-32   6.68360362E-32
  6.683440E+03   7.71725655E-32   2.82758377E-35   1.42691340E-32   6.28751557E-32
  6.773820E+03   7.24918852E-32   2.64623318E-35   1.33280116E-32   5.91374113E-32
  6.865410E+03   6.80838441E-32   2.47650559E-35   1.24478923E-32   5.56111867E-32
  6.958250E+03   6.39323172E-32   2.31762045E-35   1.16248185E-32   5.22843225E-32
  7.052340E+03   6.00860438E-32   2.16891178E-35   1.08552217E-32   4.92091330E-32
  7.147710E+03   5.65123518E-32   2.02971214E-35   1.01356493E-32   4.63564054E-32
  7.244360E+03   5.31445827E-32   1.89943836E-35   9.46298421E-33   4.36626041E-32
  7.342320E+03   4.99709171E-32   1.77750276E-35   8.83417861E-33   4.11189635E-32
  7.441610E+03   4.69803722E-32   1.66337129E-35   8.24642041E-33   3.87173180E-32
  7.542230E+03   4.41629380E-32   1.55656480E-35   7.69714780E-33   3.64502245E-32
  7.644220E+03   4.15084155E-32   1.45659297E-35   7.18381011E-33   3.43100394E-32
  7.747590E+03   3.90077788E-32   1.36302700E-35   6.70413572E-33   3.22900128E-32
  7.852360E+03   3.66522854E-32   1.27545687E-35   6.25595226E-33   3.03835785E-32
  7.958540E+03   3.44338087E-32   1.19350507E-35   5.83725346E-33   2.85846202E-32
  8.066160E+03   3.23444721E-32   1.11680608E-35   5.44610929E-33   2.68871947E-32
  8.175230E+03   3.03770149E-32   1.04502870E-35   5.08076353E-33   2.52858011E-32
  8.285780E+03   2.85244116E-32   9.77852710E-36   4.73952467E-33   2.37751084E-32
  8.397820E+03   2.67802188E-32   9.14988388E-36   4.42084789E-33   2.23502210E-32
  8.511380E+03   2.51381854E-32   8.56154837E-36   4.12325497E-33   2.10063688E-32
  8.626470E+03   2.35925562E-32   8.01099828E-36   3.84538713E-33   1.97391581E-32
  8.743120E+03   2.21377528E-32   7.49576492E-36   3.58595307E-33   1.85443040E-32
  8.861350E+03   2.07685969E-32   7.01359898E-36   3.34375077E-33   1.74178325E-32
  8.981180E+03   1.94801817E-32   6.56238235E-36   3.11765714E-33   1.63559621E-32
  9.102630E+03   1.82958299E-32   6.14014831E-36   2.90662180E-33   1.53830679E-32
  9.225710E+03   1.71849053E-32   5.74506459E-36   2.70967209E-33   1.44694882E-32
  9.350470E+03   1.61388081E-32   5.37531178E-36   2.52585586E-33   1.36075769E-32
  9.476910E+03   1.51539522E-32   5.02933296E-36   2.35433468E-33   1.27945882E-32
  9.605060E+03   1.42268028E-32   4.70558580E-36   2.19429321E-33   1.20278040E-32
  9.734940E+03   1.33540832E-32   4.40264769E-36   2.04497651E-33   1.13047040E-32
  9.866580E+03   1.25326517E-32   4.11917111E-36   1.90567615E-33   1.06228564E-32
  1.000000E+04   1.17593447E-32   3.85391761E-36   1.77573178E-33   9.97975897E-33
