# Zubko/ZDA BARE-GR-S model SED (this work), Mathis ISRF U =  1.00
# solver = heuristic
# artificial hard component below the Lyman limit: W*B_lambda(T), T =  1.000E+05 K, W =  2.000E-19
# columns: lambda[um]  lamI_total/NH  lamI_PAH/NH  lamI_GRA/NH  lamI_SIL/NH
#          [erg s^-1 cm^-2 sr^-1 H^-1]
  1.000000E-03  0.00000000E+000  0.00000000E+000  0.00000000E+000  0.00000000E+000
  1.013520E-03  0.00000000E+000  0.00000000E+000  0.00000000E+000  0.00000000E+000
  1.027230E-03  0.00000000E+000  0.00000000E+000  0.00000000E+000  0.00000000E+000
  1.041120E-03  0.00000000E+000  0.00000000E+000  0.00000000E+000  0.00000000E+000
  1.055200E-03  0.00000000E+000  0.00000000E+000  0.00000000E+000  0.00000000E+000
  1.069470E-03  0.00000000E+000  0.00000000E+000  0.00000000E+000  0.00000000E+000
  1.083930E-03  0.00000000E+000  0.00000000E+000  0.00000000E+000  0.00000000E+000
  1.098580E-03  0.00000000E+000  0.00000000E+000  0.00000000E+000  0.00000000E+000
  1.113440E-03  0.00000000E+000  0.00000000E+000  0.00000000E+000  0.00000000E+000
  1.128500E-03  0.00000000E+000  0.00000000E+000  0.00000000E+000  0.00000000E+000
  1.143760E-03  0.00000000E+000  0.00000000E+000  0.00000000E+000  0.00000000E+000
  1.159220E-03  0.00000000E+000  0.00000000E+000  0.00000000E+000  0.00000000E+000
  1.174900E-03  0.00000000E+000  0.00000000E+000  0.00000000E+000  0.00000000E+000
  1.190780E-03  0.00000000E+000  0.00000000E+000  0.00000000E+000  0.00000000E+000
  1.206890E-03  0.00000000E+000  0.00000000E+000  0.00000000E+000  0.00000000E+000
  1.223210E-03  0.00000000E+000  0.00000000E+000  0.00000000E+000  0.00000000E+000
  1.239750E-03  0.00000000E+000  0.00000000E+000  0.00000000E+000  0.00000000E+000
  1.256510E-03  0.00000000E+000  0.00000000E+000  0.00000000E+000  0.00000000E+000
  1.273500E-03  0.00000000E+000  0.00000000E+000  0.00000000E+000  0.00000000E+000
  1.290720E-03  0.00000000E+000  0.00000000E+000  0.00000000E+000  0.00000000E+000
  1.308180E-03  0.00000000E+000  0.00000000E+000  0.00000000E+000  0.00000000E+000
  1.325870E-03  0.00000000E+000  0.00000000E+000  0.00000000E+000  0.00000000E+000
  1.343800E-03  0.00000000E+000  0.00000000E+000  0.00000000E+000  0.00000000E+000
  1.361970E-03  0.00000000E+000  0.00000000E+000  0.00000000E+000  0.00000000E+000
  1.380380E-03  0.00000000E+000  0.00000000E+000  0.00000000E+000  0.00000000E+000
  1.399050E-03  0.00000000E+000  0.00000000E+000  0.00000000E+000  0.00000000E+000
  1.417970E-03  0.00000000E+000  0.00000000E+000  0.00000000E+000  0.00000000E+000
  1.437140E-03  0.00000000E+000  0.00000000E+000  0.00000000E+000  0.00000000E+000
  1.456580E-03  0.00000000E+000  0.00000000E+000  0.00000000E+000  0.00000000E+000
  1.476270E-03  0.00000000E+000  0.00000000E+000  0.00000000E+000  0.00000000E+000
  1.496240E-03  0.00000000E+000  0.00000000E+000  0.00000000E+000  0.00000000E+000
  1.516470E-03  0.00000000E+000  0.00000000E+000  0.00000000E+000  0.00000000E+000
  1.536970E-03  0.00000000E+000  0.00000000E+000  0.00000000E+000  0.00000000E+000
  1.557760E-03  0.00000000E+000  0.00000000E+000  0.00000000E+000  0.00000000E+000
  1.578820E-03  0.00000000E+000  0.00000000E+000  0.00000000E+000  0.00000000E+000
  1.600170E-03  0.00000000E+000  0.00000000E+000  0.00000000E+000  0.00000000E+000
  1.621810E-03  0.00000000E+000  0.00000000E+000  0.00000000E+000  0.00000000E+000
  1.643740E-03  0.00000000E+000  0.00000000E+000  0.00000000E+000  0.00000000E+000
  1.665970E-03  0.00000000E+000  0.00000000E+000  0.00000000E+000  0.00000000E+000
  1.688500E-03  0.00000000E+000  0.00000000E+000  0.00000000E+000  0.00000000E+000
  1.711330E-03  0.00000000E+000  0.00000000E+000  0.00000000E+000  0.00000000E+000
  1.734470E-03  0.00000000E+000  0.00000000E+000  0.00000000E+000  0.00000000E+000
  1.757920E-03  0.00000000E+000  0.00000000E+000  0.00000000E+000  0.00000000E+000
  1.781690E-03  0.00000000E+000  0.00000000E+000  0.00000000E+000  0.00000000E+000
  1.805790E-03  0.00000000E+000  0.00000000E+000  0.00000000E+000  0.00000000E+000
  1.830210E-03  0.00000000E+000  0.00000000E+000  0.00000000E+000  0.00000000E+000
  1.854950E-03  0.00000000E+000  0.00000000E+000  0.00000000E+000  0.00000000E+000
  1.880040E-03  0.00000000E+000  0.00000000E+000  0.00000000E+000  0.00000000E+000
  1.905460E-03  0.00000000E+000  0.00000000E+000  0.00000000E+000  0.00000000E+000
  1.931230E-03  0.00000000E+000  0.00000000E+000  0.00000000E+000  0.00000000E+000
  1.957340E-03  0.00000000E+000  0.00000000E+000  0.00000000E+000  0.00000000E+000
  1.983810E-03  0.00000000E+000  0.00000000E+000  0.00000000E+000  0.00000000E+000
  2.010640E-03  0.00000000E+000  0.00000000E+000  0.00000000E+000  0.00000000E+000
  2.037820E-03  0.00000000E+000  0.00000000E+000  0.00000000E+000  0.00000000E+000
  2.065380E-03  0.00000000E+000  0.00000000E+000  0.00000000E+000  0.00000000E+000
  2.093310E-03  0.00000000E+000  0.00000000E+000  0.00000000E+000  0.00000000E+000
  2.121620E-03  0.00000000E+000  0.00000000E+000  0.00000000E+000  0.00000000E+000
  2.150300E-03  0.00000000E+000  0.00000000E+000  0.00000000E+000  0.00000000E+000
  2.179380E-03  0.00000000E+000  0.00000000E+000  0.00000000E+000  0.00000000E+000
  2.208850E-03  0.00000000E+000  0.00000000E+000  0.00000000E+000  0.00000000E+000
  2.238720E-03  0.00000000E+000  0.00000000E+000  0.00000000E+000  0.00000000E+000
  2.268990E-03  0.00000000E+000  0.00000000E+000  0.00000000E+000  0.00000000E+000
  2.299680E-03  0.00000000E+000  0.00000000E+000  0.00000000E+000  0.00000000E+000
  2.330770E-03  0.00000000E+000  0.00000000E+000  0.00000000E+000  0.00000000E+000
  2.362290E-03  0.00000000E+000  0.00000000E+000  0.00000000E+000  0.00000000E+000
  2.394230E-03  0.00000000E+000  0.00000000E+000  0.00000000E+000  0.00000000E+000
  2.426610E-03  0.00000000E+000  0.00000000E+000  0.00000000E+000  0.00000000E+000
  2.459420E-03  0.00000000E+000  0.00000000E+000  0.00000000E+000  0.00000000E+000
  2.492680E-03  0.00000000E+000  0.00000000E+000  0.00000000E+000  0.00000000E+000
  2.526390E-03  0.00000000E+000  0.00000000E+000  0.00000000E+000  0.00000000E+000
  2.560550E-03  0.00000000E+000  0.00000000E+000  0.00000000E+000  0.00000000E+000
  2.595180E-03  0.00000000E+000  0.00000000E+000  0.00000000E+000  0.00000000E+000
  2.630270E-03  0.00000000E+000  0.00000000E+000  0.00000000E+000  0.00000000E+000
  2.665840E-03  0.00000000E+000  0.00000000E+000  0.00000000E+000  0.00000000E+000
  2.701880E-03  0.00000000E+000  0.00000000E+000  0.00000000E+000  0.00000000E+000
  2.738420E-03  0.00000000E+000  0.00000000E+000  0.00000000E+000  0.00000000E+000
  2.775450E-03  0.00000000E+000  0.00000000E+000  0.00000000E+000  0.00000000E+000
  2.812980E-03  0.00000000E+000  0.00000000E+000  0.00000000E+000  0.00000000E+000
  2.851020E-03  0.00000000E+000  0.00000000E+000  0.00000000E+000  0.00000000E+000
  2.889570E-03  0.00000000E+000  0.00000000E+000  0.00000000E+000  0.00000000E+000
  2.928640E-03  0.00000000E+000  0.00000000E+000  0.00000000E+000  0.00000000E+000
  2.968250E-03  0.00000000E+000  0.00000000E+000  0.00000000E+000  0.00000000E+000
  3.008380E-03  0.00000000E+000  0.00000000E+000  0.00000000E+000  0.00000000E+000
  3.049070E-03  0.00000000E+000  0.00000000E+000  0.00000000E+000  0.00000000E+000
  3.090300E-03  0.00000000E+000  0.00000000E+000  0.00000000E+000  0.00000000E+000
  3.132080E-03  0.00000000E+000  0.00000000E+000  0.00000000E+000  0.00000000E+000
  3.174440E-03  0.00000000E+000  0.00000000E+000  0.00000000E+000  0.00000000E+000
  3.217360E-03  0.00000000E+000  0.00000000E+000  0.00000000E+000  0.00000000E+000
  3.260870E-03  0.00000000E+000  0.00000000E+000  0.00000000E+000  0.00000000E+000
  3.304960E-03  0.00000000E+000  0.00000000E+000  0.00000000E+000  0.00000000E+000
  3.349650E-03  0.00000000E+000  0.00000000E+000  0.00000000E+000  0.00000000E+000
  3.394950E-03  0.00000000E+000  0.00000000E+000  0.00000000E+000  0.00000000E+000
  3.440860E-03  0.00000000E+000  0.00000000E+000  0.00000000E+000  0.00000000E+000
  3.487390E-03  0.00000000E+000  0.00000000E+000  0.00000000E+000  0.00000000E+000
  3.534540E-03  0.00000000E+000  0.00000000E+000  0.00000000E+000  0.00000000E+000
  3.582340E-03  0.00000000E+000  0.00000000E+000  0.00000000E+000  0.00000000E+000
  3.630780E-03  0.00000000E+000  0.00000000E+000  0.00000000E+000  0.00000000E+000
  3.679880E-03  0.00000000E+000  0.00000000E+000  0.00000000E+000  0.00000000E+000
  3.729640E-03  0.00000000E+000  0.00000000E+000  0.00000000E+000  0.00000000E+000
  3.780070E-03  0.00000000E+000  0.00000000E+000  0.00000000E+000  0.00000000E+000
  3.831190E-03  0.00000000E+000  0.00000000E+000  0.00000000E+000  0.00000000E+000
  3.882990E-03  0.00000000E+000  0.00000000E+000  0.00000000E+000  0.00000000E+000
  3.935500E-03  0.00000000E+000  0.00000000E+000  0.00000000E+000  0.00000000E+000
  3.988720E-03  0.00000000E+000  0.00000000E+000  0.00000000E+000  0.00000000E+000
  4.042660E-03  0.00000000E+000  0.00000000E+000  0.00000000E+000  0.00000000E+000
  4.097320E-03  0.00000000E+000  0.00000000E+000  0.00000000E+000  0.00000000E+000
  4.152730E-03  8.47590366E-318  1.92045293E-318  7.20411940E-319  5.83503879E-318
  4.208880E-03  9.28065164E-314  2.46115607E-314  9.23240045E-315  5.89625553E-314
  4.265800E-03  6.88719336E-310  1.17666710E-310  4.41419141E-311  5.26910712E-310
  4.323480E-03  6.19527603E-306  1.47416728E-306  5.52996688E-307  4.16811207E-306
  4.381940E-03  2.99742246E-302  5.49507541E-304  2.06157221E-304  2.92185598E-302
  4.441200E-03  1.85829116E-298  2.71197595E-300  1.01741057E-300  1.82099729E-298
  4.501250E-03  1.02998584E-294  1.50856961E-296  5.65939591E-297  1.00924075E-294
  4.562120E-03  5.08645458E-291  7.48591871E-293  2.80832082E-293  4.98351219E-291
  4.623810E-03  2.24143461E-287  3.31430796E-289  1.24334667E-289  2.19585806E-287
  4.686340E-03  8.83636210E-284  1.31229961E-285  4.92301021E-286  8.65590203E-284
  4.749710E-03  3.11218627E-280  4.64066862E-282  1.74091154E-282  3.04837047E-280
  4.813930E-03  9.82909548E-277  1.47447065E-278  5.53134980E-279  9.62633492E-277
  4.879030E-03  2.79012628E-273  4.21260405E-275  1.58031862E-275  2.73219706E-273
  4.945000E-03  7.10352675E-270  1.07893998E-271  4.04753360E-272  6.95515741E-270
  5.011870E-03  1.63194519E-266  2.48650294E-268  9.32784517E-269  1.59775231E-266
  5.079640E-03  3.37677982E-263  5.15667750E-265  1.93446741E-265  3.30586837E-263
  5.148330E-03  6.30354113E-260  9.64643340E-262  3.61874095E-262  6.17088938E-260
  5.217950E-03  1.06531241E-256  1.64037686E-258  6.15366310E-259  1.04275497E-256
  5.288510E-03  1.62901138E-253  2.52624594E-255  9.47687395E-256  1.59427205E-253
  5.360020E-03  2.25456421E-250  3.51943087E-252  1.32026588E-252  2.20616725E-250
  5.432500E-03  2.83525500E-247  4.44501487E-249  1.66748395E-249  2.77413001E-247
  5.505960E-03  3.24107216E-244  5.09509556E-246  1.91135002E-246  3.17100770E-244
  5.580420E-03  3.36987828E-241  5.31102233E-243  1.99234978E-243  3.29684456E-241
  5.655880E-03  3.18995635E-238  5.04794081E-240  1.89365673E-240  3.12054038E-238
  5.732360E-03  2.75828614E-235  4.40105244E-237  1.65098496E-237  2.69776576E-235
  5.809870E-03  2.17530934E-232  3.49752243E-234  1.31203886E-234  2.12721373E-232
  5.888440E-03  1.56882151E-229  2.54037849E-231  9.52980984E-232  1.53388791E-229
  5.968060E-03  1.03633683E-226  1.68523892E-228  6.32188973E-229  1.01316256E-226
  6.048760E-03  6.27408959E-224  1.02370524E-225  3.84025504E-226  6.13331651E-224
  6.130560E-03  3.48471380E-221  5.70369019E-223  2.13964025E-223  3.40628049E-221
  6.213460E-03  1.77644155E-218  2.91858171E-220  1.09485440E-220  1.73630719E-218
  6.297480E-03  8.33727709E-216  1.37985421E-217  5.17627591E-218  8.14752891E-216
  6.382640E-03  3.60146273E-213  6.00006362E-215  2.25081480E-215  3.51895395E-213
  6.468940E-03  1.43247363E-210  2.39993697E-212  9.00292142E-213  1.39947134E-210
  6.556420E-03  5.26219390E-208  8.87238745E-210  3.32831095E-210  5.14018692E-208
  6.645080E-03  1.78640483E-205  3.03587180E-207  1.13884997E-207  1.74465761E-205
  6.734930E-03  5.60804461E-203  9.58749567E-205  3.59656598E-205  5.47620399E-203
  6.826010E-03  1.63366002E-200  2.80195565E-202  1.05109955E-202  1.59512947E-200
  6.918310E-03  4.40918577E-198  7.58380520E-200  2.84491663E-200  4.30489856E-198
  7.011860E-03  1.10966812E-195  1.90695686E-197  7.15357296E-198  1.08344498E-195
  7.106680E-03  2.59160768E-193  4.45112531E-195  1.66975121E-195  2.53039892E-193
  7.202780E-03  5.54912897E-191  9.66532657E-193  3.62575304E-193  5.41621818E-191
  7.300180E-03  1.10238110E-188  1.95077820E-190  7.31794927E-191  1.07555537E-188
  7.398890E-03  2.05154279E-186  3.67561739E-188  1.37883265E-188  2.00099829E-186
  7.498940E-03  3.60589770E-184  6.44828344E-186  2.41894048E-186  3.51722546E-184
  7.600350E-03  5.89402800E-182  1.05447726E-183  3.95565229E-184  5.74902375E-182
  7.703120E-03  8.80280268E-180  1.60752987E-181  6.03031133E-182  8.58174657E-180
  7.807280E-03  1.24912607E-177  2.29608493E-179  8.61328179E-180  1.21755193E-177
  7.912860E-03  1.72084156E-175  3.07406997E-177  1.15317171E-177  1.67856915E-175
  8.019860E-03  2.06928333E-173  3.84732940E-175  1.44324296E-175  2.01637761E-173
  8.128310E-03  2.30082842E-171  4.50780394E-173  1.69100471E-173  2.23884033E-171
  8.238220E-03  2.49327571E-169  4.94728908E-171  1.85586793E-171  2.42524414E-169
  8.349620E-03  2.54779914E-167  5.11722155E-169  1.91961326E-169  2.47743079E-167
  8.462530E-03  2.44425605E-165  4.97503360E-167  1.86627468E-167  2.37584297E-165
  8.576960E-03  2.20372223E-163  4.54128123E-165  1.70356102E-165  2.14127381E-163
  8.692940E-03  1.87426622E-161  3.89713149E-163  1.46192172E-163  1.82067569E-161
  8.810490E-03  1.50072189E-159  3.14679640E-161  1.18044975E-161  1.45744943E-159
  8.929630E-03  1.13284283E-157  2.40285817E-159  9.01377942E-160  1.09980047E-157
  9.050380E-03  8.06593233E-156  1.73308420E-157  6.50126833E-158  7.82761123E-156
  9.172760E-03  5.41891830E-154  1.17850524E-155  4.42089188E-156  5.25685886E-154
  9.296800E-03  3.48494588E-152  7.56413607E-154  2.83751087E-154  3.38092941E-152
  9.422510E-03  2.11876341E-150  4.58450813E-152  1.71977127E-152  2.05572062E-150
  9.549930E-03  1.21947165E-148  2.62938520E-150  9.86351982E-151  1.18331428E-148
  9.679060E-03  6.74001604E-147  1.43525287E-148  5.38400998E-149  6.54265066E-147
  9.809950E-03  3.60442842E-145  7.41718881E-147  2.78238045E-147  3.50243272E-145
  9.942600E-03  1.80768079E-143  3.62940181E-145  1.36148222E-145  1.75777195E-143
  1.007700E-02  8.08696997E-142  1.68136162E-143  6.30721765E-144  7.85576163E-142
  1.021330E-02  3.43682910E-140  7.40624327E-142  2.77827009E-142  3.33498397E-140
  1.035140E-02  1.36930131E-138  3.09694839E-140  1.16174324E-140  1.32671439E-138
  1.049140E-02  5.32767905E-137  1.23937984E-138  4.64922119E-139  5.15724886E-137
  1.063330E-02  2.06366721E-135  4.71408795E-137  1.76836967E-137  1.99884264E-135
  1.077710E-02  7.77019183E-134  1.70439149E-135  6.39358327E-136  7.53581685E-134
  1.092280E-02  2.73300374E-132  5.85858752E-134  2.19769514E-134  2.65244091E-132
  1.107050E-02  8.41475603E-131  1.91941802E-132  7.20018359E-133  8.15081239E-131
  1.122020E-02  2.52769534E-129  5.99408453E-131  2.24851785E-131  2.44526931E-129
  1.137190E-02  7.56258731E-128  1.79420210E-129  6.73045185E-130  7.31586258E-128
  1.152570E-02  2.31908088E-126  5.14327548E-128  1.92935354E-128  2.24835459E-126
  1.168150E-02  7.66005774E-125  1.40502972E-126  5.27056037E-127  7.46684917E-125
  1.183950E-02  1.67687939E-123  3.67363007E-125  1.37805311E-125  1.62636256E-123
  1.199960E-02  3.07573728E-122  9.17475904E-124  3.44163031E-124  2.94957338E-122
  1.216190E-02  6.77717596E-121  2.19328802E-122  8.22743053E-123  6.47557286E-121
  1.232630E-02  1.50856737E-119  5.00962244E-121  1.87919744E-121  1.43967917E-119
  1.249300E-02  3.21968523E-118  1.10157565E-119  4.13219231E-120  3.06820574E-118
  1.266190E-02  6.69769453E-117  2.32498377E-118  8.72136923E-119  6.37798247E-117
  1.283320E-02  1.32934285E-115  4.71350409E-117  1.76810125E-117  1.26452680E-115
  1.300670E-02  2.53778767E-114  9.14747325E-116  3.43133164E-116  2.41199962E-114
  1.318260E-02  4.82989321E-113  1.71133324E-114  6.41939735E-115  4.59456591E-113
  1.336080E-02  8.35521365E-112  3.07361102E-113  1.15293922E-113  7.93255863E-112
  1.354150E-02  1.37228861E-110  5.31087749E-112  1.99214820E-112  1.29925836E-110
  1.372460E-02  2.23565064E-109  8.81512969E-111  3.30659899E-111  2.11443335E-109
  1.391020E-02  3.53619411E-108  1.41267704E-109  5.29898875E-110  3.34193652E-108
  1.409830E-02  5.38731591E-107  2.18070209E-108  8.17981416E-109  5.08744756E-107
  1.428890E-02  7.92059904E-106  3.23852959E-107  1.21476318E-107  7.47526976E-106
  1.448220E-02  1.12472558E-104  4.64031119E-106  1.74055346E-106  1.06091694E-104
  1.467800E-02  1.53651136E-103  6.41369885E-105  2.40571877E-105  1.44831719E-103
  1.487650E-02  2.02528265E-102  8.57599640E-104  3.21674425E-104  1.90735525E-102
  1.507760E-02  2.57790255E-101  1.10479948E-102  4.14391426E-103  2.42598346E-101
  1.528150E-02  3.17334495E-100  1.37483724E-101  5.15671950E-102  2.98429403E-100
  1.548820E-02  3.77632980E-099  1.65271645E-100  6.19890592E-101  3.54906910E-099
  1.569760E-02  4.33921686E-098  1.92710057E-099  7.22794970E-100  4.07422731E-098
  1.590990E-02  4.82431587E-097  2.17332047E-098  8.15132066E-099  4.52547062E-097
  1.612500E-02  5.18593309E-096  2.36749583E-097  8.87945647E-098  4.86038894E-096
  1.634310E-02  5.40120033E-095  2.49689796E-096  9.36462413E-097  5.05786429E-095
  1.656410E-02  5.46141157E-094  2.54914565E-095  9.56039797E-096  5.11089303E-094
  1.678800E-02  5.41590524E-093  2.52943452E-094  9.48627923E-095  5.06809900E-093
  1.701510E-02  5.11257644E-092  2.43445763E-093  9.12988046E-094  4.77783188E-092
  1.724510E-02  4.65494947E-091  2.26607374E-092  8.49819344E-093  4.34336016E-091
  1.747830E-02  4.15350076E-090  2.04623635E-091  7.67356643E-092  3.87214146E-090
  1.771470E-02  3.61070484E-089  1.79263304E-090  6.72234741E-091  3.36421806E-089
  1.795420E-02  2.97369982E-088  1.53157636E-089  5.74321926E-090  2.76310999E-088
  1.819700E-02  2.39805875E-087  1.27023504E-088  4.76307110E-089  2.22340454E-087
  1.844310E-02  1.91497103E-086  1.02272643E-087  3.83484427E-088  1.77434994E-086
  1.869250E-02  1.49296356E-085  7.99477705E-087  2.99763597E-087  1.38303943E-085
  1.894520E-02  1.13539500E-084  6.06842096E-086  2.27526221E-086  1.05195817E-084
  1.920140E-02  8.41278768E-084  4.49519602E-085  1.68533580E-085  7.79473450E-084
  1.946110E-02  6.05447655E-083  3.24883489E-084  1.21799707E-084  5.60779335E-083
  1.972420E-02  4.24189074E-082  2.28137180E-083  8.55252364E-084  3.92822832E-082
  1.999090E-02  2.83537007E-081  1.55901164E-082  5.84420991E-083  2.62102681E-081
  2.026130E-02  1.81178626E-080  1.03757976E-081  3.88933036E-082  1.66913498E-080
  2.053530E-02  1.13568707E-079  6.72107444E-081  2.51922811E-081  1.04328404E-079
  2.081290E-02  7.01315590E-079  4.24965024E-080  1.59278047E-080  6.42891283E-079
  2.109440E-02  4.26980846E-078  2.62655570E-079  9.84377376E-080  3.90871515E-078
  2.137960E-02  2.54271124E-077  1.58100120E-078  5.92485714E-079  2.32536254E-077
  2.166870E-02  1.47991612E-076  9.29068908E-078  3.48146928E-078  1.35219453E-076
  2.196170E-02  8.69345223E-076  5.33394117E-077  1.99861827E-077  7.96019628E-076
  2.225870E-02  5.20446165E-075  2.99139280E-076  1.12078038E-076  4.79324433E-075
  2.255970E-02  2.98087040E-074  1.63963951E-075  6.14269230E-076  2.75547952E-074
  2.286480E-02  1.53860187E-073  8.77403680E-075  3.28678472E-075  1.41799366E-073
  2.317390E-02  6.73549522E-073  4.59058283E-074  1.71948677E-074  6.10448826E-073
  2.348730E-02  3.11014826E-072  2.34940369E-073  8.79924404E-074  2.78721545E-072
  2.380490E-02  1.47485314E-071  1.17692238E-072  4.40748049E-073  1.31308610E-071
  2.412680E-02  7.01867010E-071  5.76963323E-072  2.16044426E-072  6.22566235E-071
  2.445310E-02  3.29818236E-070  2.76565186E-071  1.03548184E-071  2.91806899E-070
  2.478370E-02  1.52751565E-069  1.29577805E-070  4.85090589E-071  1.34942879E-069
  2.511890E-02  6.91352033E-069  5.96347313E-070  2.23221682E-070  6.09395134E-069
  2.545850E-02  3.06790500E-068  2.68405350E-069  1.00454684E-069  2.69904497E-068
  2.580280E-02  1.33702703E-067  1.18293016E-068  4.42667227E-069  1.17446729E-067
  2.615170E-02  5.72114096E-067  5.12136636E-068  1.91619896E-068  5.01738443E-067
  2.650530E-02  2.39790188E-066  2.17158996E-067  8.12392673E-068  2.09950362E-066
  2.686380E-02  9.84675860E-066  9.02373574E-067  3.37524177E-067  8.60686085E-066
  2.722700E-02  3.95474887E-065  3.68115458E-066  1.37666996E-066  3.44896641E-065
  2.759520E-02  1.55628621E-064  1.47334346E-065  5.50900919E-066  1.35386177E-064
  2.796830E-02  6.01972585E-064  5.77901318E-065  2.16044774E-065  5.22577976E-064
  2.834650E-02  2.29651855E-063  2.22719720E-064  8.32465063E-065  1.99055233E-063
  2.872980E-02  8.59997138E-063  8.43651287E-064  3.15270730E-064  7.44104936E-063
  2.911830E-02  3.16153413E-062  3.13514396E-063  1.17135387E-063  2.73088435E-062
  2.951210E-02  1.14137548E-061  1.14346338E-062  4.27128862E-063  9.84316257E-062
  2.991120E-02  4.05152765E-061  4.10716649E-062  1.53384375E-062  3.48742663E-061
  3.031560E-02  1.41240084E-060  1.44790271E-061  5.40600599E-062  1.21355050E-060
  3.072560E-02  4.84004935E-060  5.01446205E-061  1.87178352E-061  4.15142479E-060
  3.114110E-02  1.63047340E-059  1.70712746E-060  6.37070105E-061  1.39605364E-059
  3.156220E-02  5.40262482E-059  5.71883237E-060  2.13360631E-060  4.61738095E-059
  3.198900E-02  1.76044551E-058  1.88373218E-059  7.02598683E-060  1.50181243E-058
  3.242150E-02  5.64139184E-058  6.10170838E-059  2.27518304E-059  4.80370270E-058
  3.285990E-02  1.77938298E-057  1.94510170E-058  7.25069099E-059  1.51236590E-057
  3.330430E-02  5.52539888E-057  6.10327091E-058  2.27440177E-058  4.68763161E-057
  3.375460E-02  1.68732447E-056  1.87701111E-057  6.99253119E-058  1.42969805E-056
  3.421110E-02  5.07166211E-056  5.66636698E-057  2.11023369E-057  4.29400205E-056
  3.467370E-02  1.49056685E-055  1.60732641E-056  5.98387376E-057  1.26999547E-055
  3.514260E-02  4.28740332E-055  4.27653112E-056  1.59153609E-056  3.70059660E-055
  3.561780E-02  1.22154435E-054  1.16171033E-055  4.32178894E-056  1.06215543E-054
  3.609940E-02  3.45558999E-054  3.29381094E-055  1.22489671E-055  3.00371922E-054
  3.658760E-02  9.63754209E-054  9.21382487E-055  3.42507796E-055  8.37365181E-054
  3.708230E-02  2.65067395E-053  2.54844961E-054  9.46957906E-055  2.30113320E-053
  3.758370E-02  7.18758597E-053  6.94766878E-054  2.58054794E-054  6.23476430E-053
  3.809200E-02  1.92267755E-052  1.87039397E-053  6.94413308E-054  1.66619683E-052
  3.860710E-02  5.07178673E-052  4.96380516E-053  1.84206838E-053  4.39119938E-052
  3.912910E-02  1.32164640E-051  1.30608519E-052  4.84464939E-053  1.14259138E-051
  3.965820E-02  3.40000878E-051  3.39550848E-052  1.25889291E-052  2.93456864E-051
  4.019450E-02  8.63230247E-051  8.71128391E-052  3.22814347E-052  7.43835973E-051
  4.073800E-02  2.16314981E-050  2.20636344E-051  8.17198569E-052  1.86079361E-050
  4.128890E-02  5.35124696E-050  5.51337156E-051  2.04098971E-051  4.59581084E-050
  4.184720E-02  1.32163778E-049  1.36482950E-050  5.04972470E-051  1.13465758E-049
  4.241310E-02  3.22462422E-049  3.33435893E-050  1.23299161E-050  2.76788917E-049
  4.298660E-02  7.76908178E-049  8.13036299E-050  3.00475423E-050  6.65557006E-049
  4.356790E-02  1.84925172E-048  1.98704863E-049  7.33924142E-050  1.57715444E-048
  4.415700E-02  4.34634800E-048  4.78426895E-049  1.76601407E-049  3.69131970E-048
  4.475420E-02  1.00635620E-047  1.13013997E-048  4.16906673E-049  8.51651534E-048
  4.535930E-02  2.30002414E-047  2.62986060E-048  9.69526041E-049  1.94008548E-047
  4.597270E-02  5.19587687E-047  6.04892275E-048  2.22852026E-048  4.36813257E-047
  4.659440E-02  1.16065913E-046  1.39225606E-047  5.12579223E-048  9.70175597E-047
  4.722440E-02  2.56281863E-046  3.16128268E-047  1.16305423E-047  2.13038494E-046
  4.786300E-02  5.59360728E-046  7.08468920E-047  2.60461386E-047  4.62467698E-046
  4.851020E-02  1.20604090E-045  1.56719799E-046  5.75735988E-047  9.91747503E-046
  4.916620E-02  2.57243910E-045  3.42531980E-046  1.25738525E-046  2.10416859E-045
  4.983100E-02  5.42836969E-045  7.40981448E-046  2.71789616E-046  4.41559863E-045
  5.050490E-02  1.13376239E-044  1.58922098E-045  5.82449817E-046  9.16595315E-045
  5.118780E-02  2.34341608E-044  3.36990932E-045  1.23404568E-045  1.88302058E-044
  5.188000E-02  4.79684476E-044  7.07316544E-045  2.58794771E-045  3.83073345E-044
  5.258150E-02  9.72828632E-044  1.47087856E-044  5.37696260E-045  7.71971150E-044
  5.329260E-02  1.95396191E-043  3.02757346E-044  1.10576451E-044  1.54062811E-043
  5.401320E-02  3.88980783E-043  6.16851354E-044  2.25084454E-044  3.04787202E-043
  5.474360E-02  7.70713014E-043  1.24457074E-043  4.53702014E-044  6.00885738E-043
  5.548390E-02  1.51276794E-042  2.48759354E-043  9.05952131E-044  1.17341337E-042
  5.623410E-02  2.94164674E-042  4.92625412E-043  1.79227975E-043  2.26979335E-042
  5.699460E-02  5.71404580E-042  9.60806777E-043  3.49201509E-043  4.40403752E-042
  5.776530E-02  1.10135265E-041  1.85640120E-042  6.73986008E-043  8.48313927E-042
  5.854640E-02  2.13000792E-041  3.82243024E-042  1.29051920E-042  1.61871297E-041
  5.933810E-02  4.08657156E-041  7.71868685E-042  2.45238230E-042  3.06946464E-041
  6.014050E-02  7.78713356E-041  1.53142716E-041  4.62317317E-042  5.79338908E-041
  6.095370E-02  1.46840009E-040  2.99008436E-041  8.63995083E-042  1.08299214E-040
  6.177790E-02  2.74089642E-040  5.75276549E-041  1.60077322E-041  2.00554255E-040
  6.261330E-02  5.05534254E-040  1.09186170E-040  2.96794405E-041  3.66668644E-040
  6.346000E-02  9.22480827E-040  2.04588089E-040  5.47065267E-041  6.63186212E-040
  6.431810E-02  1.66674332E-039  3.78698055E-040  9.99213173E-041  1.18812395E-039
  6.518790E-02  2.98263361E-039  6.92963200E-040  1.80873688E-040  2.10879672E-039
  6.606930E-02  5.26305390E-039  1.25410563E-039  3.30152068E-040  3.67879620E-039
  6.696280E-02  9.18917836E-039  2.23850193E-039  5.96676106E-040  6.35400033E-039
  6.786830E-02  1.59146668E-038  3.97710889E-039  1.06570841E-039  1.08718495E-038
  6.878600E-02  2.73207179E-038  7.01006917E-039  1.88081339E-039  1.84298354E-038
  6.971610E-02  4.60812662E-038  1.22024387E-038  3.20872149E-039  3.06701060E-038
  7.065890E-02  7.67804159E-038  2.08690830E-038  5.37960679E-039  5.05317261E-038
  7.161430E-02  1.26275844E-037  3.48794250E-038  8.88459129E-039  8.25118274E-038
  7.258270E-02  2.04794949E-037  5.67742469E-038  1.44608152E-038  1.33559887E-037
  7.356420E-02  3.25691850E-037  8.99311232E-038  2.30101380E-038  2.12750589E-037
  7.455900E-02  5.09725246E-037  1.38967105E-037  3.60115209E-038  3.34746620E-037
  7.556720E-02  7.88658000E-037  2.10444055E-037  5.57329024E-038  5.22481043E-037
  7.658910E-02  1.20843120E-036  3.13966767E-037  8.53344232E-038  8.09130006E-037
  7.762470E-02  1.83307210E-036  4.63625217E-037  1.28989626E-037  1.24045726E-036
  7.867440E-02  2.72913577E-036  6.80055290E-037  1.90243083E-037  1.85883739E-036
  7.973820E-02  4.03850065E-036  9.93319290E-037  2.78934807E-037  2.76624655E-036
  8.081650E-02  5.94253405E-036  1.44689408E-036  4.06751022E-037  4.08888896E-036
  8.190930E-02  8.69643313E-036  2.10303952E-036  5.90033602E-037  6.00336000E-036
  8.301690E-02  1.27359861E-035  3.05099394E-036  8.56780932E-037  8.82821122E-036
  8.413950E-02  1.87950425E-035  4.41783626E-036  1.25494383E-036  1.31222624E-035
  8.527730E-02  2.75995157E-035  6.38279179E-036  1.83184055E-036  1.93848834E-035
  8.643040E-02  4.03240232E-035  9.19824544E-036  2.66440831E-036  2.84613694E-035
  8.759920E-02  5.86182864E-035  1.32187128E-035  3.86130018E-036  4.15382734E-035
  8.878370E-02  8.49017380E-035  1.89367928E-035  5.56600459E-036  6.03989406E-035
  8.998430E-02  1.23067960E-034  2.70360004E-035  7.91819424E-036  8.81137656E-035
  9.120110E-02  1.77190552E-034  3.84593232E-035  1.11588748E-035  1.27572354E-034
  9.243430E-02  2.49235663E-034  5.44965749E-035  1.54339814E-035  1.79305106E-034
  9.368430E-02  3.48193514E-034  7.69189982E-035  2.11260333E-035  2.50148482E-034
  9.495110E-02  4.82755823E-034  1.08119897E-034  2.85197309E-035  3.46116195E-034
  9.623510E-02  6.64345443E-034  1.51327058E-034  3.73715026E-035  4.75646883E-034
  9.753640E-02  9.08665935E-034  2.10897404E-034  4.81295497E-035  6.49638982E-034
  9.885530E-02  1.23588825E-033  2.92680735E-034  6.16621180E-035  8.81545394E-034
  1.001920E-01  1.66938841E-033  4.01860587E-034  7.87673656E-035  1.18876046E-033
  1.015470E-01  2.23699937E-033  5.47977163E-034  1.01529917E-034  1.58749229E-033
  1.029200E-01  2.97268346E-033  7.42570843E-034  1.28805167E-034  2.10130745E-033
  1.043120E-01  3.90578031E-033  1.00024549E-033  1.58930889E-034  2.74660393E-033
  1.057220E-01  5.12674657E-033  1.33918629E-033  1.92941930E-034  3.59461835E-033
  1.071520E-01  6.72593349E-033  1.78306209E-033  2.31904074E-034  4.71096733E-033
  1.086010E-01  8.79768395E-033  2.36066435E-033  2.77277563E-034  6.15974204E-033
  1.100690E-01  1.14679278E-032  3.10792599E-033  3.27442957E-034  8.03255880E-033
  1.115580E-01  1.49052335E-032  4.07120028E-033  3.96916726E-034  1.04371165E-032
  1.130660E-01  1.93357665E-032  5.30505938E-033  5.05530721E-034  1.35251764E-032
  1.145950E-01  2.49396578E-032  6.87806522E-033  6.25918951E-034  1.74356736E-032
  1.161450E-01  3.20845035E-032  8.87458127E-033  7.87945537E-034  2.24219767E-032
  1.177150E-01  4.10712773E-032  1.13941508E-032  9.82843197E-034  2.86942833E-032
  1.193070E-01  5.24040403E-032  1.45637013E-032  1.22709282E-033  3.66132462E-032
  1.209210E-01  6.65581980E-032  1.85334953E-032  1.51558155E-033  4.65091211E-032
  1.225560E-01  8.42042116E-032  2.34830353E-032  1.87882308E-033  5.88423532E-032
  1.242130E-01  1.06096415E-031  2.96341300E-032  2.32889384E-033  7.41333908E-032
  1.258930E-01  1.33176445E-031  3.72569610E-032  2.89003646E-033  9.30294478E-032
  1.275950E-01  1.66520622E-031  4.66685228E-032  3.59355337E-033  1.16258546E-031
  1.293200E-01  2.07417905E-031  5.82638773E-032  4.51351416E-033  1.44640514E-031
  1.310690E-01  2.56612322E-031  7.17584783E-032  5.67880229E-033  1.79175042E-031
  1.328410E-01  3.17885081E-031  8.96708757E-032  7.19455435E-033  2.21019651E-031
  1.346380E-01  3.92387023E-031  1.11913890E-031  9.16664266E-033  2.71306490E-031
  1.364580E-01  4.82547976E-031  1.39484306E-031  1.16840099E-032  3.31379660E-031
  1.383040E-01  5.91246345E-031  1.73701090E-031  1.49572933E-032  4.02587962E-031
  1.401740E-01  7.21317822E-031  2.16107430E-031  1.91385675E-032  4.86071824E-031
  1.420690E-01  8.74200723E-031  2.68685680E-031  2.45602151E-032  5.80954827E-031
  1.439900E-01  1.04728833E-030  3.33915853E-031  3.16580686E-032  6.81714412E-031
  1.459370E-01  1.24002624E-030  4.14862239E-031  4.10169503E-032  7.84147055E-031
  1.479110E-01  1.45970754E-030  5.15408185E-031  5.36088836E-032  8.90690469E-031
  1.499110E-01  1.71456820E-030  6.40280662E-031  7.01153604E-032  1.00417218E-030
  1.519380E-01  2.00968260E-030  7.95529591E-031  9.18269865E-032  1.12232603E-030
  1.539930E-01  2.34486122E-030  9.88755302E-031  1.19711653E-031  1.23639426E-030
  1.560750E-01  2.74689757E-030  1.22933704E-030  1.55941331E-031  1.36161920E-030
  1.581860E-01  3.23081988E-030  1.52944477E-030  2.02879187E-031  1.49849592E-030
  1.603250E-01  3.79549502E-030  1.90401400E-030  2.63120207E-031  1.62836082E-030
  1.624930E-01  4.50452343E-030  2.37238901E-030  3.42946386E-031  1.78918803E-030
  1.646900E-01  5.33593407E-030  2.95872566E-030  4.44568530E-031  1.93263988E-030
  1.669170E-01  6.37509572E-030  3.69438406E-030  5.78415904E-031  2.10229576E-030
  1.691740E-01  7.64344760E-030  4.61892098E-030  7.51005774E-031  2.27352085E-030
  1.714620E-01  9.24160013E-030  5.78135302E-030  9.78411702E-031  2.48183541E-030
  1.737800E-01  1.12301283E-029  7.24022609E-030  1.27410631E-030  2.71579586E-030
  1.761300E-01  1.36590252E-029  9.07674446E-030  1.65161526E-030  2.93066544E-030
  1.785120E-01  1.66379146E-029  1.13953310E-029  2.13260712E-030  3.10997643E-030
  1.809260E-01  2.04008173E-029  1.43327163E-029  2.76038340E-030  3.30771763E-030
  1.833720E-01  2.52602252E-029  1.80679730E-029  3.59432466E-030  3.59792750E-030
  1.858520E-01  3.13725499E-029  2.28383977E-029  4.66803120E-030  3.86612100E-030
  1.883650E-01  3.90957648E-029  2.89507846E-029  6.05024721E-030  4.09473299E-030
  1.909120E-01  4.89768204E-029  3.68102604E-029  7.83145583E-030  4.33510418E-030
  1.934940E-01  6.17076699E-029  4.69400005E-029  1.01007921E-029  4.66687732E-030
  1.961100E-01  7.79120014E-029  5.99907725E-029  1.29556882E-029  4.96554074E-030
  1.987620E-01  9.84885152E-029  7.67676967E-029  1.65095020E-029  5.21131655E-030
  2.014500E-01  1.24457360E-028  9.81712944E-029  2.07510427E-029  5.53502336E-030
  2.041740E-01  1.56693202E-028  1.25107859E-028  2.56233166E-029  5.96202594E-030
  2.069350E-01  1.95806622E-028  1.58308479E-028  3.11354095E-029  6.36273394E-030
  2.097330E-01  2.41863030E-028  1.97998908E-028  3.71451772E-029  6.71894535E-030
  2.125690E-01  2.93954093E-028  2.43584311E-028  4.31177682E-029  7.25201315E-030
  2.154430E-01  3.50003900E-028  2.93473765E-028  4.86548024E-029  7.87533336E-030
  2.183570E-01  4.07113338E-028  3.45322804E-028  5.31997744E-029  8.59075938E-030
  2.213090E-01  4.62367804E-028  3.96570430E-028  5.63409008E-029  9.45647280E-030
  2.243020E-01  5.14724265E-028  4.45423537E-028  5.87768072E-029  1.05239207E-029
  2.273350E-01  5.64073004E-028  4.91158470E-028  6.11252258E-029  1.17893082E-029
  2.304090E-01  6.10909635E-028  5.34222437E-028  6.34304958E-029  1.32567019E-029
  2.335250E-01  6.56185211E-028  5.75863845E-028  6.53781394E-029  1.49432265E-029
  2.366830E-01  7.01597808E-028  6.17721332E-028  6.69920681E-029  1.68844077E-029
  2.398830E-01  7.49481836E-028  6.61522867E-028  6.88884716E-029  1.90704973E-029
  2.431270E-01  8.02052666E-028  7.08906988E-028  7.15502159E-029  2.15954614E-029
  2.464150E-01  8.60371689E-028  7.61286428E-028  7.46738649E-029  2.44113964E-029
  2.497470E-01  9.25724170E-028  8.19944220E-028  7.82375814E-029  2.75423687E-029
  2.531240E-01  9.99787616E-028  8.86121995E-028  8.28767601E-029  3.07888609E-029
  2.565470E-01  1.08316762E-027  9.60950514E-028  8.78840071E-029  3.43330997E-029
  2.600160E-01  1.17753911E-027  1.04560775E-027  9.37377006E-029  3.81936543E-029
  2.635320E-01  1.28399525E-027  1.14130367E-027  1.00304399E-028  4.23871842E-029
  2.670960E-01  1.40326725E-027  1.24930228E-027  1.07005817E-028  4.69591608E-029
  2.707070E-01  1.53672002E-027  1.37093528E-027  1.13852064E-028  5.19326732E-029
  2.743680E-01  1.68621294E-027  1.50780664E-027  1.21075787E-028  5.73305119E-029
  2.780780E-01  1.85509861E-027  1.66162079E-027  1.30361048E-028  6.31167743E-029
  2.818380E-01  2.04314820E-027  1.83408609E-027  1.39690556E-028  6.93715540E-029
  2.856490E-01  2.25262877E-027  2.02723630E-027  1.49273428E-028  7.61190405E-029
  2.895120E-01  2.48709449E-027  2.24338303E-027  1.60339023E-028  8.33724444E-029
  2.934270E-01  2.74802859E-027  2.48486883E-027  1.72005465E-028  9.11542964E-029
  2.973950E-01  3.03841815E-027  2.75440618E-027  1.84530256E-028  9.94817151E-029
  3.014160E-01  3.36066260E-027  3.05485290E-027  1.97408075E-028  1.08401620E-028
  3.054920E-01  3.55917421E-027  3.23064060E-027  2.10589146E-028  1.17944466E-028
  3.096230E-01  3.87558798E-027  3.52344141E-027  2.24010160E-028  1.28136409E-028
  3.138100E-01  4.21204193E-027  3.83361935E-027  2.39537016E-028  1.38885559E-028
  3.180530E-01  4.56564394E-027  4.15960312E-027  2.55735498E-028  1.50305320E-028
  3.223540E-01  4.93361189E-027  4.49876894E-027  2.72408656E-028  1.62434292E-028
  3.267130E-01  5.31134315E-027  4.84634178E-027  2.89707640E-028  1.75293727E-028
  3.311310E-01  5.69301419E-027  5.19463123E-027  3.09491101E-028  1.88891856E-028
  3.356090E-01  6.06439480E-027  5.53108806E-027  3.30037004E-028  2.03269744E-028
  3.401470E-01  6.40748718E-027  5.83772323E-027  3.51315369E-028  2.18448580E-028
  3.447470E-01  6.70193591E-027  6.09385102E-027  3.73649601E-028  2.34435286E-028
  3.494080E-01  6.93826409E-027  6.28836239E-027  3.98755302E-028  2.51146403E-028
  3.541330E-01  7.13426915E-027  6.44062633E-027  4.24932644E-028  2.68710174E-028
  3.589220E-01  7.34113782E-027  6.60182113E-027  4.52173765E-028  2.87142930E-028
  3.637750E-01  7.60640266E-027  6.81947716E-027  4.80465799E-028  3.06459699E-028
  3.686950E-01  7.94619853E-027  7.10957445E-027  5.09986065E-028  3.26638011E-028
  3.736800E-01  8.34752608E-027  7.45915915E-027  5.40659864E-028  3.47707059E-028
  3.787330E-01  8.78022910E-027  7.83807856E-027  5.72445568E-028  3.69704971E-028
  3.838550E-01  9.20440950E-027  8.20647404E-027  6.05333557E-028  3.92601906E-028
  3.890450E-01  9.58203918E-027  8.52634040E-027  6.39314385E-028  4.16384402E-028
  3.943060E-01  9.89374104E-027  8.77822541E-027  6.74395184E-028  4.41120446E-028
  3.996380E-01  1.01364506E-026  8.95908194E-027  7.10554148E-028  4.66814510E-028
  4.050420E-01  1.02945709E-026  9.05428164E-027  7.47044402E-028  4.93244905E-028
  4.105190E-01  1.03320927E-026  9.02705109E-027  7.84437762E-028  5.20603856E-028
  4.160700E-01  1.02226178E-026  8.85096391E-027  8.22746143E-028  5.48907727E-028
  4.216970E-01  9.99848242E-027  8.55837615E-027  8.61943172E-028  5.78163099E-028
  4.273990E-01  9.75392938E-027  8.24359189E-027  9.01977795E-028  6.08359690E-028
  4.331780E-01  9.57961803E-027  7.99729962E-027  9.42817113E-028  6.39501296E-028
  4.390360E-01  9.50644053E-027  7.84916271E-027  9.85663568E-028  6.71614255E-028
  4.449730E-01  9.50562655E-027  7.76992470E-027  1.03124896E-027  7.04452897E-028
  4.509900E-01  9.51685795E-027  7.70058727E-027  1.07811141E-027  7.38159271E-028
  4.570880E-01  9.47817240E-027  7.57951917E-027  1.12588958E-027  7.72763656E-028
  4.632690E-01  9.35210575E-027  7.36930616E-027  1.17453781E-027  8.08261780E-028
  4.695340E-01  9.14887343E-027  7.08023246E-027  1.22399867E-027  8.44642301E-028
  4.758830E-01  8.91222404E-027  6.75613568E-027  1.27420179E-027  8.81886562E-028
  4.823180E-01  8.67024945E-027  6.42517416E-027  1.32508901E-027  9.19986273E-028
  4.888400E-01  8.41981248E-027  6.08142888E-027  1.37950310E-027  9.58880504E-028
  4.954500E-01  8.14669266E-027  5.70933488E-027  1.43882689E-027  9.98530898E-028
  5.021500E-01  7.84911739E-027  5.31076144E-027  1.49937379E-027  1.03898216E-027
  5.089400E-01  7.55630887E-027  4.91501031E-027  1.56108935E-027  1.08020921E-027
  5.158220E-01  7.30910568E-027  4.56297572E-027  1.62393305E-027  1.12219692E-027
  5.227970E-01  7.13428557E-027  4.28150966E-027  1.68785165E-027  1.16492426E-027
  5.298670E-01  7.03787992E-027  4.07670899E-027  1.75279653E-027  1.20837440E-027
  5.370320E-01  7.01222009E-027  3.94100562E-027  1.81869644E-027  1.25251803E-027
  5.442940E-01  7.03928811E-027  3.85645676E-027  1.88549481E-027  1.29733654E-027
  5.516540E-01  7.09629909E-027  3.79917008E-027  1.95438903E-027  1.34273998E-027
  5.591140E-01  7.16321830E-027  3.74564444E-027  2.02905248E-027  1.38852138E-027
  5.666740E-01  7.21328520E-027  3.67336738E-027  2.10504363E-027  1.43487419E-027
  5.743370E-01  7.22947592E-027  3.56535486E-027  2.18233820E-027  1.48178286E-027
  5.821030E-01  7.20708748E-027  3.41699752E-027  2.26087820E-027  1.52921176E-027
  5.899750E-01  7.16164738E-027  3.24386881E-027  2.34063396E-027  1.57714461E-027
  5.979530E-01  7.11758095E-027  3.07049494E-027  2.42154145E-027  1.62554456E-027
  6.060380E-01  7.08671937E-027  2.90879372E-027  2.50354401E-027  1.67438164E-027
  6.142330E-01  7.06536192E-027  2.75512344E-027  2.58660120E-027  1.72363728E-027
  6.225390E-01  7.04842662E-027  2.60449672E-027  2.67064979E-027  1.77328012E-027
  6.309570E-01  7.03988319E-027  2.46097933E-027  2.75562459E-027  1.82327927E-027
  6.394890E-01  7.04767048E-027  2.33259727E-027  2.84146451E-027  1.87360870E-027
  6.481370E-01  7.07376913E-027  2.22141986E-027  2.92810714E-027  1.92424213E-027
  6.569010E-01  7.11509340E-027  2.12425510E-027  3.01569247E-027  1.97514583E-027
  6.657840E-01  7.17447370E-027  2.04061478E-027  3.10751184E-027  2.02634708E-027
  6.747870E-01  7.24950852E-027  1.97147266E-027  3.20027072E-027  2.07776514E-027
  6.839120E-01  7.34143592E-027  1.91814753E-027  3.29391429E-027  2.12937411E-027
  6.931600E-01  7.44878095E-027  1.87926553E-027  3.38837453E-027  2.18114089E-027
  7.025330E-01  7.57018023E-027  1.85327416E-027  3.48385080E-027  2.23305528E-027
  7.120330E-01  7.70593591E-027  1.83996582E-027  3.58085069E-027  2.28511940E-027
  7.216610E-01  7.85454781E-027  1.83865496E-027  3.67863271E-027  2.33726014E-027
  7.314200E-01  8.01474443E-027  1.84813430E-027  3.77715381E-027  2.38945631E-027
  7.413100E-01  8.18515076E-027  1.86714350E-027  3.87633627E-027  2.44167099E-027
  7.513350E-01  8.36476416E-027  1.89473230E-027  3.97614482E-027  2.49388704E-027
  7.614940E-01  8.55249506E-027  1.92994335E-027  4.07648766E-027  2.54606404E-027
  7.717920E-01  8.74732318E-027  1.97179807E-027  4.17733494E-027  2.59819017E-027
  7.822280E-01  8.94822228E-027  2.01940706E-027  4.27859117E-027  2.65022405E-027
  7.928060E-01  9.15437589E-027  2.07201359E-027  4.38021208E-027  2.70215022E-027
  8.035260E-01  9.36584133E-027  2.12925220E-027  4.48286083E-027  2.75372830E-027
  8.143920E-01  9.58305857E-027  2.19095157E-027  4.58738135E-027  2.80472565E-027
  8.254040E-01  9.80378720E-027  2.25599021E-027  4.69229938E-027  2.85549761E-027
  8.365660E-01  1.00275531E-026  2.32394801E-027  4.79757736E-027  2.90602768E-027
  8.478780E-01  1.02538583E-026  2.39444005E-027  4.90313739E-027  2.95628083E-027
  8.593430E-01  1.04823168E-026  2.46714992E-027  5.00893021E-027  3.00623662E-027
  8.709640E-01  1.07125771E-026  2.54179702E-027  5.11490473E-027  3.05587535E-027
  8.827410E-01  1.09442530E-026  2.61811419E-027  5.22097768E-027  3.10516107E-027
  8.946780E-01  1.11770636E-026  2.69587954E-027  5.32710496E-027  3.15407906E-027
  9.067760E-01  1.14129213E-026  2.77570168E-027  5.43487952E-027  3.20234014E-027
  9.190380E-01  1.16512588E-026  2.85728730E-027  5.54399087E-027  3.24998064E-027
  9.314650E-01  1.18902617E-026  2.93987573E-027  5.65322902E-027  3.29715698E-027
  9.440610E-01  1.21297062E-026  3.02330021E-027  5.76255265E-027  3.34385338E-027
  9.568270E-01  1.23693242E-026  3.10738338E-027  5.87189796E-027  3.39004282E-027
  9.697650E-01  1.26088647E-026  3.19195482E-027  5.98120786E-027  3.43570199E-027
  9.828790E-01  1.28481176E-026  3.27685995E-027  6.09044328E-027  3.48081433E-027
  9.961700E-01  1.30868168E-026  3.36192933E-027  6.19953244E-027  3.52535504E-027
  1.009640E+00  1.33310342E-026  3.44913609E-027  6.31235600E-027  3.56954215E-027
  1.023290E+00  1.35771027E-026  3.53719159E-027  6.42669982E-027  3.61321125E-027
  1.037130E+00  1.38226150E-026  3.62521551E-027  6.54112246E-027  3.65627705E-027
  1.051150E+00  1.40671374E-026  3.71298079E-027  6.65547662E-027  3.69868002E-027
  1.065370E+00  1.43107546E-026  3.80044995E-027  6.76985114E-027  3.74045347E-027
  1.079780E+00  1.45530318E-026  3.88739907E-027  6.88409363E-027  3.78153910E-027
  1.094380E+00  1.47937230E-026  3.97367121E-027  6.99813682E-027  3.82191493E-027
  1.109170E+00  1.50325728E-026  4.05911258E-027  7.11190614E-027  3.86155411E-027
  1.124170E+00  1.52696528E-026  4.14368195E-027  7.22548658E-027  3.90048423E-027
  1.139380E+00  1.55193676E-026  4.23265526E-027  7.34827418E-027  3.93843811E-027
  1.154780E+00  1.57708827E-026  4.32199835E-027  7.47336672E-027  3.97551758E-027
  1.170400E+00  1.60209847E-026  4.41045573E-027  7.59869741E-027  4.01183154E-027
  1.186220E+00  1.62691144E-026  4.49777051E-027  7.72403638E-027  4.04730754E-027
  1.202260E+00  1.65153605E-026  4.58391160E-027  7.84947741E-027  4.08197153E-027
  1.218520E+00  1.67594883E-026  4.66873838E-027  7.97494936E-027  4.11580054E-027
  1.235000E+00  1.70012668E-026  4.75211331E-027  8.10038044E-027  4.14877305E-027
  1.251700E+00  1.72436913E-026  4.83411200E-027  8.22605460E-027  4.18352473E-027
  1.268630E+00  1.74889139E-026  4.91629216E-027  8.35477172E-027  4.21785001E-027
  1.285780E+00  1.77314607E-026  4.99673071E-027  8.48338968E-027  4.25134027E-027
  1.303170E+00  1.79714004E-026  5.07539890E-027  8.61198819E-027  4.28401326E-027
  1.320790E+00  1.82115705E-026  5.15315742E-027  8.74216733E-027  4.31624573E-027
  1.338650E+00  1.84493023E-026  5.22910634E-027  8.87251122E-027  4.34768475E-027
  1.356750E+00  1.86840155E-026  5.30301299E-027  9.00274018E-027  4.37826232E-027
  1.375100E+00  1.89156446E-026  5.37481360E-027  9.13285444E-027  4.40797655E-027
  1.393690E+00  1.91509711E-026  5.44704213E-027  9.26727987E-027  4.43664912E-027
  1.412540E+00  1.93844080E-026  5.51754373E-027  9.40244911E-027  4.46441518E-027
  1.431640E+00  1.96145672E-026  5.58577841E-027  9.53752040E-027  4.49126834E-027
  1.451000E+00  1.98413935E-026  5.65169609E-027  9.67249109E-027  4.51720634E-027
  1.470620E+00  2.00729889E-026  5.71826644E-027  9.81255600E-027  4.54216643E-027
  1.490500E+00  2.03066164E-026  5.78444785E-027  9.95601883E-027  4.56614971E-027
  1.510660E+00  2.05371410E-026  5.84830500E-027  1.00996362E-026  4.58919988E-027
  1.531090E+00  2.07642869E-026  5.90973152E-027  1.02432618E-026  4.61129354E-027
  1.551790E+00  2.09889425E-026  5.96906810E-027  1.03875286E-026  4.63234584E-027
  1.572780E+00  2.12201529E-026  6.02978899E-027  1.05386337E-026  4.65173027E-027
  1.594040E+00  2.14478805E-026  6.08799902E-027  1.06897645E-026  4.67011700E-027
  1.615600E+00  2.16723032E-026  6.14372477E-027  1.08410545E-026  4.68752400E-027
  1.637440E+00  2.18930728E-026  6.19686430E-027  1.09922812E-026  4.70392728E-027
  1.659590E+00  2.21102478E-026  6.24731892E-027  1.11433406E-026  4.71958833E-027
  1.682030E+00  2.23235030E-026  6.29497387E-027  1.12939552E-026  4.73457394E-027
  1.704770E+00  2.25329810E-026  6.33999531E-027  1.14444221E-026  4.74856361E-027
  1.727830E+00  2.27387441E-026  6.38239401E-027  1.15947873E-026  4.76156280E-027
  1.751190E+00  2.29405063E-026  6.42211359E-027  1.17448347E-026  4.77355801E-027
  1.774870E+00  2.31402107E-026  6.45967376E-027  1.18955343E-026  4.78500266E-027
  1.798870E+00  2.33463794E-026  6.49734895E-027  1.20511085E-026  4.79792192E-027
  1.823200E+00  2.35488672E-026  6.53244648E-027  1.22065360E-026  4.80988472E-027
  1.847850E+00  2.37474996E-026  6.56495242E-027  1.23616637E-026  4.82088355E-027
  1.872840E+00  2.39423524E-026  6.59489877E-027  1.25165271E-026  4.83092651E-027
  1.898160E+00  2.41332677E-026  6.62228717E-027  1.26709717E-026  4.84000888E-027
  1.923830E+00  2.43301347E-026  6.65036820E-027  1.28313206E-026  4.84844583E-027
  1.949840E+00  2.45289116E-026  6.67783226E-027  1.29949739E-026  4.85610541E-027
  1.976210E+00  2.47241542E-026  6.70290637E-027  1.31584259E-026  4.86282194E-027
  2.002930E+00  2.49157218E-026  6.72561357E-027  1.33215149E-026  4.86859334E-027
  2.030020E+00  2.51036987E-026  6.74600923E-027  1.34842613E-026  4.87342810E-027
  2.057470E+00  2.52879631E-026  6.76413322E-027  1.36465023E-026  4.87732756E-027
  2.085290E+00  2.54700665E-026  6.78058458E-027  1.38093040E-026  4.88017788E-027
  2.113490E+00  2.56493015E-026  6.79516448E-027  1.39720890E-026  4.88204804E-027
  2.142070E+00  2.58281916E-026  6.80837696E-027  1.41356819E-026  4.88413275E-027
  2.171030E+00  2.60049301E-026  6.81992693E-027  1.42992061E-026  4.88579711E-027
  2.200390E+00  2.61783027E-026  6.82964775E-027  1.44620942E-026  4.88656075E-027
  2.230150E+00  2.63499358E-026  6.83838057E-027  1.46258431E-026  4.88571209E-027
  2.260300E+00  2.65205455E-026  6.84622483E-027  1.47902909E-026  4.88402979E-027
  2.290870E+00  2.66975885E-026  6.85549461E-027  1.49604329E-026  4.88166107E-027
  2.321850E+00  2.68717585E-026  6.86350431E-027  1.51298175E-026  4.87843664E-027
  2.353240E+00  2.70431411E-026  6.87044527E-027  1.52983285E-026  4.87436734E-027
  2.385060E+00  2.72119607E-026  6.87654503E-027  1.54659533E-026  4.86946240E-027
  2.417320E+00  2.73784211E-026  6.88206973E-027  1.56326195E-026  4.86373185E-027
  2.450000E+00  2.75585657E-026  6.89190693E-027  1.58091262E-026  4.85753261E-027
  2.483130E+00  2.77404353E-026  6.90276192E-027  1.59869486E-026  4.85072478E-027
  2.516710E+00  2.79137725E-026  6.91183122E-027  1.61579383E-026  4.84400294E-027
  2.550740E+00  2.80862635E-026  6.92205479E-027  1.63276943E-026  4.83651446E-027
  2.585230E+00  2.82585608E-026  6.93415811E-027  1.64961306E-026  4.82827210E-027
  2.620190E+00  2.84315196E-026  6.94906864E-027  1.66631625E-026  4.81928841E-027
  2.655620E+00  2.86062201E-026  6.96798628E-027  1.68286545E-026  4.80957934E-027
  2.691530E+00  2.87841809E-026  6.99250777E-027  1.69925148E-026  4.79915829E-027
  2.727930E+00  2.89674788E-026  7.02478999E-027  1.71546496E-026  4.78803922E-027
  2.764820E+00  2.91620788E-026  7.06856719E-027  1.73169763E-026  4.77653536E-027
  2.802210E+00  2.93781170E-026  7.12949171E-027  1.74834133E-026  4.76521204E-027
  2.840100E+00  2.96128587E-026  7.21157054E-027  1.76480424E-026  4.75324574E-027
  2.878500E+00  2.98755439E-026  7.32412551E-027  1.78107665E-026  4.74065190E-027
  2.917430E+00  3.01808165E-026  7.48184830E-027  1.79715257E-026  4.72744252E-027
  2.956880E+00  3.05525351E-026  7.70876175E-027  1.81301329E-026  4.71364049E-027
  2.996860E+00  3.10325079E-026  8.04675962E-027  1.82864870E-026  4.69926130E-027
  3.037390E+00  3.16990774E-026  8.57424191E-027  1.84405173E-026  4.68431820E-027
  3.078460E+00  3.27119212E-026  9.45104481E-027  1.85920413E-026  4.66883511E-027
  3.120090E+00  3.44524289E-026  1.10495913E-026  1.87473106E-026  4.65552703E-027
  3.162280E+00  3.79408618E-026  1.43897445E-026  1.89066099E-026  4.64450733E-027
  3.205040E+00  4.68612791E-026  2.31649754E-026  1.90633211E-026  4.63298264E-027
  3.248380E+00  8.30468200E-026  5.92085278E-026  1.92173234E-026  4.62096876E-027
  3.292300E+00  3.96582325E-025  3.72607943E-025  1.93688998E-026  4.60548297E-027
  3.336820E+00  1.26908959E-025  1.02803056E-025  1.95178128E-026  4.58809065E-027
  3.381950E+00  5.49080266E-026  3.06740069E-026  1.96637385E-026  4.57028120E-027
  3.427680E+00  4.13129277E-026  1.69529106E-026  1.98100948E-026  4.54992229E-027
  3.474030E+00  3.67280238E-026  1.22444285E-026  1.99560111E-026  4.52758430E-027
  3.521010E+00  3.46950225E-026  1.00914106E-026  2.00987002E-026  4.50491170E-027
  3.568620E+00  3.36479136E-026  8.92797369E-027  2.02380101E-026  4.48192978E-027
  3.616870E+00  3.30590874E-026  8.22660860E-027  2.03738200E-026  4.45865876E-027
  3.665780E+00  3.27169662E-026  7.77131339E-027  2.05109442E-026  4.43470860E-027
  3.715350E+00  3.25223616E-026  7.46031543E-027  2.06521612E-026  4.40988496E-027
  3.765590E+00  3.24126620E-026  7.23803765E-027  2.07897802E-026  4.38484409E-027
  3.816510E+00  3.23576873E-026  7.07440525E-027  2.09236754E-026  4.35960661E-027
  3.868120E+00  3.23394439E-026  6.95152823E-027  2.10537224E-026  4.33419323E-027
  3.920430E+00  3.23579184E-026  6.86050590E-027  2.11887827E-026  4.30862981E-027
  3.973440E+00  3.23962327E-026  6.79223653E-027  2.13210534E-026  4.28294279E-027
  4.027170E+00  3.24480246E-026  6.74170114E-027  2.14491760E-026  4.25714749E-027
  4.081630E+00  3.25100801E-026  6.70578906E-027  2.15730263E-026  4.23126474E-027
  4.136820E+00  3.25801303E-026  6.68250643E-027  2.16926246E-026  4.20499927E-027
  4.192760E+00  3.26556209E-026  6.67104799E-027  2.18099771E-026  4.17459580E-027
  4.249460E+00  3.27371627E-026  6.67016991E-027  2.19227879E-026  4.14420489E-027
  4.306920E+00  3.28243687E-026  6.67960106E-027  2.20309144E-026  4.11385322E-027
  4.365160E+00  3.29172949E-026  6.69947275E-027  2.21342657E-026  4.08355652E-027
  4.424190E+00  3.30163638E-026  6.73030764E-027  2.22327200E-026  4.05333616E-027
  4.484010E+00  3.31391263E-026  6.77529332E-027  2.23367604E-026  4.02707261E-027
  4.544650E+00  3.32715708E-026  6.83379473E-027  2.24366132E-026  4.00116290E-027
  4.606100E+00  3.34146068E-026  6.90781360E-027  2.25314221E-026  3.97537106E-027
  4.668390E+00  3.35713978E-026  7.00058234E-027  2.26211064E-026  3.94970900E-027
  4.731510E+00  3.37466511E-026  7.11691749E-027  2.27055289E-026  3.92420469E-027
  4.795490E+00  3.39605021E-026  7.26612967E-027  2.27928306E-026  3.90154178E-027
  4.860340E+00  3.42306834E-026  7.46173729E-027  2.28861892E-026  3.88275693E-027
  4.926060E+00  3.45635313E-026  7.72526866E-027  2.29741139E-026  3.86414876E-027
  4.992680E+00  3.50081200E-026  8.10587062E-027  2.30565183E-026  3.84573118E-027
  5.060190E+00  3.56728938E-026  8.71755875E-027  2.31235336E-026  3.83180144E-027
  5.128610E+00  3.68813222E-026  9.87910449E-027  2.31836657E-026  3.81855202E-027
  5.197970E+00  3.94804440E-026  1.24324390E-026  2.32379609E-026  3.81004412E-027
  5.268250E+00  4.27195090E-026  1.56260258E-026  2.32864135E-026  3.80706972E-027
  5.339490E+00  4.08014914E-026  1.36682058E-026  2.33289685E-026  3.80431704E-027
  5.411700E+00  3.93398156E-026  1.21724445E-026  2.33655634E-026  3.80180765E-027
  5.484870E+00  3.97604559E-026  1.25647580E-026  2.33961337E-026  3.79956428E-027
  5.559040E+00  4.19396775E-026  1.47089032E-026  2.34273252E-026  3.80344907E-027
  5.634210E+00  4.71426990E-026  1.98759842E-026  2.34560043E-026  3.81071050E-027
  5.710400E+00  5.19971110E-026  2.46884963E-026  2.34823330E-026  3.82628176E-027
  5.787620E+00  4.86306638E-026  2.12856009E-026  2.35027267E-026  3.84233630E-027
  5.865880E+00  4.78190601E-026  2.04432311E-026  2.35170810E-026  3.85874803E-027
  5.945200E+00  5.14311490E-026  2.40197930E-026  2.35321634E-026  3.87919264E-027
  6.025600E+00  6.15682545E-026  3.41172417E-026  2.35475485E-026  3.90346433E-027
  6.107080E+00  8.89052012E-026  6.14126211E-026  2.35643798E-026  3.92820027E-027
  6.189660E+00  1.51982692E-025  1.24451320E-025  2.35779359E-026  3.95343637E-027
  6.273360E+00  1.36203623E-025  1.08627342E-025  2.36042736E-026  3.97200755E-027
  6.358190E+00  8.45535960E-026  5.70578661E-026  2.35054598E-026  3.99027012E-027
  6.444170E+00  6.72396845E-026  3.97166410E-026  2.35228890E-026  4.00015441E-027
  6.531310E+00  6.35511411E-026  3.60077824E-026  2.35330082E-026  4.01035047E-027
  6.619620E+00  6.48866798E-026  3.73485235E-026  2.35225938E-026  4.01556249E-027
  6.709140E+00  6.61562560E-026  3.86283776E-026  2.35066032E-026  4.02127515E-027
  6.799860E+00  6.51751921E-026  3.76613222E-026  2.34893137E-026  4.02455615E-027
  6.891810E+00  6.43987245E-026  3.69038880E-026  2.34661959E-026  4.02864062E-027
  6.985000E+00  6.58922243E-026  3.83967208E-026  2.34421634E-026  4.05334003E-027
  7.079460E+00  7.00790410E-026  4.25811265E-026  2.34136748E-026  4.08423982E-027
  7.175190E+00  7.72036272E-026  4.96112480E-026  2.33857409E-026  4.20663834E-027
  7.272210E+00  8.77329569E-026  6.00433116E-026  2.33526461E-026  4.33699917E-027
  7.370550E+00  1.03927077E-025  7.59061006E-026  2.33231934E-026  4.69778270E-027
  7.470220E+00  1.30888746E-025  1.02467580E-025  2.32907976E-026  5.13036802E-027
  7.571230E+00  1.65685951E-025  1.36466129E-025  2.32604498E-026  5.95937259E-027
  7.673620E+00  1.71616735E-025  1.41269635E-025  2.32305461E-026  7.11655459E-027
  7.777380E+00  1.68457127E-025  1.36691502E-025  2.31971891E-026  8.56843630E-027
  7.882550E+00  1.60433412E-025  1.26496876E-025  2.31633915E-026  1.07731441E-026
  7.989140E+00  1.32209797E-025  9.60399771E-026  2.31243807E-026  1.30454393E-026
  8.097170E+00  1.10482566E-025  7.10935752E-026  2.30723452E-026  1.63166458E-026
  8.206660E+00  1.01742146E-025  5.89649587E-026  2.30148054E-026  1.97623815E-026
  8.317640E+00  1.01635329E-025  5.55089569E-026  2.29551107E-026  2.31712614E-026
  8.430110E+00  1.06984674E-025  5.78094729E-026  2.28958751E-026  2.62793255E-026
  8.544110E+00  1.21371296E-025  6.93884058E-026  2.28346950E-026  2.91481951E-026
  8.659640E+00  1.23050500E-025  6.80701851E-026  2.27716032E-026  3.22087116E-026
  8.776740E+00  1.06258810E-025  4.76874604E-026  2.27105092E-026  3.58608400E-026
  8.895420E+00  9.82021816E-026  3.53437353E-026  2.26503495E-026  4.02080968E-026
  9.015710E+00  9.70228878E-026  2.94246930E-026  2.25904361E-026  4.50077587E-026
  9.137630E+00  9.86506736E-026  2.63966586E-026  2.25353144E-026  4.97187006E-026
  9.261190E+00  1.00852241E-025  2.47754496E-026  2.24784537E-026  5.35983372E-026
  9.386420E+00  1.02331226E-025  2.39455571E-026  2.24258670E-026  5.59598019E-026
  9.513350E+00  1.02586715E-025  2.36274993E-026  2.23783345E-026  5.65808808E-026
  9.641990E+00  1.01980994E-025  2.36869005E-026  2.23313020E-026  5.59627915E-026
  9.772370E+00  1.01000439E-025  2.40646686E-026  2.22923009E-026  5.46434692E-026
  9.904520E+00  1.00268882E-025  2.47469043E-026  2.22565707E-026  5.32654066E-026
  1.003850E+01  1.00012037E-025  2.57611057E-026  2.22248392E-026  5.20260925E-026
  1.017420E+01  1.00285050E-025  2.71830571E-026  2.21964823E-026  5.09055108E-026
  1.031180E+01  1.00895138E-025  2.91755882E-026  2.21719194E-026  4.95476300E-026
  1.045120E+01  1.01606039E-025  3.20849245E-026  2.21524227E-026  4.73686916E-026
  1.059250E+01  1.03727996E-025  3.68440148E-026  2.21376280E-026  4.47463528E-026
  1.073580E+01  1.08283549E-025  4.40513295E-026  2.21294419E-026  4.21027778E-026
  1.088090E+01  1.18463176E-025  5.65726291E-026  2.21303315E-026  3.97602152E-026
  1.102810E+01  1.49113970E-025  8.91431816E-026  2.21503947E-026  3.78203937E-026
  1.117720E+01  2.86250303E-025  2.28132099E-025  2.22145250E-026  3.59036794E-026
  1.132840E+01  3.13692152E-025  2.57227969E-025  2.23694457E-026  3.40947370E-026
  1.148150E+01  2.14485642E-025  1.57068742E-025  2.49792021E-026  3.24376972E-026
  1.163680E+01  1.59829638E-025  1.07024109E-025  2.18288408E-026  3.09766880E-026
  1.179420E+01  1.56554953E-025  1.05199001E-025  2.19257171E-026  2.94302348E-026
  1.195360E+01  1.71464766E-025  1.21598413E-025  2.20121482E-026  2.78542052E-026
  1.211530E+01  1.65362933E-025  1.16979191E-025  2.20765049E-026  2.63072369E-026
  1.227910E+01  1.58062804E-025  1.10965706E-025  2.21394021E-026  2.49576954E-026
  1.244510E+01  1.79330683E-025  1.33383107E-025  2.22047089E-026  2.37428668E-026
  1.261340E+01  2.11719100E-025  1.66952610E-025  2.22557811E-026  2.25107090E-026
  1.278400E+01  1.79402475E-025  1.35765684E-025  2.23102306E-026  2.13265601E-026
  1.295690E+01  1.38775389E-025  9.61995533E-026  2.23694662E-026  2.02063697E-026
  1.313210E+01  1.23207508E-025  8.14911653E-026  2.24385030E-026  1.92778395E-026
  1.330970E+01  1.23437233E-025  8.25126959E-026  2.25166703E-026  1.84078672E-026
  1.348960E+01  1.27088053E-025  8.69239595E-026  2.26016293E-026  1.75624637E-026
  1.367200E+01  1.15220104E-025  7.55930205E-026  2.27009269E-026  1.69261568E-026
  1.385690E+01  1.05590557E-025  6.62995538E-026  2.28090627E-026  1.64819410E-026
  1.404430E+01  1.04922494E-025  6.56725197E-026  2.29278590E-026  1.63221151E-026
  1.423420E+01  1.07258887E-025  6.76070836E-026  2.30626981E-026  1.65891051E-026
  1.442670E+01  1.00325979E-025  6.00886655E-026  2.32062672E-026  1.70310459E-026
  1.462180E+01  9.86019246E-026  5.73630095E-026  2.33685832E-026  1.78703319E-026
  1.481950E+01  9.90245949E-026  5.66976543E-026  2.35409708E-026  1.87859699E-026
  1.501990E+01  1.00332159E-025  5.67877886E-026  2.37318180E-026  1.98125527E-026
  1.522300E+01  1.02187413E-025  5.72978243E-026  2.39437083E-026  2.09458804E-026
  1.542880E+01  1.04535931E-025  5.81858267E-026  2.41673675E-026  2.21827370E-026
  1.563750E+01  1.07614638E-025  5.96767831E-026  2.44133096E-026  2.35245450E-026
  1.584890E+01  1.12285326E-025  6.26609550E-026  2.46734550E-026  2.49509155E-026
  1.606320E+01  1.17003009E-025  6.55800868E-026  2.49529041E-026  2.64700175E-026
  1.628050E+01  1.29130006E-025  7.58230769E-026  2.52428883E-026  2.80640407E-026
  1.650060E+01  1.53389649E-025  9.81239969E-026  2.55582301E-026  2.97074223E-026
  1.672370E+01  1.41744806E-025  8.44588726E-026  2.58845346E-026  3.14013984E-026
  1.694990E+01  1.48351651E-025  8.90919694E-026  2.62388575E-026  3.30208245E-026
  1.717910E+01  1.50304473E-025  8.90430566E-026  2.66052144E-026  3.46562021E-026
  1.741140E+01  1.50330143E-025  8.71180414E-026  2.70037516E-026  3.62083495E-026
  1.764680E+01  1.38186290E-025  7.30277813E-026  2.74168741E-026  3.77416342E-026
  1.788550E+01  1.36819992E-025  6.99307128E-026  2.78593588E-026  3.90299202E-026
  1.812730E+01  1.31416526E-025  6.28872517E-026  2.83197798E-026  4.02094940E-026
  1.837240E+01  1.29742970E-025  5.97551529E-026  2.88120527E-026  4.11757645E-026
  1.862090E+01  1.29162725E-025  5.78716330E-026  2.93323789E-026  4.19587132E-026
  1.887270E+01  1.28844532E-025  5.64266000E-026  2.98753643E-026  4.25425680E-026
  1.912790E+01  1.28355890E-025  5.51093066E-026  3.04506813E-026  4.27959018E-026
  1.938650E+01  1.27877568E-025  5.38342062E-026  3.10412667E-026  4.30020954E-026
  1.964870E+01  1.27110360E-025  5.26355393E-026  3.16668676E-026  4.28079531E-026
  1.991440E+01  1.26449045E-025  5.15360995E-026  3.23088293E-026  4.26041166E-026
  2.018370E+01  1.25774387E-025  5.05328652E-026  3.29781024E-026  4.22634199E-026
  2.045660E+01  1.25284783E-025  4.96100132E-026  3.36819340E-026  4.19928357E-026
  2.073320E+01  1.25027592E-025  4.87507111E-026  3.44211343E-026  4.18557468E-026
  2.101360E+01  1.24832840E-025  4.79415869E-026  3.51924144E-026  4.16988388E-026
  2.129770E+01  1.24694006E-025  4.71766426E-026  3.60080575E-026  4.15093055E-026
  2.158570E+01  1.24725807E-025  4.64487089E-026  3.68635494E-026  4.14135491E-026
  2.187760E+01  1.24868879E-025  4.57547387E-026  3.77620837E-026  4.13520567E-026
  2.217350E+01  1.25065157E-025  4.50922880E-026  3.87046842E-026  4.12681849E-026
  2.247330E+01  1.25168557E-025  4.44589014E-026  3.96847393E-026  4.10249162E-026
  2.277720E+01  1.25441682E-025  4.38539361E-026  4.07072292E-026  4.08805164E-026
  2.308520E+01  1.25874534E-025  4.32764890E-026  4.17710912E-026  4.08269537E-026
  2.339740E+01  1.26466723E-025  4.27259828E-026  4.28772862E-026  4.08634539E-026
  2.371370E+01  1.27046063E-025  4.22029150E-026  4.40292011E-026  4.08139473E-026
  2.403440E+01  1.27736936E-025  4.17051203E-026  4.52215165E-026  4.08102988E-026
  2.435940E+01  1.28527444E-025  4.12320172E-026  4.64521019E-026  4.08433250E-026
  2.468880E+01  1.29401867E-025  4.07816948E-026  4.77147881E-026  4.09053838E-026
  2.502270E+01  1.30266310E-025  4.03540838E-026  4.90129341E-026  4.08992919E-026
  2.536100E+01  1.31199270E-025  3.99432044E-026  5.03208178E-026  4.09352482E-026
  2.570400E+01  1.32190739E-025  3.95533672E-026  5.16643663E-026  4.09730053E-026
  2.605150E+01  1.33240572E-025  3.91843434E-026  5.30438401E-026  4.10123889E-026
  2.640380E+01  1.34350128E-025  3.88352957E-026  5.44615405E-026  4.10532916E-026
  2.676090E+01  1.35519849E-025  3.85056486E-026  5.59186223E-026  4.10955781E-026
  2.712270E+01  1.36749780E-025  3.81948290E-026  5.74158356E-026  4.11391149E-026
  2.748950E+01  1.38041299E-025  3.79018495E-026  5.89556154E-026  4.11838342E-026
  2.786120E+01  1.39291355E-025  3.75979092E-026  6.04008947E-026  4.12925508E-026
  2.823800E+01  1.40558904E-025  3.73004554E-026  6.18426026E-026  4.14158462E-026
  2.861980E+01  1.41859960E-025  3.70136970E-026  6.33053827E-026  4.15408802E-026
  2.900680E+01  1.43192282E-025  3.67361561E-026  6.47884625E-026  4.16676636E-026
  2.939910E+01  1.44552883E-025  3.64663517E-026  6.62903429E-026  4.17961880E-026
  2.979660E+01  1.45937567E-025  3.62028416E-026  6.78083243E-026  4.19264013E-026
  3.019950E+01  1.47170119E-025  3.59107413E-026  6.91674310E-026  4.20919472E-026
  3.060790E+01  1.48223061E-025  3.55853834E-026  7.03443216E-026  4.22933561E-026
  3.102180E+01  1.49258413E-025  3.52579195E-026  7.15038325E-026  4.24966611E-026
  3.144130E+01  1.50270546E-025  3.49267579E-026  7.26418635E-026  4.27019243E-026
  3.186640E+01  1.51253342E-025  3.45903958E-026  7.37537669E-026  4.29091795E-026
  3.229730E+01  1.52200947E-025  3.42472071E-026  7.48351594E-026  4.31185806E-026
  3.273410E+01  1.53107082E-025  3.38956859E-026  7.58811378E-026  4.33302585E-026
  3.317670E+01  1.53964956E-025  3.35345463E-026  7.68861407E-026  4.35442692E-026
  3.362530E+01  1.54680656E-025  3.31427873E-026  7.77384954E-026  4.37993729E-026
  3.408000E+01  1.55089981E-025  3.26836565E-026  7.82358337E-026  4.41704911E-026
  3.454090E+01  1.55447932E-025  3.22137153E-026  7.86860695E-026  4.45481476E-026
  3.500800E+01  1.55753862E-025  3.17327001E-026  7.90885560E-026  4.49326061E-026
  3.548130E+01  1.56007792E-025  3.12404836E-026  7.94431239E-026  4.53241848E-026
  3.596110E+01  1.56210562E-025  3.07367660E-026  7.97503183E-026  4.57234773E-026
  3.644740E+01  1.56363507E-025  3.02217006E-026  8.00109424E-026  4.61308642E-026
  3.694030E+01  1.56468727E-025  2.96954686E-026  8.02264048E-026  4.65468532E-026
  3.743980E+01  1.56528977E-025  2.91584978E-026  8.03985846E-026  4.69718941E-026
  3.794610E+01  1.56384856E-025  2.85835071E-026  8.03911178E-026  4.74102308E-026
  3.845920E+01  1.56176281E-025  2.79931331E-026  8.03228454E-026  4.78603026E-026
  3.897920E+01  1.55970990E-025  2.73983812E-026  8.02510588E-026  4.83215505E-026
  3.950630E+01  1.55775179E-025  2.67998755E-026  8.01805495E-026  4.87947539E-026
  4.004050E+01  1.55595282E-025  2.61985089E-026  8.01162198E-026  4.92805532E-026
  4.058200E+01  1.55437748E-025  2.55949810E-026  8.00629730E-026  4.97797941E-026
  4.113080E+01  1.55309107E-025  2.49902400E-026  8.00256965E-026  5.02931704E-026
  4.168690E+01  1.55228932E-025  2.43792209E-026  8.00030942E-026  5.08466168E-026
  4.225060E+01  1.55217450E-025  2.37673566E-026  8.00202473E-026  5.14298458E-026
  4.282200E+01  1.55277423E-025  2.31591234E-026  8.00886002E-026  5.20296995E-026
  4.340100E+01  1.55414157E-025  2.25553835E-026  8.02120298E-026  5.26467434E-026
  4.398790E+01  1.55632673E-025  2.19565553E-026  8.03941528E-026  5.32819652E-026
  4.458270E+01  1.55937510E-025  2.13633509E-026  8.06381359E-026  5.39360232E-026
  4.518560E+01  1.56361221E-025  2.07767356E-026  8.09616291E-026  5.46228563E-026
  4.579660E+01  1.57032920E-025  2.01998965E-026  8.14357270E-026  5.53972966E-026
  4.641590E+01  1.57820624E-025  1.96311069E-026  8.19942363E-026  5.61952806E-026
  4.704350E+01  1.58726524E-025  1.90708093E-026  8.26383547E-026  5.70173597E-026
  4.767970E+01  1.59752673E-025  1.85191567E-026  8.33691167E-026  5.78644000E-026
  4.832440E+01  1.60899873E-025  1.79766224E-026  8.41865996E-026  5.87366508E-026
  4.897790E+01  1.62168964E-025  1.74433116E-026  8.50908429E-026  5.96348091E-026
  4.964020E+01  1.63559545E-025  1.69195537E-026  8.60809704E-026  6.05590213E-026
  5.031140E+01  1.65167348E-025  1.64085019E-026  8.72117984E-026  6.15470481E-026
  5.099180E+01  1.67011393E-025  1.59104990E-026  8.84947160E-026  6.26061781E-026
  5.168130E+01  1.68987497E-025  1.54226314E-026  8.98685341E-026  6.36963316E-026
  5.238010E+01  1.71211148E-025  1.49483448E-026  9.13995232E-026  6.48632797E-026
  5.308840E+01  1.73563419E-025  1.44840206E-026  9.30176510E-026  6.60617472E-026
  5.380630E+01  1.76039706E-025  1.40297147E-026  9.47188116E-026  6.72911794E-026
  5.453390E+01  1.78759924E-025  1.35889918E-026  9.65778591E-026  6.85930730E-026
  5.527130E+01  1.81619415E-025  1.31587437E-026  9.85274509E-026  6.99332208E-026
  5.601870E+01  1.84591976E-025  1.27383340E-026  1.00549687E-025  7.13039548E-026
  5.677620E+01  1.87772561E-025  1.23300642E-026  1.02696208E-025  7.27462882E-026
  5.754400E+01  1.91140679E-025  1.19332453E-026  1.04953522E-025  7.42539116E-026
  5.832210E+01  1.94605240E-025  1.15459711E-026  1.07268215E-025  7.57910541E-026
  5.911080E+01  1.98176229E-025  1.11684569E-026  1.09643437E-025  7.73643356E-026
  5.991010E+01  2.02026961E-025  1.08038716E-026  1.12169546E-025  7.90535435E-026
  6.072020E+01  2.05952862E-025  1.04483356E-026  1.14734252E-025  8.07702742E-026
  6.154130E+01  2.09941739E-025  1.01017398E-026  1.17328657E-025  8.25113420E-026
  6.237350E+01  2.14055886E-025  9.76528833E-027  1.19988081E-025  8.43025170E-026
  6.321690E+01  2.18301519E-025  9.43900456E-027  1.22714104E-025  8.61484099E-026
  6.407180E+01  2.22665480E-025  9.12220536E-027  1.25485408E-025  8.80578668E-026
  6.493820E+01  2.27115888E-025  8.81448537E-027  1.28283296E-025  9.00181060E-026
  6.581630E+01  2.31655354E-025  8.51602595E-027  1.31115642E-025  9.20236861E-026
  6.670630E+01  2.36237322E-025  8.22612371E-027  1.33953499E-025  9.40576989E-026
  6.760830E+01  2.40889457E-025  7.94510967E-027  1.36810930E-025  9.61334168E-026
  6.852250E+01  2.45557937E-025  7.67225974E-027  1.39655278E-025  9.82303990E-026
  6.944910E+01  2.50290594E-025  7.40760685E-027  1.42488779E-025  1.00394209E-025
  7.038820E+01  2.55033151E-025  7.15100058E-027  1.45303951E-025  1.02578199E-025
  7.134000E+01  2.59799438E-025  6.90248303E-027  1.48106405E-025  1.04790549E-025
  7.230470E+01  2.64575445E-025  6.66139187E-027  1.50860630E-025  1.07053423E-025
  7.328250E+01  2.69309125E-025  6.42756662E-027  1.53558648E-025  1.09322911E-025
  7.427340E+01  2.74035604E-025  6.20126089E-027  1.56217938E-025  1.11616406E-025
  7.527780E+01  2.78653266E-025  5.98155601E-027  1.58782811E-025  1.13888899E-025
  7.629570E+01  2.83280862E-025  5.76927897E-027  1.61315193E-025  1.16196390E-025
  7.732740E+01  2.87745149E-025  5.56311461E-027  1.63722685E-025  1.18459349E-025
  7.837300E+01  2.92227834E-025  5.36395047E-027  1.66079044E-025  1.20784840E-025
  7.943280E+01  2.96556881E-025  5.17076542E-027  1.68309369E-025  1.23076746E-025
  8.050690E+01  3.00785617E-025  4.98386053E-027  1.70446103E-025  1.25355654E-025
  8.159560E+01  3.04913765E-025  4.80308855E-027  1.72488894E-025  1.27621782E-025
  8.269900E+01  3.08818002E-025  4.62774402E-027  1.74373869E-025  1.29816389E-025
  8.381720E+01  3.12733235E-025  4.45872416E-027  1.76208219E-025  1.32066292E-025
  8.495060E+01  3.16392734E-025  4.29477574E-027  1.77869970E-025  1.34227988E-025
  8.609940E+01  3.19921336E-025  4.13634825E-027  1.79425096E-025  1.36359891E-025
  8.726360E+01  3.23304956E-025  3.98327392E-027  1.80867445E-025  1.38454236E-025
  8.844370E+01  3.26399101E-025  3.83487634E-027  1.82125628E-025  1.40438597E-025
  8.963960E+01  3.29474407E-025  3.69190466E-027  1.83315064E-025  1.42467438E-025
  9.085180E+01  3.32275990E-025  3.55344205E-027  1.84328316E-025  1.44394233E-025
  9.208030E+01  3.34811973E-025  3.41947764E-027  1.85173506E-025  1.46218989E-025
  9.332540E+01  3.37240246E-025  3.29034903E-027  1.85925324E-025  1.48024573E-025
  9.458740E+01  3.39338187E-025  3.16529637E-027  1.86482638E-025  1.49690253E-025
  9.586650E+01  3.41227834E-025  3.04451728E-027  1.86895597E-025  1.51287719E-025
  9.716280E+01  3.42987828E-025  2.92805939E-027  1.87195165E-025  1.52864604E-025
  9.847670E+01  3.44401293E-025  2.81534104E-027  1.87299526E-025  1.54286427E-025
  9.980830E+01  3.45460171E-025  2.70628587E-027  1.87209265E-025  1.55544620E-025
  1.011580E+02  3.46483259E-025  2.60135872E-027  1.87071363E-025  1.56810537E-025
  1.025260E+02  3.47203584E-025  2.49994570E-027  1.86769103E-025  1.57934535E-025
  1.039120E+02  3.47813972E-025  2.40232363E-027  1.86407606E-025  1.59004042E-025
  1.053170E+02  3.48417549E-025  2.30844948E-027  1.86043195E-025  1.60065905E-025
  1.067420E+02  3.48686677E-025  2.21762142E-027  1.85515532E-025  1.60953523E-025
  1.081850E+02  3.48620196E-025  2.12990390E-027  1.84830674E-025  1.61659618E-025
  1.096480E+02  3.48218554E-025  2.04511028E-027  1.83993701E-025  1.62179743E-025
  1.111310E+02  3.47483131E-025  1.96318228E-027  1.83011142E-025  1.62508807E-025
  1.126330E+02  3.46417493E-025  1.88411132E-027  1.81890993E-025  1.62642389E-025
  1.141560E+02  3.45683045E-025  1.80854565E-027  1.80997365E-025  1.62877135E-025
  1.157000E+02  3.44694820E-025  1.73560633E-027  1.80020139E-025  1.62939074E-025
  1.172650E+02  3.43425328E-025  1.66519128E-027  1.78951174E-025  1.62808963E-025
  1.188500E+02  3.42123763E-025  1.59751541E-027  1.77916588E-025  1.62609659E-025
  1.204570E+02  3.40824698E-025  1.53242717E-027  1.76938342E-025  1.62353929E-025
  1.220860E+02  3.39289329E-025  1.46962214E-027  1.75910024E-025  1.61909684E-025
  1.237370E+02  3.37530392E-025  1.40904807E-027  1.74845142E-025  1.61276202E-025
  1.254100E+02  3.36011592E-025  1.35112538E-027  1.73945368E-025  1.60715099E-025
  1.271060E+02  3.34326533E-025  1.29534264E-027  1.73011861E-025  1.60019329E-025
  1.288250E+02  3.32386798E-025  1.24156628E-027  1.72000622E-025  1.59144610E-025
  1.305670E+02  3.30180669E-025  1.18974737E-027  1.70898689E-025  1.58092232E-025
  1.323330E+02  3.27689282E-025  1.13980865E-027  1.69686075E-025  1.56863398E-025
  1.341220E+02  3.24890101E-025  1.09173044E-027  1.68337072E-025  1.55461299E-025
  1.359360E+02  3.21637611E-025  1.04569564E-027  1.66473755E-025  1.54118161E-025
  1.377740E+02  3.17812082E-025  1.00163892E-027  1.63978482E-025  1.52831961E-025
  1.396370E+02  3.13493543E-025  9.59215356E-028  1.61144983E-025  1.51389345E-025
  1.415250E+02  3.08707187E-025  9.18382642E-028  1.57994953E-025  1.49793852E-025
  1.434390E+02  3.03486070E-025  8.79078150E-028  1.54558400E-025  1.48048591E-025
  1.453780E+02  2.97876641E-025  8.41281134E-028  1.50876430E-025  1.46158930E-025
  1.473440E+02  2.91921730E-025  8.04912308E-028  1.46989055E-025  1.44127763E-025
  1.493370E+02  2.85671746E-025  7.69934268E-028  1.42941581E-025  1.41960231E-025
  1.513560E+02  2.79597218E-025  7.36627579E-028  1.38843016E-025  1.40017575E-025
  1.534030E+02  2.73608958E-025  7.04734668E-028  1.34779354E-025  1.38124869E-025
  1.554770E+02  2.67543229E-025  6.74083571E-028  1.30751850E-025  1.36117295E-025
  1.575800E+02  2.61408406E-025  6.44610689E-028  1.26765557E-025  1.33998238E-025
  1.597100E+02  2.55223236E-025  6.16310023E-028  1.22831632E-025  1.31775294E-025
  1.618700E+02  2.48990946E-025  5.89108401E-028  1.18950686E-025  1.29451152E-025
  1.640590E+02  2.42725563E-025  5.62987302E-028  1.15129746E-025  1.27032830E-025
  1.662770E+02  2.36437539E-025  5.37914478E-028  1.11373076E-025  1.24526548E-025
  1.685260E+02  2.30131144E-025  5.13836856E-028  1.07680964E-025  1.21936343E-025
  1.708050E+02  2.23818731E-025  4.90735545E-028  1.04058171E-025  1.19269824E-025
  1.731140E+02  2.17509382E-025  4.68580154E-028  1.00507238E-025  1.16533564E-025
  1.754550E+02  2.11345001E-025  4.47375246E-028  9.70735950E-026  1.13824030E-025
  1.778280E+02  2.05752637E-025  4.27243286E-028  9.38915014E-026  1.11433892E-025
  1.802330E+02  2.00160875E-025  4.07932308E-028  9.07644817E-026  1.08988460E-025
  1.826700E+02  1.94577590E-025  3.89416590E-028  8.76947038E-026  1.06493470E-025
  1.851400E+02  1.89008287E-025  3.71663659E-028  8.46829668E-026  1.03953657E-025
  1.876430E+02  1.83460561E-025  3.54649231E-028  8.17311712E-026  1.01374741E-025
  1.901810E+02  1.77937493E-025  3.38336799E-028  7.88387874E-026  9.87603684E-026
  1.927530E+02  1.72448564E-025  3.22710466E-028  7.60086334E-026  9.61172198E-026
  1.953590E+02  1.67000758E-025  3.07747435E-028  7.32421266E-026  9.34508835E-026
  1.980010E+02  1.61596693E-025  2.93414652E-028  7.05384672E-026  9.07648116E-026
  2.006780E+02  1.56359470E-025  2.79742026E-028  6.79363116E-026  8.81434164E-026
  2.033920E+02  1.51509700E-025  2.66779348E-028  6.54996938E-026  8.57432264E-026
  2.061420E+02  1.46704248E-025  2.54369446E-028  6.31164121E-026  8.33334669E-026
  2.089300E+02  1.41945614E-025  2.42485108E-028  6.07861870E-026  8.09169415E-026
  2.117550E+02  1.37241206E-025  2.31112928E-028  5.85111460E-026  7.84989472E-026
  2.146180E+02  1.32594708E-025  2.20231415E-028  5.62915573E-026  7.60829196E-026
  2.175200E+02  1.28009603E-025  2.09820059E-028  5.41275921E-026  7.36721905E-026
  2.204620E+02  1.23489187E-025  1.99859427E-028  5.20193565E-026  7.12699710E-026
  2.234430E+02  1.19039493E-025  1.90337161E-028  4.99681926E-026  6.88809630E-026
  2.264640E+02  1.14752265E-025  1.81234555E-028  4.79738676E-026  6.65971633E-026
  2.295270E+02  1.10633285E-025  1.72531003E-028  4.60354547E-026  6.44252990E-026
  2.326310E+02  1.06588581E-025  1.64215307E-028  4.41538427E-026  6.22705228E-026
  2.357760E+02  1.02621217E-025  1.56273208E-028  4.23290888E-026  6.01358554E-026
  2.389640E+02  9.87315183E-026  1.48686165E-028  4.05600033E-026  5.80228288E-026
  2.421960E+02  9.49234550E-026  1.41439123E-028  3.88459548E-026  5.59360610E-026
  2.454710E+02  9.11997440E-026  1.34521817E-028  3.71872728E-026  5.38779494E-026
  2.487900E+02  8.75535674E-026  1.27919793E-028  3.55830931E-026  5.18425545E-026
  2.521540E+02  8.39776510E-026  1.21672157E-028  3.40742130E-026  4.97817658E-026
  2.555640E+02  8.04873254E-026  1.15736726E-028  3.26371178E-026  4.77344709E-026
  2.590200E+02  7.70803287E-026  1.10070973E-028  3.12463092E-026  4.57239485E-026
  2.625230E+02  7.38235921E-026  1.04663263E-028  2.99011026E-026  4.38178262E-026
  2.660730E+02  7.06739981E-026  9.95038787E-029  2.86011520E-026  4.19733422E-026
  2.696700E+02  6.76069064E-026  9.45832667E-029  2.73459950E-026  4.01663281E-026
  2.733170E+02  6.46207097E-026  8.98883518E-029  2.61341107E-026  3.83967106E-026
  2.770130E+02  6.17958326E-026  8.54118135E-029  2.49653237E-026  3.67450971E-026
  2.807590E+02  5.91127738E-026  8.11440080E-029  2.38387152E-026  3.51929147E-026
  2.845550E+02  5.65063487E-026  7.70767587E-029  2.27536361E-026  3.36756359E-026
  2.884030E+02  5.39754166E-026  7.32001058E-029  2.17088433E-026  3.21933732E-026
  2.923030E+02  5.15200851E-026  6.95065893E-029  2.07036320E-026  3.07469466E-026
  2.962560E+02  4.91396900E-026  6.59880183E-029  1.97370105E-026  2.93366915E-026
  3.002620E+02  4.68467679E-026  6.26397934E-029  1.88100982E-026  2.79740298E-026
  3.043220E+02  4.47951608E-026  5.94825423E-029  1.79442231E-026  2.67914552E-026
  3.084370E+02  4.28069340E-026  5.64749279E-029  1.71114947E-026  2.56389644E-026
  3.126080E+02  4.08813283E-026  5.36102632E-029  1.63110547E-026  2.45166633E-026
  3.168350E+02  3.90179540E-026  5.08827852E-029  1.55422171E-026  2.34248542E-026
  3.211200E+02  3.72154775E-026  4.82856905E-029  1.48039258E-026  2.23632660E-026
  3.254620E+02  3.54737716E-026  4.58142500E-029  1.40956427E-026  2.13323146E-026
  3.298630E+02  3.37913973E-026  4.34621709E-029  1.34163112E-026  2.03316239E-026
  3.343230E+02  3.21676675E-026  4.12245227E-029  1.27652004E-026  1.93612426E-026
  3.388440E+02  3.06011200E-026  3.90955773E-029  1.21412917E-026  1.84207328E-026
  3.434260E+02  2.90909757E-026  3.70708221E-029  1.15438572E-026  1.75100476E-026
  3.480700E+02  2.76360578E-026  3.51454452E-029  1.09720330E-026  1.66288794E-026
  3.527770E+02  2.63219750E-026  3.33148593E-029  1.04249662E-026  1.58636939E-026
  3.575470E+02  2.50820868E-026  3.15857971E-029  9.91043664E-027  1.51400644E-026
  3.623820E+02  2.38911838E-026  2.99462883E-029  9.42170281E-027  1.44395347E-026
  3.672820E+02  2.27444764E-026  2.83876989E-029  8.95414142E-027  1.37619473E-026
  3.722490E+02  2.16406856E-026  2.69059700E-029  8.50694016E-027  1.31068395E-026
  3.772830E+02  2.05789834E-026  2.54978310E-029  8.07948342E-027  1.24740022E-026
  3.823840E+02  1.95584948E-026  2.41600898E-029  7.67115129E-027  1.18631834E-026
  3.875550E+02  1.85777477E-026  2.28889395E-029  7.28109817E-027  1.12737605E-026
  3.927960E+02  1.76358769E-026  2.16815055E-029  6.90873605E-027  1.07054593E-026
  3.981070E+02  1.67319791E-026  2.05349970E-029  6.55347481E-027  1.01579693E-026
  4.034910E+02  1.59099903E-026  1.94461133E-029  6.21453889E-027  9.67600528E-027
  4.089470E+02  1.51263065E-026  1.84125212E-029  5.89143022E-027  9.21646381E-027
  4.144770E+02  1.43759093E-026  1.74333240E-029  5.58497519E-027  8.77350078E-027
  4.200810E+02  1.36614928E-026  1.65106913E-029  5.29814554E-027  8.34683661E-027
  4.257620E+02  1.29761292E-026  1.56345401E-029  5.02453632E-027  7.93595830E-027
  4.315190E+02  1.23191814E-026  1.48029681E-029  4.76373320E-027  7.54064519E-027
  4.373540E+02  1.16896575E-026  1.40137006E-029  4.51518920E-027  7.16045462E-027
  4.432680E+02  1.10866974E-026  1.32647167E-029  4.27841908E-027  6.79501365E-027
  4.492620E+02  1.05124669E-026  1.25540856E-029  4.05295145E-027  6.44696134E-027
  4.553370E+02  9.98536623E-027  1.18799624E-029  3.83832804E-027  6.13515823E-027
  4.614950E+02  9.48067804E-027  1.12404817E-029  3.63407116E-027  5.83536639E-027
  4.677350E+02  8.99781360E-027  1.06341665E-029  3.43981463E-027  5.54736480E-027
  4.740600E+02  8.53587722E-027  1.00592122E-029  3.25507693E-027  5.27074108E-027
  4.804700E+02  8.09422050E-027  9.51418122E-030  3.07948312E-027  5.00522320E-027
  4.869680E+02  7.67200440E-027  8.99745080E-030  2.91259026E-027  4.75041670E-027
  4.935520E+02  7.26873021E-027  8.50786437E-030  2.75409643E-027  4.50612592E-027
  5.002260E+02  6.88433180E-027  8.04413002E-030  2.60376155E-027  4.27252612E-027
  5.069910E+02  6.53424770E-027  7.61021341E-030  2.46516180E-027  4.06147568E-027
  5.138460E+02  6.19969961E-027  7.19891082E-030  2.33339415E-027  3.85910655E-027
  5.207950E+02  5.87998727E-027  6.80894157E-030  2.20811100E-027  3.66506733E-027
  5.278370E+02  5.57466476E-027  6.43937395E-030  2.08906933E-027  3.47915606E-027
  5.349750E+02  5.28311965E-027  6.08910630E-030  1.97596503E-027  3.30106552E-027
  5.422090E+02  5.00488192E-027  5.75723748E-030  1.86855433E-027  3.13057036E-027
  5.495410E+02  4.74095828E-027  5.44281550E-030  1.76657117E-027  2.96894430E-027
  5.569720E+02  4.49544431E-027  5.14497770E-030  1.66977425E-027  2.82052508E-027
  5.645040E+02  4.26118698E-027  4.86286491E-030  1.57791874E-027  2.67840538E-027
  5.721370E+02  4.03778322E-027  4.59573162E-030  1.49079294E-027  2.54239454E-027
  5.798740E+02  3.82475475E-027  4.34276332E-030  1.40815933E-027  2.41225266E-027
  5.877150E+02  3.62172225E-027  4.10328489E-030  1.32982229E-027  2.28779668E-027
  5.956620E+02  3.42826392E-027  3.87658987E-030  1.25557321E-027  2.16881411E-027
  6.037170E+02  3.24632297E-027  3.66201004E-030  1.18521308E-027  2.05744787E-027
  6.118810E+02  3.07400550E-027  3.45893722E-030  1.11856036E-027  1.95198620E-027
  6.201550E+02  2.90995251E-027  3.26678967E-030  1.05543988E-027  1.85124583E-027
  6.285410E+02  2.75522506E-027  3.08499271E-030  9.95676341E-028  1.75646373E-027
  6.370400E+02  2.60793140E-027  2.91302079E-030  9.39109294E-028  1.66590909E-027
  6.456540E+02  2.46891324E-027  2.75035413E-030  8.85578328E-028  1.58058456E-027
  6.543850E+02  2.33671434E-027  2.59650141E-030  8.34930824E-028  1.49918702E-027
  6.632340E+02  2.21150056E-027  2.45101364E-030  7.87026721E-028  1.42202282E-027
  6.722020E+02  2.09273069E-027  2.31346108E-030  7.41731282E-028  1.34868595E-027
  6.812920E+02  1.98012231E-027  2.18340730E-030  6.98906367E-028  1.27903254E-027
  6.905050E+02  1.87362138E-027  2.06046745E-030  6.58429862E-028  1.21313105E-027
  6.998420E+02  1.77236968E-027  1.94427419E-030  6.20184688E-028  1.15024071E-027
  7.093060E+02  1.67850867E-027  1.83611753E-030  5.85238744E-028  1.09143381E-027
  7.188970E+02  1.58927111E-027  1.73386184E-030  5.52190680E-028  1.03534657E-027
  7.286180E+02  1.50438066E-027  1.63714218E-030  5.20911338E-028  9.81832177E-028
  7.384710E+02  1.42364385E-027  1.54566771E-030  4.91311989E-028  9.30786189E-028
  7.484570E+02  1.34688290E-027  1.45917013E-030  4.63310992E-028  8.82112742E-028
  7.585780E+02  1.27470355E-027  1.37738661E-030  4.36827309E-028  8.36498851E-028
  7.688350E+02  1.20623882E-027  1.30007438E-030  4.11786242E-028  7.93152505E-028
  7.792320E+02  1.14116032E-027  1.22698199E-030  3.88109329E-028  7.51824007E-028
  7.897690E+02  1.07932648E-027  1.15789920E-030  3.65731253E-028  7.12437332E-028
  8.004480E+02  1.02080607E-027  1.09261229E-030  3.44584906E-028  6.75128556E-028
  8.112720E+02  9.65727418E-028  1.03091304E-030  3.24604665E-028  6.40091840E-028
  8.222430E+02  9.13407014E-028  9.72610511E-031  3.05730231E-028  6.06704172E-028
  8.333610E+02  8.63726211E-028  9.17533142E-031  2.87907134E-028  5.74901544E-028
  8.446300E+02  8.16553678E-028  8.65498489E-031  2.71077236E-028  5.44610944E-028
  8.560520E+02  7.71772708E-028  8.16343964E-031  2.55188486E-028  5.15767878E-028
  8.676280E+02  7.29275184E-028  7.69919076E-031  2.40192615E-028  4.88312650E-028
  8.793600E+02  6.88953545E-028  7.26076826E-031  2.26042316E-028  4.62185153E-028
  8.912510E+02  6.50701585E-028  6.84674529E-031  2.12691428E-028  4.37325483E-028
  9.033030E+02  6.14587181E-028  6.45580774E-031  2.00097460E-028  4.13844140E-028
  9.155180E+02  5.80719783E-028  6.08671012E-031  1.88219903E-028  3.91891210E-028
  9.278980E+02  5.48598820E-028  5.73827096E-031  1.77020290E-028  3.71004703E-028
  9.404450E+02  5.18140739E-028  5.40937111E-031  1.66462070E-028  3.51137731E-028
  9.531620E+02  4.89263475E-028  5.09892581E-031  1.56509757E-028  3.32243826E-028
  9.660510E+02  4.61891025E-028  4.80593400E-031  1.47130507E-028  3.14279924E-028
  9.791140E+02  4.35950746E-028  4.52944594E-031  1.38293151E-028  2.97204650E-028
  9.923540E+02  4.11371293E-028  4.26854342E-031  1.29967424E-028  2.80977015E-028
  1.005770E+03  3.88395498E-028  4.02359079E-031  1.22206659E-028  2.65786480E-028
  1.019370E+03  3.66989975E-028  3.79377052E-031  1.14987295E-028  2.51623303E-028
  1.033160E+03  3.46685355E-028  3.57671334E-031  1.08175697E-028  2.38151987E-028
  1.047130E+03  3.27445936E-028  3.37191389E-031  1.01755758E-028  2.25352987E-028
  1.061290E+03  3.09209042E-028  3.17858979E-031  9.57026294E-029  2.13188554E-028
  1.075640E+03  2.91928655E-028  2.99614641E-031  8.99973294E-029  2.01631711E-028
  1.090180E+03  2.75560235E-028  2.82401424E-031  8.46216462E-029  1.90656188E-028
  1.104930E+03  2.60040374E-028  2.66143486E-031  7.95514777E-029  1.80222753E-028
  1.119870E+03  2.45350548E-028  2.50812936E-031  7.47776544E-029  1.70322081E-028
  1.135010E+03  2.31441564E-028  2.36350438E-031  7.02812184E-029  1.60923995E-028
  1.150360E+03  2.18268128E-028  2.22701577E-031  6.60447441E-029  1.52000682E-028
  1.165910E+03  2.05803887E-028  2.09832272E-031  6.20571334E-029  1.43536922E-028
  1.181680E+03  1.93999833E-028  1.97685612E-031  5.83002308E-029  1.35501917E-028
  1.197660E+03  1.82832379E-028  1.86231535E-031  5.47642019E-029  1.27881945E-028
  1.213850E+03  1.72428739E-028  1.75463720E-031  5.14599897E-029  1.20793285E-028
  1.230270E+03  1.62604669E-028  1.65305814E-031  4.83508266E-029  1.14088536E-028
  1.246900E+03  1.53397002E-028  1.55751760E-031  4.54379287E-029  1.07803321E-028
  1.263770E+03  1.44781871E-028  1.46757428E-031  4.27083855E-029  1.01926728E-028
  1.280860E+03  1.36629006E-028  1.38276845E-031  4.01387899E-029  9.63519395E-029
  1.298180E+03  1.28911497E-028  1.30277842E-031  3.77190923E-029  9.10621273E-029
  1.315730E+03  1.21608472E-028  1.22734899E-031  3.54412538E-029  8.60444834E-029
  1.333520E+03  1.14696035E-028  1.15619758E-031  3.32964306E-029  8.12839842E-029
  1.351550E+03  1.08155544E-028  1.08909909E-031  3.12775251E-029  7.67691089E-029
  1.369830E+03  1.01965749E-028  1.02580497E-031  2.93767359E-029  7.24864323E-029
  1.388350E+03  9.61130268E-029  9.66146995E-032  2.75887065E-029  6.84277057E-029
  1.407130E+03  9.05749622E-029  9.09870354E-032  2.59054860E-029  6.45784892E-029
  1.426150E+03  8.53419423E-029  8.56852761E-032  2.43231063E-029  6.09331507E-029
  1.445440E+03  8.03910384E-029  8.06839384E-032  2.28336537E-029  5.74767008E-029
  1.464990E+03  7.57112155E-029  7.59697632E-032  2.14328890E-029  5.42023567E-029
  1.484800E+03  7.12890962E-029  7.15273340E-032  2.01159325E-029  5.11016364E-029
  1.504870E+03  6.71539115E-029  6.73503187E-032  1.88838661E-029  4.82026951E-029
  1.525220E+03  6.33676363E-029  6.34357842E-032  1.77413018E-029  4.55628988E-029
  1.545850E+03  5.97843192E-029  5.97439604E-032  1.66656504E-029  4.30589248E-029
  1.566750E+03  5.63957606E-029  5.62647107E-032  1.56537908E-029  4.06857051E-029
  1.587940E+03  5.31893120E-029  5.29834688E-032  1.47013203E-029  3.84350083E-029
  1.609410E+03  5.01575865E-029  4.98912156E-032  1.38054583E-029  3.63022369E-029
  1.631170E+03  4.72905884E-029  4.69763847E-032  1.29626959E-029  3.42809160E-029
  1.653230E+03  4.45790151E-029  4.42282666E-032  1.21697758E-029  3.23650110E-029
  1.675590E+03  4.20153025E-029  4.16380148E-032  1.14239944E-029  3.05496701E-029
  1.698240E+03  3.95931884E-029  3.91982050E-032  1.07230635E-029  2.88309267E-029
  1.721210E+03  3.73025574E-029  3.68976395E-032  1.00636164E-029  2.72020434E-029
  1.744480E+03  3.51388680E-029  3.47308114E-032  9.44393327E-030  2.56602039E-029
  1.768070E+03  3.30939626E-029  3.26886860E-032  8.86128761E-030  2.41999863E-029
  1.791980E+03  3.11619683E-029  3.07645866E-032  8.31364094E-030  2.28175628E-029
  1.816210E+03  2.93372326E-029  2.89521356E-032  7.79904502E-030  2.15092354E-029
  1.840770E+03  2.76136494E-029  2.72445691E-032  7.31545268E-030  2.02709521E-029
  1.865660E+03  2.59861407E-029  2.56362206E-032  6.86113373E-030  1.90993708E-029
  1.890890E+03  2.44492399E-029  2.41210978E-032  6.43427516E-030  1.79908436E-029
  1.916460E+03  2.29983872E-029  2.26941534E-032  6.03334068E-030  1.69423524E-029
  1.942380E+03  2.16286902E-029  2.13500716E-032  5.65672410E-030  1.59506160E-029
  1.968640E+03  2.03365208E-029  2.00848307E-032  5.30318980E-030  1.50132461E-029
  1.995260E+03  1.91169577E-029  1.88931767E-032  4.97116553E-030  1.41268989E-029
  2.022240E+03  1.80249145E-029  1.78030675E-032  4.67977591E-030  1.33273356E-029
  2.049590E+03  1.70043430E-029  1.67813230E-032  4.40922122E-030  1.25783404E-029
  2.077300E+03  1.60393221E-029  1.58176861E-032  4.15404176E-030  1.18694626E-029
  2.105390E+03  1.51264365E-029  1.49084012E-032  3.91325115E-030  1.11982770E-029
  2.133860E+03  1.42631397E-029  1.40506123E-032  3.68609984E-030  1.05629893E-029
  2.162720E+03  1.34467075E-029  1.32413120E-032  3.47179877E-030  9.96166738E-030
  2.191960E+03  1.26750915E-029  1.24781977E-032  3.26974187E-030  9.39287144E-030
  2.221600E+03  1.19455496E-029  1.17583007E-032  3.07914819E-030  8.85464309E-030
  2.251650E+03  1.12557838E-029  1.10791204E-032  2.89935823E-030  8.34534641E-030
  2.282090E+03  1.06042529E-029  1.04389208E-032  2.72991571E-030  7.86389827E-030
  2.312950E+03  9.98841475E-030  9.83500456E-033  2.57010769E-030  7.40847205E-030
  2.344230E+03  9.40650596E-030  9.26545779E-033  2.41942935E-030  6.97781115E-030
  2.375930E+03  8.85682990E-030  8.72845157E-033  2.27739668E-030  6.57070476E-030
  2.408060E+03  8.33759970E-030  8.22208246E-033  2.14350675E-030  6.18587087E-030
  2.440620E+03  7.84728264E-030  7.74471406E-033  2.01732585E-030  5.82221207E-030
  2.473620E+03  7.38427061E-030  7.29465030E-033  1.89840450E-030  5.47857145E-030
  2.507070E+03  6.95833966E-030  6.87030029E-033  1.78632164E-030  5.16514772E-030
  2.540970E+03  6.55832014E-030  6.47029215E-033  1.68071275E-030  4.87113709E-030
  2.575330E+03  6.18030219E-030  6.09320574E-033  1.58120096E-030  4.59300803E-030
  2.610160E+03  5.82308162E-030  5.73771177E-033  1.48743341E-030  4.32991050E-030
  2.645450E+03  5.48570899E-030  5.40274626E-033  1.39912649E-030  4.08117975E-030
  2.681230E+03  5.16690676E-030  5.08693116E-033  1.31591449E-030  3.84590534E-030
  2.717480E+03  4.86591148E-030  4.78940764E-033  1.23756826E-030  3.62355381E-030
  2.754230E+03  4.58157741E-030  4.50894927E-033  1.16376168E-030  3.41330678E-030
  2.791470E+03  4.31313799E-030  4.24471223E-033  1.09426967E-030  3.21462360E-030
  2.829220E+03  4.05964583E-030  3.99568403E-033  1.02882262E-030  3.02682753E-030
  2.867480E+03  3.82034388E-030  3.76104642E-033  9.67202206E-031  2.84938063E-030
  2.906250E+03  3.59450537E-030  3.54001812E-033  9.09199960E-031  2.68176539E-030
  2.945550E+03  3.38132855E-030  3.33175149E-033  8.54589856E-031  2.52340694E-030
  2.985380E+03  3.18016733E-030  3.13555731E-033  8.03187877E-031  2.37384389E-030
  3.025750E+03  2.99480113E-030  2.95073334E-033  7.54806526E-031  2.23704387E-030
  3.066670E+03  2.82215522E-030  2.77662041E-033  7.09269795E-031  2.11010881E-030
  3.108140E+03  2.65910007E-030  2.61263650E-033  6.66422164E-031  1.99006527E-030
  3.150170E+03  2.50510875E-030  2.45819158E-033  6.26105863E-031  1.87654469E-030
  3.192760E+03  2.35971745E-030  2.31276401E-033  5.88181330E-031  1.76922336E-030
  3.235940E+03  2.22238943E-030  2.17576415E-033  5.52491539E-031  1.66772213E-030
  3.279690E+03  2.09277495E-030  2.04679452E-033  5.18929582E-031  1.57179857E-030
  3.324040E+03  1.97039145E-030  1.92532926E-033  4.87355368E-031  1.48111075E-030
  3.368990E+03  1.85487019E-030  1.81096048E-033  4.57659665E-031  1.39539957E-030
  3.414550E+03  1.74583424E-030  1.70327552E-033  4.29732185E-031  1.31439878E-030
  3.460720E+03  1.64294939E-030  1.60190783E-033  4.03474754E-031  1.23787273E-030
  3.507520E+03  1.54585495E-030  1.50646825E-033  3.78783595E-031  1.16556488E-030
  3.554950E+03  1.45425259E-030  1.41663199E-033  3.55571731E-031  1.09726423E-030
  3.603020E+03  1.36783869E-030  1.33207221E-033  3.33751828E-031  1.03275479E-030
  3.651740E+03  1.28632686E-030  1.25248149E-033  3.13241774E-031  9.71832600E-031
  3.701120E+03  1.20944644E-030  1.17757063E-033  2.93964325E-031  9.14304545E-031
  3.751170E+03  1.13694180E-030  1.10706737E-033  2.75846758E-031  8.59987976E-031
  3.801890E+03  1.06858449E-030  1.04072815E-033  2.58823953E-031  8.08719813E-031
  3.853300E+03  1.00413150E-030  9.78297291E-034  2.42827785E-031  7.60325417E-031
  3.905410E+03  9.43367321E-031  9.19547885E-034  2.27797691E-031  7.14650082E-031
  3.958220E+03  8.86098599E-031  8.64276215E-034  2.13679247E-031  6.71555075E-031
  4.011750E+03  8.32618598E-031  8.12269285E-034  2.00415816E-031  6.31390513E-031
  4.065990E+03  7.83830727E-031  7.63355032E-034  1.87961271E-031  5.95106102E-031
  4.120980E+03  7.37784063E-031  7.17326778E-034  1.76260936E-031  5.60805800E-031
  4.176700E+03  6.94352614E-031  6.74040682E-034  1.65276199E-031  5.28402374E-031
  4.233180E+03  6.53376990E-031  6.33321098E-034  1.54960518E-031  4.97783151E-031
  4.290420E+03  6.14729414E-031  5.95025200E-034  1.45275851E-031  4.68858538E-031
  4.348440E+03  5.78275224E-031  5.59005068E-034  1.36182948E-031  4.41533272E-031
  4.407240E+03  5.43899755E-031  5.25133730E-034  1.27648032E-031  4.15726589E-031
  4.466840E+03  5.11482780E-031  4.93279917E-034  1.19636346E-031  3.91353154E-031
  4.527240E+03  4.80921483E-031  4.63330721E-034  1.12117896E-031  3.68340257E-031
  4.588460E+03  4.52108387E-031  4.35169826E-034  1.05061909E-031  3.46611308E-031
  4.650500E+03  4.24951270E-031  4.08696746E-034  9.84417389E-032  3.26100834E-031
  4.713390E+03  3.99350159E-031  3.83804508E-034  9.22292104E-032  3.06737144E-031
  4.777130E+03  3.75223238E-031  3.60404596E-034  8.64008763E-032  2.88461957E-031
  4.841720E+03  3.52492131E-031  3.38412734E-034  8.09344367E-032  2.71219281E-031
  4.907200E+03  3.31069311E-031  3.17736522E-034  7.58056813E-032  2.54945894E-031
  4.973550E+03  3.10891702E-031  2.98307987E-034  7.09965540E-032  2.39596840E-031
  5.040810E+03  2.92287066E-031  2.80045295E-034  6.64856565E-032  2.25521364E-031
  5.108970E+03  2.74996554E-031  2.62885298E-034  6.22562963E-032  2.12477373E-031
  5.178060E+03  2.58691283E-031  2.46758258E-034  5.82902548E-032  2.00154269E-031
  5.248070E+03  2.43321476E-031  2.31607865E-034  5.45726776E-032  1.88517190E-031
  5.319040E+03  2.28829162E-031  2.17370331E-034  5.10869717E-032  1.77524820E-031
  5.390970E+03  2.15168149E-031  2.03994110E-034  4.78196105E-032  1.67144544E-031
  5.463870E+03  2.02292516E-031  1.91428390E-034  4.47573273E-032  1.57343760E-031
  5.537750E+03  1.90158765E-031  1.79625324E-034  4.18876301E-032  1.48091509E-031
  5.612630E+03  1.78724222E-031  1.68538303E-034  3.91984065E-032  1.39357277E-031
  5.688530E+03  1.67948837E-031  1.58123752E-034  3.66783496E-032  1.31112364E-031
  5.765450E+03  1.57797489E-031  1.48343315E-034  3.43174639E-032  1.23331682E-031
  5.843410E+03  1.48234272E-031  1.39158230E-034  3.21057197E-032  1.15989394E-031
  5.922430E+03  1.39225405E-031  1.30532216E-034  3.00337403E-032  1.09061133E-031
  6.002520E+03  1.30740189E-031  1.22432268E-034  2.80929922E-032  1.02524765E-031
  6.083680E+03  1.22750456E-031  1.14828135E-034  2.62756461E-032  9.63599819E-032
  6.165950E+03  1.15225785E-031  1.07687716E-034  2.45734833E-032  9.05446142E-032
  6.249330E+03  1.08258071E-031  1.00984454E-034  2.29796489E-032  8.51774371E-032
  6.333830E+03  1.01769816E-031  9.46923562E-035  2.14874708E-032  8.01876527E-032
  6.419480E+03  9.56558293E-032  8.87855747E-035  2.00903482E-032  7.54766956E-032
  6.506290E+03  8.98954575E-032  8.32412847E-035  1.87824398E-032  7.10297765E-032
  6.594270E+03  8.44691162E-032  7.80379267E-035  1.75582397E-032  6.68328386E-032
  6.683440E+03  7.93576700E-032  7.31546401E-035  1.64124395E-032  6.28720758E-032
  6.773820E+03  7.45431325E-032  6.85718614E-035  1.53400697E-032  5.91344910E-032
  6.865410E+03  7.00095056E-032  6.42721666E-035  1.43366963E-032  5.56085371E-032
  6.958250E+03  6.57397400E-032  6.02372999E-035  1.33977223E-032  5.22817804E-032
  7.052340E+03  6.17824929E-032  5.64519264E-035  1.25192571E-032  4.92067839E-032
  7.147710E+03  5.81043710E-032  5.29003672E-035  1.16973625E-032  4.63541081E-032
  7.244360E+03  5.46386701E-032  4.95690263E-035  1.09286019E-032  4.36604992E-032
  7.342320E+03  5.13729496E-032  4.64440364E-035  1.02095106E-032  4.11169949E-032
  7.441610E+03  4.82958626E-032  4.35127854E-035  9.53692514E-033  3.87154247E-032
  7.542230E+03  4.53972659E-032  4.07639297E-035  8.90800566E-033  3.64484963E-032
  7.644220E+03  4.26664388E-032  3.81857503E-035  8.31984014E-033  3.43084129E-032
  7.747590E+03  4.00941185E-032  3.57680276E-035  7.76988441E-033  3.22884660E-032
  7.852360E+03  3.76712866E-032  3.35009080E-035  7.25569634E-033  3.03820893E-032
  7.958540E+03  3.53896496E-032  3.13753482E-035  6.77503104E-033  2.85832432E-032
  8.066160E+03  3.32409553E-032  2.93824392E-035  6.32569594E-033  2.68858769E-032
  8.175230E+03  3.12178187E-032  2.75142031E-035  5.90572107E-033  2.52845835E-032
  8.285780E+03  2.93129046E-032  2.57628007E-035  5.51318523E-033  2.37739566E-032
  8.397820E+03  2.75196390E-032  2.41211945E-035  5.14636014E-033  2.23491577E-032
  8.511380E+03  2.58314988E-032  2.25824768E-035  4.80356145E-033  2.10053549E-032
  8.626470E+03  2.42426289E-032  2.11404356E-035  4.48327169E-033  1.97382168E-032
  8.743120E+03  2.27472241E-032  1.97889879E-035  4.18401434E-033  1.85434208E-032
  8.861350E+03  2.13399508E-032  1.85225479E-035  3.90443437E-033  1.74169939E-032
  8.981180E+03  2.00157774E-032  1.73358748E-035  3.64326368E-033  1.63551778E-032
  9.102630E+03  1.87978520E-032  1.62240379E-035  3.39931342E-033  1.53823145E-032
  9.225710E+03  1.76554756E-032  1.51824931E-035  3.17148839E-033  1.44688047E-032
  9.350470E+03  1.65798124E-032  1.42066465E-035  2.95869210E-033  1.36069136E-032
  9.476910E+03  1.55672448E-032  1.32925937E-035  2.75998641E-033  1.27939658E-032
  9.605060E+03  1.46141020E-032  1.24364315E-035  2.57444179E-033  1.20272238E-032
  9.734940E+03  1.37170020E-032  1.16345726E-035  2.40120468E-033  1.13041627E-032
  9.866580E+03  1.28726897E-032  1.08835907E-035  2.23946363E-033  1.06223425E-032
  1.000000E+04  1.20779292E-032  1.01803306E-035  2.08847235E-033  9.97927648E-033
